1319204682401800197
1319207140398125056
1319229366564474881
1319269293389836292
1319270873904214016
1319272445811945474
1319273554748215298
1319274767011074048
1319345578732642306
1319545483593961472
1319574825329938432
1319575098744049664
1319598284323913729
1319610297074782208
1319659065472126981
1319659945814609920
1319667911741575168
1319912011862597632
1320639641066811392
1320642481285988352
1320672311163441152
1320685105598386177
1320723357546008578
1320742380430086144
1320772511852830720
1320801895334748161
1320999029862506496
1321022267984400385
1321060076514402307
1321077757850406912
1321077930924085251
1321110164326502400
1321123911476649984
1321146184476577793
1321365606042619904
1321403285388091394
1321418692253679618
1321461983561064449
1321492783291662337
1321527502066647041
