1291132627471216642
1291132976336519169
1291132976336519169
1291134029115396097
1291134641252990976
1291136400805462021
1291139943536816129
1291140176169832448
1291140709190336512
1291142704634531840
1291143535714897921
1291143952511447054
1291144003962970113
1291145710834982912
1291147726806188034
1291149738784567301
1291151500023083014
1291155275534274560
1291159050512732165
1291159922110074881
1291160812325928963
1291162826619465729
1291164838585151498
1291165856878276608
1291166600326983683
1291167271885377545
1291170373179002881
1291173394038304768
1291175910436212736
1291177927133077506
1291179936506679297
1291181697988538368
1291183382701805568
1291185474367873026
1291186491872415744
1291189250982117378
1291191012908564482
1291192270058913794
1291193026379943941
1291195036751867904
1291196798372130816
1291200575183507459
1291204351525101568
1291206108191875077
1291207463430045696
1291208124133761025
1291210136502108164
1291211898801848320
1291215672895299584
1291219449895419906
1291221211133947904
1291223222218825728
1291225235388272640
1291226997776093191
1291230773463441411
1291234546827104256
1291236308430598145
1291238322849878021
1291242599706238976
1291245872395816961
1291253420423348224
1291257700769239040
1291260970740920320
1291268522019037185
1291278589862846465
1291283621182144512
1291288654544084993
1291293687712972800
1291298720995323904
1291308787475914752
1291313822473555969
1291318855290302464
1291321371126124544
1291325143239790594
1291325142921093120
1291327660539424768
1291328922081263621
1291330176639541248
1291332697084833792
1291336470733742080
1291344021122691073
1291346031687413761
1291347794859626500
1291349283426521089
1291349434748608513
1291349567246655489
1291351568370020352
1291355344799768577
1291357107833524232
1291359117425205248
1291361131005718528
1291362892030324736
1291366668506193920
1291369350788788225
1291370443878866944
1291372205448863744
1291374220346363905
1291375850525306883
1291376233230598148
1291377996541104132
1291381769749573632
1291383072168919040
1291385541116780545
1291387307321327622
1291389331165388802
1291389988324675584
1291390338888687617
1291391346092265473
1291393094336872449
1291396650951249922
1291396744295510018
1291396810133520386
1291396870552596481
1291396873253609472
1291397008473743360
1291398904492130304
1291400641424904192
1291402412918550529
1291403474005942274
1291404418471034880
1291404703184519168
1291405893968379904
1291405893079166978
1291405897973997568
1291405897181233152
1291405896363327492
1291405895558029312
1291406429736390657
1291408194787594245
1291409283251240962
1291409348095119361
1291409385156042753
1291411967408836608
1291413184801202177
1291415742898941955
1291417501692198912
1291419529080446976
1291421531050999808
1291421530962919426
1291423294156152833
1291426691902971905
1291427069252063233
1291427413239291904
1291429636614705153
1291429834837487616
1291430842087153666
1291432478721183746
1291432607427723266
1291433273139306498
1291433477548593152
1291434620844728320
1291436627944968194
1291437654874234882
1291438391968620544
1291438465884667904
1291442165307105280
1291442437445959682
1291442440533024768
1291442444655931392
1291442450481872897
1291442453094916097
1291442467330379777
1291445941665439745
1291447702870515712
1291448845818183680
1291448908527239168
1291449226132631552
1291449714685235203
1291451729708449797
1291453489143480321
1291457263916453891
1291461040635510786
1291461994931920896
1291462800888471553
1291464816691941381
1291466829324591104
1291468591594901522
1291472364195192836
1291476141367336961
1291476316563234816
1291477900114493443
1291479161073291268
1291479915095875585
1291481927791386625
1291482952820559872
1291483691655585792
1291487463127552001
1291491237283979275
1291492999336267776
1291495014133051392
1291495527935336448
1291497027856207877
1291498787484192768
1291498854072770560
1291502565159559168
1291506337671712769
1291507309022081024
1291508100197945345
1291510114562662400
1291512125236678656
1291513888136192000
1291515860121579520
1291515857948958720
1291515857948958720
1291515864542351360
1291515863355416577
1291515862436855808
1291515861216313344
1291515868711591937
1291517662447706119
1291521086798979072
1291521437061328901
1291521907863347201
1291523199092523014
1291524480528011264
1291525212840886272
1291525781101768704
1291525792187342848
1291525791105216512
1291525794536144896
1291525793349120001
1291527226169741314
1291528247868559362
1291528516584914944
1291528988343640065
1291529379604918273
1291532762231570440
1291533104234913793
1291535990578806784
1291536539529490432
1291537218335457280
1291538301002948610
1291538368786907141
1291540311609679876
1291542324095471616
1291544086390898692
1291544475546730496
1291545791920709633
1291546157252898816
1291546615954542593
1291547862438948864
1291548322646249472
1291549189323726848
1291550884263079936
1291551036436434944
1291551311800889344
1291551639774560258
1291551991215173632
1291553399411019776
1291554488214413312
1291554661535830017
1291555414165913601
1291557427863846912
1291559189710503937
1291560409258852353
1291561183774773249
1291562962780553217
1291566736697851906
1291568500096544768
1291570513081503746
1291572526037045248
1291574289163079680
1291578059867541510
1291583596541759489
1291583957432066048
1291585611791585281
1291587624252121089
1291589384865812482
1291593162838999042
1291596933941862400
1291598698590490629
1291600712011583489
1291604988138000386
1291608261192552448
1291608796117078016
1291615809434005504
1291620089649868801
1291623360137502720
1291630908613820416
1291640978584068097
1291646009643237376
1291656074039304192
1291661107296378882
1291671176364929025
1291676210221678593
1291681243680198656
1291683759318880256
1291687533060001792
1291687533974302720
1291690048073719808
1291691306654273536
1291692567944400896
1291695084929519619
1291696341236809728
1291697597938368512
1291698857328488449
1291701376008036353
1291705148969037824
1291708421608275968
1291710182121181186
1291710984546066432
1291711060140064772
1291711183821639680
1291713958571913217
1291714836288724992
1291717730991734788
1291719446801682432
1291719480783941632
1291719493627060225
1291719515735068673
1291719669380820992
1291719695142227968
1291719766629953536
1291719794719244289
1291719865628205057
1291721506192531458
1291723518640562176
1291725281980547074
1291729056203968514
1291732735938064384
1291732830100357121
1291734593746407426
1291736606546722821
1291738620806692865
1291740381223235584
1291744154494603264
1291745919831019522
1291746546078244864
1291746626143363073
1291746687774420992
1291746843089461248
1291747932463661056
1291749691072425985
1291749697724526593
1291749931477110786
1291749930470535168
1291749932345393152
1291751706909462528
1291753466994581504
1291753722037637120
1291756989316554752
1291759257977847808
1291762620521836544
1291763029227589633
1291764792710041602
1291766073663070208
1291766789274079232
1291772092082462721
1291774354485727232
1291776132115832833
1291778130789707786
1291779889742393344
1291779892628119557
1291781916677541891
1291781974558822400
1291782104993341440
1291782129295138823
1291783301296840704
1291783303540781056
1291783302207008770
1291783669271732225
1291783917851283460
1291784349054930944
1291785563377242112
1291785681124065280
1291787188552826887
1291789455074959361
1291791222047113218
1291792876737908743
1291793231529889794
1291794992470593536
1291794991690526722
1291797005510086657
1291797346913619968
1291797352378806273
1291798552981704704
1291799019061235715
1291799342899179521
1291799969947475974
1291800780660514817
1291801123028836352
1291801246232346625
1291804553617317888
1291808327073243136
1291810088227934208
1291811930441744385
1291812101426761728
1291814118127734786
1291815881270530048
1291819652532838400
1291819835945390083
1291822791113805826
1291822794796400641
1291822794054012928
1291822793185792001
1291823150854938625
1291823429264510976
1291825164519268354
1291825188800204801
1291825924069941248
1291827204863725570
1291829217886429184
1291829217886429184
1291830566594031616
1291830977887641601
1291832764078133248
1291832768146608129
1291832766913548288
1291832765625831424
1291832772689092609
1291832771455995905
1291832769958555649
1291832775033729026
1291834753449156611
1291834976565043200
1291838528440217605
1291838845508448256
1291839184488071172
1291840290580508672
1291842305369022465
1291844316319617029
1291846010734391296
1291846008956055553
1291846007198638080
1291846012026253313
1291846078342541314
1291849055933353984
1291849855263006720
1291850533850902528
1291853625501847552
1291855386971176960
1291857401579294722
1291859417407852545
1291861176738029569
1291864952861528064
1291868240545603584
1291868725516402691
1291870489615507457
1291871870736912384
1291872499618250752
1291873709536378880
1291874514108850179
1291876275095842822
1291880055086481410
1291883828198486017
1291885588593938432
1291886883484717056
1291887599951450119
1291889613238394881
1291890404162334720
1291891375227785217
1291894431956766722
1291895150503964674
1291898172177100801
1291898926174482434
1291900688549715969
1291902146313629699
1291906476018225152
1291910248983408640
1291910847229571072
1291912332751208448
1291913271423971328
1291914025798963201
1291915789067603968
1291917799170945025
1291919815121211393
1291920819686461446
1291921576905121793
1291925350826614784
1291930885772775427
1291934912614993923
1291936675560665089
1291939052724408323
1291940450794901505
1291944223869218817
1291946098508959744
1291947999460024322
1291950013262770176
1291951774379778048
1291955549567934466
1291959325230018560
1291961085302583304
1291963100091088897
1291966036615471105
1291967376058130432
1291970647359475712
1291978197521911808
1291982475565182976
1291985746761519106
1291993297225998336
1292008397034921984
1292023496411881472
1292038596623572992
1292041110622281730
1292043629737971713
1292056213065289729
1292061246691454976
1292068794412806144
1292072570301353984
1292076346315804673
1292080118526095360
1292083894876016643
1292087670294769666
1292091445696958464
1292095221560475649
1292098996320841733
1292102767411175424
1292106542012129281
1292110318244700160
1292113360746668032
1292114093051129856
1292116107332128775
1292117871280173061
1292121644446646273
1292125417969717248
1292127180424728582
1292129194969899008
1292131205043847169
1292132966865539073
1292134152528044032
1292136742175350784
1292138866053324801
1292140519297032193
1292142279348629506
1292144295227645954
1292145599848910848
1292146304123101186
1292148066406076416
1292149062536327168
1292151844635136001
1292155616035823616
1292156525817950209
1292157377412845569
1292159393816104966
1292161403705536514
1292163165506154499
1292166939830296577
1292170718399148032
1292172478727495680
1292174491767001090
1292176503283867656
1292178268788064257
1292181210706272256
1292182043464306688
1292185815951593473
1292187579106951169
1292189592377065472
1292191607995981824
1292197139729219586
1292200373726228480
1292201179917635584
1292202232943792128
1292202231731613696
1292202233870692352
1292204692433522689
1292206475167674368
1292206702054449152
1292209065485991938
1292209063766310912
1292212239487959041
1292217778980757505
1292219789058990089
1292221803436408832
1292222303640543232
1292227338327990272
1292232875329368064
1292234088632393728
1292234087592206337
1292234086791000066
1292234085813739520
1292234890285592576
1292236903589318657
1292238663770943489
1292242439122694144
1292242963376963586
1292243386674552833
1292246213945962500
1292247977608830986
1292249987913572352
1292252003477921793
1292253762309033984
1292257537694334976
1292261313968844802
1292263076218249220
1292265087064055809
1292268864861016069
1292276414406955010
1292278173351190528
1292280188781432833
1292283965114654720
1292291511263076352
1292295289462759426
1292302839109353472
1292306612481396738
1292310387241750534
1292314160571781120
1292321713133424643
1292325488044777473
1292329764410339330
1292336809981227008
1292341414269837314
1292344866580701184
1292344866580701184
1292355686723137537
1292370785710026752
1292385882436247553
1292403503344877574
1292406016957702145
1292418598376546305
1292423635211292672
1292431181615693826
1292434958947102720
1292438733439078405
1292442509508055047
1292446284222205952
1292450057971793920
1292453833575215106
1292457609451261952
1292461382718431233
1292465158158266368
1292468930301308928
1292472704763920386
1292475758846279682
1292476480539299841
1292478493981384704
1292480257384165383
1292484030462660608
1292487120443985921
1292487234000572416
1292487804254134272
1292489568458088448
1292491580218187781
1292494102043402241
1292494262689382401
1292494796875919361
1292499131039129601
1292499790551384065
1292504669374349312
1292506682745118720
1292510866391195649
1292513123543392256
1292514231993208832
1292519733472800774
1292519732487188481
1292519735922327554
1292519734617862150
1292519738132713472
1292520229486989317
1292521778099691521
1292529330376122368
1292534866932899842
1292536882237181952
1292539643720654853
1292540957968068608
1292544428004061192
1292545799973298177
1292546053904850944
1292546430729478144
1292548282045136896
1292551977705054210
1292553992887771136
1292555382833913856
1292558259396567040
1292559528538537986
1292564035120926720
1292567078839488518
1292574628779524097
1292580165852246018
1292581527826518018
1292581531991420929
1292581530728976385
1292581529760088071
1292581528724070402
1292581536093462528
1292581534650658816
1292581533627244545
1292581537947381760
1292582176601657348
1292589741733445633
1292595266261004294
1292604826694627336
1292606766123909120
1292612376756355078
1292614391926587392
1292619928600817664
1292623701381455874
1292627478205341697
1292635027570712576
1292642041952968710
1292642577993404417
1292650127669198848
1292653902542897152
1292657675386445825
1292665225892769792
1292668998052610048
1292672774658560000
1292674788348104704
1292676549058146306
1292680325148094464
1292684100885712897
1292685861310668801
1292687875142750208
1292691651215921152
1292692151965560834
1292695422629285896
1292699198584913921
1292702974851067904
1292707250503667713
1292710525323874306
1292718074232279042
1292728140800962560
1292733174057926657
1292743241171861504
1292748274215133184
1292758337940054016
1292768406354235392
1292770921405714432
1292774694249287680
1292774699362127872
1292777214535184384
1292778469785513989
1292779730547204096
1292782247091884032
1292783506549100544
1292786023072768001
1292788537830637568
1292789797430472704
1292793571175800835
1292795586467573761
1292797346233884672
1292801120314822656
1292804894550822912
1292806657630711808
1292810685148274696
1292812446491607040
1292816219540684801
1292819994204606471
1292825785091448832
1292827546086780928
1292829192258646016
1292831321132236801
1292835097545187331
1292837816875888642
1292838031808851971
1292839974929219587
1292840938717487104
1292841527928958976
1292850192719511553
1292851962602491909
1292856029483417608
1292856172169445385
1292861521182302210
1292866093787226112
1292866091820052482
1292866096622526465
1292866100208656384
1292866107557072897
1292866103417253888
1292866110564347904
1292867002587996161
1292867054140297216
1292869083063627777
1292871089014661120
1292872843659751426
1292876618650865666
1292876749676535808
1292876961786691584
1292880393583165441
1292882154553331719
1292884165839462400
1292885325073616905
1292885329649610752
1292885328747880450
1292885327036551168
1292885326134800385
1292885332174594048
1292885330891124736
1292886181315837953
1292886208062791680
1292886898717818880
1292887048685146112
1292887047909253125
1292887047162572800
1292887046395006976
1292887942990626821
1292888667476750336
1292889675397337091
1292890108484390913
1292890864650420229
1292891719940407298
1292892537519140865
1292893410106306561
1292895494340063233
1292897254559408129
1292899318505115650
1292901283003801608
1292903042128510982
1292903303412453377
1292904253900517378
1292904258455642113
1292904255565660160
1292904261626417152
1292904260095447040
1292904260095447040
1292905194322157568
1292906817299927041
1292909853581680640
1292910593477935104
1292912355161112579
1292912857789562880
1292913698315603973
1292914368896741376
1292916378211700737
1292918141132124161
1292921918040006659
1292925692225748993
1292925861222477824
1292927036055384069
1292927451673374740
1292928773327933440
1292929468038774784
1292931477416677376
1292933240249090048
1292933983664107520
1292934071559925760
1292934076211425280
1292934074626015233
1292934080221216768
1292934078899974144
1292934077582946304
1292934084683956224
1292934083241115648
1292934081609572352
1292936160944087040
1292936276266700806
1292937015290474497
1292940791095205892
1292942550911852551
1292943204929740800
1292944565566087169
1292945302379352064
1292946578169376776
1292948339336634368
1292951375253561344
1292952117481742336
1292952262428434433
1292952261572747264
1292952260712910848
1292952259781726209
1292953811938467840
1292955744682356737
1292955890329497602
1292956026019311617
1292956113420161024
1292956486214148097
1292956485312364544
1292957655456272386
1292959666553655297
1292961678221615104
1292963439128842241
1292965373415890944
1292965873196699650
1292967216590225409
1292969224931966976
1292969370751102976
1292969370000355328
1292969369169874945
1292970989488349185
1292971493719252994
1292972751414865920
1292973029933248512
1292973974045863938
1292974032820764673
1292974765221830657
1292976777485262850
1292978540862996483
1292978982271373312
1292979650440777728
1292981570333216768
1292982316738936838
1292985335857786881
1292986088504598530
1292987851395813376
1292989865114705921
1292991054203899905
1292991879123021829
1292992883864330246
1292993640541888513
1292996657253101568
1292997413020540930
1292997962193223680
1293001187055345664
1293002947647791104
1293002952756658177
1293004963887616002
1293006975563898883
1293007147412799488
1293008739482697728
1293012514175889414
1293014250898649093
1293016290198794241
1293018051558936577
1293020062199304192
1293022074580107264
1293023837194420225
1293027611967467524
1293031386765500417
1293031723173736448
1293033148482191361
1293035162582822912
1293037177958551552
1293038936286273541
1293042714511122433
1293046488105398272
1293048249570467845
1293050262152675333
1293054541978636288
1293057813065928705
1293065359998803968
1293069641468780545
1293072913067839488
1293080462928347141
1293090529643823105
1293095559985803264
1293100592815050752
1293105626684563457
1293110662269489152
1293120114947174401
1293120728385163266
1293133309598457856
1293135824297631744
1293137082857250817
1293137098581696514
1293142164734709761
1293157972395384832
1293159733101318146
1293163507547090944
1293167282613518340
1293169046284795908
1293171068568567808
1293173070715330564
1293174832834674688
1293178610623361025
1293180167720824833
1293180166756134914
1293180172544311302
1293180170812026886
1293180168698130432
1293180174687588352
1293182381357240320
1293184146676707328
1293186164346646529
1293188145832325120
1293188171161726976
1293189932832432128
1293193705894088705
1293196243917664257
1293197482479026181
1293199245449846785
1293201257017024514
1293201265162252289
1293201264038141954
1293201269750771715
1293201268794470400
1293201267720744962
1293201266110152704
1293201270816165890
1293201919083556868
1293202083659710464
1293203178003914753
1293203278315102208
1293203982500810752
1293204013270224897
1293204121781059584
1293205032351854593
1293205031324459009
1293205031324270594
1293205034591633408
1293205033471733760
1293205560209207303
1293208809486327814
1293214352745652225
1293216358965170176
1293218369840254978
1293219129533423616
1293219132851142657
1293219131735515138
1293219130435227648
1293219136894468096
1293219135246102528
1293219134071689228
1293220135080206337
1293223910805307394
1293227475661545473
1293227683351060481
1293227951509639175
1293228196746297344
1293228259866365952
1293230817238380545
1293232034702385152
1293235231055581185
1293237921798004737
1293237921798004737
1293239004020736006
1293239171302055936
1293240366783594496
1293240852353921025
1293242257005375489
1293242668672151552
1293244540980256769
1293245972148039680
1293246555705741320
1293248015050801152
1293248019580641280
1293248018242658304
1293248016074203136
1293248021463879681
1293248020536909825
1293251617270054912
1293252495645392897
1293254107730411520
1293257879839965185
1293257944180486144
1293259645537091587
1293261656894603267
1293263670185734144
1293265430308704256
1293267530983907329
1293268306762203136
1293268382536486912
1293269206071488512
1293270340001566720
1293271668899450883
1293272982018760706
1293274740719783941
1293276756871348225
1293276925209845761
1293276924135915520
1293276923125096448
1293277277002727424
1293278208360513536
1293278460253626368
1293278769969541122
1293280527747813383
1293280603106811904
1293281006980653056
1293281368168960001
1293281886643597313
1293281903974518784
1293282066486956034
1293282437510782978
1293283217831653376
1293284305611960320
1293284311177797637
1293284432539983877
1293284711343652864
1293285495095664640
1293285945719115776
1293287414207787008
1293287958405996544
1293288078837272577
1293288205723160576
1293288288833302528
1293288772251992066
1293288827071524866
1293289210124726272
1293289486936285185
1293289839044046849
1293291099935649797
1293291166943678465
1293291384883953664
1293291618917744641
1293291862070042625
1293292068509380608
1293293866846752768
1293294314768887808
1293294326030639104
1293295629561724934
1293299402623385603
1293300444886732800
1293303180634345474
1293304939213737989
1293306954656481280
1293307703456985090
1293307749409800193
1293308401737297920
1293308969528832002
1293310115626364929
1293310114359685121
1293310116704346112
1293310727835521026
1293311987594690561
1293313756382916608
1293314511915618308
1293316324945403904
1293318279944167424
1293319644753715200
1293319642677538816
1293320041048551424
1293322055119757314
1293324066431143937
1293325827573272576
1293326872365785094
1293329602778222592
1293329900405850114
1293331681156292608
1293333376737345544
1293333940065808384
1293335141125955584
1293337152403779586
1293339167519383552
1293339299400658944
1293339359995817984
1293339924469436417
1293340801368391683
1293340803243229184
1293340931635261441
1293342141540777985
1293344702171942917
1293346350579548160
1293348477251059713
1293348889521614848
1293350238984515590
1293350259880374273
1293350721576767488
1293350720779907072
1293352251742916615
1293354266732699653
1293355144835239937
1293355143946149888
1293355143065288705
1293356028428517376
1293357897917665281
1293357898806915072
1293358246166552577
1293359799191531522
1293359804560416770
1293363576267255810
1293365360801046528
1293367352269185025
1293369038572154882
1293369366571081729
1293371128145227781
1293374280915271686
1293374904130207746
1293378676508307458
1293380437985972224
1293380769495228417
1293381154372849664
1293382450505306114
1293384465369243651
1293386227211804673
1293387309228806144
1293390003037523969
1293393151810392064
1293393775763632129
1293395537434218496
1293397553204133888
1293399564838477824
1293401327914147840
1293405100262785024
1293408875971055621
1293410636681170945
1293412650030956544
1293416928573362177
1293420200537333760
1293427094718836737
1293427750909378561
1293432027354726401
1293435298584698883
1293442849686663168
1293452914112045057
1293457949109755909
1293468017867788289
1293473047689809921
1293478081575911424
1293483114531106816
1293488148090159104
1293490669332332544
1293493179942080515
1293495699666067457
1293501990237081601
1293503249610420224
1293504504026091520
1293507023368261632
1293508279868493824
1293514573899878403
1293520362324611074
1293522121063366662
1293525897333678081
1293529352966029312
1293529670370177024
1293531432892149760
1293533456446689281
1293534406561476608
1293535458878730242
1293537220591341570
1293540132209876994
1293540174777835521
1293540998036033536
1293544280552660993
1293544771508674561
1293544771508674561
1293546534596943872
1293548548370444291
1293550558255681536
1293552319544594437
1293553637063397377
1293556095177428995
1293559633873735680
1293559870294196225
1293561195396390913
1293561640869404672
1293563647172775936
1293565667858362368
1293567399308832769
1293567398130327552
1293567403146674176
1293567402114822144
1293567401003323393
1293567421786267648
1293571194667622401
1293573719781040133
1293574103983505408
1293574969201504257
1293575566457675776
1293575630290685952
1293576729492103169
1293578746000269314
1293580770045497348
1293580996407746563
1293581035565772805
1293581045078482945
1293581051927773184
1293581467562328064
1293581763055366147
1293582519519137793
1293586297278418947
1293590071527047168
1293591313569308672
1293591833679994881
1293593842743222272
1293594158142074880
1293594184960466946
1293595308425768961
1293595930529280000
1293597617855909889
1293598770773409793
1293598769594826752
1293598768676237312
1293599410849341440
1293599666584485888
1293601047089315840
1293601394977644548
1293605170199363586
1293606931655987202
1293608229641965569
1293608942900314113
1293609191156801538
1293609188740890625
1293609193782427648
1293609196663918593
1293609200204091392
1293610530104475649
1293610959710421009
1293612269348065281
1293612718600204296
1293613875846316032
1293616492207058945
1293619878251782144
1293620269525934081
1293622029539856385
1293623430139568128
1293624043279724545
1293627470168506369
1293627817536749568
1293627946637246464
1293630864723714051
1293633911084351488
1293635369389481986
1293636710597705728
1293637037451485184
1293637130753839104
1293639856497647617
1293641158028152838
1293641871562960896
1293642918935363587
1293643121209745410
1293644435427741696
1293644439584272386
1293644441844977664
1293644441056501760
1293646399599308800
1293646692768776192
1293647449295183872
1293650471383642114
1293650823709253632
1293651407795400704
1293652118734217216
1293652226947375104
1293652739159814144
1293652738107011072
1293652736823586816
1293652744062959616
1293652742737551360
1293652741189857281
1293653161165516800
1293654250288021505
1293654341501386753
1293656256054517760
1293658016412311552
1293660229809262592
1293661049472909316
1293661792057597960
1293665515517308928
1293667328652185600
1293667776398127104
1293668583554330624
