1280992067896987649
1280997209945911299
1281002307371630593
1281005172915875840
1281007522716045319
1281013310360637440
1281021677749575681
1281029664056782848
1281037231965089792
1281037471875239937
1281045403329273856
1281053591130734592
1281061648078430210
1281069670464806912
1281077733511102464
1281085662482051072
1281093271209545728
1281101281931788289
1281107218503524352
1281114967043964928
1281121359746252801
1281129140687638528
1281136728942817283
1281144620861317120
1281152370462859265
1281160212334903296
1281168215985586176
1281175857168560129
1281183747371675651
1281191608462032896
1281196475796598784
1281204061040259072
1281211828593442816
1281219807514431496
1281224335580033026
1281225910918746123
1281232085085229058
1281232465462427649
1281236412285812736
1281239046732349441
1281244412367056897
1281244468281303043
1281251987279970312
1281259590831702016
1281264827575353345
1281264865374613505
1281266807547060225
1281267117484998658
1281274697284489225
1281282216912445441
1281282259811786757
1281285958592274436
1281292937222148105
1281299833148637188
1281301208192495618
1281302945464606720
1281309132881092608
1281316970621808640
1281325046468878338
1281333298707550214
1281341675999305728
1281349259707719680
1281357400017182727
1281365821953060865
1281368299977224195
1281376532095803394
1281384636686508033
1281392680497549312
1281400512974401539
1281408495661834241
1281416732377321472
1281424776024784896
1281433214268182530
1281440906042904576
1281448879821651969
1281456602781036544
1281464307151261696
1281472091712364544
1281479846179241984
1281487512825999360
1281495123315109888
1281502795728850945
1281510472592896001
1281518374925860864
1281526344979972098
1281534165704376320
1281539169966346240
1281546838861062145
1281554750845132800
1281562388211347459
1281570386174500864
1281573354311483394
1281578339619266561
1281584206850609153
1281586320981270529
1281587992956731392
1281593996490440705
1281601884176945155
1281607440769916928
1281609635145949184
1281616922354704385
1281616969888935941
1281624631900856320
1281632703935320064
1281640764263600129
1281644604752752645
1281648497998073857
1281649831849586692
1281656862165925889
1281665212664479745
1281667666931929089
1281673324154753024
1281680905917140995
1281688945588350976
1281696818779365377
1281704669971206144
1281712511855861762
1281720184160518144
1281728530355716099
1281734658137317376
1281736705888980993
1281740516015640583
1281748128224489479
1281756271117467649
1281764336189530113
1281771897873731584
1281779926300004356
1281787601289125889
1281795233324208128
1281802924478398464
1281810531511304196
1281818575913844737
1281826350895112193
1281834113087963136
1281841809447100418
1281849533983531008
1281857641577414657
1281865196047339521
1281873279117131778
1281880908270837761
1281888812482867201
1281896596326809601
1281904477998645248
1281912621516623872
1281920337135968256
1281928320612012045
1281936181350019074
1281944113563271173
1281952000826114048
1281952000826114048
1281960150031630336
1281968315913703425
1281976177935228928
1281983746112184320
1281991315153092610
1281998925239668737
1282007067600068608
1282015153396101121
1282022931850309632
1282030607112052736
1282039009871527937
1282073675731214336
1282088781257023488
1282096904717950977
1282157635178037249
1282272749159952384
1282314567293575168
1282322295504199680
1282330152660348928
1282345841454469121
1282356793944035328
1282364519663259649
1282395428730875904
1282410487192395776
1282418145991569409
1282464261806096386
1282490857111932933
1282521626496696325
1282533173176475648
1282556184218808321
1282575216275791874
1282582878484824066
1282590597132570625
1282602109867896833
1282621494250672129
1282629324882018304
1282637184974098432
1282645169599401984
1282652813970018304
1282660424316530689
1282662117137698816
1282662185043460098
1282669022002151424
1282674073919725569
1282681436617703427
1282682082288898048
1282688986448789515
1282689657013248002
1282697737037897729
1282705790437031937
1282710574955028484
1282718754548350976
1282719185366204417
1282726363867291648
1282726735230799872
1282729221459238913
1282732995682721793
1282740602317266952
1282748238446157824
1282756517419266049
1282764706269274112
1282772997984714752
1282780938850762754
1282784198760312838
1282786204006711300
1282787903496761345
1282795620672184321
1282799806016962560
1282801558170693634
1282801692610670592
1282803471784316930
1282803696926105602
1282811263500910596
1282819197958082563
1282827147816636423
1282834861720514561
1282842971696697345
1282851268470411265
1282859495811624962
1282867948869296129
1282871800297402370
1282880039609143304
1282888170321915905
1282896019122991105
1282903646364147712
1282911474655154176
1282919296587505664
1282926993135276036
1282931797999980544
1282939417188077573
1282947286742503425
1282954954827857920
1282958960010629126
1282966950084132865
1282974539945828352
1282982469529227267
1282990048737218561
1282997971060240384
1283005701938458624
1283013270677356546
1283020931842088960
1283027980676149249
1283028725131440128
1283028906883330053
1283028986910707712
1283036127826518017
1283043686645891080
1283046821435248649
1283048695718653958
1283051682566479877
1283059315079864321
1283059504154906624
1283067784323358726
1283075499913359361
1283079457373208577
1283082479734333442
1283085764016975873
1283086606497275904
1283093075191934979
1283093598431477761
1283096672881393664
1283101756939997187
1283110151013244934
1283118336776245250
1283126457997438977
1283126769525026816
1283130518498934784
1283133699924660231
1283138303152099328
1283139454677336065
1283141971133861889
1283142055557029889
1283150340204920833
1283153632121065472
1283155251713978374
1283158499418136577
1283166287364063234
1283174014081544197
1283181706837729281
1283189935063945216
1283197585457647619
1283205506828570624
1283213715882610689
1283215274263666688
1283220890432536578
1283223293152108544
1283231756364242944
1283239317096333313
1283247002650923014
1283252836046864386
1283260100015280130
1283267852221517827
1283275848460664832
1283283638956818433
1283291540622839809
1283299222851391488
1283307108528726016
1283315000229146624
1283322615034150912
1283330331802820609
1283337989754626048
1283345910605533186
1283353554141556737
1283361548459794432
1283369049695694848
1283377099483557891
1283385127624679425
1283392846578450433
1283393209192706048
1283400731748425730
1283405723628531712
1283406212566970368
1283408792588374016
1283416653737463808
1283419403556728832
1283424724165558274
1283428861699661825
1283432937350930433
1283441019300847618
1283441444791947266
1283449036352163840
1283456770267111424
1283464545747468292
1283472686430195712
1283480302174842883
1283488492870414336
1283489259681222657
1283496356347355138
1283504311473975297
1283506696858427392
1283507885562122246
1283515079867211776
1283519435463155714
