1255632957747970048
1255649716366381056
1255814617189814273
1255835309520101376
1255849285213499393
1255866972304289798
1255871642217086979
1255894393464160256
1255894399508262915
1255894397775994880
1255894395792117764
1255894404000288770
1255894401907191811
1255894407963987968
1255894405862604801
1255904751784468488
1255919849055887370
1255931635725479945
1255937320966131712
1255959436717326344
1255963305451098113
1255964731720044545
1255965146171740160
1255980248149221378
1255988320519303170
1255995347903623169
1256208215806750722
1256239957062168576
1256267639854379009
1256327785871638530
1256358236917243910
1256587427701035009
1256616731575025674
1256629272283877377
1256659726370250753
1256690928800186369
1256721379359064066
1256945890880901120
1256946036683218946
1256980083933237248
1257022185945944069
1257037461928067072
1257052310607364100
1257082760637722624
1257263450964852737
1257283375364280322
1257298690970173440
1257310432248774658
1257321182388346880
1257329490402906112
1257333856908296192
1257333967616987136
1257356942177116163
1257384625741205506
1257414701471764480
1257444899865063424
1257465190335090694
1257467211570122752
1257467859002888193
1257467857874620416
1257476172444839936
1257482566900371458
1257482565700800513
1257486306902454274
1257486864786894848
1257487059880742913
1257491068746170369
1257493417883508736
1257494345739055115
1257495454771798017
1257495618089635840
1257497485964201986
1257499356867039232
1257499355474464768
1257628279504359424
1257644610630942722
1257653639948259335
1257654961875402752
1257655365971390467
1257658302995013632
1257696197575348224
1257716882104295426
1257716887821131784
1257716885489094656
1257716890077626373
1257716896348213248
1257716893756133379
1257716898550239233
1257716904636145665
1257716900878049280
1257716906896830466
1257716909312741376
1257730438841368580
1257747444181471234
1257747922973851650
1257750649476993029
1257754818581540864
1257763412693725186
1257766078236766210
1257767783426928640
1257772656386019334
1257775064445059072
1257777085491355648
1257777293864378368
1257777352827736064
1257777800918061056
1257792185606582272
1257792677480935424
1257807284886925312
1257988730347859973
1258003829850812416
1258020641694986240
1258029177552412673
1258068722767593472
1258079122766561283
1258092097342771200
1258106630455144452
1258106837230125057
1258109461023141888
1258112952797929472
1258126402815221762
1258126400906760198
1258126405222760451
1258126409639346178
1258126407709921280
1258154575175049217
