1281032590963675136
1281046703236399105
1281071821887090690
1281071904695222275
1281072911693090817
1281072994912264193
1281075952605429760
1281076577254674432
1281076881777975297
1281076967257845760
1281077050896519168
1281077136464412673
1281077219398504450
1281085480436666368
1281086932588662784
1281094429298884608
1281094515147898880
1281096924121247746
1281105899499782144
1281121245883441154
1281121864551673857
1281123186168471553
1281128243937120256
1281133301097431043
1281135315101589504
1281172487133442050
1281172569090129922
1281173576385781760
1281175012817461248
1281177637076045825
1281178559671926784
1281179818386690048
1281183608275963904
1281198862661832706
1281198946128408577
1281200232211120128
1281201237736804352
1281209832272322560
1281210329062662147
1281212603797311489
1281218933731864583
1281221403988164609
1281226869052973058
1281231431751122944
1281232457199759361
1281240280914694144
1281242729314430976
1281243990415851523
1281258347128291328
1281272720060223488
1281281739797811203
1281283281871425536
1281285636901789696
1281289342959435781
1281292628492013568
1281305894081515525
1281320813698957314
1281348671850852353
1281402581911310339
1281405115879100418
1281410079976239106
1281430280088281089
1281438523376181248
1281438795129397249
1281440299542290432
1281442828841885698
1281446808091230209
1281449336665186304
1281454025326694400
1281456837515259904
1281464248099643393
1281469079736520706
1281474398139162624
1281475532199268354
1281486394553257989
1281498188483002368
1281498270808838145
1281500725915324416
1281502174313414656
1281513304633073664
1281518854758453254
1281520879638380545
1281537012479254528
1281537409029754880
1281539761853865986
1281539844225867777
1281543454884007940
1281560047584149505
1281560130618888194
1281563665284640768
1281580129421066242
1281581974809980929
1281585029643153410
1281586774888898560
1281598011198636032
1281598851451936770
1281603910231379969
1281605354808377346
1281607811059855363
1281607880173670401
1281611417242808320
1281612941985492994
1281629035387396096
1281631568210145281
1281632833740640261
1281636635730489345
1281647948028416001
1281665715288903681
1281771249480458241
1281771355340517376
1281771401154830336
1281790077560070144
1281816771004174337
1281829088362192898
1281832878813392896
1281845454167314432
1281853044955774977
1281862072993800197
1281884621781729285
1281891262153596928
1281892062623916032
1281902314425589760
1281905838924455937
1281905921162182657
1281909895957282816
1281929934232064000
1281933556403646464
1281937777358262272
1281942589562916866
1281948654581035009
1281948654581035009
1281963739965775874
1281963823142965256
1281967707911585792
1281967789348134918
1281968795456802817
1281973593346387969
1281973843272380418
1281976374656405505
1281981341161193473
1281981843517120516
1282058277212348421
1282118795285471234
1282133774948605953
1282163981080297472
1282186571236728832
1282186664207622145
1282201729417850885
1282209139159183361
1282224484620087297
1282240557608247296
1282244416820908033
1282251188117950464
1282263233156583425
1282273332478513154
1282287233601601536
1282287282364481542
1282292431124402176
1282302453602562048
1282302534984568833
1282311052915507200
1282317551821783040
1282322855020187649
1282327589097549824
1282331210304421888
1282347768246304769
1282360845125722112
1282363874281500673
1282368944779689986
1282390543327285254
1282399146209574917
1282472092798201856
1282481101454348288
1282496187828928513
1282525703288889344
1282527490028777480
1282527573155684353
1282527657880682496
1282528926582145024
1282529262034137093
1282533289090322434
1282540274921742338
1282556651103563777
1282564164121174016
1282570311486124034
1282570973011677185
1282581817309237248
1282594454701056000
1282595459178147840
1282599238208311301
1282600495958368257
1282602944588914688
1282611966255693825
1282615321342476288
1282618109518647302
1282620556584648705
1282624508667539457
1282628130579132416
1282634527526002691
1282635703688531968
1282647065009565696
1282648236050845701
1282652307126128640
1282656089478254592
1282664780201963520
1282664868156497920
1282669837676945409
1282673460364353536
1282674722988318720
1282677424841523200
1282677507381133312
1282680965991718916
1282688570424209409
1282688642562088961
1282696057688928256
1282696141268811776
1282696227646316544
1282701126400442369
1282707493831966723
1282708635399880704
1282721792440913921
1282733869469298689
1282759019933949952
1282835976247742469
1282838501524996098
1282859633431007232
1282859716612431872
1282887313924722689
1282889848223944707
1282891295606943744
1282891376024326144
1282893643699888129
1282895934335131654
1282896417967812609
1282901224224968704
1282903240951160833
1282907443840856064
1282909982128844802
1282910484333826050
1282917557700304896
1282932659933650945
1282942694126424065
1282951725364596736
1282951806746796032
1282966854453956610
1282966939971866624
1282977476059242496
1282977977949716480
1282979414649835520
1282990561499152386
1282994521727524869
1282994689847762944
1282999585884053504
1283001903341875201
1283010682963873793
1283010766413725698
1283010850756988929
1283022235436032001
1283028306670084096
1283028387838283778
1283034708125917185
1283038374060851200
1283039115060051970
1283048390125903873
1283059815917510658
1283068533019160577
1283077118533017600
1283078880727904257
1283080064993824770
1283096248233406466
1283108077676507137
1283150524754407425
1283205784927703040
1283205868725690370
1283210743022788615
1283228498958733312
1283250465786990592
1283252252904497153
1283254793788588038
1283254876160614400
1283257318105321478
1283257404776501248
1283261278774071296
1283261360961400832
1283265056487112705
1283270381189632003
1283272414324051969
1283272913710391298
1283273163498037249
1283273842069307393
1283280398714363904
1283295073191559168
1283297520920264705
1283299049433714688
1283307741629616133
1283311618508689412
1283314237293633536
1283316694686015489
1283334253644742659
1283341652124409857
1283341778742136832
1283350395075657729
1283351906811772929
1283356754630377473
1283365480628203520
1283370543878746112
1283374608406720517
1283378061669478400
1283388143190921216
1283389452925186048
1283395917589155843
1283403250813865985
1283403334414741505
1283408303477923842
1283410755291959297
1283415555047923714
1283415888583176198
1283419787226423303
1283423656140472320
1283429738216927237
1283429821893283840
1283434983978393601
1283446792546160641
1283447370584383490
1283462581080948737
1283477714318630919
1283487080937656321
1283492805491466240
