1334406392107704327
1334411192308260865
1334412755332427777
1334427944081625088
1334462600000761858
1334463058186526722
1334467386192371713
1334477665135423494
1334539590884093956
1334543737519796224
1334544652477796352
1334551592541057026
1334551637407518722
1334570319357628417
1334584523846275072
1334750055375532032
1334809368290844672
1334866680351236096
1334871972229025794
1334884834553057286
1334909994060353541
1334913559931875330
1334913799170773002
1334935505700593672
1335114130534109184
1335114265666220033
1335114490824847361
1335235472189239297
1335235588304363520
1335235720668180481
1335235914512146432
1335273381034340359
1335273441147097090
1335282792641400832
1335350209602351109
1335630079607660553
1335640452813512704
1335872164491386882
1335876400507707392
1335897238460116993
1335969305788379136
1335977650968547329
1335986744764878848
1335995700572655617
1336029899832893449
1336226658567811072
1336227011505905665
1336239688059940865
1336251227894673409
1336260061644136449
1336270177118384129
1336308806159118337
1336308848404037632
1336315589946732544
1336351414025678848
1336364634731929602
1336375074434277381
1336378652083228675
1336412389110128641
1336413284296241155
1336595918834065409
1336596810752815110
1336612604064755717
1336698634973437955
1336698872232603655
1336698910589538306
1336724794511863808
1336725733780099073
