1334421615870763008
1334447472773648384
1334461881046560769
1334485977776222209
1334500133313028099
1334551662762061826
1334552568052244484
1334559776303271938
1334592243387260928
1334784255356850176
1334823765604175874
1334866295922241540
1334891821768601601
1334906864119771140
1334923170818748416
1334954628111282176
1335151424682913792
1335178960649547776
1335196974979510273
1335272472313151489
1335312141541314560
1335322300846137344
1335515825747361801
1335543260547182592
1335556846141235201
1335616799661043716
1335624793937219584
1335677642134204419
1335872099228016643
1335881579214876672
1335893962331140098
1335917472910753795
1335974524786012161
1335991208233947136
1336015809764859907
1336032480290250754
1336055129527738374
1336240098229313536
1336258755135213569
1336282880184438784
1336347556473794560
1336363644867796997
1336397133121945601
1336601196103131138
1336628658690125824
1336661122535936000
1336684776212795392
1336731691369508872
1336733349931520007
1336741303892271104
1336764805764542466
