1341881903771758593
1341882102300758020
1341986982625505288
1341987646692864000
1341987682826780672
1341987699855650816
1341987717043904512
1341987727881990144
1341988506042826752
1341990240932737027
1341990813191069699
1341991005957070848
1341991424284307456
1341992201266601987
1341993553661222913
1341994194823507968
1341995875023917057
1341996780423155713
1341998020423012353
1341998034893361152
1341998081374609409
1341999548692979714
1342000829654560773
1342001802804391936
1342002067641151488
1342002206795563009
1342004297979092992
1342004581891334144
1342005059803099136
1342005207157370882
1342005399168417797
1342005420794277888
1342007098541019136
1342007209505550337
1342008814376247296
1342008828267782146
1342009614938890240
1342009780190273537
1342012131655307267
1342013834861678593
1342014051325534209
1342014066441773056
1342014194539966466
1342014323317764103
1342014648141299712
1342015572532486145
1342017170339872768
1342017487156731905
1342017509604601856
1342019681364938753
1342020987957739522
1342021476879380480
1342021934989668352
1342022197888618496
1342022197888618496
1342023162276544515
1342023404933754881
1342023417919377413
1342023500324810753
1342024714764447748
1342025139295318020
1342026245014495233
1342027075910250496
1342027231225204736
1342028357559578625
1342028405924093953
1342029406525652992
1342029436221353985
1342029747727917058
1342031188232429568
1342032181334601735
1342032240201637889
1342032271893643264
1342033372969902080
1342034781085700096
1342034932378574848
1342036039196680193
1342036551950327808
1342037297554853890
1342039524537479168
1342039814628024320
1342042330627530754
1342042696068820992
1342042715794665472
1342044188762918913
1342044847314759680
1342044945851576320
1342046560276918272
1342047368007573506
1342047658878390274
1342047859219300352
1342049880508833792
1342050588339658752
1342051358996914177
1342051367297445890
1342051463816736768
1342052396969697280
1342054913870684161
1342056175593017345
1342056202478432258
1342057430079954945
1342057534136446976
1342059946691735552
1342062463479468032
1342063361387864064
1342064979940274179
1342067496396926976
1342068269679865857
1342069458685349888
1342069468730679298
1342070013390426113
1342071716038791168
1342072529532416000
1342072945812922374
1342074568224219136
1342075046160957442
1342076085069086721
1342076831932026881
1342077568124473344
1342077722600865793
1342080079501770753
1342080660777955333
1342081498468511745
1342082316412342275
1342082596159643650
1342083679363993602
1342084306764763136
1342084586243817473
1342085113627086849
1342085867133923328
1342087629098151936
1342088403479834626
1342090145831546881
1342092286818209794
1342092667312697346
1342095178966966273
1342095400271024129
1342095423004147713
1342097695570358272
1342098883514671105
1342099034576707588
1342100212567838720
1342101368786530304
1342101461992419332
1342102728642764803
1342105245321551872
1342105413332963330
1342107761795018752
1342108100594180097
1342108877060452352
1342110278536708098
1342112795127468032
1342114102903242753
1342114115360272384
1342115312234242050
1342117343703560195
1342117828065804289
1342120345315098625
1342122154536660994
1342122875185192960
1342124842926137346
1342124862614228998
1342124904506929155
1342126260567363585
1342130790159810561
1342132404954263552
1342132423652499456
1342132439251116033
1342132927577128964
1342137971344994304
1342140857944842240
1342142993999032321
1342143813490520066
1342144298700177415
1342145138747912195
1342145535118073870
1342146780096561157
1342148027138629639
1342148572570116096
1342150494261829632
1342150956683816968
1342151334485762050
1342153070801653762
1342155872928206854
1342157214358843393
1342158093677981697
1342163126674833409
1342168168827998208
1342170821029220357
1342175961287163907
1342180742684499968
1342184223260737536
1342185775857885185
1342190810113187846
1342195842212454401
1342200875276709889
1342212475970867200
1342220900633096197
1342229567507992577
1342234597522890753
1342240437915025408
1342351371413172225
1342352158918930433
1342352710931251200
1342354028190191616
1342354211686789121
1342354622330109953
1342354965344489472
1342356527773061121
1342357155719086080
1342358893758976000
1342359449068072960
1342359889272778752
1342360678418403328
1342361335963774976
1342363194812035073
1342365711843246080
1342366479577133057
1342366497721749505
1342366508475969538
1342366642785943553
1342368228090134528
1342370175769829376
1342370744752197632
1342373261313654787
1342373336207261696
1342374680024522752
1342375716298567680
1342375732119547905
1342375777652920321
1342375848050094081
1342378294377906177
1342380472450609152
1342380811434266634
1342381189739511808
1342382455584649216
1342383327534227456
1342384585858973698
1342385841965039618
1342385851632930816
1342387102428721152
1342387817700331520
1342388609043804160
1342389603685310470
1342389618881257472
1342390495968952321
1342390918029127680
1342391662983737346
1342391687142907904
1342392135669059586
1342394209962254336
1342394659344064512
1342397168984973313
1342397936869797888
1342397936869797888
1342397950111178752
1342397969593737217
1342399020413677574
1342399685357494272
1342402202653110272
1342402805194235905
1342404147602198530
1342404718476349440
1342407235150913537
1342408922569863168
1342408931159797760
1342409751850840065
1342412092859682817
1342412109406208001
1342412116599431174
1342412268265500672
1342413293462429697
1342414784939970560
1342415558680190979
1342416081160450053
1342417301782593537
1342419817928814592
1342421092758151169
1342421102132342785
1342421130448138241
1342421362032439296
1342422334586691584
1342424858395742209
1342425459666071553
1342425799241175041
1342426780993511429
1342427367894118400
1342429096404525057
1342429884505681920
1342430005775708160
1342430472194953216
1342430690168729603
1342432401272651776
1342434917490286599
1342437434064297991
1342437600343322624
1342439839631859712
1342439956489392129
1342441345043099650
1342441372696141825
1342442467157749760
1342444983861846017
1342446131280830465
1342446322595594240
1342447089247281152
1342447116145340419
1342447500855144448
1342450017072783360
1342452533990604800
1342452944264978432
1342452955220475905
1342455055467724801
1342455292592873475
1342456370034053120
1342457566694019073
1342458969592377347
1342459740958449664
1342460083226087430
1342460174594953221
1342460307768279045
1342462558096265219
1342462601419231236
1342465116621692931
1342466656799485952
1342467633245954048
1342468580210827264
1342470158573469698
1342472667664793600
1342475164752228352
1342475182749999106
1342475187212722176
1342475198424088577
1342477699617452035
1342477786360000518
1342480845593055233
1342481617596641280
1342481629885976576
1342482732761247744
1342483225856389122
1342485258499977217
1342487358470557696
1342490282416369664
1342495315455176704
1342500357365067777
1342501278623141888
1342504800437596160
1342505381860433923
1342510414995722241
1342515453495816192
1342520481371578371
1342523242997800960
1342525514402033666
1342530555758346240
1342535580803080193
1342540614022270978
1342545646948024320
1342550680255475713
1342555713327964165
1342560750871572482
1342565779850416128
1342571064598020097
1342575594341588993
1342577939515203584
1342578045518016512
1342580879223181313
1342582509108916230
1342585912379654145
1342590949080367104
1342604540621762561
1342711251194011648
1342711270072590336
1342712150058532864
1342712925014913024
1342714618016239616
1342715635877482496
1342716228125806599
1342717131813777408
1342719399808139266
1342720810394542086
1342721807837642753
1342721932651847680
1342722060636876805
1342724324365459457
1342726841061109760
1342727339881492481
1342729357647818753
1342730108503732224
1342730824463089664
1342731874225950720
1342734390737047552
1342736907390787586
1342738961589014539
1342739423864254464
1342739754970996736
1342741597184733184
1342741940509442048
1342743411414151168
1342743539411804161
1342743565273853952
1342744456995467266
1342746040911474693
1342746973829361665
1342748889330425856
1342749491686825989
1342752006822191105
1342752506754060288
1342754523387809792
1342755987749527553
1342756924568309760
1342757040662446082
1342759119871234049
1342759410578370561
1342759556540149761
1342762073168605185
1342763686121922561
1342764589679865861
1342767106379534337
1342767331143987200
1342769622928515072
1342771469852540928
1342772145399554051
1342773822039195651
1342773839571390465
1342774656218976257
1342775981539516418
1342776013705637888
1342776500202983424
1342778096265687041
1342779690055036929
1342782205882351616
1342784722334863361
1342785694121549829
1342786943646625792
1342787241953918977
1342789755763748864
1342790043136618496
1342791935472361472
1342792272224669696
1342792582078885888
1342794788660150274
1342797305402032128
1342799821946712064
1342800453453684736
1342800935144337410
1342801696884482050
1342802338428432386
1342803643121229824
1342803661173493764
1342803683327750145
1342804854989795329
1342807371811147777
1342808169727332352
1342809889513455616
1342812404812550145
1342812404812550145
1342813695550902275
1342814921520803843
1342816507592585216
1342817443534823425
1342818031131615232
1342818048332464128
1342818076849483778
1342819954811424768
1342822224420610049
1342822471217672193
1342824838096969729
1342824989020610561
1342827504319553538
1342830020905979904
1342832541380866051
1342834591904780291
1342834714411999233
1342834736385941505
1342835054108692482
1342837570758201345
1342840088212905985
1342841677619359747
1342842603956555783
1342845120454873089
1342847640896217088
1342853173585833986
1342855187413696513
1342857703358570497
1342862739228798984
1342862739807596548
1342863341279174658
1342865252585779200
1342876677836300289
1342877837058052096
1342882869262299137
1342885037587525634
1342887902297124866
1342892935730368516
1342897968739803136
1342903001795596294
1342913869157707776
1342918101252378628
1342918951102242816
1342923137416101890
1342923139911712777
1342928167716196353
1342933200817942529
1342937982227992576
1342943267365654528
1342944197209448449
1342953333653434369
1342959959991083009
1342960999629000704
1342968437631496194
1343074130367803392
1343075834786144257
1343077144331767808
1343078235379273729
1343079646649319424
1343081466784313345
1343082763977695232
1343084027553730560
1343085401762893824
1343086830556745736
1343087999081451520
1343089179492802560
1343090158304972805
1343091695047610368
1343092862867689474
1343094511501762560
1343094533349908480
1343094565641854976
1343094604497879040
1343094752477118465
1343095110351917057
1343095448286986240
1343096525623320577
1343097368477052928
1343097396079849472
1343097414438285313
1343097443383066624
1343097711491485696
1343099235990990849
1343100939998261249
1343101905568993283
1343103484032405512
1343103717864779776
1343105342897614848
1343106882370760704
1343106900016160769
1343107139829706753
1343108372372054016
1343108405494493184
1343108817584869377
1343110401152733185
1343110502612951040
1343111877971365889
1343113852469325825
1343115549937696769
1343115579914407938
1343115653042106368
1343116875589365761
1343116893339660288
1343116911354241024
1343117625119932416
1343118954491998209
1343119428909723648
1343120686366171139
1343121944489574401
1343122970290630656
1343123202759913473
1343124461097263104
1343125096504979456
1343125112397189120
1343125141740531714
1343125719254061056
1343126977511768065
1343128236033777664
1343129263382421504
1343129291647823872
1343129338670100482
1343129494228504577
1343130752523722752
1343132010890416130
1343133269223645185
1343134527506403328
1343135786015674368
1343137044055277568
1343137843259072514
1343138302212370432
1343139486142787584
1343139510289362946
1343139560960610304
1343140172498673664
1343140818740248576
1343142078411227137
1343142575688048645
1343143335549153282
1343144593534103552
1343145290140971008
1343145851976343553
1343147110321934337
1343147834393178119
1343148368634134528
1343149205922209792
1343149628150132736
1343150352351326210
1343150375180898304
1343150885443170305
1343152143558172674
1343153276892684288
1343153401845096454
1343154660266356736
1343155260425175040
1343155918318542848
1343157291160391680
1343157855143211008
1343158435039256578
1343159693355536386
1343160951462354945
1343162162341097472
1343162181379121153
1343162209786970117
1343163468015431683
1343164731385905159
1343165445390684160
1343165747116306432
1343165767769063424
1343165864342917120
1343165985113554945
1343167242972798976
1343167905568059392
1343168501335404548
1343169759534264326
1343171018001588224
1343171705209036803
1343172276238299137
1343174085526908930
1343174792925622273
1343176051136974853
1343177309537202176
1343178063652278273
1343178567501422595
1343179829772865536
1343181770326499328
1343181783731470336
1343181820364529665
1343182132584312832
1343182342412615682
1343183307912204298
1343183346835329024
1343183600766885889
1343184858970009600
1343185708471746565
1343185747113893899
1343185778898305027
1343186117349298176
1343187072484577281
1343188516541493248
1343188516541493248
1343189892180762625
1343191150417608707
1343192408775925763
1343193071715037184
1343193098906693633
1343193667142619141
1343195011870031872
1343195035895001088
1343195144846192640
1343196235126210561
1343197442020401152
1343198424812974083
1343198700278083585
1343199521820569600
1343199958493642758
1343200899825627139
1343201216847818753
1343202084213182466
1343202475084402688
1343203511471890432
1343203733509820417
1343204991561961472
1343206250033668096
1343207065259552768
1343207508291145729
1343208766620266498
1343208963173740546
1343208994752630785
1343210026379268097
1343210228012212224
1343212541523206145
1343214795802222593
1343215058478837760
1343217826476113920
1343220091437998081
1343225128977539074
1343226658623533057
1343230157507608576
1343235190794170371
1343240223757541382
1343241450834812930
1343245257123590144
1343249535146012674
1343250475777470464
1343251745615581185
1343260356550901766
1343267555390193665
1343270424549814272
1343270765014241282
1343286304113643521
1343291516660416519
1343299111827607553
1343307416633393157
1343328736503074816
1343328967261093889
1343333840778096641
1343337664360177669
1343408692633460737
1343410048610029568
1343411057981796352
1343412349760364545
1343412609702371328
1343413868345896961
1343415126473392130
1343416433863233542
1343417643030732801
1343418901099634690
1343420159533469698
1343421418764001281
1343422676224802818
1343423934352470016
1343425192698150914
1343426450901270537
1343427709179895810
1343428970814070784
1343430715803914240
1343433845425774592
1343436357138591745
1343436519953076224
1343437775719321602
1343439033888722946
1343440292121247745
1343441550630522880
1343442808645033984
1343444066961399809
1343445325428584449
1343446583593996288
1343446835193544705
1343447639539515392
1343447663111516162
1343447724881027073
1343448582435840001
1343448756474306560
1343449100163940352
1343451618457526272
1343453126536404992
1343454133291012097
1343454790274043904
1343454817084170241
1343455284178657281
1343455391619969025
1343455813034246144
1343456649843884033
1343456732945772547
1343456747307073536
1343457908261081088
1343458663567159297
1343459167441309696
1343460424923099136
1343461346118160384
1343461366221385732
1343461683147145217
1343462941270671361
1343463521120645120
1343464199658352641
1343465132752572417
1343465457970507780
1343466716098043904
1343466875792093187
1343467014090870785
1343467974888460293
1343469232978239490
1343470591391780866
1343471066728038400
1343471257443041280
1343471749359288321
1343473007667400705
1343473175896715264
1343473189092007937
1343473222021492737
1343473293643423745
1343474265920733184
1343475113254150145
1343475524396584961
1343476782557581312
1343476879307759616
1343477096568541184
1343477145641889792
1343478040865734656
1343478187548946438
1343478203667591168
1343479300385861634
1343479299140161542
1343480557376856068
1343481823121338372
1343483074554724355
1343483262103121925
1343484332439199746
1343485590701035520
1343486104188710915
1343486848975261696
1343488107107282944
1343489366317019137
1343490623916158983
1343491882106695680
1343493140326445056
1343494398764605441
1343495657055653888
1343496786401501185
1343496800154636290
1343496916273807361
1343498173713682432
1343499431765798912
1343499563647332352
1343500376276922369
1343500690665050113
1343501299548090369
1343501948465672194
1343503206731579392
1343504465601699841
1343505038447161345
1343505058533679106
1343505724681322497
1343506981659660288
1343508239917350912
1343509125142032384
1343509134000451584
1343509148475006977
1343509250270760960
1343509498204463104
1343510756562620420
1343511671118176257
1343512020100939776
1343513273405202432
1343514531482402816
1343515789647781890
1343517002514755584
1343517047947464707
1343518306251247618
1343519564378869760
1343519847641194497
1343519856004620288
1343519866247143424
1343519895380746240
1343519909742080010
1343519940700229633
1343520822980317186
1343522081133088772
1343522535573495810
1343522535573495810
1343523339390763008
1343524597749133312
1343525855906033665
1343527115547934720
1343528278934626304
1343528372853477377
1343529631106936833
1343529991733174273
1343530889192611842
1343532147668226048
1343533405812576261
1343534305633591299
1343534614485340161
1343534639047208960
1343534663919267850
1343534669518811136
1343535922457890818
1343536285017907200
1343537180694761473
1343537573285818369
1343538122177589248
1343538438771884032
1343539697272774659
1343539868350226434
1343539876063490048
1343540955412983808
1343541161487699968
1343542215209971712
1343542866698788864
1343543472440139777
1343544730311774209
1343545988737187842
1343546062288670728
1343547246864781314
1343548505202315264
1343549687949881345
1343549763417882630
1343551022082347009
1343552280163999745
1343553538622775297
1343554796654002177
1343556054945308686
1343556777829421059
1343556940845248514
1343557316189143040
1343558571867467779
1343558813748768770
1343558821743099912
1343559465971441667
1343559829927952386
1343561088575668224
1343562346556493843
1343563604780593158
1343564865080799232
1343566121421692930
1343567379662479360
1343568009651220486
1343568638104649729
1343569896240631808
1343570522534240256
1343571154544381958
1343572418749599744
1343573150618050560
1343573214404947976
1343576462339805187
1343576638957740035
1343576772156260354
1343576916163493889
1343577178928275456
1343579236486012931
1343581928088363009
1343585371075080192
1343590280629346305
1343591607996735488
1343595313815142400
1343599901440159747
1343600095187496967
1343605128440541185
1343610162737598465
1343613950064283648
1343615194577195012
1343620228035604480
1343625262324473857
1343625262085382145
1343626022516912129
1343627017607131137
1343635327513210881
1343637844200464384
1343640361315532801
1343640360770285568
1343645393691660294
1343650426671927297
1343651824587444226
1343655461459959809
1343655460675547136
1343660493102342149
1343665526229360644
1343673075988983808
1343676059867377668
1343676678116147203
1343678113021046788
1343684234159001600
1343688440962019328
1343693460604215296
1343769949215535105
1343771536638038016
1343773521395265536
1343775311654215681
1343776859151081472
1343780211654070272
1343781289128722438
1343782547398959104
1343783807489609728
1343784647373807616
1343785064166010880
1343786322146820097
1343787580345749504
1343788838896824320
1343790097167048704
1343791355357622272
1343792613745426435
1343793871910821891
1343795130214572032
1343795240373727234
1343796388476366849
1343797646859923456
1343798904983351296
1343800163626848258
1343801421632843776
1343802168470548486
1343802679890386950
1343803938286538753
1343805196632162304
1343806454793461760
1343807713172713473
1343808971530883072
1343809704905089024
1343810229801259010
1343810603480207365
1343811160521453568
1343811176870850561
1343811236178382850
1343811253156900865
1343811274820481024
1343811488016982019
1343812456947331072
1343812473007321088
1343813984001138688
1343814007799484417
1343814443650715649
1343814454979526658
1343815263121256454
1343816521278099456
1343817006794080257
1343817779552522242
1343819037688684544
1343820296113987585
1343820512829599744
1343821554237517825
1343822812725829632
1343823824324874241
1343824070912053250
1343825329144606721
1343826587507187712
1343826871499304960
1343826894349864960
1343827845714378752
1343829105435942913
1343829141657968641
1343830253324673024
1343830330508271617
1343830362837815297
1343831620684546048
1343832879017553921
1343833613817827329
1343834137170501632
1343835395688022017
1343836654734176257
1343837912350089219
1343838169549123584
1343839170347716610
1343839262303809536
1343840092369137664
1343840342949437442
1343840353720410114
1343840428819238913
1343841687014002690
1343842945405874176
1343844048025563142
1343844087825387520
1343844205748244481
1343845462319783936
1343846383367954432
1343846417190809606
1343846720204021760
1343847978470141955
1343849236857724928
1343850370183925762
1343850495035592705
1343850495035592705
1343851753855463425
1343853011819397122
1343854154440208384
1343854269968080896
1343854802904772608
1343854818989891585
1343855528397574145
1343856786600693765
1343857245776437248
1343857288101175298
1343857314013605888
1343857599620460544
1343858044820742144
1343859024496881665
1343859309155733507
1343859829278994432
1343859917967515649
1343860561709314048
1343861819845144576
1343862420712943616
1343863078333546498
1343864336448679936
1343865254825099266
1343865594811043841
1343866853395988482
1343868111481499648
1343869070916149249
1343869079812190208
1343869369496039432
1343870628395290625
1343871503109136384
1343871886153932801
1343872417903599616
1343872424224432128
1343873144411615232
1343874404997070851
1343874877787291648
1343875461907173379
1343875661295828993
1343876919360516098
1343877756694704134
1343877880481271809
1343878177547055106
1343879338651955201
1343879435733372928
1343880694078967808
1343881953737646081
1343882544983498758
1343883210732797957
1343884469313232896
1343885474834898944
1343885727235506177
1343886985627222016
1343888243935232000
1343889505040834561
1343889755109519360
1343889770469064704
1343889806628163585
1343889819764748289
1343889843038924800
1343890044403253248
1343890760853303297
1343891830694432769
1343892018829930496
1343892793773715456
1343893277217411073
1343894535428960257
1343894975881367552
1343895793996947457
1343897051977797634
1343897787361091584
1343898310252355584
1343899369062490112
1343899568702955520
1343899829223759877
1343900100083515393
1343900828206211074
1343901448942350337
1343901929240457216
1343902084974977025
1343903343471546368
1343904066309672961
1343904602974928896
1343905860314136576
1343906686063554564
1343906694313758720
1343907118185930752
1343908376477110273
1343908464041594882
1343909634936082432
1343910893105668096
1343912153883938817
1343913409734008838
1343914668008476672
1343914735935381505
1343915926329167872
1343916983381880834
1343917184771244032
1343917789095067648
1343918442894782467
1343919706453884936
1343920396278636544
1343920959921729541
1343921346020069379
1343922217860493312
1343923476009275395
1343924722845822981
1343924734581485571
1343924919839633409
1343924944535760898
1343925992637804549
1343927252145250304
1343928509371039747
1343929767515488256
1343931026083557376
1343932284248846336
1343933247558983684
1343933542347264001
1343934824730550272
1343937317363306497
1343937968491409414
1343937980315131907
1343939833916481538
1343940388978089985
1343942351228694537
1343946125334642690
1343947718301986816
1343947952046407683
1343951918373228546
1343952672320352258
1343954821003546627
1343954834786050048
1343958385138556932
1343959487963684865
1343962316023476224
1343963759954554881
1343965557276749824
1343967516142526464
1343967945421189122
1343971291238453248
1343975066023776256
1343977582522290176
1343980909272453122
1343981323590004738
1343986047043121152
1343987151218814984
1343988907348811777
1343993033755385858
1343993777820749826
1343994250430738432
1343996457167290368
1343998783630307329
1344000231885529088
1344003230439714818
1344005264958111744
1344009433718939648
1344015315571793921
1344024831096999937
1344026237824626689
1344031674879901698
1344033234980638722
1344039257346891778
1344047411304542211
1344051607177207808
1344130584474497025
1344133361309253632
1344134868905598977
1344136127259795456
1344137385530044416
1344138644001415170
1344139902204616704
1344141160168775681
1344144756767600647
1344146193413128194
1344147451998056449
1344148710058561536
1344148904133193728
1344149968295251970
1344151226636673029
1344152484890226689
1344153744162910208
1344155001766043649
1344156259931410435
1344156831082545152
1344157518050811904
1344158776404938753
1344160034763128835
1344161293142425601
1344162551534411778
1344163809674416129
1344165067890147329
1344166326231650304
1344167584397201409
1344168842650669061
1344170101256245248
1344171121206325250
1344171153095585792
1344171359283384320
1344171505660416000
1344171505660416000
1344172114383785987
1344172617515855873
1344173371244879875
1344173385782333440
1344173407911489541
1344173424286052352
1344173877304299521
1344175134177972224
1344175270367002624
1344176392892784646
1344177651024617474
1344177922245013504
1344178909152100352
1344179826266152962
1344179846231044097
1344180167581659136
1344181151997583368
1344181425801748481
1344181659785162752
1344182684055027714
1344183942606417922
1344185200675319808
1344186458769420289
1344187717026983936
1344187763596390402
1344187802699837440
1344187810413162496
1344188918376370176
1344188975473278977
1344189967594119171
1344189982970421248
1344190233647206402
1344190754160304128
1344191496191238146
1344192750711754752
1344194008583720960
1344195051392544771
1344195060343201793
1344195266988019712
1344196525329543169
1344196978889121792
1344197783566360582
1344197852122275842
1344197862922612736
1344199042604011520
1344199986649714689
1344200300241031168
1344201558205095936
1344202816559071232
1344203114224746498
1344203562952368128
1344203596573921285
1344204074980237318
1344204979851177984
1344205333179199491
1344206598852382721
1344207850235543553
1344208101625405440
1344208606649061376
1344208614836285441
1344208621874380801
1344209108006707205
1344210366381907968
1344210535810793472
1344210590328381440
1344210622385446912
1344211624681463809
1344212883102519299
1344214141137989634
1344215399655731202
1344216657837879298
1344217271967875072
1344217280020938752
1344217287566512129
1344217916087144448
1344219174512558080
1344220432656965633
1344221695763103744
1344222949901963264
1344224020338716677
1344224207677231105
1344225250402308097
1344225465805004801
1344226525856587779
1344226724092010496
1344227982509039616
1344229241555042304
1344230499351289856
1344230560017883141
1344231757315391488
1344233015644286976
1344234273977626625
1344234624575266816
1344234632162799616
1344234639741878274
1344234660860207104
1344235532230922241
1344236794938863616
1344237377997459456
1344237879225184257
1344238049522143232
1344239307150790658
1344239707455156227
1344240565546729473
1344240623558287360
1344241823741399040
1344243082267566081
1344244341527740418
1344245598812209153
1344246856809914368
1344248115113574405
1344248115084181505
1344248614323941377
1344248629800927233
1344248681336344576
1344248807660412929
1344248867789922304
1344249206815547392
1344249373538930689
1344250333447512067
1344250448748929024
1344250631834521601
1344251890234662913
1344252740449480706
1344253148769095680
1344254406624067585
1344255303991365638
1344255665150242816
1344256923542106112
1344256993683505152
1344257253050896388
1344258181518671872
1344259441575788546
1344261083155091456
1344261731988729856
1344261956434329600
1344263214553395201
1344264473188597761
1344265731161153536
1344266649650782217
1344266656860803072
1344266663873699840
1344266990735642624
1344266997291491330
1344268248099946497
1344269506370265093
1344269894767017985
1344269915109421056
1344269937267896323
1344270764523069440
1344272022780702723
1344273280866406400
1344274540738850818
1344275797763354630
1344276238219816961
1344277055945498626
1344279572573900800
1344280396960247816
1344280698274910215
1344281266137477120
1344282094306959360
1344283222973280258
1344284605503795200
1344285791741222915
1344287122094575617
1344289640107266048
1344289955909148673
1344289973114195969
1344292155406381056
1344293413772873728
1344294672026492929
1344294735163367429
1344294771200839680
1344297034514358276
1344297062481977344
1344297196884287490
1344297291583266816
1344297347531079687
1344298740304244737
1344299520054734848
1344299705476337665
1344301894097842176
1344302221643501569
1344303480014422017
1344304738720915457
1344306332669775875
1344307255252983810
1344308006029299713
1344308735221637121
1344309771604787200
1344310119232897028
1344312288933781507
1344313797884854272
1344316132820443138
1344317321121329154
1344319663547838468
1344321576779587597
1344322354441285638
1344322632653496322
1344322632653496322
1344323708559699968
1344324633496064000
1344326968381214721
1344327396510605315
1344329904243011584
1344332420733140994
1344334937332346883
1344338731143147520
1344340315856117764
1344347221173678081
1344347764940005377
1344351108681129988
1344355140200001536
1344359970549198858
1344363044500070400
1344363434570346508
1344363951887446017
1344365080788553728
1344368605585174530
1344374278662336513
1344376762227109896
1344377872237080576
1344381703448629257
1344388275197374469
1344395111237562370
1344399511767183365
1344404864152055808
1344404888441270272
1344406502015193090
1344413333164863489
