1268414688481685505
1268422494601596934
1268438589496537088
1268442364437303297
1268447399699251201
1268452524333379585
1268457464783134720
1268462495326404610
1268467576004317189
1268471304191082496
1268475101269430278
1268478380044886019
1268487668171751425
1268492695552622592
1268497897961766914
1268502760611340288
1268507798704447488
1268513112178733056
1268517862546780160
1268522899398447107
1268527947104817153
1268532971901943813
1268538001765863426
1268543348404563968
1268548080699346957
1268550478410985472
1268551843594096640
1268555610041311244
1268559400895156224
1268563168378400771
1268566948658454529
1268567052178141187
1268570723645358081
1268574492239859712
1268578260062961664
1268582038262763521
1268585810963714056
1268589592447455234
1268593365496541185
1268597134221291524
1268600907501129729
1268604737512976391
1268608470116208641
1268614752520908802
1268619782359617536
1268624819022639105
1268629869354725386
1268634887411679234
1268777076431208449
1268784634042687488
1268801059167834113
1268806009746870272
1268811045826592768
1268815115031400448
1268815232060792833
1268816079050153984
1268821109371285505
1268826145530798081
1268831176384544768
1268837494138830849
1268837786137907203
1268839989858762752
1268841247751524352
1268846282547879936
1268850057928937477
1268855082445127681
1268860169536053248
1268864594832998403
1268865152444780549
1268870185257181196
1268872797822029825
1268880251968512001
1268891083326525444
1268891110413422593
1268891128453050369
1268891214654459907
1268895348182958080
1268900383650467840
1268905444610920448
1268910448105197570
1268914226581700609
1268917999660150786
1268921772600168449
1268925550825005057
1268929334288490497
1268933103097204739
1268936874896371714
1268940648184414209
1268946946397437952
1268952037867294721
1268955746554740736
1268959521059287048
1268963303675568129
1268967071658004484
1268969095241830403
1269132675182403584
1269139468088422400
1269147769559752704
1269177472169492480
1269178532246274048
1269182241126731776
1269193610290847745
1269199893438046208
1269218776937050116
1269227535981740033
1269232574385262598
1269237641595289601
1269242639557238793
1269249676898942978
1269268979497021441
1269269124267610113
1269273375626670084
1269273456719388673
1269273546322313216
1269284207295111168
1269287937348419587
1269291718798696454
1269295486462316544
1269299340721479681
1269314423400923141
1269318133791232003
1269321912259354626
1269329505451212801
1269333236695666693
1269339537664143360
1269344568576802821
1269349593109737473
1269354624978386950
1269494558733238273
1269501858021814272
1269501858021814272
1269540908036390913
1269544629738897413
1269550918086909953
1269555959447371776
1269562254325841922
1269562477538312193
1269564758438621184
1269566016574627842
1269571053510156294
1269579859333914624
1269580212028747776
1269582445768253440
1269584897091518464
1269590114856034304
1269590327368855553
1269605026957312002
1269610059207774208
1269615191261696002
1269621385405620225
1269625186351034368
1269626149346390016
1269626421468676104
1269631460555849731
1269635225128222722
1269639001390145537
1269641352020664320
1269641479787552768
1269641541187928065
1269641619759943681
1269642772404998147
1269646550109741056
1269650324257681410
1269654099395596290
1269656547161931777
1269657871744147468
1269661664598724608
1269664932682969089
1269665433629663235
1269669198583693312
1269672973449007106
1269676620777959427
1269676747114586112
1269676761094205447
1269680521367388168
1269680839836778498
1269684300288602112
1269688071592857606
1269691845895954433
1269695625895063556
1269701914876313601
1269706952181002241
1269856689915858944
1269864241638539264
1269887026133970944
1269888204229967873
1269891914435833857
1269896949458767875
1269902076437544963
1269907017944182784
1269912051050328065
1269917208043417601
1269920858577031168
1269924642640273408
1269928410039664641
1269932408671014912
1269937215544705024
1269952312430211073
1269957345322377217
1269962383503613955
1269972446679089152
1269977618427842562
1269982525834887168
1269987548652240896
1269992803351887875
1270005814284222470
1270006359375974403
1270009020095565824
1270012709984223237
1270016497377857538
1270020260738072579
1270024046747553792
1270027831976890374
1270031593948807169
1270035371057917959
1270039184036806656
1270042911284043779
1270046687822786565
1270050468346105857
1270054236425015296
1270058025747873793
1270064321058529280
1270069333285384192
1270226628250144768
1270234934935007234
1270250530800009217
1270254302200770562
1270259337831821313
1270264415775064067
1270269403033227264
1270283243166806016
1270287025070112774
1270290796265209856
1270294593012187136
1270299603506794502
1270304637778898949
1270314704154525696
1270319739978596353
1270324788456808451
1270328288787996672
1270329805809111040
1270334843658940417
1270340054695776256
1270344919392149510
1270349935599390720
1270350589071892482
1270352797100388353
1270360012792135683
1270363774885810179
1270367548664623106
1270371332329521155
1270373361869377546
1270375114056622082
1270378873369264129
1270382649526423554
1270386423930195969
1270390209851592705
1270393978991624195
1270397747896688646
1270401525265977347
1270405306506530816
1270409075768074245
1270412848330690560
1270416640736403456
1270420404021190657
1270426692079824901
1270431736078483456
1270441803905470469
1270446824306999299
1270451855601139712
1270456888094842881
1270461921905512454
1270589017030045698
1270598581230206976
1270612981160820736
1270616690833985536
1270621727551377409
1270626791103909894
1270631790999461888
1270636058691219459
1270636823501582338
1270641955928780806
1270645634035601409
1270649453091983360
1270653182683820032
1270657048947146752
1270661988490895361
1270667027456430080
1270672192158806017
1270677099808993280
1270682127386972160
1270687236732915713
1270692190537342977
1270697230178099200
1270702574304362497
1270707294570000388
1270712323607375873
1270717549055848452
1270722408865923077
1270726173618778112
1270728690285117440
1270729954322505728
1270733722401361920
1270737493349076992
1270740817599135746
1270741265085276161
1270745049396121600
1270748834998747136
1270752586791092227
1270756364399362048
1270758889542254593
1270760155647541251
1270763931754266625
1270767687258583041
1270771468050272258
1270775236204601344
1270779034700521472
1270782786522284032
1270789088501796865
1270794128369102849
1270799142923755524
1270804179339149315
1270809215326617610
1270814244485898240
1270819277306724353
1270824309225926656
1270829343535759363
1270834380727033858
