1334271194258870272
1334276159513784321
1334281200396103682
1334286279308095494
1334291113092415491
1334291268290142208
1334296300251205633
1334296954294034432
1334297317822799872
1334299231515856897
1334301403490217985
1334306367809654785
1334306544817594368
1334308859364614144
1334311399980470275
1334312236202905600
1334315533383180288
1334315917837127680
1334316055460634624
1334317638642622464
1334318998016589824
1334323091309174784
1334324894457241601
1334326407237836800
1334326694157565952
1334331186584330246
1334331605943463936
1334335032232710149
1334335077510041602
1334336435533479938
1334336615552966657
1334337035167965184
1334337325958975491
1334348132474208258
1334349133352583168
1334349774674247681
1334352597017235456
1334356191778988033
1334357057818902529
1334363001080619013
1334364487047020544
1334378069990117376
1334379023246319620
1334389747196731394
1334390858850816002
1334395401370124289
1334397124037857280
1334397704399540231
1334397859899334656
1334400586079297536
1334401335655981056
1334402907144220672
1334403205766135809
1334403492643962880
1334403679173050374
1334405082222264320
1334405850375446530
1334407371364335622
1334408348939083783
1334408623275999232
1334409902828081157
1334410073234264065
1334410209347788800
1334413391922753537
1334413814989656065
1334414183300014080
1334414917093347329
1334416834775302145
1334417176044789762
1334419943148802050
1334421436891426816
1334422112463847425
1334422296774242304
1334427162393391104
1334431406978527235
1334432207893635075
1334437281831280641
1334437917809287170
1334442261887717376
1334442764872765441
1334442838608658439
1334444009494728710
1334445369170673664
1334447294008217601
1334452332994699264
1334453647778844672
1334454148616491008
1334454895152250880
1334456075773362176
1334457359280779264
1334460294190415872
1334469419460820992
1334471316410302464
1334473310445338627
1334473609557893125
1334477242353606657
1334479037486354432
1334481352859602944
1334482665924333569
1334484978340569088
1334485352224968705
1334497612641132549
1334497652457791488
1334498497815437314
1334499071931793408
1334499777766014976
1334501753295761409
1334501886058094592
1334502146696306689
1334502262345846784
1334504059441582080
1334504377948794881
1334512863344472072
1334514791940026370
1334521341316227073
1334521930225840129
1334523064294391808
1334523974512857088
1334526616693735424
1334527953624031234
1334527953624031234
1334528106376220673
1334529438042652672
1334531837511622656
1334532855347765249
1334537900487303169
1334543269628358656
1334547956645703683
1334552989336543232
1334558054705221633
1334563055229952006
1334568083575476226
1334575630617255936
1334578156246880258
1334580665468280835
1334583180540563457
1334585697085296640
1334588309742477314
1334590730191450117
1334593253962899457
1334593616396902401
1334595765101060096
1334598282379661314
1334599933542928385
1334600796453752833
1334603313527091203
1334603417482883076
1334608348671569925
1334610863299432451
1334613382687842305
1334618509410758664
1334633535869739009
1334648617756463105
1334658686766211072
1334658777690198018
1334660010731732992
1334661188412575744
1334665962717499393
1334672884132810753
1334679219465453568
1334679335496650753
1334680989784653824
1334681168101294081
1334692121802989570
1334693046965792769
1334693412012900352
1334694051807961088
1334698951010881537
1334701327511744513
1334704789809111040
1334707523320877057
1334709108558196741
1334714049406271489
1334714472414367744
1334715322402652160
1334715930543181826
1334716599631278080
1334721593998622720
1334722972418887680
1334726469075996673
1334727844346269697
1334727942304268289
1334730217407967232
1334737567678300160
1334739297539416064
1334739890861268992
1334745785343168512
1334746369869824005
1334746763543138304
1334754310379495424
1334761879344910342
1334761943236661248
1334762533530394625
1334766017835225088
1334769499267100672
1334774048820084738
1334776836329357312
1334776982698127364
1334779360293781510
1334779466539626498
1334783914603208704
1334784327171727360
1334784653916594176
1334795040325914624
1334795220404166656
1334797744909635585
1334798991825858562
1334799607792988166
1334799836915232769
1334807177593237506
1334813362807402497
1334814901244735489
1334820110742085634
1334822077593894914
1334823144918421505
1334828834911240193
1334829581241470982
1334829904182059008
1334834153338986497
1334834804731179009
1334834922930892805
1334840000777576448
1334844916820815873
1334847725972541441
1334857088523141121
1334858244729159680
1334858918346903552
1334864768704770051
1334867053371678720
1334867605564215296
1334868902975717376
1334873106846904320
1334873691671293954
1334873790287757314
1334876387975499781
1334877732727975938
1334877949401550848
1334884359053082624
1334885193883279369
1334895881485578240
1334903146930339841
1334905225098850307
1334905388626534401
1334908472211591168
1334913885455826944
1334914151387340807
1334920449420091392
1334927959493402628
1334935569156239371
1334943166978543622
1334950748841529344
1334965707260514304
1334973329191690240
1334981004923113476
1334995986549190656
1335011149465743360
1335026231700492294
1335031300957249537
1335034256444145665
1335035798589083648
1335035878758965249
1335036108703375360
1335037576873275394
1335038762632400897
1335039031155990529
1335040963345932290
1335041178807386112
1335041333585698816
1335041395866791942
1335041983539105792
1335043702532673536
1335048354783395840
1335048769663021058
1335052527864225794
1335054549669724160
1335056023749447680
1335056315354394626
1335058706652774400
1335059673909665792
1335060047349436418
1335063016958697474
1335065168741462017
1335067637991104515
1335071432972398593
1335072405102989313
1335072872272785408
1335073093140664325
1335073301706592256
1335073733921271808
1335073813587849216
1335076303444197376
1335076629786357760
1335077664957157376
1335080388427837442
1335083091958722560
1335083242194567168
1335084272500129792
1335086639861919746
1335096306088497152
1335101734377689094
1335111182743609344
1335111393905766401
1335112756362498048
1335115687660933121
1335115690961825792
1335116845490315264
1335118741495934978
1335120389932904450
1335121721339170817
1335124044421550081
1335124867797028865
1335125485341212677
1335126359828439040
1335130585740656640
1335130861998469120
1335131851976028160
1335134419770753024
1335135001399021569
1335137092574146560
1335138301372559362
1335138301372559362
1335138956497756167
1335139103671611393
1335142058374270978
1335142965724012544
1335144637883772930
1335144720897507328
1335145669607051265
1335146924626817025
1335147173369954305
1335148036956119040
1335150743972499458
1335157976764739584
1335162075295969286
1335162170565419010
1335173873549987840
1335177220810215425
1335182951416475649
1335192377443704833
1335202045775683585
1335203561798512641
1335207298684346371
1335219746682245120
1335237621975552000
1335252637365776389
1335267796754821121
1335282872584966145
1335297911706574850
1335313002426404868
1335328208787566593
1335343226774036481
1335346354235658245
1335354043846299648
1335358398905413634
1335373117108101121
1335373398709559296
1335374846729940993
1335376711840485377
1335382508913901568
1335383354850492418
1335383810016378883
1335388041024716800
1335392502690373632
1335393971846041600
1335398745593110528
1335399296074539012
1335403283490373634
1335404137693888515
1335404468863569923
1335408935138861058
1335414985757888512
1335415771871186944
1335417633823330307
1335417945187479555
1335419306205564928
1335419870104580098
1335432216789348352
1335434737473622016
1335438820431585280
1335438919501017090
1335441419238920192
1335441773557006336
1335441930914656257
1335443810684289025
1335448153542119425
1335455444408549377
1335462896600379400
1335463945977491457
1335464048779923456
1335464614285361158
1335470012165812225
1335472526512680960
1335474549446430722
1335478292841811970
1335482644667068416
1335491505402703874
1335504366644543488
1335504811819552774
1335506089744318464
1335507347914035200
1335509299766956032
1335510686185652224
1335510922434019329
1335514393996533761
1335516889729134592
1335517472011636737
1335520888846864384
1335521130061295619
1335524394735636481
1335525557799276544
1335527554698993666
1335531964841988098
1335538187339382785
1335538762416234499
1335539568762888193
1335539861315457025
1335541010026262529
1335541464290324480
1335541891908038656
1335542529949716485
1335543829697421313
1335551320749613056
1335556655665168386
1335561350278332417
1335566821169090560
1335571266531553282
1335576391958421504
1335579332228435968
1335580651941056520
1335581104426811392
1335583851507142660
1335593097317650433
1335595280490590209
1335598250145972224
1335600866510864389
1335604913070460929
1335607433360642049
1335609946054950912
1335622528967073793
1335625045629153288
1335627562127646720
1335630342879911938
1335632595594346498
1335635111912468480
1335637628671156232
1335640144938901512
1335645310501216263
1335647694816206848
1335650211503464451
1335655244550733825
1335656785223413761
1335660431348740097
1335665310926454784
1335670344011681796
1335675389608390658
1335680410357878785
1335685443770343433
1335690608187469830
1335695509890232330
1335700543247933444
1335705652719742978
1335710609531228161
1335720720513576961
1335735798973542400
1335744700091756544
1335751025689571330
1335755205397233665
1335756302149009408
1335757266604052483
1335760224544755715
1335763721554075649
1335764311973580802
1335764670360141826
1335766523923742720
1335775107537518592
1335776231359442950
1335778480990998528
1335784414916186113
1335785903852118019
1335786189740068864
1335787275939008515
1335787513902899205
1335787658556018688
1335788918948548609
1335790216875966464
1335792307371614209
1335794099530518532
1335798282618957824
1335799531062009856
1335803209177174019
1335806373825679361
1335806812864405506
1335819838690713602
1335819859582570499
1335821876384264192
1335822027186348032
1335822873689169920
1335823434677272578
1335824542552391680
1335831412499492865
1335831606867632130
1335831831069949957
1335832374806888448
1335837269131886592
1335838374171529216
1335840127138947072
1335842747551424514
1335844911258554369
1335845779303370753
1335848449825116160
1335852784038514689
1335853300839682049
1335855490195050499
1335857627511713792
1335859388049854464
1335859553464774662
1335861329853177856
1335862668750557184
1335863048087605248
1335865088461459456
1335865088461459456
1335865200579264512
1335866629071097857
1335866726328672257
1335868254393311234
1335868645537239041
1335869706780045314
1335870908603355138
1335871753608957952
1335871999638265857
1335876443838943233
1335876713453072384
1335876754930507776
1335877184989229056
1335877356515418114
1335878224622964736
1335881742494920704
1335882612506722304
1335882723743780864
1335886856408485888
1335891811685048322
1335894384462557185
1335894704974512132
1335896846854742016
1335901451671855105
1335901579128369153
1335901988450660352
1335912808131645442
1335913016651522049
1335917031384739841
1335917035612741632
1335917473464348672
1335917779413680130
1335917853627752452
1335918046863474689
1335918151637168128
1335918467128545281
1335919597669605377
1335922369290928130
1335923871942250496
1335924009163055110
1335925270788771840
1335925806313304065
1335930172575371265
1335932070229577730
1335932600934756352
1335932720497610759
1335934823223885825
1335936545560268800
1335937119177478145
1335937166761840640
1335937898420424705
1335940055823618048
1335943516548071425
1335944073228611585
1335949704329191428
1335952201391337474
1335953496122642432
1335955214457733121
1335956175536283650
1335957234459832320
1335967301288382464
1335967803086569473
1335985024059858944
1335986758551400449
1335992636046499843
1335994997645082627
1335997500239597573
1336007632704970757
1336012601659101184
1336017633070567424
1336020149078388736
1336022860041687040
1336025182364962820
1336027709395382273
1336030217517715456
1336032732309114880
1336035248610529280
1336037840824586240
1336040281624481793
1336042798152253440
1336047831317016577
1336052928516386820
1336062930832351232
1336068034474151937
1336072997506052096
1336083137848348673
1336096473574850562
1336097611225333762
1336098196863537153
1336103654198165505
1336107507178119168
1336107707971997697
1336111511819886594
1336112435086835712
1336116242084581377
1336116435748175873
1336128676685963269
1336132849271853056
1336133895159304192
1336136496336699393
1336136758778458113
1336139881358086150
1336141086457131009
1336144031546392579
1336145218173714433
1336146004190478336
1336148384822951936
1336149175684091904
1336150070035509248
1336156647559815168
1336156887717298179
1336158610657660933
1336173487233200128
1336173872719097858
1336179444931694595
1336187278738092033
1336188559443673088
1336193470982221826
1336196094376562688
1336199433365549056
1336203704756736000
1336204674681094145
1336212334793003013
1336214282501910529
1336217249292509185
1336219716398956546
1336220733739945986
1336221588442632192
1336222241420242945
1336223171234525184
1336223421521281024
1336223852406468613
1336225595068350464
1336226384146939907
1336226470021066752
1336226907700936705
1336227027767083009
1336227404998569989
1336227444701872128
1336229699693867009
1336230444837171201
1336231280992612352
1336231837497085952
1336231934876286981
1336232657424805888
1336234159040237569
1336235482124972032
1336236489533870080
1336237099603820544
1336237878473527297
1336239103956967425
1336240048442765316
1336244131555913728
1336246200597540864
1336246300442968064
1336249178318659585
1336249706960154624
1336251775964213249
1336254094512558080
1336259231113154560
1336260874655260672
1336264085109760002
1336264292186800128
1336270729336160257
1336271649423859714
1336273123453198337
1336273602417631234
1336274529451012096
1336274603128233985
1336275678665175040
1336277446824349696
1336279456525193216
1336279799027798017
1336281386542481409
1336286213477519360
1336291510380216326
1336292066486153218
1336292143220969472
1336294767022338050
1336297163127627777
1336298222487220229
1336298460421582849
1336303121597747200
1336303554789691392
1336305596463640576
1336307729464393728
1336308197439676420
1336308635211689984
1336310709873856512
1336310785052561414
1336310917135355905
1336316396737712130
1336318691986685954
1336324727783137285
1336334818758410242
1336341922227470338
1336344058453585920
1336344788279431168
1336345733746761728
1336345733746761728
1336349821305700352
1336354940088938501
1336359887991955456
1336370172471488513
1336372536154603520
1336374987163242496
1336380020185419777
1336385163790606344
1336390086708002816
1336392604389261312
1336395119960973318
1336397674619105280
1336400164987293697
1336402670064644096
1336405186068303873
1336410219245686786
1336415278364848131
1336425318731563010
1336430438643068929
1336435385237450756
1336445501022105600
1336453935494615040
1336460569352818688
1336470038014902273
1336471826990428161
1336475046018076672
1336485434075975682
1336485509300776961
1336488148428197888
1336491209489969153
1336492525645754377
1336492836938678272
1336493893144072192
1336494704460894211
1336496068901539841
1336498620284035073
1336510522674401281
1336520958539128839
1336533078605324288
1336544952998752257
1336545776911011842
1336545950974636035
1336549213971222528
1336549892735422464
1336551823537160193
1336551970279096320
1336552269681070081
1336553784848261120
1336557123119943680
1336566303717531648
1336568167053680643
1336574241483837440
1336580218161655811
1336582078754779136
1336583260088909825
1336586552475078657
1336586738886537217
1336587403058790400
1336587635796529153
1336588673555447808
1336589578275209217
1336589664363266050
1336590271388110849
1336590518814273540
1336591918847782915
1336593877763989504
1336593996806680576
1336594631362977793
1336596486830829570
1336598902594662400
1336601490652352512
1336606521770336256
1336611697600176130
1336613011620913152
1336613225320706048
1336616587521118208
1336621625895227398
1336622318584360960
1336623595255078912
1336626535885754368
1336626804505915393
1336629168570683393
1336629208034934785
1336630611553873920
1336631682233987073
1336635480700407808
1336636538726227969
1336643251642626050
1336644900457082881
1336645911217246210
1336646055589507077
1336648642363420673
1336650064605790209
1336652219513335809
1336653341598707715
1336653590744592386
1336657795106525185
1336658697083265026
1336659115607642115
1336661565416697857
1336666911145414657
1336667831287496707
1336670527587405826
1336674693009481728
1336678606919979009
1336679394845151234
1336680851367751680
1336681859476963330
1336683415463030790
1336690356767707137
1336692076835041281
1336692825212108800
1336693348791275522
1336697109811261440
1336707176081940480
1336712209540509696
1336717274644930563
1336722275727536133
1336723850856443904
1336727308909105153
1336732507933454340
1336737375356116994
1336742408348868608
1336747619469627394
1336749958138126342
1336752474737270785
1336757507709132802
1336762698894372876
1336767574458167299
1336772607174172673
1336782673658998788
1336787706723102723
1336792885308567556
1336797773161615361
1336802806217531393
1336804600163094529
