1321603580311330818
1321603622002720770
1321607004666941440
1321622863670091776
1321622877351936003
1321622908343635968
1321622927377313792
1321622946406928386
1321622964756979712
1321622996075892738
1321623011817119744
1321623034227286018
1321623063289618436
1321631272272318466
1321632555905421312
1321632583533428834
1321634988593393664
1321635019987800064
1321635039042539522
1321635614450716673
1321635628078014464
1321635642535743494
1321635674345361409
1321643153460502530
1321692612718415872
1321692633308291072
1321692652224581632
1321692676991913985
1321692764916994053
1321692778938667008
1321692802242269184
1321692830134374400
1321692852439683072
1321698432524947456
1321698487453556736
1321698527043637248
1321701398480932864
1321704343213613056
1321707081569849344
1321707106714701829
1321708000894214145
1321708034691923968
1321708385021079552
1321708394173050881
1321708403396399105
1321708412527403014
1321708421662593024
1321708430776827904
1321708439920402432
1321708449030352896
1321708458161459202
1321708467296587776
1321708476444364800
1321708485588013056
1321708494861586432
1321708503959015424
1321708513064820739
1321709498403311617
1321709518561124352
1321709537049665537
1321709596101271552
1321710913599275008
1321711759930105856
1321712070329569280
1321712118803144704
1321712165238284293
1321712218623401984
1321712242707124225
1321713105848672257
1321716396099854336
1321716420359630849
1321716442560106497
1321716477117059072
1321716520477753344
1321716560185200640
1321717332826312704
1321717357987926017
1321717384101679104
1321717410450317312
1321717431283388416
1321717943194030080
1321717973669859329
1321717982482096128
1321719373741105152
1321719405227790336
1321719427688206336
1321721793602818054
1321725512776114176
1321727888882868224
1321729818434613248
1321730179224449024
1321730849264553984
1321733772971253760
1321734301109657601
1321734614369640451
1321735001080291328
1321735275400278021
1321735732457803777
1321735898216697856
1321736143134691328
1321737765994848256
1321739261733933056
1321739482253713408
1321739813591142401
1321741815612100609
1321743059160367104
1321743139871330307
1321743770405249024
1321743980590235648
1321744712588578819
1321744828317732864
1321744953513545728
1321746611307974656
1321746675942203394
1321747600513650691
1321748158544859136
1321750034044624897
1321751714878361601
1321752337799614464
1321753409377193985
1321755854052446208
1321755873983766528
1321757529995677697
1321759973685288962
1321760074516357121
1321761193695039488
1321761381801230340
1321762287556923392
1321762822741700609
1321762840706011136
1321764715329179650
1321765553564983296
1321765581671010305
1321766819565285376
1321768232550866946
1321769224021430272
1321770952187936773
1321771059096522752
1321772552495206400
1321773114393579523
1321774000117215237
1321774025341915136
1321774067507187712
1321774901603278849
1321777613468241921
1321777695152287744
1321778714552733697
1321779315630112769
1321779434182057984
1321781161170001922
1321781264748302336
1321782169631625223
1321782332769054721
1321782961205874694
1321784624071270400
1321785966303076352
1321787252456988673
1321789497558863872
1321791969434259456
1321794727793119234
1321794952217743361
1321795348575211521
1321797895939645442
1321799422439809026
1321801207099265024
1321801908986826759
1321802078029840388
1321802520969314304
1321803777641500673
1321803941919756288
1321805504696537089
1321806180369518593
1321807053405458434
1321807737567805448
1321809023080038406
1321809575583109121
1321812361683128321
1321814345605668864
1321814364521979904
1321814364521979904
1321814393198419968
1321814420784320513
1321814446302527488
1321815884810342400
1321816307004805121
1321816474495967232
1321816863387648002
1321818283872583681
1321820082847318017
1321825657672839170
1321826204861845509
1321826336256757761
1321829086453530627
1321829468118405121
1321833611159654401
1321834648641720321
1321838388383797250
1321845882464194562
1321845991897784321
1321846002119266304
1321849279040946177
1321849697615650816
1321853696645468166
1321853887150784514
1321854566116319234
1321854584197959685
1321855416234659840
1321856408984391693
1321856493751279623
1321856559484456960
1321859894396489729
1321861011436163074
1321861856529711105
1321862961984610305
1321863336338857984
1321874938656133121
1321875193262972928
1321875684755689473
1321876014188896257
1321876610858029056
1321881035567734784
1321885176755064834
1321887317422989313
1321890130190360576
1321899371227729920
1321899480476753931
1321900078005735426
1321900635164413954
1321907935174381575
1321913203866116097
1321950829574836225
1321962452557463552
1321962476750184448
1321996964771307520
1321997840097398784
1321997860561424387
1321997883130941441
1321997901439094787
1321999037910974464
1321999058429530115
1321999073457688579
1321999094823424001
1322000615459987457
1322000634372100096
1322000657197359104
1322000697756471296
1322001283084132352
1322002411851055105
1322002438153474049
1322002459456405505
1322002477173088263
1322002516129816579
1322002533792075776
1322002554243436558
1322002575235960833
1322002596857524225
1322002614687596548
1322004658404102145
1322004687730675716
1322004706387021824
1322004722065248261
1322005203395162112
1322005246055469056
1322005261096243200
1322005299931340800
1322049897248542720
1322049916538114048
1322049940584046593
1322049982040592390
1322050022062592000
1322050478830702592
1322050512498380806
1322051713151414273
1322051740049571845
1322055366839062528
1322057758120792064
1322057792585408512
1322057820464914432
1322057860419866625
1322057877893324800
1322057906943074304
1322062842145767426
1322063830579634177
1322066003354914818
1322066072481243136
1322066908947091458
1322067546632265728
1322068274796994561
1322070774157512706
1322070783468969985
1322070792696434688
1322070801965813760
1322070811130400768
1322070820299177984
1322070829455298560
1322070838657585153
1322070847805378560
1322070856923832321
1322070866138664961
1322070875278028802
1322070884409069569
1322070893644804096
1322070902939570178
1322070912053743616
1322070921222508545
1322073176751439872
1322073199987826688
1322073251682594819
1322073288928088064
1322073311610867712
1322074098349023234
1322074798638456833
1322074889021542407
1322075882039726080
1322075915250257921
1322076600930832384
1322079710457876480
1322079772810399744
1322079836433715201
1322079857837281280
1322080899660419072
1322080917310099456
1322081550385795074
1322081575824220160
1322081637535023106
1322081670367948801
1322082564245508096
1322082602803757056
1322084734894309376
1322085661764145152
1322089215660871682
1322090798586994689
1322092870069866498
1322093704933494785
1322093709501124608
1322094202822545408
1322095356054806533
1322095920872390661
1322096386809147394
1322096592090996736
1322098589255061504
1322098771539480576
1322100624960487425
1322101139832246273
1322105742414020613
1322105776048087043
1322108533182238720
1322108570083667968
1322109566037929985
1322109714818342913
1322110946270203904
1322113326051196928
1322113473820741632
1322113549200740354
1322114249192280064
1322114340565241862
1322114851028828160
1322115200523317248
1322116120904695809
1322116426799468544
1322117392441479169
1322122702145179650
1322123551210688513
1322124118192513024
1322124470363004928
1322124780292710402
1322126617385275400
1322127920077393921
1322129010093101057
1322130039656357888
1322130153921826817
1322131824009793536
1322131869530492928
1322132492871208960
1322134360389226496
1322135045419732996
1322135285447229446
1322136412368605185
1322137803971530752
1322137803971530752
1322139193196380160
1322139534621052929
1322140249083043841
1322141963181871105
1322145383947116544
1322147014856069120
1322147562455998464
1322150132578734086
1322150861754294272
1322151318237155329
1322151550039609345
1322151568859418627
1322152181928239104
1322153850816651265
1322155974891835392
1322156081360101381
1322156888369336321
1322158478060900366
1322158720009330690
1322159456050909185
1322160112232992770
1322161121520984064
1322162062349533185
1322163830210908162
1322170768134938624
1322172255045115906
1322172286347169792
1322173000045744133
1322174038253457410
1322174566060466180
1322175021230530561
1322175091862573058
1322175432897241088
1322175468603400192
1322175904366399489
1322176305077624835
1322177476701859845
1322179679323828231
1322187647725543425
1322189647351599104
1322190055360913408
1322191207628496897
1322191554958811136
1322191833783558144
1322199878643159041
1322204637638909953
1322204966824628224
1322205790879600642
1322207639649067009
1322208505030430720
1322209573848162305
1322211574124322818
1322212825251696641
1322213835240054785
1322215374398590981
1322217425178382336
1322219965265645568
1322226825003737088
1322236061649567746
1322237025832128512
1322245082079240193
1322247550385168392
1322248919858991104
1322249692957364231
1322250337407913986
1322250772923506688
1322251602561040390
1322253076321939458
1322299507682512896
1322299598170476549
1322300727478362115
1322300834428891139
1322303647150149634
1322308761801936896
1322309040597274625
1322312072940548096
1322312788753014784
1322314589459996672
1322317583845072897
1322320731502424069
1322325115993051136
1322325254027563008
1322325415009112069
1322326455741747201
1322326801163706369
1322329131636445184
1322333497529434112
1322349794447286274
1322356135224115201
1322356152492007430
1322357876640407553
1322357902934528001
1322357938724495361
1322357950191644673
1322358552581857282
1322358619061497857
1322360187089551361
1322360243486138369
1322360274461097986
1322360304462942209
1322361421225775105
1322361475214856195
1322361516033716224
1322361568059924480
1322361612548952065
1322361683466166273
1322361789116461056
1322361821957861377
1322361846272315397
1322410547221090304
1322411897854058496
1322411938903674880
1322417087323791360
1322417119506714626
1322418286483722240
1322418829612503041
1322418938752413696
1322420555526582272
1322420606709735425
1322427437758795777
1322427506838949888
1322428080561016832
1322428096281194496
1322430180086960129
1322433162719449088
1322433171892391937
1322433181040152576
1322433190183817216
1322433199314817025
1322433208462548992
1322433217610305536
1322433226774876167
1322433235939479552
1322433245083062273
1322433254276870145
1322433263445680128
1322433272593469440
1322433281732812803
1322433290897395712
1322433769534607360
1322434418624049152
1322436510206074880
1322437470370385921
1322437537965707264
1322438309604450305
1322438389732429824
1322438425824415747
1322439143721414656
1322441900926795776
1322441923655847936
1322442002835906561
1322442813573910529
1322442874886201345
1322442907723464704
1322443402693267457
1322443959684259841
1322444709768450049
1322445552156610560
1322445611187294208
1322446079644893190
1322446678088142848
1322447907505774594
1322449796389588992
1322450376281354240
1322450445491732480
1322450480354762753
1322450501380820992
1322453562656509952
1322455469647187970
1322455660144037889
1322459861146341377
1322460897240121351
1322462465045729280
1322465487524155400
1322465945915428864
1322466495167897600
1322466948161146880
1322478423311224839
1322483183431098368
1322485655751041025
1322485764811296774
1322486966936588289
1322489504809259008
1322490951793811456
1322491196900593664
1322500750585593856
1322502256122646529
1322503512153038851
1322504498900860929
1322506519116713985
1322507591143010304
1322511062353235968
1322511137871667200
1322518946394836992
1322519020340391938
1322532267806412802
1322542616421031936
1322547963307139072
1322555109012885504
1322555109012885504
1322555732361924611
1322557266399297541
1322559034076135429
1322564957624586240
1322571318307553280
1322576813919522816
1322576894240456704
1322580233573322759
1322583753999454209
1322586936565993472
1322586965368279041
1322587799883755520
1322598136225947649
1322604172651466752
1322608486337970181
1322609093832511490
1322611438972768256
1322629899576893440
1322631498281947138
1322632664625614848
1322636805376778241
1322636942811500548
1322637753507602435
1322645741794459650
1322655109344595968
1322659929476505600
1322663598066454530
1322664456405590022
1322666244353544192
1322671889559465990
1322672956858912773
1322673238024007681
1322673662919643137
1322679934373007360
1322691516402442241
1322691580701102081
1322691599390937090
1322691882569420804
1322720295652872193
1322720318113406976
1322720353836216320
1322720377878024196
1322720394672021506
1322720411809959936
1322720441547587584
1322720469783584769
1322720493221355521
1322720512905256961
1322720539673268224
1322720566810468352
1322720581930881024
1322720615380455424
1322720644224700420
1322720659810717697
1322725784256204800
1322725831664435207
1322728083779166208
1322728111876771841
1322728144042778625
1322728171553333249
1322728179476369409
1322728190658420736
1322728218646949888
1322728971402883072
1322730213965516800
1322730269045104641
1322730319477440513
1322730359419736070
1322730419968684034
1322731059134582784
1322731086271623168
1322731124523700224
1322732822931607553
1322732848185573377
1322732870637670405
1322732908273172481
1322733484515930112
1322733509157572610
1322771248754139136
1322771301703049216
1322771329054085121
1322771350398914560
1322773679894310917
1322780558494150656
1322781164827004929
1322781202152128512
1322782983791824896
1322784541614985216
1322786561818300416
1322787643269255168
1322789648763097089
1322790771863465984
1322790855011373056
1322792047426809856
1322792597929234434
1322792707669053440
1322793538913009666
1322794383943622658
1322794409126207488
1322794952057888768
1322795558524903429
1322795567664238592
1322795576849817601
1322795585997602816
1322795595162132483
1322795604305653767
1322795613466120193
1322795622617985025
1322795631774224384
1322795640972337155
1322795650162065411
1322795659355979776
1322795668478578688
1322795677647310849
1322795686769926144
1322795695926071298
1322795705149390848
1322795714284539904
1322795723444916229
1322795732617830401
1322795741778219009
1322795751014125568
1322795760170225670
1322795769343213569
1322795778495127552
1322795777144619009
1322795787722653697
1322795796882984962
1322796420840214528
1322798865154715648
1322798871416897537
1322798908926496768
1322798933689671682
1322799450738331648
1322799516526039040
1322800120715464705
1322800687206584320
1322801827855896579
1322803608891641856
1322804499677925376
1322805036632674310
1322806168805384194
1322808052060459009
1322808657730392065
1322810224516935680
1322810787736494081
1322819868182355970
1322825673707315200
1322827206230507520
1322829907035041798
1322830801197768704
1322831560979189767
1322831910427631617
1322840810593935362
1322848656475697155
1322849738597769218
1322860215025487883
1322861027491459076
1322861783477030925
1322861903874564097
1322862605464162305
1322863760776855556
1322864716235051013
1322864736560701443
1322864811424841728
1322865865826672641
1322872004450668547
1322873979972079617
1322875715281367042
1322882595235991553
1322883312692744192
1322896446639788032
1322897041324986369
1322899062883000320
1322900068433887233
1322901122395312130
1322903880263475203
1322907106987679746
1322907249556291585
1322930829446832129
1322931277473959936
1322932494568726536
1322939492077129730
1322944948191330309
1322944982102253573
1322948982776233984
1322953547948920839
1322953788852965377
1322994331515527168
1322994967871107072
1322999996820692993
1323006500596568065
1323009732219731971
1323013963341271041
1323015673841360902
1323027258278293505
1323065127701282819
1323071375293251586
1323071413780160512
1323071413780160512
1323071431941476352
1323071455760916481
1323071475994288129
1323071499838902272
1323071510769213440
1323071533070299136
1323071552561287171
1323071572769472512
1323071597939404800
1323082751336239104
1323082770382495745
1323082791236603907
1323082814829563904
1323082836266680329
1323082856005029890
1323084469738315777
1323084483839623174
1323084506228772864
1323085006940606466
1323085028390281220
1323085051295375360
1323085856886980609
1323087015102029824
1323087091497115650
1323087162389221376
1323087806072238082
1323087921633759233
1323135481618534400
1323135504401993728
1323135623067279363
1323135782610153472
1323135859584098304
1323144636261638146
1323144661272317953
1323144692394004480
1323144715232051201
1323145325180313605
1323145941420019712
1323149019368087552
1323153179920474113
1323153187822538759
1323154920380518402
1323155542064463872
1323156991607480320
1323157025174495240
1323157931974688769
1323157941105602563
1323157950211514371
1323157959363465217
1323157968460910592
1323157977667411969
1323157986811019274
1323157995975561217
1323158005144236032
1323158014275309575
1323158023456673797
1323158032554098689
1323158041659932673
1323158050803458049
1323158059942891520
1323158069174566914
1323158868260696064
1323160005483352074
1323160115063721984
1323160191089651716
1323160966792622081
1323161558952890368
1323161602124881921
1323163603730616322
1323163622860820480
1323163659984621568
1323163683774713859
1323163702724599808
1323165808261009410
1323166613403770881
1323166646610120705
1323166668294639618
1323167302171414529
1323171899854245888
1323178669964144641
1323182368719622146
1323182999828111361
1323183516448886786
1323184526810587136
1323184731991756802
1323184861121839106
1323185079296921600
1323185545829355521
1323186045693952000
1323187046123479041
1323188221682081792
1323189519944921088
1323192904886734849
1323194264919171073
1323194300822421504
1323195876140044288
1323196920261730306
1323197306326425601
1323198284043821056
1323200392545579008
1323200412275662848
1323203200984391680
1323205430424776704
1323205752752906242
1323206558696833024
1323207159845445634
1323207277164244992
1323209742987177984
1323211089270706176
1323211167846879232
1323211298616840193
1323211418636816384
1323211468532318209
1323213006394851328
1323213634835746819
1323214292116713475
1323214897140928512
1323214974395785216
1323216508907126784
1323216760514949121
1323218165313245184
1323218836720656384
1323220321076465664
1323221078966231041
1323221993626439681
1323222142390067200
1323222601209184256
1323222782772158465
1323224400452374530
1323224790690385921
1323226211422797824
1323227691051606017
1323228151288311812
1323229004552425473
1323229979598065664
1323230582210482176
1323231675925598209
1323232409551310848
1323233603451559936
1323233698007887876
1323233717570228224
1323236598289518593
1323237119113023492
1323238728547160067
1323239809582813187
1323240336492285952
1323241223205933056
1323242162243407875
1323243296144166912
1323243602340884480
1323244423296200709
1323247271010537472
1323249578192326663
1323250602504298496
1323251718302388224
1323253263689523205
1323253575385030657
1323255871175073792
1323256579798478849
1323257388007329792
1323257739632627713
1323259459699879936
1323259499482959872
1323259611860881408
1323259745403392000
1323259816542937088
1323260566740357120
1323260609698418694
1323261321492746240
1323261931558522880
1323261951330426880
1323264776433291264
1323267629432360961
1323269401941053446
1323271327566995456
1323271468386582528
1323272050790830086
1323276240741142528
1323276292159082496
1323276534967345153
1323277409093824513
1323278954338361344
1323280590242746369
1323280889497964548
1323282442078355457
1323282549624459264
1323282635372826626
1323283058364133377
1323284732063358976
1323285699718688769
1323288856737832960
1323289000036192256
1323292375112949761
1323293087226077191
1323294177833213953
1323295903298498560
1323296312431955969
1323300475228344323
1323305533873573889
1323305533873573889
1323307443410055170
1323307642908008449
1323308694982004737
1323310857397379078
1323310884429701121
1323311956040781824
1323317046059421708
1323317606930145286
1323319386653032461
1323320331642281984
1323320906257760256
1323323134808858624
1323324242805534723
1323325004902244354
1323331656795758598
1323332896841674752
1323336201777172485
1323348247881093120
1323349907604934656
1323363919142989826
1323365596868870146
1323373979625807872
1323374626265772035
1323375336587993090
1323377971944718338
1323380486866173952
1323381224136757248
1323381835540418561
1323382315666579457
1323382944476614656
1323383779260588038
1323390195165732864
1323390649551491074
1323391464844496896
1323404618563424256
1323405294857314304
1323405447739691008
1323406634379583488
1323413403382272001
1323416939692261376
1323419834693099522
1323452502344388609
1323452518735761410
1323452543230464000
1323452564281712641
1323452580077424641
1323452605033492486
1323452623798870017
1323452645324005376
1323452681667706881
1323452701888434181
1323452729877057537
1323452762689077252
1323452776635080705
1323453306426019841
1323453860913029122
1323453891153985536
1323453907436244994
1323459207245533185
1323459331334045697
1323459419586310149
1323459516248281088
1323465401938989056
1323465478011035654
1323465517932437506
1323465559460270082
1323497379060920320
1323504285880037377
1323506074587156480
1323507147628519428
1323507169149538305
1323507207053451264
1323507265907892224
1323507344270086146
1323507418010144768
1323508206895796224
1323513838264897536
1323518431975661568
1323518471108526082
1323519040007135232
1323520336260902914
1323520345450647553
1323520354619400192
1323520363783966720
1323520372881371136
1323520382016626688
1323520391147671554
1323520400261865472
1323520409388634113
1323520418557370368
1323520427721920512
1323520436852953090
1323520445954576386
1323520455085535233
1323520464262758400
1323521773124653057
1323521820616773634
1323521861712547840
1323521893052407808
1323521925482717187
1323522922204549120
1323525498069307394
1323525573851971584
1323525623436976129
1323525695071490048
1323525750096613377
1323526698789490688
1323526776002433024
1323527529794293760
1323527551420108801
1323530168703606790
1323530196658589696
1323530253575356416
1323530269144567808
1323530283904339968
1323530305492406272
1323530330582769666
1323530348316315649
1323530374010593280
1323530392314535937
1323534256841392128
1323534347304132610
1323534365998096384
1323534393210736647
1323534412580007936
1323534439390076931
1323534475159097345
1323534505186074625
1323534513474097152
1323538334510186496
1323541095880470529
1323541121113509888
1323543471530135553
1323543506074406912
1323543571501297664
1323546257709768711
1323546936016883712
1323547654933106688
1323547712076337152
1323547807597404161
1323548041299828737
1323548189941768193
1323548982551990273
1323551935555899393
1323553078092664834
1323554941970108416
1323557481474412544
1323557974560952321
1323558212055015425
1323558686250442754
1323559137687588865
1323559707768954881
1323560419005530117
1323562168055377923
1323562384217309185
1323563314274881537
1323567895469838337
1323570922796781569
1323572646123024384
1323573132372987905
1323575522589290498
1323575550728933376
1323576471328350208
1323576491096113153
1323576514986840066
1323576813101174787
1323577180069240834
1323578667038101507
1323579627395289088
1323581238695858176
1323583222022836225
1323584639399829506
1323585914254381058
1323586614069776386
1323592094561218562
1323592561542471680
1323595296014819330
1323597496803823616
1323598746828083204
1323598864566394881
1323599388887912449
1323600262980866049
1323601195135623168
1323603895025885184
1323603984507129857
1323604004337836039
1323608739509919744
1323609111750168576
1323609930113421312
1323611741197131777
1323611816874942472
1323614374918017024
1323617508256002049
1323619422372876288
1323622110279946242
1323623077998170118
1323625510648320002
1323626089227444224
1323627319551053824
1323627319551053824
1323631756772257793
1323634419832336386
1323634446940209153
1323637438716268545
1323639143872765952
1323640979476414465
1323641109436866560
1323641569245908994
1323645427485466624
1323648983160541185
1323649054144925698
1323649080988475392
1323650579709763587
1323651315587842048
1323654989093457923
1323657222367416320
1323660173962059779
1323660230211850243
1323660347341967362
1323660350781329409
1323661038496133125
1323661683705946113
1323663450338459648
1323663860486852613
1323664586323755011
1323664629214728196
1323664646050582540
1323665963221483525
1323670228593762304
1323670272600363008
1323672940689395712
1323673688391229440
1323674013290422273
1323677012167397377
1323677126042800130
1323677232930369536
1323685357267943424
1323685662223224835
1323686061504106503
1323687177826541574
1323690786098216961
1323690840208846852
1323691436135636994
1323699689758314498
1323700742394433538
1323703605216583680
1323706611949555712
1323706629750099970
1323708994070978561
1323716486796595202
1323717861962092544
1323727851473063940
1323728444971208710
1323728778846261248
1323742172710084619
1323744294876962816
1323751178258288644
1323752328953028611
1323757859658702851
1323759843858108426
1323762287539343361
1323767293478948865
1323767314009985024
1323767704638132226
1323773222958080001
1323775389232148486
1323778553746464771
1323779223534899201
1323780428059316226
1323781192760643584
1323781983059791872
1323782022846963714
1323782047031328769
1323782074604625921
1323782784100585473
1323782809127931909
1323786473775259648
1323788526857703424
1323788562131832833
1323788618863955968
1323796420634255360
1323796437415550977
1323796453127561223
1323796489282424832
1323801656870477825
1323801676378218496
1323801691993550850
1323801708477190144
1323801725090803713
1323801744816615424
1323801772742332416
1323801794473086982
1323801817881391104
1323801833505234944
1323802108374732801
1323802426537893888
1323803224344842240
1323804671165767680
1323811548268285952
1323811815080558600
1323816268248633346
1323824185295151105
1323827779868237829
1323829803804446721
1323830242390192128
1323831482541068290
1323832287918772226
1323840690829381632
1323845234678210561
1323845250415296516
1323845268605931520
1323845305142595584
1323846075791347712
1323846093516529665
1323846120976617473
1323847488374231040
1323848886516068352
1323852725071859712
1323852818894213120
1323853610460073985
1323853670627352576
1323854590886977537
1323856131664564224
1323856358773530624
1323856716086300672
1323857166638469122
1323857183017213952
1323858749006774272
1323862104684793858
1323863099221385217
1323864806617698316
1323866020961046528
1323867279856144385
1323867335372001284
1323868253547089926
1323868280709435392
1323868364981358593
1323869093125103619
1323869116634157056
1323869171587960840
1323869177594204160
1323869213380005888
1323870577820635137
1323870605914054662
1323870657269141505
1323872247640109058
1323873124446883844
1323873143174430722
1323874181319110658
1323876065677398016
1323879215025053698
1323882714282577920
1323882723430277120
1323882732607447040
1323882741771939840
1323882750919790592
1323882760071688193
1323882769227894786
1323882778396643330
1323882787812876288
1323882796969041928
1323882806112563202
1323882815247843330
1323882824387207168
1323885559337623552
1323885661259223040
1323886987330441219
1323887011774795777
1323887021203591169
1323887986690449408
1323890082043056133
1323890422142423041
1323892556573396992
1323894720347648001
1323897764011515904
1323897996954771458
1323898943177195521
1323899659660763137
1323904746797830145
1323904852146139136
1323906367674060801
1323906831413059584
1323907349770342401
1323907951703240705
1323908034897338374
1323908495184453632
1323908956616609794
1323910115418873856
1323912081343680512
1323913547835998209
1323913789079769088
1323914232375746560
1323915207513640961
1323915219480051713
1323915387793268737
1323916273588277248
1323916409307602945
1323917226160902144
1323921349228769285
1323921349228769285
1323923491985522694
1323924457321320449
1323924897144426498
1323927235246645248
1323928239262343171
1323928288348221441
1323929886340296706
1323932728031629312
1323932938166304769
1323933240571420673
1323934478365036545
1323936574334291970
1323939116585803777
1323939186475442176
1323940840373407747
1323940868487815169
1323946732338745344
1323947945646051330
1323949775155306496
1323949881166307328
1323951325332254720
1323959211349446656
1323959238989930496
1323960132657709058
1323960156904857601
1323961110081490945
1323962965410881542
1323963976963809280
1323964323149025284
1323964912796897280
1323965238304276480
1323965302099628038
1323965348278927362
1323967456117985281
1323968366927892481
1323970559328329728
1323970851239272448
1323972279055929344
1323972702869356546
1323975464822726656
1323975876858552321
1323985358577696769
1323985385500925952
1323987518291906561
1323988480825974784
1323988496747536389
1323991253290242051
1323991346600988672
1323993237791670274
1323995564971839489
1323999396397285376
1324000418364596224
1324001483705245696
1324001511320571904
1324004809066893312
1324005335884058624
1324007004613083137
1324010755755298817
1324011532594925568
1324012608832364549
1324012623856308224
1324012659440836608
1324014689253285889
1324017738113818630
1324018374028963841
1324020975025967107
1324023536017616896
1324024963872002054
1324025777877340161
1324028937492717568
1324031364216311810
1324033324151615493
1324034435994525698
1324038099278712834
1324038956258938880
1324042284384530433
1324044632108552196
1324044732717277195
1324047698165719042
1324048248835854337
1324050452850315266
1324051985482567682
1324058221699571712
1324059037709836288
1324062611441332240
1324064292111613953
1324065290594983937
1324066672026804224
1324067751493775367
1324069722388942848
1324075758944423936
1324078358611845125
1324086891612934148
1324087075805810688
1324088763396558856
1324090419949559808
1324096653851328512
1324100123438338049
1324104994119946241
1324107121303212039
1324108630518571008
1324110209556619264
1324110798982098949
1324117463680901124
