1258162104890245121
1258414801128247302
1258433922121203713
1258467097065271297
1258489772441513984
1258767596872220673
1258792935526666240
1258817974615638016
1258838130154713091
1258856698300809219
1258875611621310471
1259135983712374788
1259483846958964737
1259869378809643008
1259901780105875457
1259934574601265153
1259982070354456589
1260211630706692100
1260234787773648897
1260253986239676424
1260262840214093824
1260283372791889920
1260306950585307136
1260569002897739780
1260573439515115520
1260573781002772481
1260573790272212994
1260573813017845760
1260575029127000068
1260576423477161990
1260607906996682754
1260633759818362885
1260655772620304386
