1296219156010938368
1296460771044491264
1296468498848329728
1296484113835339777
1296506867858972677
1296529907372167168
1296532547917221888
1296536253517762564
1296548942704975873
1296567972895567873
1296795827340550144
1296803196665499649
1296809676210868226
1296915235870314497
1297202190742892547
1297238423108038663
1297242497996005376
1297242510847336448
1297277650956935170
1297504712850276352
1297504771314790401
1297529513304371200
1297534438495211522
1297535488258191367
1297543852887363585
1297546413912535041
1297549415109079042
1297593194398584833
1297607055927386112
1297639991598817281
1297893972292100103
1297910790247387136
1297939260633423873
1297949587492282368
1297997275403345921
1298000413262860290
1298014763625197570
1298264058894852099
1298271474164277249
1298301656367542278
1298343945752195072
1298344169878978568
1298362090487504896
1298602859949424641
1298616105712463872
1298625938910052354
1298633852588625922
1298645406973407232
1298662503690403842
1298668084224565248
1298670104268472328
1298671588980727809
1298673179246952452
1298674904385171456
1298676585994821633
1298679735598362624
1298680030399209473
1298704784514600960
1298727701554114560
