1296425526589095936
1296439341561061377
1296452539563626498
1296464766211424262
1296480979725541377
1296495489815379971
1296507290409996288
1296519116824686594
1296535726084022272
1296549819406786561
1296559885304377344
1296791661243228162
1296809815331811329
1296823622988959744
1296841495706828800
1296858357769396225
1296869928570703872
1296883048642994176
1296899967639007238
1296925904007041029
1297214202935947264
1297263773510774784
1297549405713600515
1297579963797864448
1297624148102045699
1297878986916343809
1297893929426313218
1297913892232925184
1297926896647385088
1297944765737115650
1297957595215540224
1297983767890583560
1298001887443267587
1298235203144560643
1298252039986782210
1298264115048116230
1298276362025934849
1298290790792388609
1298304887038660608
1298308662587424776
1298325620766773251
1298343894820757507
1298598941102145537
1298605610536259587
1298614174482866181
1298631037732478977
1298643163595378693
1298646793710960641
1298646857816645635
1298646910287384577
1298647009717559296
1298652930447466497
1298665262099697665
1298682123533131776
1298698984568041475
1298715132722200579
