1296356297718280192
1296366486529998848
1296366506750742530
1296368868802387968
1296446894332289026
1296477090393608193
1296481258080546817
1296510318894407680
1296708366526484480
1296748886040731650
1296779791752888320
1296833185976856581
1296868705796796416
1296886886607269892
1297111269292613632
1297149019739873280
1297171671309258752
1297451007421669376
1297476160570511362
1297476229021306880
1297476277553766405
1297497167758753793
1297497369316134912
1297534054263185410
1297602667188019203
1297812361244479488
1297896442166677505
1297968218649354240
1298258831537868802
1298279140920037376
1298280560348090372
1298305891448557568
1298337800555814912
1298511659447791616
1298521105033048064
1298529146511986689
1298555283556491264
1298561829644402688
1298595902375034880
1298600835639906304
1298613668461117440
1298622061431201794
1298680319873372161
1298705744540454914
