1296353324585963520
1296380704553484288
1296409802105659393
1296413168504201217
1296439595740135429
1296471549483134977
1296492944556515329
1296512398015307778
1296526918087577606
1296716324329205760
1296751145566613505
1296781691630084097
1296803238805569540
1296837731327377408
1296856087237361664
1296886537800433664
1297086857617039361
1297129387934887936
1297175189936111616
1297210170477551617
1297248673928065024
1297453523748048896
1297486490901962753
1297530782848884736
1297608796827791360
1297802548645113856
1297818870368149504
1297825977968365568
1297861713329401857
1297885792002506752
1297899462161883136
1297937349775708161
1297947025644965897
1297973953097379840
1298163954955386880
1298195793619361793
1298242975613325313
1298283501616271360
1298308155311558658
1298337347553988608
1298528675042926598
1298551256877858818
1298567253437362178
1298580449371906048
1298614423574073345
1298629786617688065
1298650820435681286
1298669033009508352
1298701245331517442
