1296387174976413702
1296403262510452737
1296414058967638017
1296425889341857794
1296430004725780481
1296441804745629701
1296457748071297026
1296473176495579136
1296483263456972800
1296490791964114945
1296534960116031490
1296695727993782272
1296709942632644608
1296717518229438464
1296731544929935360
1296741760455114752
1296754390196523008
1296774048626679808
1296828142397435905
1296828870734356481
1296829061776506882
1296829161424801792
1296829281071517697
1296829393688506371
1296829510525034496
1296829676141318144
1296830112793612289
1296830301746991104
1296830403664322560
1296830491623129090
1296830651006672897
1296830767104954368
1296830953873178627
1296831088002826245
1296831211818684418
1296831333352833035
1296831543260962817
1296831642150076416
1296831795296636929
1296831928495157248
1296832048527806464
1296832189213151233
1296832313213558784
1296833427606515713
1296833615398154240
1296833795451215877
1296833926460313602
1296834055401615360
1296834155360276485
1296834324424163329
1296834765056876550
1296835048004554754
1296854495142567936
1296913501835886594
1296942675090984960
1297029417819086848
1297079777283710976
1297166214301659150
1297166225877995521
1297424349314547712
1297458061192437761
1297467552357134337
1297496524763672576
1297498386724204544
1297506574680891392
1297527275781599235
1297671048805089285
1297840306428063745
1297841376843968513
1297841531135680513
1297841782634557440
1297842038604521472
1297842341492019210
1297842597059276803
1297842759727030279
1297842880292311042
1297842981295226886
1297843067505049600
1297843143744905216
1297843279585841154
1297843497714823168
1297843659115843584
1297843806436577280
1297843988855169024
1297844519581491205
1297844976945188864
1297845151814111233
1297845261344092160
1297845469419376641
1297845890015780864
1297846102562164736
1297846250264461313
1297846546671820802
1297846738703745024
1297847522229182464
1297848033070256128
1297848193254817792
1297848344958705664
1297851833747218432
1297898549036888064
1297948368623349767
1297954625102938119
1297957794948222976
1297970319442022402
1298109987164741633
1298110127946575872
1298184957609881600
1298186021889286144
1298186293135003648
1298186553727094784
1298187202674020352
1298187350602854400
1298188734127644672
1298190035712344068
1298190278688411649
1298191446013599745
1298191677270691840
1298192378583552000
1298192828162605057
1298193595644747777
1298194475748069383
1298194855638818818
1298203707872612352
1298203865771368448
1298204837897740288
1298209397995380738
1298212013584392194
1298226777299529730
1298227221807734784
1298229146238279683
1298229400085975041
1298229585012822016
1298229790185594880
1298230044905611264
1298231865862692869
1298232139339751426
1298232353739988993
1298232898278035457
1298233440219860992
1298267311996981249
1298276919885135874
1298280104804651008
1298285269691531267
1298286517123678213
1298287072957128709
1298289022113067008
1298289367790899201
1298290709443878918
1298290992462745600
1298292095338401798
1298292686038937601
1298294841210798081
1298295201094606848
1298295586073059328
1298295882073415680
1298296334198411266
1298298055624663041
1298298668047568899
1298305409959071745
1298311554337837056
1298317759781261316
1298320549064646656
1298328783020339204
1298333125387452419
1298338852093009926
1298344857786888192
1298351760373886977
1298355733646512130
1298362790294491141
1298365963625209856
1298369517505130497
1298377142762450946
1298383337703321607
1298383700934234114
1298397932002119687
1298406032130084880
1298406173310427144
1298593094682771457
1298617309645410305
1298631799766052864
1298664528750796801
1298669894708400129
1298675967276331008
1298685947400327168
1298693665708290048
1298708887990747137
