1308890652047036418
1308927266487971840
1308947775673909248
1308954823430029315
1308964888702836736
1308969548192849922
1309000626832105475
1309021520254169088
1309041674211987456
1309041772006436866
1309045053613117440
1309047039494324224
1309050582523670529
1309050590643838978
1309058529102368768
1309058883864924160
1309059325604827136
1309059342335967236
1309059440868495360
1309059449584340993
1309066181278662658
1309066187737886723
1309069809712353281
1309070278870421504
1309074527679401985
1309077851908562946
1309079031216779264
1309080909631631362
1309080917630226436
1309081392668532736
1309085170218209281
1309095956072333312
1309097304121540614
1309100662651850752
1309100670834925574
1309101075249668097
1309114904826310665
1309119110962384897
1309122920065773571
1309136773163950084
1309145803425021959
1309151629862608896
1309154506131877890
1309159174421581824
1309166339794202624
1309167481643241481
1309167488840724482
1309167497002844163
1309173386891980800
1309173386891980800
1309173396073316352
1309174395613728769
1309174401305374720
1309180685526073345
1309195162866692096
1309195168566796289
1309203086666117121
1309203091971997696
1309209500918849537
1309224863639375872
1309231149428871168
1309238189643554823
1309239705129508864
1309239712423374848
1309304142691627009
1309311422413680641
1309318728136392704
1309340487111700483
1309340493101166598
1309340990398853121
1309370568588681217
1309370574599151620
1309387624663207936
1309393089081958400
1309399506497105921
1309400387384877056
1309408158901841920
1309421017719136256
1309421022886551553
1309423453100011520
1309423545001431041
1309424988592713729
1309427615141441537
1309428316793745408
1309428322066022402
1309435488328060929
1309435494560722944
1309437882302562304
1309437888682102785
1309442783388737537
1309442790917459968
1309442797418590208
1309445303951474694
1309445312679784449
1309448982930903042
1309451658829672448
1309452730738515970
1309452736245587968
1309453393962954754
1309455666604634113
1309457146468134912
1309457151560048640
1309457930647998470
1309459104709128192
1309459486789251072
1309459500269797376
1309460636406099973
1309464302064005120
1309464307902459904
1309465142019661826
1309465310064381952
1309469562925199362
1309472251457277954
1309473721770479616
1309478792604205056
1309480877580341248
1309485096110563328
1309486074457014278
1309486081767661568
1309486872184356865
1309488084879388672
1309494434267123714
1309496266544431111
1309503565065383936
1309503572069855232
1309510314673700866
1309510861887664128
1309525460192169991
1309532635161534464
1309553897497788416
1309558174203088897
1309558179370422273
1309561069321334784
1309565353387646981
1309575409688690688
1309586995304251392
1309587000798789633
1309598061367156736
1309608756334919681
1309608761426735104
1309655437722054657
1309655444558761984
1309743895383691264
1309772332177657858
1309773468137713664
1309780640380846081
1309780646034698240
1309780651852267520
1309796744809476096
1309803790946557952
1309818141732610048
1309838773342015492
1309838779629199361
1309847202026512384
1309854500316876800
1309854506276929536
1309926232079753216
1309949376974921728
1309964720523243520
1309968754411859969
1310103515562258433
1310118614951895040
1310118620983246848
1310127032500662274
1310133715872309249
1310143651717107714
1310151832593809409
1310155858437746688
1310159130485612544
1310159135875371009
1310166182247292929
1310173728114786304
1310179145507155972
1310187821462765577
1310193865140236288
1310215000120676352
1310217264394768384
1310250866398519296
1310250876964012032
1310258055699787777
1310273007697293312
1310275018253721602
1310289368112705537
1310296538187354113
1310303079456100352
1310310128160182272
1310363982788616194
1310371026794983424
1310385496766308353
1310420099338104833
1310448538493489154
1310452185717587975
1310459861965049856
1310470563186442240
1310470570979373063
1310474339263737856
1310474337472839680
1310485153991458816
1310492160119189505
1310492225919426562
1310492306626228224
1310492496024211457
1310492854461050881
1310493103468486657
1310493151329738752
1310493163933642752
1310496352862789632
1310516626152812544
1310516631643193344
1310517873807294464
1310517883517034496
1310523660537442305
1310524915792003073
1310530957183610880
1310530964892741632
1310531538640080896
1310533554695294976
1310538258934185985
1310538265196339200
1310539640806367232
1310539819253145601
1310545565281705984
1310547193355411458
1310552849047154689
1310555509100097538
1310558548720594946
1310558599119343619
1310558626705154048
1310559464274251776
1310560022091366400
1310560027699109888
1310561143165841408
1310562168887103489
1310565746746023937
1310567323846078466
1310567439906861057
1310571209524875264
1310574622287360000
1310574984423563264
1310578759196524546
1310582172118474752
1310582534179151874
1310584058175340546
1310584065540517888
1310585692443963392
1310586309296226304
1310589468777172996
1310589474473086978
1310590988012916737
1310590988012916737
1310595121415503872
1310595689458675713
1310596514364796928
1310596525760720897
1310603809463267329
1310603814626418688
1310604927497113601
1310607208409780224
1310607664934723584
1310611038069493760
1310615249750577158
1310618409466343430
1310619024787517442
1310649491582676992
1310661319398309888
1310661326826401792
1310675785380802560
1310678809989935104
1310689879076945921
1310711773708709888
1310729514968780800
1310759970351112192
1310762860025241605
1310770035359588353
1310783245638754305
1310790667849744386
1310791548578050048
1310791554160762885
1310797729132503040
1310819107672006656
1310827159104102401
1310827165609422848
1310833574434623490
1310834207703273482
1310838101703446528
1310848044842192897
1310854477822464000
1310854506759024640
1310854542544777217
1310855471616552960
1310862892489609217
1310862898126708737
1310869948479107074
1310869954145656832
1310877115324051456
1310877120583757825
1310879381255057409
1310883386706276354
1310884297675476993
1310884303341936640
1310884667164295168
1310884673879379968
1310884876971921408
1310893399969591296
1310896473593319425
1310898631113715714
1310899219360886786
1310899892353601537
1310902140185923584
1310905929076883456
1310920398871998465
1310923763345747971
1310924541909233671
1310924572066304000
1310927820646789120
1310928393823825927
1310934552781692928
1310941037968478212
1310943301885980678
1310945026160168965
1310950298861568001
1310950598158712832
1310950604693479424
1310950654203092996
1310953259985784839
1310953368177827842
1310953378961391624
1310962216397606913
1310965198576955392
1310965374989598721
1310966207353417735
1310966249694924802
1310972492790464512
1310972497743851520
1310973852177125380
1310975764615946240
1310979216876412930
1310979790074073089
1310979795727990784
1310981849464922112
1310982144840396802
1310990109555093505
1311008482766721025
1311026223447851009
1311033004769251328
1311040319736045568
1311044848309288960
1311044853761847296
1311063342040064000
1311063348394426370
1311063354102837248
1311066743419224064
1311106002205302784
1311148145477214209
1311158482578616320
1311168280606830594
1311168286134992896
1311175291667197952
1311183006724272131
1311190300111581185
1311190857035526144
1311190931115139072
1311190936332845056
1311192590054756353
1311197345938243590
1311200493935292417
1311205023519399936
1311207222022672384
1311212320475893760
1311213395639762945
1311214364318470145
1311217971075796992
1311218556122681348
1311218619850862592
1311219666535186434
1311220487784001538
1311222627386699777
1311225913070084097
1311225918438780928
1311226275852214273
1311226792351424513
1311231464181321729
1311233208269193217
1311233213180731392
1311234645644718080
1311240256268595201
1311240261507325953
1311247429287591938
1311247434866065408
1311249820514836481
1311249826210705408
1311249832288292864
1311254728534155264
1311256514733187073
1311256988500856833
1311261087166332928
1311261166614740993
1311264035468275712
1311268818811928576
1311268824902111235
1311271211947552770
1311282662082977794
1311283288556756993
1311285069047361537
1311287821542535172
1311288277270441985
1311290464427888640
1311290470677450752
1311291722123673600
1311293091723214848
1311297632656973824
1311300655282225154
1311300661636595712
1311301893654708225
1311304805332127750
1311311446400217088
1311312109540528134
1311315378342043649
1311321411986784256
1311326576705822720
1311326581856505859
1311329975287468033
1311333623765692416
1311341055166603268
1311348352722694145
1311348357973946370
1311355402139783168
1311376786614226944
1311389116068540416
1311405594662690817
1311410504305315841
1311413028793970688
1311417801798606849
1311420193558597633
