1258154583739764740
1258160874734452739
1258162144325054469
1258169682781224961
1258169697171918848
1258181011311075329
1258206170801733632
1258256503808589824
1258259024858005510
1258260352703348736
1258260352703303682
1258260394063343616
1258284199863357440
1258287962774798337
1258290489285107712
1258330753932427265
1258332116020080642
1258332259138093059
1258333267134238721
1258336529014980608
1258336662632964096
1258337044780191744
1258337106516226050
1258337243762221056
1258339554681126912
1258339740518055937
1258339894776258561
1258342074908360705
1258342433588498432
1258342578686169095
1258344592900005890
1258344743509069825
1258344964246962177
1258347115933306885
1258348224664002560
1258348342960103426
1258349618594746368
1258351304562413568
1258351545139302400
1258354667123281922
1258355455153319938
1258355609226919936
1258357171441610753
1258357409539674112
1258357589496258563
1258359690406375424
1258360008342986754
1258360168468930562
1258362207039086592
1258363715474329600
1258363851000741889
1258364717539655680
1258366164457193472
1258366325979824130
1258367243739512832
1258367663736328192
1258369768731611136
1258370105236492288
1258370234630713344
1258372276464074752
1258372883140825088
1258373016309956609
1258374794288017409
1258375374158823425
1258375491783929857
1258377305463889920
1258377305463889920
1258377429137141760
1258377570975965184
1258380490098302976
1258382893631635456
1258388634568462338
1258388820308955137
1258388953444552706
1258391148567150592
1258398351520915456
1258398493967876097
1258398948483530753
1258399988436078593
1258400133697470470
1258401221448171520
1258402116105900035
1258402239061909505
1258403727792394240
1258403780103745536
1258403917890715648
1258406257054146561
1258411283331899393
1258426874482622466
1258428379285663744
1258428406812852226
1258428535280226305
1258429403450802178
1258430248552665089
1258430425011191810
1258430619694125060
1258434442881896448
1258435158669221890
1258435282929618944
1258437938800705536
1258438460035289096
1258440972284956672
1258442046035148808
1258442108618317825
1258442237563854850
1258443497385967616
1258450695130435584
1258453042850078722
1258455334752002053
1258461378819522560
1258463880302473217
1258464081339650049
1258468007862566912
1258468229288255490
1258469415261286401
1258471926651138048
1258474340384989196
1258474490968846336
1258474707935993862
1258477976963952642
1258480495987490817
1258482389921271809
1258482549308915713
1258482761360433153
1258483251443912704
1258485773336219650
1258486986668740609
1258487023175950336
1258487138640855041
1258487277237518338
1258487405285453826
1258487640749457408
1258488288438075392
1258490813102817283
1258493321716129792
1258493636188295182
1258493817302417409
1258494053945167896
1258494084106379266
1258494267301007360
1258494533165363202
1258495579765628929
1258495579732299777
1258495579711328269
1258495579707052032
1258495579686162442
1258495579681968128
1258495579681894400
1258495579677655041
1258495579673505792
1258495579665108993
1258495579656794113
1258495584903860225
1258495584887083008
1258495584882786307
1258495584874397696
1258495584870322190
1258495584861855746
1258495584861851651
1258495584857731073
1258495584857718784
1258495584857620481
1258495584853463045
1258495584849350668
1258495584849321985
1258495584832454656
1258495584824184844
1258495584811483136
1258495584798990336
1258495584794824710
1258495584786436108
1258495584782221314
1258495584778047489
1258495584773853193
1258495584765464604
1258495584748679238
1258495584740298764
1258495584731910149
1258495584723521547
1258496836693876736
1258498100978745346
1258506904633892865
1258508162115571712
1258518226683617280
1258518226675232769
1258518226645823488
1258535847168622592
1258593727133749251
1258593727133646849
1258615135461138432
1258620149084667904
1258637779917049857
1258638469565501442
1258638652256780288
1258640293928284160
1258641546502639616
1258642128483291138
1258642302781853698
1258644071859523585
1258644852687937537
1258645013782769665
1258646575418613760
1258647288278396928
1258647462824345608
1258649103086518272
1258649656571179008
1258649862809272320
1258651610999332866
1258652349419192321
1258652551479726081
1258654134842130439
1258659163871248384
1258659499222511618
1258659664012750848
1258659846389456896
1258661690260049921
1258662132125773824
1258662426167447552
1258662586259775488
1258664203109441537
1258664646577438721
1258664836843679746
1258665009577689088
1258666715602399234
1258667164883734529
1258670493709762560
1258670564111265793
1258670703995428864
1258670871738269696
1258673699508629504
1258673702159482881
1258674715339763712
1258674923922489344
1258675140424019974
1258678038675501056
1258678184603783169
1258678577165467653
1258678732786728960
1258680551877283840
1258683188844597248
1258683331161530368
1258683491551715330
1258685599554383874
1258685940953944064
1258688118061965312
1258690665439006720
1258691399861637122
1258691565721190407
1258691718410633217
1258694961740091394
1258700688776998916
1258701282166165509
1258701428639649793
1258701648123305984
1258703202670739456
1258704422504366081
1258704631166885888
1258704863996895232
1258705733580984322
1258706773508268033
1258707451358167041
1258707592253181953
1258708236997361666
1258708874871427072
1258709183391727620
1258709289881014272
1258709289881014272
1258710759682473984
1258711718718517248
1258711880744525825
1258712092540010496
1258713268052529152
1258713678985166848
1258713709188349954
1258713817590239234
1258717041835606016
1258717127038636033
1258717300435365889
1258778704492273664
1258779489108197376
1258779631978778625
1258781210211487756
1258781827441012736
1258782003228442624
1258783736646324226
1258784209986031616
1258784393033850883
1258786751268749313
1258787394670731266
1258787540540313600
1258789271223369730
1258790543469031426
1258790696695336963
1258791798505443334
1258792532386996229
1258794311052918784
1258794989955489798
1258795138844852224
1258796823227088898
1258797341127184385
1258797548824866817
1258811419690180612
1258812281447645188
1258812439539433479
1258822742968807425
1258823474841296898
1258823624787664898
1258825255684116481
1258825603601649665
1258825771822518278
1258835326363152387
1258836194961612800
1258836376260354049
1258837846275829760
1258840237196836866
1258840458324774921
1258841616468643843
1258857965592948742
1258857965584617473
1258857965571977216
1258857965567848450
1258857965563588608
1258857965563543552
1258857965550960640
1258857965546868736
1258857965546766344
1258857965530087424
1258857965530071040
1258857965504868358
1258857972417118211
1258857972417036288
1258857972404572165
1258857972387794946
1258857972383600642
1258857972379369472
1258857972375134209
1258857972375130114
1258857972371017728
1258857972371009536
1258857972362608641
1258857972358434817
1258857972358352900
1258857972354162688
1258857972354158593
1258857972349964292
1258857972345823232
1258857972345778176
1258857972345733121
1258857972337434626
1258857972333252609
1258857972320686084
1258857972312219648
1258862998996815873
1258898232786276354
1258899491501084677
1258905780432011270
1258907052170194944
1258910815366918147
1258915846644211712
1258991348188930048
1258991348176257024
1258992603334402050
1259042194255642625
1259043793808089089
1259043984057536513
1259046655275433985
1259047469595463680
1259049764663984130
1259050076829351936
1259050267854675979
1259055519597240320
1259056046200553472
1259056214975156224
1259058040185262081
1259058705552809984
1259058873924825096
1259060564195672064
1259061105646800896
1259061281472028674
1259063074931302400
1259064098454679552
1259064255158067200
1259065596794277888
1259066024017739776
1259066200585392128
1259068098910568449
1259068739884113920
1259068891994755075
1259070619741814785
1259071099498872832
1259071299927900163
1259073142342979584
1259074368610713600
1259074524294889472
1259075661244882945
1259076271121858560
1259076311588487168
1259076427665870850
1259078171049234432
1259078771388407809
1259078801939628033
1259078936748752897
1259080691196837888
1259083212032262147
1259089493178699777
1259092015826034689
1259092797778509825
1259092827834900480
1259092972152463360
1259094553870688257
1259095090594811905
1259095301194989568
1259119690300846081
1259120454050222081
1259121744914382850
1259122044995854337
1259122719578341378
1259125641183666176
1259126000681734145
1259126497320882181
1259127815594749957
1259134799035457538
1259135680522997761
1259135846739062789
1259136005304705025
1259137312849616903
1259137908101038080
1259138097855565834
1259138231385415680
1259139837334040589
1259159832583692291
1259159987412058112
1259212808203403265
1259215683264622593
1259217838436487168
1259220361343840259
1259221625762918400
1259221625750392837
1259221625746132992
1259221625737744384
1259221625733623811
1259221625725214722
1259221625721049090
1259221625720971264
1259221625712631809
1259221625712586758
1259221625700057096
1259221625700040706
1259221625687420929
1259221625683222528
1259221630292602880
1259221630208937986
1259221630204760064
1259221630204739584
1259221630200528896
1259221630196355073
1259221630196293632
1259221630192140288
1259221630183768066
1259221630183768066
1259221630171197441
1259221630171189248
1259221630171168768
1259221630171086852
1259221630166990850
1259221630162788353
1259221630162743298
1259221630158548998
1259221630158540801
1259221630154428418
1259221630146002944
1259221630145961986
1259221630141845507
1259221630120800257
1259221630116642822
1259222872280698883
1259225390364622855
1259227903562264582
1259230427807653894
1259232945098969088
1259235466710302720
1259237972437880844
1259240496955822080
1259243021633302529
1259244262203576320
1259245524626083853
1259354992768671746
1259356250099286016
1259356250065842179
1259357507547541569
1259360026440982528
1259362588829331456
1259363798089170946
1259366315699179522
1259366320006664193
1259368833376190464
1259470755370319872
1259470755361951744
1259470755357773825
1259470755353542656
1259470755345170432
1259470755345113088
1259470755315802114
1259470755315712005
1259470755307405314
1259470755303211008
1259470761062010881
1259470760982253568
1259470760978141184
1259470760961355776
1259470760961282049
1259470760952958981
1259470760948781058
1259470760948752384
1259470760931930125
1259470760927780866
1259470760923615234
1259470760923496449
1259470760919392257
1259470760915144706
1259470760906817537
1259526133709758465
1259526288345309185
1259526440367935497
1259526673554432003
1259528635779813379
1259529319422050304
1259529467095142406
1259531165414850561
1259532258500726784
1259532405037248513
1259532564311822336
1259533675458412545
1259535220203819009
1259535368887640065
1259535523191959553
1259536190707032064
1259538064801779712
1259539961210118144
1259540022010818562
1259540196057583616
1259540360159780865
1259540413955874817
1259543751397163010
1259543885132554240
1259544038618865668
1259544245414789121
1259546256617156609
1259547704088281089
1259547970439204864
1259548112554807298
1259548771760963586
1259551212124463110
1259551365849927684
1259551540165124096
1259553811456241671
1259555071337074689
1259555116622979075
1259555260634365953
1259555412812148738
1259557575475048451
1259559441176965123
1259559593396617220
1259559767858712577
1259570164523241472
1259571339146428417
1259577726777921540
1259577903601389569
1259578189506019330
1259578322092163072
1259579020376707075
1259581495053889540
1259581495045500930
1259581495041298432
1259581495037120517
1259581495037100033
1259581495016140811
1259581495016128516
1259581495003545606
1259581495003529219
1259581500246220802
1259581500166725632
1259581500162531334
1259581500162486278
1259581500162486275
1259581500158337026
1259581500158246914
1259581500154150913
1259581500145709056
1259581500145704966
1259581500141580288
1259581500137373696
1259581500137357317
1259581500133122051
1259581500133117963
1259581500133117953
1259581500133081088
1259581500129005575
1259581500112191488
1259581500103802880
1259587781787111428
1259587785910034432
1259610423948648450
1259623008358010885
1259636847485038595
1259698503741292544
1259699772530790406
1259701021166784513
1259702282230300672
1259703538264965121
1259712364464783365
1259712823292289024
1259712996785491968
1259713148027899912
1259714871488385024
1259716117725163520
1259716261237440517
1259716401058795520
1259717381829677056
1259718080097333248
1259718224352026624
1259718367549755393
1259719909485031425
1259797922029412352
1259798402356961282
1259798575648776193
1259800443745681408
1259801244559904770
1259802957748613122
1259803791962112000
1259803966042488835
1259805468823781377
1259805851814187008
1259806020190310401
1259827619790495745
1259827874229637123
1259827901689671683
1259830128915484674
1259830508768374784
1259830541567787008
1259830760967680002
1259832648014409728
1259833610716282885
1259833637886967809
1259833736176078850
1259838192028712960
1259838271879815168
1259838393820856326
1259838647744020485
1259840708657250305
1259843239055679491
1259843884508745729
1259843912191090690
1259844299237273607
1259845733487910916
1259845814404485120
1259845967865614344
1259846260653252609
1259848244462596097
1259849196779319297
1259849223639572482
1259849330032283648
1259850767009288201
1259851484306518016
1259851529777020930
1259851713122643968
1259851713122643968
1259853292265447427
1259853719862226960
1259853745279701005
1259853854298058755
1259855798840307714
1259855885498822657
1259856025076850690
1259856233558933506
1259858322934632451
1259858857322524672
1259858914906161154
1259859028018151426
1259860847645667330
1259861253675192321
1259861283102490625
1259861433615073288
1259863351582240768
1259886000664444929
1259888519687872529
1259888635593269248
1259888791705325569
1259888936505298945
1259889124607221761
1259891050702872580
1259892696929521664
1259892901737365508
1259893071640170498
1259893555490848768
1259893661187428352
1259893837704704003
1259894000057815040
1259896067002425345
1259896458456764427
1259896637599682560
1259896794672238592
1259898578908086272
1259898928155308032
1259899083499753473
1259899244447707136
1259901097268981767
1259901148909142016
1259901306627555328
1259901485929893892
1259903612114911232
1259904747546558464
1259904912231710720
1259905074127613953
1259906127673909248
1259913679476310016
1259913892865675264
1259914056833564673
1259914214396887045
1259916202576658432
1259916282696212482
1259916514746142722
1259916705670799360
1259918704168579073
1259918896380993538
1259919075876245504
1259919264271814658
1259921227663257600
1259921298202951681
1259921467577434114
1259921612272480257
1259923752118345739
1259924025628938240
1259924190611877893
1259924344609763328
1259926260681256962
1259927003488272384
1259927146392420354
1259927308040900609
1259928778098323458
1259929129618747399
1259929292210929667
1259931301899112452
1259931695110918145
1259931858005090311
1259932019594797057
1259933820691808258
1259933909560823809
1259934085448962050
1259934248888401922
1259936325169487874
1259936406262161414
1259936555822612480
1259936759795920896
1259941360750264321
1259941503478239232
1259941675511746562
1259941853123788800
1259943873637421062
1259943873616502786
1259943873616502784
1259943873616453633
1259943873608114181
1259943873608065024
1259943873595559937
1259943873595478019
1259943873587093504
1259943873582895110
1259943873578774528
1259943873574510594
1259943873574506498
1259943873570320385
1259943873566183427
1259943873566162946
1259943873545228289
1259943873536823297
1259943873536802817
1259943873499017222
1259943880335568897
1259943880256032769
1259943880247644161
1259943880235069440
1259943880226738176
1259943880222539776
1259943880218349571
1259943880218329088
1259943880218288129
1259943880218288128
1259943880218247168
1259943880209960964
1259943880209948672
1259943880201588738
1259943880201560065
1259943880197394433
1259943880197357575
1259943880193191936
1259943880193183747
1259943880193163265
1259943880193126400
1259943880188887040
1259943880180535302
1259943880176414721
1259943880176394241
1259943880176349188
1259943880172154880
1259943880163803138
1259943879589220366
1259946390760886272
1259946390748356608
1259946399887753225
1259947646191652864
1259951422457761792
1259957717936025602
1259974071619653633
1259979104918659073
1259980367144136704
1259982883458080768
1260035728089640961
1260052085812404224
1260065928357822464
1260065928349351938
1260065932791222273
1260068441664425985
1260074746772938752
1260074753869656064
1260170869575495680
1260171080427282433
1260255943050305537
1260256576343957504
1260256746494361601
1260258445464305666
1260258686146142209
1260258840769167360
1260260966501093380
1260262294728163328
1260262431529611266
1260264745527136258
1260266418634928128
1260266579289411591
1260268518576136195
1260273347339915264
1260273528835899395
1260274304794660869
1260275813406126080
1260275997167046656
1260278583001526277
1260281212268142597
1260281351036702722
1260283616778649601
1260283762698567682
1260283930076471298
1260286141963603971
1260286526971314179
1260286688007421953
1260288655828176896
1260288655828176896
1260288661670805504
1260289154379927552
1260289308377911297
1260291161480138754
1260292428029923328
1260292582514601991
1260293685041934337
1260294192431071236
1260294338220830725
1260296205378207749
1260297937290235907
1260298089090420741
1260298727861993480
1260299497575526410
1260299659374931970
1260301240489185281
1260301258201628673
1260301403437891588
1260303754005528580
1260304146491678722
1260304301399977988
1260306258709618690
1260306819769151490
1260307016515493888
1260308782174867462
1260308779498737664
1260308779448631298
1260308779444457479
1260308779444383746
1260308779419209729
1260308779419172864
1260308779410784263
1260308779406680069
1260308779406635010
1260308779402514432
1260308779394043907
1260308779389931522
1260308779389894656
1260308779381534725
1260308779381506051
1260308779373137920
1260308779368931331
1260308787082256384
1260308787061297162
1260308787048710148
1260308787040223232
1260308787036065793
1260308787036065792
1260308787036028930
1260308787031932930
1260308787027759104
1260308787027730433
1260308787015098368
1260308787010961413
1260308787010904066
1260308787010904064
1260308787002593282
1260308787002593281
1260308787002585088
1260308787002576897
1260308786998317058
1260308786998280193
1260308786994167808
1260308786985738244
1260308786985697282
1260308786981605377
1260308786977411072
1260308786977349634
1260308786973159427
1260308786952241153
1260308786952142849
1260311293334032384
1260311304369250306
1260312556041834502
1260313812160446464
1260313825674485768
1260317587159879685
1260320102983110658
1260321369214025728
1260323876850085889
1260325148651126791
1260414474722385920
1260425796923133952
1260427056506167303
1260427056501882882
1260427063066066947
1260428327241887745
1260429571968679937
1260439651346776067
1260440472394313733
1260440627893895168
1260440774665216000
1260442169699192833
1260442546536415233
1260442745279262720
1260442891819810818
1260444683135864834
1260444947624361987
1260445065547337728
1260445184954957830
1260447199571447810
1260447944614064130
1260448119080312832
1260465820884447232
1260466129010638848
1260555420088913922
1260668648513048576
1260668648508870660
1260668648500363265
1260668648475287554
1260668648475234309
1260668648471113736
1260668648466907152
1260668648466849802
1260668648466808834
1260668648462655497
1260668648462614528
1260668648458510336
1260668648458465282
1260668648458461186
1260668648450142208
1260668648445935622
1260668648437547013
1260668648399736833
1260668663553757194
1260668663226609667
1260668663226605568
1260668663222415362
1260668663218257920
1260668663205703681
1260668663205638149
1260668663201509377
1260668663197315072
1260668663188815873
1260668663184732161
1260668663180546051
1260668663180546050
1260668663180525569
1260668663180517382
1260668663176323075
1260668663172075520
1260668663167889412
1260668663167889410
1260668663163752448
1260668663163740163
1260668663163731968
1260668663151165446
1260668663146872843
1260668663126003713
1260669905982165001
1260669905973792770
1260676206728564738
1260676273254383616
1260676417341272064
1260676546991439878
1260678711575265283
1260682491897266178
1260682498503323652
1260683765631901697
1260687524806221831
1260688778978525184
