1311425589211881472
1311429364504879104
1311432698859323393
1311436913853726722
1311438172103086080
1311438898548146176
1311440693924188161
1311440692242046976
1311444463474991104
1311444463412105217
1311448239262949376
1311452013654405121
1311454959074979840
1311455790117470208
1311459563120467968
1311463338400915456
1311467804525318144
1311470887846121474
1311485988238053378
1311631783348314114
1311638266404311040
1311641198910734336
1311643367416176641
1311650602087329793
1311651314938589186
1311678005371174917
1311686557066301443
1311689831873904640
1311693605661220864
1311701155655942145
1311708704778018822
1311722823208108034
1311727579859169280
1311735130403172354
1311736053066338305
1311736051497566208
1311736058388905985
1311736060746006534
1311736066118909952
1311736064520974343
1311736070145540096
1311736067733835776
1311736074901872640
1311736073152860168
1311736079368814599
1311736077829496833
1311736076348919810
1311736080740343818
1311738332309749761
1311744520120303618
1311744583886352386
1311746195203788801
1311746453727899648
1311748181898731521
1311751035178881026
1311751040212045827
1311757557879508992
1311761553037783043
1311763474272448513
1311763530119622656
1311763809955123200
1311763976011878400
1311764083654438913
1311764827640147969
1311764829766643714
1311765327714217984
1311769133869080576
1311772907228598273
1311781197706559490
1311791835317186563
1311799322321747968
1311804719363502081
1311804717761208320
1311804716066787334
1311804722651824128
1311804721133387782
1311804725843681286
1311804724316962821
1311806868835184646
1311813517440409601
1311820192822026242
1311821951028137984
1311825474054619136
1311829500632559616
1311830831476989955
1311837050430136322
1311839191039381504
1311839221938892803
1311840826360647680
1311848377513136135
1311998605889335297
1312009091091501058
1312029996798664705
1312037119498489856
1312044680754933762
1312054729816576000
1312057222768320512
1312061027182235649
1312062787959488512
1312066059604643840
1312067318587944961
1312068072929480711
1312092611444903939
1312096418874695680
1312097786096234500
1312097951645339650
1312097988517351424
1312098008041807872
1312098454101925889
1312099103279509504
1312101022941151237
1312101291557093388
1312108841304092673
1312114175896739842
1312114175896739842
1312122887759777793
1312125147185205248
1312136515573608448
1312143809526947841
1312145331841232896
1312148399861366784
1312149861614211073
1312156266303639553
1312156289053589505
1312156486659792896
1312168987673849857
1312176789108731904
1312185175581753346
1312188114417446913
1312191888443666434
1312195665594851329
1312199438622916609
1312225863828533249
1312346659888738306
1312387892648574976
1312390698688303107
1312393267091255296
1312399753813123072
1312407059053199360
1312423630605819904
1312429095872065543
1312433480542949383
1312452360044720129
1312459904406319106
1312474411979534337
1312493598768734208
1312495100618928129
1312501428078825473
1312514461857574912
1312516340880568321
1312724900914888711
1312727417195171840
1312731173399920640
1312739245870678018
1312746659953160193
1312750570000863232
1312754350402547715
1312770487248924677
1312773219288600578
1312782200660779008
1312799645307817989
1312812339884851201
1312814744173240320
1312826375552851971
1312845914021781506
1312848716555051008
1312854256886648832
1312867591220756480
1312873040523345920
1312890241267630081
1313079071610490881
1313086535806324742
1313093921816350725
1313096825658847233
1313099677714321408
1313104737294745603
1313105415878647808
1313112957958709248
1313120507575758848
1313128057276968960
1313136275080335361
1313141011720425474
1313156014502563841
1313162032460505088
1313168116155899905
1313178384751566850
1313186039557689350
1313190443417579523
1313199780382879751
1313204772472860675
1313211230497144836
1313212697396285441
1313215261831573506
1313219788454400002
1313220456607027210
1313221925787766784
1313229038824103942
1313229815638626311
1313234990411534336
1313237308645216259
1313239809461288960
1313249320196616192
1313256402941628416
1313261682249129985
1313261707863695360
1313261779766710290
1313261832786804736
1313261857159946241
1313261903528034305
1313261980405379077
1313262006636478464
1313262049636618241
1313262177508360192
1313263952638423049
1313267728959107080
1313271502775685120
1313275896539885568
1313279052065710086
1313445726299529220
1313448921457291265
1313466090819903489
1313471295506571266
1313474027273555968
1313479122283184128
1313485377399853063
1313488193317146626
1313495485647380481
1313497558497591299
1313501771105353728
1313502586809483264
1313507863415926784
1313511035219910656
1313525264564006912
1313528008523866118
1313547235745988609
1313550843493351425
1313554640982679552
1313556624909512704
1313573240795811845
1313582682450862083
1313597519004348418
1313599502880772103
1313599917235924992
1313602684725858304
1313604949599686656
1313607467171946496
1313611241047302144
1313615017938317312
1313618790689562626
1313626178125795328
1313626340491370497
1313633890150559746
1313641439927074817
1313645214800785408
1313648989871497217
1313652764782678016
1313656539673178114
1313806952892424193
1313819667736264712
1313826415305871367
1313837733605851137
1313841514569781251
1313851047820120069
1313856610423328768
1313857667568463872
1313862710891810816
1313867013559853056
1313873279518756864
1313876117598633984
1313879257064501249
1313880563959431170
1313887272073400325
1313887406911819778
1313889323398307842
1313892091668443137
1313903483297431554
1313909901744394245
1313927072469774336
1313931601940803586
1313935628527169537
1313936764160159744
1313936762897563659
1313936761635188736
1313936768136339457
1313936766777335815
1313936765380591616
1313936771999322112
1313936769860206592
1313936776260714503
1313936774964670465
1313936773676924930
1313936779347714050
1313936777586126849
1313937641742782465
1313940410100666368
1313943429810774017
1313945946443534336
1313948463567179776
1313955576762830849
