1311433248325734401
1311444492847910912
1311448491613392896
1311449362988503041
1311449367157436417
1311449371670708224
1311449378167681025
1311449377081356288
1311449375453974528
1311449742753386507
1311451433418588161
1311451431715602432
1311451436757200896
1311451435096313857
1311451439974223872
1311451438527262722
1311463565551972352
1311622355685388288
1311637299734736897
1311650500497022977
1311652236997599232
1311667307954008064
1311674897865768967
1311689831924330496
1311713227420643330
1311722558069366784
1311735337807421441
1311750502615482372
1311757798926032896
1311760330393935873
1311762166345801758
1311763973566496768
1311764188210040840
1311765220600229889
1311765512402227201
1311771940235943937
1311780703009484800
1311795668445429760
1311810821731778560
1311818548860391430
1311819782791069696
1311825917321326593
1311825921033359366
1311825925609328642
1311825929354829824
1311825931921752067
1311825930797690880
1311826010187366402
1311984465309294592
1311999530443968512
1312014470613405698
1312014627790827520
1312037220962967553
1312052219039019015
1312067552596684801
1312087339481665537
1312103286002991104
1312104762515439616
1312107752626376704
1312111497561088000
1312112231643901953
1312112866799939585
1312115801915183104
1312115809326526466
1312128003552337920
1312142815246405632
1312150367438737408
1312153907552894976
1312153905870954497
1312153904230985728
1312153911000588289
1312153909264183296
1312153916293832704
1312153914590949376
1312153912627978240
1312153918055485441
1312156492393443329
1312157998702161920
1312173205344325633
1312176055491256320
1312176077486223361
1312188222181498883
1312204657293369344
1312354351906684929
1312369578320760839
1312379298578419712
1312382134250696704
1312391862800592899
1312392008279842817
1312392110499389442
1312393774304317445
1312414607642746882
1312414807736360969
1312429772463579137
1312444876374462465
1312467509656735744
1312490163134627840
1312494714357071872
1312512849210601473
1312535662462083073
1312716813495566336
1312731883701252096
1312754457197842433
1312776993918849029
1312784636511162369
1312799727004585984
1312814898473308174
1312822422333259776
1312830170559123458
1312845011524952070
1312860138391339008
1312869056584847361
1312875486176055298
1312897864134164480
1313071631464570892
1313086812211105792
1313101921557843972
1313115195024314375
1313139382753390592
1313139567374012416
1313154613319794689
1313158477792055299
1313158485287358465
1313169723769655297
1313177065596878848
1313184932638924800
1313207404486631428
1313222431394283521
1313233944343609345
1313240958683828229
1313247824444882950
1313250812941004800
1313270400084840449
1313275410189254656
1313434034987511809
1313449009030328320
1313464303845027840
1313479371257196545
1313498569991753728
1313501769675218947
1313524500328312835
1313529121629261824
1313539525055057920
1313559867303616515
1313569498587377664
1313569987936870401
1313571262208196608
1313574120546865152
1313576178813464576
1313582597436567565
1313587465849131009
1313597034528677888
1313599919278690306
1313608360453984257
1313609642665226246
1313619707124211712
1313619710919888896
1313619712891379714
1313622826184855552
1313637718933549056
1313796467543470080
1313811433566728193
1313818861091790848
1313826528938131457
1313831487817625601
1313841624170950656
1313851082909650947
1313864159260360704
1313871393197613058
1313876416157622273
1313887599480778753
1313896600096342023
1313915778077515778
1313924604088516609
1313939811519148034
1313948420277755911
