1311621889652068355
1311636986604781568
1311657395362435072
1311671436508114944
1311671612677160963
1311671735327088640
1311671870039699458
1311686036708372482
1311686041191972866
1311686039845646341
1311686617648824320
1311703419913007110
1311712481580994562
1311721643526553606
1311727586695950337
1311744756226183171
1311759989732765696
1311781974445568003
1311805713283510277
1311814754135150595
1311984823687356416
1311999370842255360
1312015286334361602
1312036644820836352
1312053201571647493
1312058701596028929
1312074871103340546
1312089971231137792
1312122934232838145
1312160542040055809
1312376862157475843
1312376861666799618
1312497655025602561
1312527852160446464
1312731697717207042
1312746107894722561
1312799645693689857
1312860043755347976
1312890244052598785
1313071536715243526
1313086535764332544
1313116992325464073
1313123070727655430
1313124698218209280
1313143122029875202
1313151765341179904
1313164686649589766
1313177135176187904
1313219725032337408
1313241960665223168
1313449157181485058
1313465170820296706
1313481777235845121
1313481889634811911
1313527697889427461
1313539523511496706
1313572873152466944
1313586410407038978
1313613501680803841
1313639596194963457
1313811309641699329
1313839895337742336
1313847645119672320
1313848892140802050
1313858556307931137
1313871097968971779
1313937638517342208
1313957726121271301
