1288595657356218368
1288610756653649920
1288625352500183042
1288640456100782080
1288655553481314304
1288670654582194177
1288685752012824576
1288700850093858816
1288712911314202624
1288717224056889344
1288717398619684864
1288723478120628225
1288727009854726147
1288729494442868737
1288732698362744832
1288733184738439168
1288733412803653632
1288735161396469762
1288736813939666944
1288736819174047744
1288739448021225472
1288740404872056832
1288741230197776389
1288744664024129537
1288746537682640897
1288747872050130944
1288749492129468416
1288751328697757701
1288755048852402176
1288755582195900417
1288756202357297152
1288757510627831809
1288759165519892481
1288761263498108930
1288763495140524033
1288768185794273280
1288772142021193728
1288776322064568321
1288776456093470720
1288781039255670788
1288784247092842501
1288784316118503424
1288787025911517185
1288792429714448384
1288793255518363649
1288795946264997888
1288796360896966656
1288801568809197569
1288804904828653568
1288807556857593857
1288809130027876352
1288809155663466496
1288809253134884864
1288813177908727808
1288817645647728640
1288820501213786113
1288820879464501249
1288823854979325955
1288825219654856705
1288827509442859008
1288827644373499907
1288830413947965440
1288831375257133056
1288836478836105217
1288836862723993617
1288836997629521920
1288840520803004417
1288842846011883520
1288844298050445312
1288847659286102016
1288848070868779015
1288852097136386049
1288852564071587842
1288853019954683907
1288853019954683907
1288855620704071680
1288856194073985031
1288859397096189955
1288860385219694596
1288860895909642240
1288863169763520513
1288868203343630337
1288870720139718657
1288873991122423811
1288874494627418114
1288876629704441861
1288878269551583240
1288882547888476164
1288885819122388993
1288889594314981393
1288890984638689281
1288892728097624064
1288893368626339840
1288897647076507650
1288897855437049864
1288900918369497089
1288904694979538944
1288905532145840129
1288907931312959488
1288908468167028737
1288910073704718336
1288912746713669634
1288916018052530177
1288919794222133248
1288920003639746564
1288923567678091266
1288927046551457792
1288928872424247296
1288929192181149696
1288932273816064009
1288934145448697856
1288934313061494785
1288936860555894784
1288937002092593153
1288937314857684997
1288940613979774976
1288940718866804740
1288941670965420032
1288950690207997959
1288956887644372994
1288972766708936704
1288987742257295362
1289002842167140353
1289017942907133952
1289033039071281152
1289048140323012608
1289063239788244992
1289078456349790211
1289081877958189056
1289084747772317697
1289085074462380032
1289088742951661568
1289089015711502336
1289092246667702272
1289094624578019328
1289095562726387714
1289101092878536704
1289105640812613633
1289108702855868416
1289110519262130176
1289113820984750081
1289117818458378241
1289122575499636737
1289127266811809792
1289128402620997633
1289131228415905792
1289135842171199490
1289139111782232064
1289144456898392065
1289148735759450115
1289154354633572352
1289158542356877313
1289160913203888128
1289165777216577538
1289168732967837701
1289169982769725441
1289173219765673985
1289179384855662592
1289183118189002753
1289185193471832064
1289188963677138944
1289189016173043713
1289189181886013440
1289193321638907904
1289195590153199617
1289197382069084160
1289200995663097857
1289204370710712321
1289204478730596352
1289208468373741573
1289212013764202496
1289218051775164423
1289226690976075776
1289232956859379713
1289240016867139586
1289244227109519361
1289251918787891200
1289253391500271616
1289253710498082817
1289253887656865792
1289255460529307648
1289259716560863232
1289264186724245504
1289269647146188801
1289274825370775553
1289282584480845824
1289291421246087168
1289296348160782336
1289302921650176000
1289309671183065089
1289314052074684417
1289322261623656448
1289335029206745088
1289350130852941825
1289365229089034245
1289380330500026370
1289395426819334145
1289410526347276292
1289425626701500418
1289444394165141504
1289449605369716736
1289456490017894400
1289459963983564801
1289464566615691266
1289468298191495169
1289472815603658754
1289472882620366848
1289478131280035840
1289481129611931649
1289484338418065408
1289487920500367360
1289491851691675648
1289492406836969473
1289493795969458176
1289495661184823296
1289499890158952448
1289503298551263233
1289508032490217472
1289513995326517248
1289515514708897795
1289518246551408641
1289518422527823872
1289521750905102336
1289521848749760512
1289525860899332097
1289529398907949056
1289531609834590209
1289533593606221824
1289534997775384577
1289538395539210240
1289541512330530822
1289541563895422976
1289541820943224834
1289545113903874050
1289550183513100288
1289554204579643392
1289557568730230785
1289560809815801856
1289565308378734592
1289569552959864835
1289570647048298496
1289572727364362242
1289576686124584960
1289579270742908934
1289585217833820164
1289590746073440257
1289594141001670658
1289599831292276736
1289603808759341056
1289607129477914624
1289608310677581824
1289608716442951680
1289615000269537280
1289619461360640006
1289619786196901892
1289619974785503232
1289621441155981314
1289622523689107456
1289624313885151237
1289629226274971648
1289634749451927553
1289643042287136769
1289648124412141570
1289653870797307904
1289653961876627457
1289656398482046979
1289657621683699712
1289662225234268160
1289669940815880192
1289674804400988161
1289678946460549121
1289679085417844738
1289683294095732738
1289698675124588546
1289698675124588546
1289713774954295298
1289728874356514817
1289743973595004928
1289759073139818502
1289774172617478146
1289789272191569920
1289806289996922880
1289809479987531776
1289813200477646849
1289818750615613440
1289823263007285249
1289827120215138304
1289828695293779968
1289831183912538113
1289834944689082371
1289840134318206976
1289843618375561216
1289848055194296321
1289850525677223936
1289853067492352000
1289857135573164032
1289861999388581889
1289862325936295941
1289863086707486720
1289865463116095493
1289866291910762497
1289871276098457600
1289877267330420736
1289881807811272704
1289885322646454273
1289888853935796231
1289893102258237441
1289894192819376128
1289897849161830400
1289902690760302593
1289908170236731392
1289908206227951616
1289912718024032258
1289912880343552001
1289916405010268160
1289921109794492418
1289921770313547776
1289924897934700549
1289925307810451456
1289930720396288000
1289934061973245952
1289937736116232193
1289938415538941957
1289943066862788609
1289946911365971969
1289948991442915330
1289954275792048133
1289960998523215872
1289962261369552898
1289965913379241986
1289970383517446145
1289972241199968257
1289976024458043397
1289982317356822528
1289988514193367043
1289992550741245954
1289997575291109377
1290002251591778310
1290004625483939843
1290010990122135552
1290015731174662145
1290019492693553153
1290024320975032320
1290028279831781378
1290031702803283969
1290036932324384768
1290038353253953536
1290044706601218050
1290059804577169408
1290074907196428289
1290090006393094146
1290105102930501632
1290120204916158465
1290135302967705600
1290150404173344771
1290162878218035203
1290167249282580483
1290170820451397632
1290175672753643520
1290180151293014016
1290183348736819202
1290188327686037509
1290191925287346176
1290193858844712962
1290196958469132288
1290199474875375616
1290202838266605570
1290203249975480320
1290206370944495616
1290208053443194882
1290210908124270593
1290211976992317442
1290212920534556672
1290216081986957313
1290216325499875328
1290221183170826241
1290226350356193281
1290228090048671744
1290229360931123201
1290234039287205888
1290239814520827906
1290244377151823874
1290248878021840902
1290252180042080257
1290257000002195456
1290257489754124293
1290258322298417152
1290261582656573443
1290261629574115328
1290266037405941760
1290271083828977664
1290271212275286021
1290272942484418560
1290275478289420288
1290277084913336322
1290281662371135489
1290282691061940224
1290286021767135235
1290289005238669312
1290290027763601408
1290294307413323776
1290294470945017858
1290297999059554307
1290302632758661124
1290307686349729793
1290311996525522945
1290316853051564040
1290321447555080192
1290324121151250438
1290326667890765826
1290331155846377472
1290336568671121411
1290337703486251008
1290341679921344512
1290345814963953669
1290349923855212544
1290353707171876867
1290358530902503429
1290360657439854594
1290362645619658752
1290367549096558592
1290371706645880832
1290376951430094848
1290381967293325312
1290387716086083584
1290391377407344641
1290396370961141762
1290399931954614273
1290407095926435840
1290422195370561541
1290437291832295424
1290439670246133767
1290452392996229123
1290460192967020545
1290467492201201664
1290475041268707329
1290482590449692672
1290491146909519872
1290497690497961984
1290506498104164352
1290512789534937088
1290520339013804033
1290528140603854848
1290531663869444097
1290535708902424576
1290537455880253440
1290542196236652544
1290542259520372736
1290544771103162368
1290545060841431040
1290546828602232832
1290552162402041861
1290552850809061380
1290555179251707904
1290556066749710336
1290557230169894912
1290557275527143425
1290557575621226496
1290560703624028160
1290564481626628103
1290566210707501056
1290571474156298240
1290572082015809537
1290573678032359424
1290575734583500801
1290577312329728000
1290577598494507008
1290585621455609856
1290586655322243077
1290587319146250240
1290587373760389124
1290588387360026625
1290590183793074178
1290595600317153281
1290595600317153281
1290596140837216267
1290597152402681856
1290598484140318721
1290604224317923328
1290605782120243202
1290609660924497921
1290612988366520320
1290614547242455043
1290614829502341121
1290614861085528066
1290615637493022720
1290620694854807562
1290621994954903553
1290624562745532419
1290630000299978754
1290631717389303808
1290633980870627328
1290639667017261057
1290643393564024833
1290646560230051840
1290649367024631809
1290653043898408967
1290655954447601666
1290662578427920384
1290663239873892355
1290669040239882240
1290672484207951873
1290674314874888198
1290676678918905857
1290679973083316225
1290681820611252235
1290686279148089344
1290688817561849859
1290694095762075648
1290696716468080640
1290700281492144128
1290701582586327041
1290702256036356097
1290709237203689472
1290713718490308609
1290718381600120833
1290721210402254856
1290722439958278144
1290725277895733249
1290728963820716033
1290731952706904086
1290733958016139265
1290742776997519367
1290745579182710786
1290746540592640002
1290753618937815040
1290765031077011458
1290769984403189760
1290785083817852934
1290800183287189505
1290811483681697794
1290815282907209728
1290822328931291136
1290830382334525440
1290837428455038976
1290845481980047361
1290853283192549379
1290860581222780928
1290866753044701184
1290875680637497344
1290879599497314304
1290890528565821440
1290892012099719168
1290894052150267904
1290897826688442370
1290902216157601792
1290907151570018304
1290911105431359488
1290915682243227648
1290916665002205185
1290917758130167808
1290918669267107840
1290919431753928706
1290921439126786048
1290923682139910145
1290923986109571073
1290924251000651776
1290926673098088448
1290928026432094208
1290928496374624257
1290931800261431296
1290932284447752193
1290932754268459008
1290936833929445376
1290939350113542145
1290943124924063744
1290946874397134848
1290946900221480960
1290951178411540480
1290954449611943939
1290957482546933760
1290957565807951873
1290961570864996352
1290965678909001728
1290966195781369856
1290971434471301120
1290974612210278400
1290976344533336064
1290979609148874752
1290980578758664193
1290986087003893760
1290987188809871365
1290989969167847425
1290991596922707968
1290992102806085634
1290995909350875136
1290997851359711233
1291000328469590016
1291004930988400640
1291008115090087936
1291009144602996736
1291010040086900739
1291011154622513152
1291012898786021376
1291018731695550470
1291023571402264582
1291029319976996864
1291030520042856448
1291034591847907330
1291035934469783554
1291038297716916224
1291044261434195974
1291044411581882368
1291048162917076993
1291048936132743169
1291049523066867713
1291050981304807425
1291056929222033409
1291057717369622534
1291058014154260484
1291060326851588096
1291060691017830400
1291060880923414532
1291064362753564672
1291066963192668160
1291068607951241223
1291070231994146817
1291073397452046336
1291074575544000513
1291075580687941640
1291075790948511745
1291079474147201024
1291085225053822976
1291086204499369985
1291090405954588674
1291093227211235328
1291093510419034112
1291099010426642433
1291101903192051718
1291105293661868044
1291109269971120130
1291116294037741574
1291120595560804353
1291124921498767360
1291127518863536130
1291131870579535872
