1313962511855742976
1313964886351900682
1313968478928465921
1313972758087372800
1313973877522001921
1313980618678640640
1313980618678640640
1313985281574526979
1313992866683854849
1313995030043004930
1313998686184185861
1314011065794138113
1314023186602881025
1314024794485067779
1314025777965535232
1314028970413883398
1314039084621406209
1314039776090128385
1314051741009281024
1314053116917174273
1314055535268855808
1314056166473957377
1314057796435013633
1314062285904674816
1314065698759544834
1314067826370662401
1314068075671703552
1314084050294976513
1314085659766935552
1314085676246355968
1314086623349485568
1314090774640893953
1314090819545071616
1314090911056494592
1314092159948255232
1314093807445651457
1314095179817603073
1314096807559995392
1314098200932945920
1314098751145938945
1314099022693572609
1314101722885681153
1314102788411056133
1314105246046617600
1314105942129209347
1314106206949179393
1314107156166213633
1314108166834135040
1314109420440358913
1314109480620171266
1314111760639627264
1314112340728655872
1314112795886059521
1314114240832307200
1314116822413832192
1314118227409203201
1314118651436503041
1314120345616490496
1314122483407216640
1314122505104379904
1314124372261568512
1314126681557340160
1314126695989997570
1314127895359557634
1314129562276696065
1314130109977292803
1314131925880041474
1314133182179160064
1314133217264504832
1314134525237227523
1314134534619791360
1314135445303894019
1314135697222180864
1314137709963689985
1314138045432635392
1314139430312128513
1314139471726608386
1314140325330464768
1314141591418929152
1314142834941931521
1314142994803519490
1314143719684177922
1314144983541141505
1314146384174608384
1314146936124051457
1314147021473759232
1314147392854331392
1314150544571797506
1314150903088377856
1314151161814036480
1314154571246309376
1314157867059032064
1314157886369656832
1314157905625714689
1314157926773387265
1314158094297882629
1314158282248990720
1314158423085285377
1314158731605794816
1314159109005103105
1314159937333997574
1314159952668372994
1314160588256432128
1314160972223873024
1314161139048230912
1314162067801346048
1314162241248399362
1314162778966495237
1314165644217155584
1314167532933320705
1314167582153474048
1314169670652620801
1314171437855498245
1314171582424780802
1314171683889131520
1314172704065454082
1314173153313202176
1314173193930895367
1314173889581395968
1314174879843987457
1314177220538036225
1314178500077772802
1314178530838806530
1314180032949030914
1314180232790921219
1314180743623593986
1314182433210880001
1314183599973969920
1314183619028619264
1314184074710462465
1314184695408660480
1314184770415255553
1314186371347763201
1314186463391739904
1314187014435201024
1314187498902487041
1314187727303254016
1314188240291794948
1314188293412655104
1314188832997347328
1314190743297306626
1314191025989132288
1314192319873196033
1314193247519027202
1314195633494994945
1314195843164057600
1314196986975801351
1314199226813804544
1314199869821603841
1314200651006537728
1314202635642183680
1314203392944861185
1314205942993436675
1314206346980462594
1314207419535294464
1314207672304988170
1314211446142705664
1314212782456238081
1314215220664053760
1314219006241325056
1314220857561149440
1314222770692128771
1314223015366983681
1314226547050590209
1314227614391898113
1314230321370394624
1314232573967634432
1314232603906576384
1314234104305639425
1314236107714957313
1314236393997168641
1314237870098575369
1314238445716471812
1314241647266328583
1314242108472123392
1314242977867460614
1314244604980539394
1314245271677739008
1314245420655300608
1314246395226984448
1314247704474771463
1314248327681183744
1314249201052610560
1314250493976285187
1314251350692200448
1314252969643106304
1314253912879357952
1314254143431860227
1314255218507427849
1314255620694999041
1314256744348938240
1314259722271420422
1314259781457244160
1314260519436587010
1314262015632961540
1314263375464071170
1314264295450923008
1314265054330707970
1314267036458119168
1314268069296967682
1314270710555123714
1314273683767205890
1314274020901224448
1314274773812342785
1314275619060940805
1314275722333163520
1314275722333163520
1314276864786083840
1314277144734949376
1314278526258946055
1314279200044519425
1314279397076074497
1314282233260314630
1314282278869139457
1314283168531320833
1314283366930427905
1314283655691407361
1314286540504338432
1314286945254535168
1314290327369457664
1314290346449416193
1314290718731497472
1314294498931937281
1314298267983904768
1314300035174223872
1314300902724034560
1314301534637821953
1314302043029270528
1314303970056249359
1314305817911255040
1314306932690350080
1314309592503861251
1314309828022542336
1314310541322735616
1314312104086769668
1314313367499096065
1314313545522257920
1314315530057265159
1314316403382591489
1314317144021180417
1314320917296754688
1314322327056900096
1314324926908821505
1314327886292299777
1314338483880722438
1314347330863345664
1314353321625432064
1314368109013340162
1314380553907572736
1314383050835480582
1314385339289669632
1314390226375245826
1314400300900519936
1314407105504456704
1314410614601768960
1314413159969697793
1314415467461849088
1314421610930147328
1314424111599362048
1314433364053590018
1314437021318946822
1314438025049448450
1314439642691796993
1314441961978368002
1314441964843012096
1314444445857832960
1314445739901235204
1314449514544078848
1314449526187491330
1314451734803165184
1314453289661083649
1314454368578498560
1314457064375164928
1314457064220090369
1314457546888015872
1314458003853238274
1314459402800332800
1314459523495661568
1314460839320182784
1314463945898500096
1314463967620849666
1314464003414990848
1314464614042615809
1314466031717539847
1314467643760480256
1314468389113405440
1314469822256812032
1314469915466911745
1314471507784085504
1314471718468161536
1314471755071868928
1314471767805702144
1314472163831840770
1314472460255928328
1314473468243607552
1314475939045220352
1314476030665555969
1314476062978576385
1314476103369740288
1314476778589650944
1314478068099174400
1314479708155908097
1314479713570570241
1314479724266237957
1314480061307813888
1314480722489597952
1314480983660539904
1314483098311065601
1314483488637153280
1314484012036042752
1314484567315812352
1314485566822588416
1314487263376662528
1314488443859279873
1314488715004252160
1314489016083939330
1314490181995696128
1314491255372550145
1314492114038857729
1314492129582997504
1314492838260899840
1314492849522724865
1314493877177536512
1314494813249572864
1314495293241651200
1314496033985122306
1314496362726162434
1314497047333154817
1314497330868088832
1314498177589010433
1314498588031016961
1314500042925932549
1314501089841090561
1314501881645936641
1314502362891943936
1314504187212976129
1314504892032188416
1314504998634565632
1314505009841745925
1314506138113597440
1314508269025624065
1314508511884251138
1314509154636234752
1314509903164305414
1314509912647569408
1314511306729365506
1314511359170818049
1314512150682107904
1314512329585897476
1314512732964745217
1314513159940698112
1314513343303032838
1314514298371297280
1314514760298356736
1314515347467382784
1314516341278339077
1314517209037897736
1314517545702043648
1314518914727112704
1314519310589624321
1314520909403881472
1314521237834608642
1314524006071054336
1314525157403308033
1314525933425000449
1314526799196565504
1314527262570688512
1314527914986274819
1314528031856365569
1314530548606406656
1314532374168899585
1314534575184343040
1314535210378235915
1314536588832124934
1314536964264165378
1314537017586454531
1314538098471047169
1314538601590534144
1314539608231743488
1314541807313784835
1314542668647727104
1314543850250264583
1314544588640710656
1314545256222928896
1314545931682025472
1314546184850202626
1314546350424498176
1314546633942749186
1314547474372100098
1314547929387077637
1314548243867541505
1314548721779200000
1314548860870680579
1314549105230831618
1314549532202602503
1314549922415497216
1314550836022988802
1314551359878950914
1314551436496310272
1314551608534016000
1314552801117208577
1314553125869621251
1314554233639907328
1314554452112744448
1314554957190881280
1314555211302617091
1314555211302617091
1314556683490910209
1314557121443311616
1314557952293048320
1314558986113347589
1314561852106518529
1314562761028964352
1314564684264112134
1314566536284307456
1314569142633103360
1314570310780358656
1314574085590982657
1314575064529068033
1314577608705806338
1314578605159182336
1314579660051746817
1314581390768386049
1314581805811535875
1314581820374163456
1314581833728831488
1314582291247661056
1314583512922624000
1314584791233318912
1314585158578659330
1314588321729961985
1314588935826354176
1314590884940394497
1314591597665935365
1314592708120383488
1314596486546513921
1314596715866066945
1314599667611598849
1314600258077224961
1314604034456776704
1314607807703011329
1314611376569159682
1314611583839019009
1314613283870171137
1314613427319570434
1314615357387218947
1314619133699321856
1314620241037664256
1314620253167652867
1314622907528568833
1314626205304451077
1314626682506997760
1314627785537859585
1314628388641013764
1314630434135957504
1314630457347248130
1314634232380096512
1314634966895128577
1314635019462344704
1314635391270563842
1314635467636305924
1314638006993780740
1314639879163314187
1314641784471990272
1314642812844072960
1314645556497588226
1314646134573465600
1314649331249475584
1314649394621419527
1314650794583633923
1314653106194579458
1314654820205309954
1314656884503187456
1314658642617151488
1314660656172478467
1314664431779934210
1314668205932187648
1314671984878456833
1314675755427786752
1314679530804572161
1314683305522991104
1314687249766903808
1314696910901587973
1314698116709462017
1314701519028211713
1314717520096620544
1314720056270520320
1314722839174447105
1314730722708598785
1314730760746815488
1314731778410713091
1314734543304359946
1314747636101120000
1314750099403288578
1314752639259770890
1314755153862500354
1314760549243277313
1314769063885836289
1314778243292188675
1314780681059397634
1314783206751731717
1314785959351906304
1314789047043330051
1314807895620550656
1314814681568153600
1314815682081628161
1314817250772365313
1314819603953070080
1314822859018178560
1314823066371981312
1314826750262734848
1314829671557722113
1314829713886654465
1314829733994135552
1314830526470066177
1314830633697521664
1314830650395037701
1314834300190121986
1314836775131656193
1314838326780653568
1314841183412158464
1314841197014376449
1314841242950402048
1314842101444739072
1314843144001908736
1314843862981017607
1314845876398026754
1314849360765743104
1314849411135143936
1314849651166769152
1314851103654268928
1314852857842216965
1314853426308603904
1314853959304183808
1314854916914139140
1314855010186993665
1314856935137726464
1314857201035476994
1314860724175335425
1314864456892125184
1314864750677950466
1314866305053401088
1314866319217618945
1314867568814051329
1314868525895282688
1314869122866524161
1314870182888853504
1314872300521611264
1314873797695111171
1314874062015918081
1314875823573344257
1314879850147127303
1314881496860299265
1314883376084512770
1314883443319353345
1314883453092061184
1314886006806634497
1314886981785202697
1314887399856537600
1314888320967684098
1314891175057223682
1314891562300715008
1314891630340722688
1314894949729665025
1314896474052923392
1314899021048229890
1314900102021087232
1314902660122849281
1314902682562428928
1314903510656446464
1314906025317654531
1314908624150552576
1314908741272248321
1314908850785484802
1314909094411722753
1314909492467970051
1314909770437005316
1314909921209704448
1314909996757528576
1314910049215676416
1314910071508303872
1314910249472667649
1314910298038579201
1314911087058354176
1314912585494466560
1314913824542134273
1314916633207541762
1314917599059210242
1314920933510000643
1314921124392624129
1314921209029709824
1314922790877827077
1314925148676460544
1314927463978487810
1314927784775557121
1314928923843727361
1314930193891561472
1314931079460028416
1314932399596277761
1314932447063097345
1314933127589048320
1314934702596329478
1314936223845109760
1314937984492417026
1314939996739112960
1314943773483438080
1314943773483438080
1314945620067614720
1314947546674982912
1314948886918815744
1314949359256121345
1314950816357253126
1314951322546782208
1314956802077929473
1314956900354740224
1314957709804998656
1314958874978394112
1314960779012198401
1314961741676191752
1314962646043709441
1314963166934306826
1314966421059768320
1314966791265947649
1314966795036614658
1314966800967389187
1314966798996037633
1314966804637327360
1314967680345092101
1314970807483985924
1314971108442083331
1314973970290991107
1314977304880263168
1314977745777037313
1314977772188643328
1314980982387286016
1314981520981991424
1314985295041957889
1314987093668646912
1314987118943498242
1314988638980182016
1314988925514121216
1314989071660269568
1314991634900291584
1314992844755677186
1314994000848392193
1314995552719863808
1314995655987859457
1314995975803613187
1314996619650179073
1314997410930851840
1315000394616131587
1315000677974921216
1315004172614471680
1315004193191735296
1315004211105607681
1315004904721862662
1315007706080649216
1315007944199671808
1315010537063952384
1315011125436706822
1315011152418664448
1315011719891218433
1315013790191292416
1315015494001397766
1315018505461346304
1315019270418554880
1315019391893991425
1315020934865190919
1315023043803058178
1315026819377111041
1315030593374101504
1315034370462420993
1315034370047082497
1315036805218131969
1315049631676600320
1315062395971272704
1315065607516233728
1315078040607748096
1315083006026158081
1315094918394769410
1315102381668007936
1315107577106173953
1315110040773300225
1315112523306274816
1315125169699147781
1315127387965788160
1315129895014592512
1315140678624608256
1315143899711643648
1315155584296062976
1315157570236166152
1315169833277890560
1315170848211337216
1315172780413874176
1315175536453447680
1315175553373274114
1315176555325210626
1315177853852561408
1315180330408538114
1315183251271700481
1315183992048623618
1315185365397975042
1315187189945335808
1315189138098921477
1315190804655341573
1315191865663279104
1315191881844879361
1315192913840799744
1315193862185517056
1315195987816742912
1315196461769019393
1315196687955099649
1315200252312539137
1315200464292466689
1315200985933938688
1315203796763639808
1315204237907750913
1315204493664038912
1315204685113032704
1315205975092137984
1315207233156927493
1315208013892911104
1315209452195319808
1315209524186427393
1315211754402504704
1315211787768274946
1315211799223037952
1315212572950487040
1315215563824803842
1315217512422834176
1315217699920842752
1315218850296758273
1315219337121165313
1315220745077829634
1315222650977828864
1315222926702964736
1315223114008027136
1315225071636541441
1315225086056570880
1315225639377530883
1315226886918696960
1315228681137254403
1315229290988929024
1315230666473308160
1315231367769272321
1315234431528054785
1315234436988846080
1315235117556731906
1315235696462921730
1315235823705444352
1315236541153804289
1315237975886880768
1315238005490233344
1315238212139249664
1315238517383995392
1315239905879117824
1315240193566404608
1315241298983608321
1315241986379542528
1315245764902350849
1315246818540892160
1315247355722174467
1315248841961111553
1315249536256925697
1315251786861760515
1315251785183965187
1315251790275903489
1315251788451282946
1315251794990202880
1315251793375440896
1315251791811039232
1315251799075454978
1315251796848398338
1315253312493674496
1315254483643965440
1315256733237948418
1315257086012399616
1315257490406289408
1315260861943107584
1315264635784765441
1315265217127907328
1315265560712826882
1315267332005138434
1315268412634009607
1315269321904586754
1315271741078482945
1315272185347485697
1315272822592331778
1315274705444757506
1315275040271859712
1315275108408266752
1315275962842374146
1315278162213908482
1315279735283429379
1315280322121084928
1315282082265006081
1315283510022664198
1315283563277844481
1315284581944360960
1315287284938272769
1315291060134981633
1315292505039134720
1315293332072005635
1315294456157999104
1315294667504857089
1315294835012784128
1315294835012784128
1315298251218849793
1315298609919860737
1315298961327087622
1315299470901477377
1315300552025178112
1315302384348749824
1315303059862491136
1315305043629953024
1315305349025497089
1315306161877315595
1315306207687708674
1315309934234402822
1315309964228014080
1315309978455019520
1315312723526287360
1315313695736635395
1315313710794240000
1315313895796625409
1315315153869639685
1315316538531024898
1315316550971412482
1315317483939786752
1315318853749047297
1315319498778578945
1315319548623704067
1315321260226818051
1315321427625684993
1315323029661122568
1315323213430353923
1315325033988775936
1315328444184637441
1315328809659318272
1315329929706438656
1315329964221378561
1315331095727136771
1315332092658581504
1315332583476076546
1315333170179510273
1315336360685830150
1315336431099957250
1315337547594321923
1315340133562945536
1315341593491144704
1315342423850184705
1315343909585776641
1315343972726960128
1315344735960215553
1315346178209460224
1315346576353693696
1315347682844581888
1315348536112881664
1315351462600306688
1315355065692106754
1315355232654831618
1315359007398195200
1315361252416393218
1315362532295667715
1315362782414548992
1315364072230129664
1315366030051610630
1315366560236699651
1315369456667955206
1315370332233052166
1315371708812013568
1315371718647705600
1315372469553856513
1315374108243353600
1315374392633962496
1315374421142536199
1315376431644520448
1315377881917411331
1315378530717519877
1315380456725139460
1315381656585408513
1315384744318767104
1315384754255138818
1315384811104722944
1315385190101983232
1315385431635251201
1315389207968444416
1315392981470515201
1315396756163760129
1315400530957496320
1315404305961082880
1315408081036161024
1315411352312143872
1315415995067097088
1315421443665035265
1315427687373180930
1315437458910318597
1315443248547196928
1315452979940601856
1315462314313871360
1315472290688184321
1315482475397869568
1315487427608354816
1315497550624034821
1315502529627684864
1315508032017707008
1315517595315994624
1315525734232993792
1315527754125893632
1315533640030449665
1315534156856778752
1315537788918431745
1315539446255751168
1315541660923723777
1315543650911346688
1315547146960228352
1315547811757293571
1315552127046111232
1315552162445963264
1315552383427063809
1315553484356431873
1315554346541764614
1315557796633612288
1315558320699109376
1315560691944882177
1315561282741903360
1315562095715315713
1315565341397921793
1315565870572216321
1315568279608532992
1315569645462728704
1315573012310220800
1315573420252368896
1315577195163770882
1315580970028892162
1315583261440200705
1315583299583176706
1315583363663699968
1315584744977911808
1315589003073204226
1315589275157635073
1315590316880257024
1315592119923376128
1315592465387323392
1315593053781004288
1315593186673336331
1315593630414000128
1315593822492135430
1315594459401383939
1315594819671134208
1315595637090660353
1315596824535658499
1315597989625430016
1315599303096840193
1315599371916935168
1315600601552760833
1315600672235106304
1315604374513623040
1315606458688512000
1315608154277908486
1315608789471485952
1315611168644497408
1315611749291380738
1315611924420124673
1315613753128505344
1315614110604763136
1315615417994444802
1315615698958286848
1315618706110775296
1315619474033324038
1315621189163909120
1315622270996549632
1315623255659536385
1315627023570616320
1315630799035740160
1315631504479989761
1315634279418941445
1315634573385052160
1315635258621145088
1315636826510635010
1315636967858737153
1315637552141996032
1315638352360599554
1315641879900364802
1315642123585191937
1315643714367352832
1315643812056793090
1315645384119783427
1315645897972219904
1315647182586941441
1315649110310092800
1315649673080770561
1315653451083325445
1315654814781538304
1315655047276040192
1315656455459045376
1315657222995603456
1315658843561570304
1315659678492381185
1315660131443658754
1315660195863752709
1315660997604982786
1315664773065764864
1315664942687805440
1315668552309825536
1315672322150260737
1315672322150260737
1315672889006460930
1315674940625088512
1315676098349285377
1315679872564359171
1315682772552429570
1315685444504428545
1315685702978371585
1315687412639637507
1315689838394441729
1315692903738552321
1315695518849302528
1315697697974870018
1315698893598928896
1315699837321572352
1315701675697606657
1315704949901275138
1315706045491224580
1315707737460875265
1315710875744063490
1315712699117047808
1315714181199474689
1315714628656168962
1315715827472179200
1315717066377302016
1315718706098507784
1315721178863095808
1315723548967817216
1315723758242615297
1315724070655275008
1315726151814389765
1315729141669523456
1315731606108286976
1315734150104707073
1315736653571514378
1315744103917924355
1315746614238162945
1315749336815415302
1315752599665209355
1315759400653672449
1315761871354580993
1315764364541145088
1315766867999555588
1315770468671127554
1315774344291856385
1315774404723453954
1315783131975299072
1315793061117603842
1315804017096884224
1315815136922415107
1315819656939216897
1315829329897689088
1315834905507631106
1315843188494602241
1315846298625552384
1315850052900921345
1315861396802932736
1315864929539362816
1315876364004851717
1315880150500814848
1315891617610584065
1315894847769849859
1315895169963749376
1315898021994004484
1315899146386190342
1315902190360432646
1315902194307215361
1315902589200863234
1315905198989156357
1315906364175052800
1315908677002506241
1315910142714507264
1315910879364472835
1315913874084950020
1315913913955999745
1315916168876773376
1315916931040505857
1315917688913514496
1315918402737799168
1315921463854198795
1315925242263539718
1315929013538492422
1315932788143484928
1315933944433573888
1315935206549921793
1315936563222712320
1315938959814520833
1315940344899407872
1315942960479993856
1315943539457622017
1315944113380962304
1315945953376055311
1315947040267010048
1315947888162336768
1315954465518817281
1315954576642707457
1315955442145652736
1315959212657139712
1315961218142736384
1315961233858846720
1315962987832901634
1315962987514155009
1315964409227939840
1315964899307159553
1315966762064711681
1315969304509263874
1315970536959221760
1315970866178646016
1315973507264716802
1315974312134733826
1315975179386880000
1315975937540927488
1315976560374149120
1315977757009104896
1315978086740111360
1315978264654077952
1315979396147294209
1315979710040551424
1315980970110210048
1315981264038567941
1315981293944025088
1315981861743669248
1315983263241064450
1315985345989750784
1315985637409918976
1315986367810342913
1315987343745126401
1315989411713224705
1315989659068043264
1315990947356979201
1315990968487882755
1315992467649572864
1315993189040435203
1315993443366244352
1315994100634656768
1315995340328361985
1315995844357783553
1315996961212952581
1315998879670767616
1315999123766743041
1316000741543350272
1316001011664850945
1316002163047440391
1316003070371942405
1316004511064842241
1316006073317224449
1316007872644345856
1316008286655832064
1316012061332131840
1316015385074835456
1316015839099801603
1316019610458693632
1316019980958269440
1316022548811837448
1316022867021029379
1316023387525963776
1316026309303173126
1316026356119945217
1316027160440700929
1316028316025978881
1316029647155535872
1316030940624359424
1316034710389231623
1316036700729159680
1316037792112271360
1316038296376573958
1316039207593353216
1316039381808013312
1316040334707691523
1316040867195555843
1316041306225938434
1316041764315238404
1316042259721146368
1316042774282678273
1316043324449583106
1316044249968898050
1316044981656846337
1316045562785955845
1316046042182410241
1316046200622252034
1316046297112219653
1316046512850378752
1316047143455666179
1316048020975300608
1316049809371955201
1316050994996948994
1316052493994987522
1316053585239531520
1316053947673706498
1316054442588897281
1316055843499057154
1316057359949590528
1316058438783447043
1316058904518889472
1316059158727266305
1316060539420921857
1316061144403116034
1316061573971140608
1316064897550213122
1316064908992081921
1316064908992081921
1316066643416682496
1316066743933177861
1316068475509633026
1316068686109773826
1316071905347219457
1316071990508302337
1316072458915545088
1316074563327930368
1316080008805388291
1316082361705132035
1316083784463183872
1316083961664241665
1316087558913380352
1316088076721164288
1316091335640641536
1316095107951599616
1316098883013935109
1316102657585471488
1316103841516072965
1316104594301358080
1316106342285934592
1316106433675644929
1316108676458000385
1316110207458537472
1316113982437175296
1316117757654638599
1316121532083564544
1316125307603091456
1316129083424530434
1316132856612093952
1316136787039924226
1316144507331719170
1316154499472424960
1316164541965885443
1316164957856296960
1316174705490120706
1316182183112040449
1316191963637481473
1316195137081442306
1316197117375979525
1316207283160969217
1316208409272872960
1316208443586498560
1316212255822884870
1316218686370443265
1316227384438382592
1316232325412388865
1316242491910352896
1316244835070771202
1316255070229536769
1316257480448585728
1316257933542522880
1316261202259898368
1316261636622225409
1316262449029484549
1316264978274381824
1316266406384742400
1316268752107831299
1316269294397853697
1316271361371799552
1316271576959070209
1316272071685615616
1316272526822010885
1316272551178448897
1316273334536097793
1316273966395412480
1316274518596386818
1316274741146157056
1316275108714082304
1316276300622057475
1316276301976616962
1316276336495939585
1316277712558923777
1316278700116258816
1316280077760499713
1316280076963512321
1316280329309687808
1316281099430105088
1316283475696197632
1316283851530924033
1316284301911232513
1316285358066237440
1316286065741893633
1316287298011639810
1316287631328714752
1316291401320214528
1316294754502692865
1316295176860491778
1316295574644297733
1316297456695611392
1316297968732041216
1316298951121805313
1316302727509614592
1316306501208666112
1316307084078653440
1316307229507756034
1316308722134773760
1316310276409491456
1316312774595809280
1316314050481987584
1316314470550065153
1316316137496498176
1316317825997377537
1316320055072825346
1316321600178925570
1316322291391881219
1316324135803510784
1316324443518631938
1316325375421698049
1316328548731359238
1316329150731354113
1316329680232947712
1316331971765821441
1316332932437471234
1316333233097900032
1316335416853831681
1316336699799085057
1316338368649797633
1316338392481828865
1316340475129851904
1316340728927326208
1316341191135371264
1316344250141999104
1316346656934289408
1316348029520224257
1316348225301946374
1316351799448629254
1316352122884104199
1316352608743944192
1316354143414628353
1316355577828667395
1316358246421196800
1316359349258813440
1316359733465559040
1316360407796375552
1316361639239782402
1316361718226878467
1316363132399476736
1316363957737848832
1316366898859188225
1316370674643066888
1316371978987737088
1316374448489013249
1316375190348140545
1316378224113246208
1316381998554861568
1316385774997127173
1316388814475210754
1316389548033806337
1316393335469342720
1316397097856401409
1316400873753452547
1316402411003674624
1316404648169934850
1316411558151352322
1316415975974076416
1316419746934468613
1316421937300680707
1316423523875852288
1316423745658118150
1316427297465880577
1316431072100454401
1316431886105874432
1316434847280160768
1316436331984191490
1316437662497153026
1316439258249428992
1316440383086157824
1316442187148730372
1316442396335374336
1316442618415460353
1316444758060011524
1316444848929505281
1316444920853475329
1316445232716828672
1316446172765061120
1316448687820697600
1316449946053214209
1316453721463611392
1316455351269687296
1316455979609919491
1316457495775318018
1316458696872951809
1316459766516940800
1316461271781314560
1316462528977801216
1316465045665087489
1316467411571355651
1316468824208596992
1316472595181518848
1316476369992376332
1316480144970665984
1316487694663335936
1316495244494475264
