1313967349503004674
1313982944583856129
1313985964579205121
1314012638439976960
1314015658091384833
1314018677495300099
1314021697016692736
1314024717393760256
1314027737867268099
1314030758697336833
1314032772999192577
1314034533591846912
1314035789853065217
1314038810213339136
1314041832347766784
1314044850220736512
1314047869977006081
1314050892602249216
1314053913474142209
1314056929304604672
1314059952516988928
1314062972550107136
1314065992578981888
1314072030694735872
1314075052246282240
1314078574681485314
1314081841796784133
1314081980531781632
1314083237556297728
1314084865831301121
1314088387448627200
1314091913377652737
1314093673504739328
1314095434697146368
1314097203791777792
1314098455158157312
1314100720195514368
1314104241540288512
1314104742809931776
1314106017442074624
1314107603220418560
1314107765653032960
1314108014241218566
1314109525411192833
1314114321652350976
1314116571032285184
1314117095286870018
1314118337568428034
1314120112690081793
1314121862029418496
1314123617253421056
1314125382497562624
1314128906811781120
1314130772408905728
1314131288178089986
1314132430861864960
1314134191685197824
1314135951095017474
1314135951095017474
1314135949719138304
1314137715810668544
1314138403395563520
1314140926533685248
1314141251164344322
1314141931614670849
1314142999450996738
1314143654332764161
1314144832898686981
1314147021461360641
1314148300619223040
1314148538251718656
1314149792713449474
1314150044019417088
1314151808613396480
1314153569839439874
1314155331451314176
1314157174017400832
1314158854679269376
1314159713043599361
1314162377613545472
1314164139036676097
1314165971024830465
1314167717423915009
1314169421917835265
1314171183772954624
1314174710406696965
1314178233470980101
1314180185298735104
1314181756015214592
1314183515592851457
1314185278425358339
1314186901201485824
1314187040309891073
1314187263115489280
1314188182657916928
1314188801028300802
1314188976077537280
1314190207105871872
1314190560983429122
1314191841680658432
1314192574589079552
1314194086153388033
1314195848620904448
1314197859059728386
1314201131376050176
1314202893449228288
1314205020049436678
1314207674272116737
1314211576405086214
1314214021030051840
1314216570437005314
1314218811088920576
1314219451957620740
1314221519069941762
1314224115788767234
1314226731147038721
1314229067034624006
1314230885173125123
1314231613870481409
1314234325521629187
1314234449077338114
1314236630904045568
1314239132839882754
1314241815248138240
1314244236817166341
1314246712643514369
1314247129158889472
1314249388169089027
1314254230409089025
1314256835449323522
1314256877128224773
1314259265238990853
1314259270632960000
1314261783323049984
1314261782492577798
1314266814684291080
1314269404255973378
1314271946545266688
1314273637722193921
1314274365312204804
1314276909560205312
1314279511173804037
1314281914308665350
1314283700088172551
1314284430610006016
1314287048283557888
1314290403722620928
1314292078029963265
1314294671623979008
1314295907689607168
1314297012968357888
1314297301637177363
1314298083627368449
1314298268424249359
1314299635582799873
1314302044866576384
1314305354751189012
1314307081562992640
1314309744337788943
1314312113960214528
1314314630743891968
1314314637773615105
1314317162283237378
1314317502093111297
1314317500033765376
1314317503775023109
1314318627848556550
1314319474309435392
1314319667612340231
1314322179153186819
1314326210818838532
1314328035529719816
1314329729349099520
1314331490608701441
1314333251545321472
1314335017498271746
1314338537903456259
1314342316052750336
1314345338673786880
1314348353262682115
1314351412629864448
1314354393714765824
1314357410224582656
1314359927457095680
1314362948324818944
1314365971541495808
1314368986155569154
1314372006876413952
1314375028172091399
1314378047727046659
1314381069848846341
1314387123940753409
1314390128375234560
1314393147225579522
1314395160470581249
1314398182072147969
1314401200029208577
1314404222650249226
1314407238677733376
1314410258991845376
1314413281025683457
1314416299561422851
1314419318457872385
1314422339153653760
1314425359396483074
1314428379647676417
1314431400720904192
1314434434234568704
1314437437972787200
1314440963775922178
1314441760047857668
1314447254116347904
1314449013299650560
1314450747371782144
1314450799322333184
1314452539199426561
1314454299745939456
1314456064339845120
1314457822017581058
1314459585848246283
1314461345572687873
1314463107453005824
1314464794452385794
1314464927227301888
1314465617001488391
1314466630773149696
1314468393030955008
1314468412630982657
1314473173526687744
1314473676901945344
1314475439793020928
1314476691633340419
1314477203816673280
1314478263746605057
1314478964912652289
1314478961917820928
1314479464345227264
1314480796359684097
1314482529458696192
1314484247902728192
1314485542487293953
1314486008973594624
1314487770711232512
1314488455288758272
1314489217750388738
1314489530116960256
1314491294551625730
1314491574647164929
1314492385670443009
1314492861187002368
1314493102833512450
1314494890122895361
1314495989768753158
1314496578376347654
1314498502463049728
1314499879025217537
1314501865166573568
1314506267688415233
1314507150606073856
1314507150606073856
1314507403623305218
1314508977322024960
1314510750497599494
1314511445531537413
1314512713528246275
1314513801140723718
1314514194381836288
1314515956882964481
1314516053452611584
1314517730238828545
1314519550021586949
1314522529554460672
1314523002739007488
1314524763612737536
1314524793518071809
1314526524234772481
1314528287666905091
1314530085861494784
1314531810538332161
1314532325682819073
1314533572271800320
1314533571969810432
1314535333837578244
1314537184616222720
1314538855786336257
1314540616869650432
1314542379823702019
1314542916459810817
1314544143788638208
1314545702656266242
1314545902082764801
1314546959835955201
1314547668711100418
1314549427999313920
1314551440690606080
1314552947582304258
1314554709760446464
1314555666367905796
1314556471418458112
1314560006088519682
1314563518612606977
1314563520508329985
1314564715633356800
1314565281092644866
1314567136258543617
1314568807919357953
1314570564925886468
1314572328110522368
1314572910204420096
1314574112027824130
1314575951976632321
1314577627873673218
1314579372955897856
1314582905000165377
1314583389874331649
1314586421655678990
1314588227488157697
1314591708378730498
1314591707195936768
1314591958342471681
1314593466232590338
1314593798450798593
1314598258090676229
1314600179539083271
1314601773580136448
1314603534256668672
1314605294333427712
1314607358497230851
1314608819574583296
1314610581668876290
1314612341477191680
1314614132637929472
1314615970242220032
1314617624781881345
1314617622734893056
1314619390047014915
1314621153839910912
1314622925690077186
1314626434930008064
1314628198458687489
1314629958988369920
1314631954701135872
1314633478781259777
1314635242028838912
1314637001879171080
1314638765307187200
1314642362942066689
1314644558999891968
1314648076913537025
1314649841063145475
1314651601416654848
1314653131997933569
1314655122178400256
1314657329497944064
1314658649948782594
1314660530339098625
1314662181233975298
1314663937204420608
1314665698245910530
1314666040006258688
1314667455067951104
1314669253883244544
1314670979583561729
1314671982693306373
1314672429214687233
1314674502131998720
1314679553328111616
1314683401052487680
1314686834115567619
1314690879576211463
1314690892335386624
1314694715263115264
1314698414475669504
1314702203035279360
1314709736508534785
1314713512699211776
1314717281734332416
1314743712711430144
1314747485861150724
1314751269727281154
1314755073596174338
1314758808326078464
1314762681501577216
1314766356546551808
1314770130774130690
1314773918587252741
1314777710699442177
1314781456665899008
1314785230746726400
1314789006064918528
1314792823867224065
1314796555514327042
1314811714765033472
1314826793346629634
1314830551891795968
1314830944625459200
1314831537234423809
1314832223615488000
1314834928970989573
1314841939792060417
1314844057575792641
1314845693639626752
1314845724442537986
1314851761077792768
1314853299812696069
1314853373284438017
1314854441099681793
1314864077815132162
1314864504321212416
1314868342012948481
1314873515330490368
1314875839515893764
1314883587213275136
1314887057190387713
1314887181962534913
1314890359537889285
1314890676371365892
1314895166243823619
1314898489906733056
1314901710456918016
1314902271663190017
1314903998646882305
1314907855875649536
1314909814905090048
1314914112942616576
1314917407421538308
1314918260408815616
1314920498602618882
1314921180671901696
1314921733107773442
1314923314809311239
1314924923224231938
1314927265936007169
1314930927261319169
1314935176728805376
1314936300898848768
1314940065034964992
1314943328065126401
1314943773701439490
1314946994478223361
1314951323582857217
1314951321854734336
1314951499680710656
1314954362167406599
1314959075764047873
1314961962430803968
1314966525535834113
1314974009570791425
1314974065866801152
1314977749665284097
1314981573268307969
1314985301111197697
1314989101444071424
1314989266833825792
1314992875978055680
1314996755285577730
1315000398214762497
1315003167822753792
1315004146194558988
1315004146194558988
1315004314767831041
1315005860406583300
1315006941958209539
1315007972913885190
1315008461185449985
1315009278089060352
1315011720444891138
1315015497172254722
1315019415596011521
1315023099394433024
1315030598843535361
1315031088155238400
1315034386098724864
1315038224545468422
1315041980490149894
1315045699478859776
1315053314497748992
1315057034958696452
1315094767634587649
1315106095640260609
1315109947106041856
1315113648189247488
1315117417505476610
1315121195487035393
1315124969425182720
1315125000001724421
1315128747201384450
1315132519080243202
1315136293479821313
1315140072879071233
1315143845634625536
1315147618310389760
1315151395272744963
1315155292523565056
1315174042505293825
1315193134641557505
1315193311557292032
1315194074580869124
1315197824611635200
1315202283307761664
1315204242991390721
1315208072101588992
1315211792235327488
1315214044882706433
1315215695567884288
1315219401415757824
1315223115782266886
1315226892362895360
1315227670855155717
1315230685452533760
1315233509166907394
1315234472837566468
1315234658045444096
1315235609074524160
1315236054065008643
1315236709676711937
1315238274198171648
1315241989609345024
1315247013789827077
1315249552564383744
1315253340448665600
1315255774042632192
1315257092106850305
1315260955471810564
1315262694598086658
1315264640281202689
1315266107666726914
1315272191970340864
1315275131388862464
1315276088541687808
1315279767575425026
1315282476269473793
1315283637680644097
1315285436496056323
1315286210424827904
1315287303875592194
1315289938024427525
1315290723172917248
1315294882219646978
1315296236979867649
1315302239859281920
1315302388409012224
1315302643292667905
1315304701643165697
1315306438202470400
1315307929239777280
1315309941226381313
1315313708923531265
1315313820148039681
1315316721050214400
1315317488519790593
1315320349836312578
1315321329273442306
1315323188952342530
1315324736117911553
1315328909282508801
1315332586458230785
1315336359209566211
1315340154886860800
1315344026095284226
1315347687034716160
1315351601436127233
1315355235284660224
1315359010766442496
1315362799586021376
1315366656156336130
1315369868762415104
1315373301750009859
1315384224380342274
1315391907586101250
1315392336894070787
1315396815219548160
1315400559080468480
1315404309216063490
1315404388454760448
1315413371051749379
1315442055485685761
1315457156213342210
1315472253878902785
1315477291313618945
1315480314496638976
1315482325799534593
1315485348311502848
1315487356959379456
1315488364204879872
1315491385492082689
1315494403692265472
1315497428242620417
1315500444521844738
1315502454184660992
1315503464781414401
1315506483023564800
1315509502356189184
1315512529024671744
1315515541851901952
1315518563621449728
1315521581146353666
1315524602462965762
1315528127179874304
1315530641358888960
1315532685759205377
1315537942086066176
1315554930661437440
1315555182655176705
1315560313190789125
1315562603545088000
1315564367291834368
1315566629493899264
1315567890029064193
1315569652223881218
1315571412560683008
1315573170376790016
1315574953115365376
1315580331181912064
1315581981120507904
1315583818431160320
1315586758302666752
1315589025550524422
1315591109448552448
1315595488188665858
1315595850605789191
1315597838534029313
1315599597864185856
1315601358645538819
1315603119452061696
1315605142549532678
1315608478170443777
1315610166830792704
1315611971165847552
1315613212524642304
1315615451918094337
1315616661576265730
1315624026472165377
1315627784438452224
1315628159933575169
1315629558578794497
1315631317200109575
1315634831930331138
1315635328170901504
1315640114643599361
1315643652333604867
1315645399428993025
1315647161082802177
1315648921348329473
1315648943028609024
1315650683748716545
1315652307703541760
1315652462620094464
1315654223422533636
1315659441577095168
1315659491766136833
1315664794398142466
1315669045878894595
1315672374256324611
1315674323932381184
1315682702872502272
1315682965721100290
1315685411428147201
1315687174948433921
1315687174948433921
1315688935088181250
1315692892548145152
1315694226991132673
1315699507233984512
1315703040087818241
1315704795093757954
1315706552410689538
1315708316627197954
1315710070995529728
1315710075185639426
1315715358561533953
1315718896792502273
1315720650040934403
1315724820009701376
1315728747874713601
1315730607704506368
1315734632751681542
1315735244004364288
1315737002684428288
1315738764669579264
1315739267159732224
1315743675880792064
1315749331908079621
1315756100424261633
1315779281922949120
1315794882355699714
1315809478898601985
1315812500110274563
1315815521632292864
1315818538939092994
1315821558473134081
1315824579542220800
1315827598375743489
1315830621902700546
1315833642392920067
1315836661629095936
1315839677899968512
1315842710528561152
1315844711903571968
1315847733736079364
1315850750644432898
1315853773517066240
1315856792665157632
1315859813017022465
1315862830491545600
1315865852378578945
1315868872608747522
1315892031919661056
1315892523240357888
1315895731622940673
1315896806220365824
1315900367364857857
1315902141576491009
1315909138522738689
1315914420065894402
1315916183363891200
1315917965536251905
1315918206507331584
1315919708579934208
1315921468438519809
1315922726587072517
1315923228649545729
1315924992056594432
1315926751478984706
1315928534922207233
1315929107117617152
1315930302901096448
1315933797393797121
1315939082401443841
1315940846949347329
1315944375579553793
1315944867902574593
1315946130656690181
1315947945448091651
1315948391277322241
1315949654383751169
1315951429132181507
1315953178123399168
1315954682477633537
1315954937562574849
1315955872582062083
1315955902583898112
1315958459762987008
1315960224751251456
1315961982017822722
1315963746624430080
1315965509788151808
1315967101392257025
1315969030059102210
1315969399858302981
1315970813225570307
1315970920905936896
1315972621469655041
1315974388093681664
1315974394682974208
1315975453539209216
1315976076703731714
1315976859558051841
1315977835232792582
1315979596794224640
1315979682706329602
1315981364488032259
1315981667794907139
1315983120257019905
1315985644875780097
1315988153677692929
1315990699012173824
1315993188088385536
1315993975946346499
1315995703592665088
1315998302907838470
1315999571114364928
1316000739207061504
1316002322552627200
1316002544162922496
1316006025091317762
1316007788049559552
1316008285808414722
1316009574055501824
1316010802869006338
1316011329459638280
1316013072541122563
1316013319023546369
1316014831720255488
1316015332293713921
1316016608444260358
1316018368638382084
1316020118552416263
1316021927153025024
1316023653910290434
1316023765579440129
1316025387726503939
1316025404780470272
1316027193147809796
1316027414594584576
1316028355406249984
1316030936761413632
1316032449172963330
1316034210055041024
1316034235757744136
1316035988641263617
1316037475513651203
1316037734100873216
1316038207054774277
1316039571147292674
1316041259044270080
1316041692609499136
1316042431729741824
1316046044153540610
1316047808886124546
1316047822807011329
1316049562235215873
1316051323847094272
1316053083177263105
1316053584241471489
1316054901374451717
1316056614131113985
1316057113354031111
1316058371276124162
1316060129599647744
1316061139407704064
1316063679050285064
1316065439257186304
1316066351883182087
1316068686462095361
1316068951009394690
1316070703469400064
1316072479643836416
1316075024504303622
1316075987818479619
1316076237706592256
1316079508290764801
1316081359341981697
1316083564392349698
1316086554813771776
1316089356453646336
1316090077433430023
1316091337125425152
1316091839984922624
1316094760231276544
1316097629399457792
1316098886340091904
1316103713325449216
1316105690868580352
1316106432350089216
1316107708081344514
1316109939488755712
1316111721229156359
1316113296622325761
1316113484850106371
1316116647195947008
1316118969611362311
1316121320799830017
1316121537418866689
1316125814224756736
1316126565109956608
1316127574150569990
1316129337779924993
1316131098481569792
1316131098481569792
1316132861674696711
1316141707310882816
1316144181195268097
1316166835138633731
1316171869544951809
1316174888118427649
1316177909112098816
1316180925466791936
1316181932292546560
1316183949371232259
1316186967080660996
1316189989722619905
1316193006085648389
1316196027175776260
1316197031577255936
1316199046839762944
1316202066197569536
1316205085387624449
1316207099425193984
1316210120330809345
1316212131046408193
1316213137943789575
1316216160178900992
1316219177196302342
1316222199238451200
1316227228317802496
1316257607540240384
1316260956427685888
1316262717578149889
1316263687188107264
1316263842461233159
1316264479412441088
1316266243545018368
1316268002799648768
1316269792748277770
1316271523297144832
1316272528814268416
1316273715831808000
1316275043379351554
1316276808279642118
1316277559995367424
1316278818290585605
1316280078133800961
1316282593143328768
1316285110073790464
1316287682222448640
1316290143154733058
1316291147791302656
1316291426569814016
1316293917864652801
1316295178236428294
1316297692650237952
1316300214161080320
1316302727576608768
1316305242498105344
1316306757673779202
1316307759080505344
1316308520766234624
1316310278196396032
1316310278972289024
1316312043335622657
1316312792169762816
1316313805643812864
1316317059719065602
1316319506524975104
1316320341975859201
1316320346551746560
1316321600208343040
1316322610452541443
1316322879148097538
1316324368507703296
1316324372697821184
1316326130329227265
1316326135349813248
1316327891894972416
1316327895879618560
1316330408271908864
1316332931795890181
1316333197429530624
1316335433530384384
1316335444125274113
1316335973970718721
1316336761765801984
1316337741634908161
1316338222679699456
1316338463357259776
1316340474505048065
1316341244742828032
1316342782571749379
1316342991519453186
1316345508135268354
1316348026819096578
1316350541010800642
1316352556013162497
1316353058255724547
1316354323664850944
1316355775497932801
1316356081174675456
1316357845387010048
1316358090699100160
1316360607541743616
1316364889967992832
1316368455692693510
1316370513812484097
1316370674617929728
1316371945382989824
1316373699285659648
1316375458309701633
1316377221964140544
1316378981097234432
1316382100740808704
1316382540916232196
1316384265534418944
1316385775257178115
1316386051456466944
1316389803559182337
1316391312871100417
1316392756621856769
1316393073912557569
1316393460748947459
1316394837608984577
1316396676710572033
1316398363282214913
1316400214626967552
1316400875250814978
1316401884874395649
1316403657458450434
1316403771832967172
1316405417388445696
1316406117417791489
1316407167151411202
1316407172750815233
1316410188744855554
1316411950969090048
1316413727651106821
1316415475593744384
1316417233388810248
1316419012683878401
1316420757124198400
1316422521521164288
1316424279718866954
1316426093444952066
1316427138720030720
1316427805522038786
1316429585727225857
1316431325918900227
1316433090772979714
1316434850539241473
1316436613661110277
1316439432367661058
1316440136423542785
1316443700294287361
1316444900653752321
1316447182560604161
1316448945141358592
1316450706254069763
1316452257756573697
1316454252462604295
1316456004507373568
1316457761002188801
1316458253518336002
1316460042615480320
1316461892290961409
1316463537838055427
1316465302507606016
1316467063683256320
1316468991351808000
1316470587963985922
1316472458338283529
1316474108872396801
1316475883943755778
1316476371854594048
1316479394945343491
1316481156452429831
1316482917527425028
1316484680548581389
1316486553070436359
1316488202513977344
1316489966327934983
1316491470237388802
1316491603549319169
1316491832742817792
1316493487362183170
1316495247891992578
1316497012481761281
1316498772873089027
