1313963776820076546
1313971358032953344
1313981192270688261
1313981333023096844
1313984620099235841
1313995874385702915
1313996348312752128
1314000304862629888
1314000556470530053
1314002623377399808
1314005955638693894
1314007204043907073
1314008914770505729
1314009941729062912
1314013049863507971
1314016821918433280
1314017557716897796
1314018347823104001
1314020781395972101
1314021503562854400
1314022036067545091
1314023271927611393
1314024713023352833
1314025266625290244
1314026031578320896
1314027488218157058
1314029342335393792
1314029920230739970
1314029956452753408
1314032619416416256
1314043321719939072
1314044542124011523
1314056208706396160
1314080302806052865
1314081338564116481
1314082970173612033
1314083221500497921
1314084704644194304
1314085868391616516
1314087117442744321
1314087610789384198
1314089633450528768
1314089905866387456
1314091540894167040
1314093166585208838
1314094173184819200
1314096186454765568
1314097246259027968
1314098203621421056
1314100758460149761
1314101219670056962
1314102887908356096
1314103261348139008
1314104491130720256
1314105162978467840
1314106214142414849
1314107366959452160
1314108558032728064
1314108829983035393
1314109727002038272
1314111151014318081
1314111400713875456
1314113336062210049
1314113412293685249
1314114926399676416
1314117074420080640
1314117799799861248
1314117799799861248
1314119591925370883
1314120354487558144
1314122934965997569
1314123365599174656
1314125370543796224
1314126680798244865
1314128298784567296
1314130039189970945
1314130915342286855
1314131799107342336
1314132676979253249
1314136066379702273
1314137933146923010
1314138321937932288
1314138689862328321
1314138942288080896
1314140540221435904
1314140981642498048
1314141818871853056
1314145365172592640
1314146137578840066
1314147882405179393
1314147932539584513
1314149845662396416
1314151820604866561
1314152557971820548
1314154079434739715
1314154754700869632
1314156267351543810
1314157065254952960
1314158499803340802
1314159800893177857
1314161114557554696
1314163191585349632
1314164134154469376
1314166545837420544
1314166853212741633
1314167981023342592
1314169922713382913
1314170282815483907
1314172826031718401
1314172981673947136
1314176612640882688
1314176670170066945
1314179296978776064
1314179684767277059
1314183552142016513
1314186114220077058
1314186230649753607
1314187484524425216
1314187681044353024
1314188544995405827
1314190057444696064
1314192232006680576
1314193205148098560
1314194144156250114
1314196749091704834
1314196829005770756
1314197604910104576
1314199251958726663
1314200291634343936
1314201668343357440
1314204469920366595
1314206913588989953
1314208198421696512
1314212197979963392
1314213047259389954
1314215220928151565
1314218997039079426
1314219057114165249
1314226059957743616
1314226547251802112
1314230320586252289
1314230542863405057
1314231036742709250
1314234095312961538
1314237870803099648
1314238013166309376
1314241981003051009
1314243618744434689
1314246295863930882
1314246442429677575
1314247191586902016
1314248374099603456
1314248964980584449
1314249770706362369
1314251938351984640
1314254106656223232
1314255032548810753
1314256837508820992
1314258176301314049
1314261286776176640
1314261901010927621
1314264298407956482
1314268069364215808
1314269683466604549
1314272756863766528
1314275619039932416
1314280323350499328
1314282188842700800
1314283774155411456
1314285374387171328
1314285498240823300
1314289973928120321
1314291976624386055
1314294495219982336
1314294793913147400
1314296973231616001
1314298268122255362
1314299656336220160
1314301824225234945
1314302044442963968
1314302842631585792
1314304937925451784
1314305818037288962
1314306194866135041
1314309598921121792
1314309650137915394
1314310317531373580
1314313367796891648
1314313451477626881
1314315281083310080
1314315744990109696
1314317142309965832
1314317562700869633
1314320917674127360
1314321073555595265
1314321285699244032
1314324440310779904
1314324720863662081
1314325090507595776
1314433837053677568
1314436297184944128
1314438448649039872
1314438918620827648
1314440508144525312
1314442513848111111
1314444665165426690
1314444732932775937
1314445607092793344
1314445781567500289
1314446998112661504
1314447772846903296
1314449766248456192
1314451487620321285
1314454904275177472
1314456812746428416
1314458410608398336
1314459212018262016
1314460593227612161
1314462806318755841
1314464362485014529
1314467306915930112
1314467720621101056
1314469683781931008
1314470289342955520
1314470970162327552
1314471243526045697
1314471547772559360
1314472098098802689
1314473605917540353
1314475276487753729
1314475693959385090
1314476482497064962
1314477335064784896
1314479965270929413
1314481726819770371
1314483236991574018
1314483662151454722
1314484243565772802
1314485443107356673
1314485753670332416
1314487741661446144
1314488521676132352
1314490935737282560
1314492044728053761
1314493468073512966
1314495896483225600
1314499092563845120
1314499551248691200
1314500852825108481
1314503369545973760
1314504687387803648
1314506504746213377
1314508459518418945
1314512114506174464
1314513220019924992
1314514182822338560
1314516367337553920
1314516686452781056
1314518649886081026
1314520416711585792
1314524679546298370
1314525535872188424
1314528146138501122
1314531101600362496
1314531525610942466
1314533620191764481
1314536448788508677
1314536448788508677
1314538536020963329
1314540016727715844
1314542365936361472
1314543902985248769
1314544524782440456
1314546013051531267
1314547069391167490
1314548698655985666
1314549060209184771
1314549404544663553
1314550932860891137
1314552392097169409
1314552744108269568
1314554050164207617
1314554691141939202
1314555015403577344
1314555102997479426
1314556237351190528
1314557289735557122
1314558696186351617
1314558843289055233
1314560543349510151
1314562727310954496
1314563796665610240
1314566893186027522
1314567604871323665
1314570163249913857
1314571317908185088
1314572136942575620
1314575092433727489
1314577300458016770
1314578866976034817
1314580281932877824
1314581390411927557
1314585158557724691
1314586987106578432
1314588504299634688
1314588934207307776
1314591556012257282
1314591757758275584
1314592708367773696
1314593550701662210
1314596487402192896
1314596598408773634
1314597799124664321
1314599169903005702
1314600258047885313
1314601672237297669
1314604034263638017
1314607807660994569
1314611589836926977
1314613077313232898
1314614147133382656
1314614278851375104
1314615357584240641
1314619525611036674
1314619549682147329
1314622907352592384
1314623233027698694
1314626902393528320
1314628396773769216
1314630475319840770
1314630501659967488
1314634354623238145
1314638007048105984
1314638267070009344
1314642701929910272
1314645222719094784
1314646000720646145
1314647559718215681
1314648441553911808
1314649941722247169
1314653584429133824
1314656881646788608
1314657347931963393
1314660655815770112
1314660803845541888
1314660975996477440
1314664432279183362
1314664675376758784
1314665462769344512
1314668205814812674
1314669087532949504
1314671032985321472
1314671980432351232
1314672149844709377
1314675755624927232
1314676026300039169
1314679530230087681
1314680140463517699
1314683305204350976
1314686828398743557
1314823244722176000
1314825710092062721
1314826923734949889
1314830387957374977
1314830812685242370
1314833041810960384
1314834369853501440
1314835667155910658
1314836053702971393
1314837072558129152
1314838137840062466
1314838161395191809
1314839392658354176
1314840614379442176
1314842093316177921
1314844594786443271
1314846417916133376
1314847123742101504
1314850043581681664
1314853342774996999
1314853691204214784
1314856110352932864
1314857253481086978
1314857879648776192
1314860625856782338
1314861956474515456
1314865962995326977
1314866380689244160
1314866418232496128
1314868275948523521
1314870778882600960
1314872400878678018
1314872739023515650
1314876415964307459
1314878611384664066
1314879318682750976
1314880444178014208
1314881624622891008
1314883242139492352
1314883491868405760
1314883502266109958
1314885165274062854
1314887717113810944
1314891138109710339
1314893163966930951
1314895023855603717
1314895822170009600
1314898729196040192
1314900612539179010
1314902586659680258
1314903955646881793
1314905178353565696
1314907292232560643
1314910644295159810
1314914854436843521
1314915599559127040
1314916925005324288
1314917032966709249
1314917658018619394
1314920455388696580
1314923203630899200
1314924185785954304
1314928351862304768
1314929733390434305
1314932665020231685
1314934078131630081
1314936458940121091
1314940621514313733
1314941793591595008
1314943316635639808
1314944066854019073
1314946099417931777
1314946548078444544
1314948145843965953
1314951432769077248
1314952544632868864
1314953922226925575
1314955145462120450
1314956655742910464
1314959074597928960
1314960841775763457
1314962175090360323
1314963254251225088
1314967636451774470
1314968091860836354
1314970236026847232
1314971603692904449
1314974178282475520
1314974329965248513
1314977960730951681
1314978894089519105
1314982094347685888
1314983106173177858
1314985295146741760
1314988046358634498
1314989372031238144
1314990453121581057
1314993288697589760
1314995361405005826
1314996499164680192
1314996527748841476
1314997614111272960
1314997727214931970
1314998156220944386
1315000566637101062
1315001104653049870
1315002447199449090
1315002447199449090
1315002787277811712
1315004316068044800
1315004359470731266
1315005028793544715
1315008486246354944
1315008628794032128
1315013419095986178
1315013427128082433
1315015454948294656
1315017508060094470
1315020011094802435
1315020050051608582
1315022278984425472
1315023509526020096
1315027763913515011
1315029666017804288
1315029677493424131
1315033961685540865
1315034602751262721
1315038136997761024
1315038539030163456
1315040390882504705
1315040457404149760
1315042764531339266
1315046196432568320
1315049216184524800
1315185364865179649
1315189310900105216
1315190573196861441
1315193055151108097
1315193223359410179
1315193385259589633
1315195658937290757
1315196308173529088
1315196900153401344
1315200463839653889
1315200850483126273
1315200925208899584
1315204414190350338
1315208160353939459
1315208603268194310
1315211933667209217
1315214885047939078
1315214944409989121
1315216284074864650
1315218513259307013
1315219519997181952
1315223661830262784
1315226929218289665
1315228321240805376
1315228390375424002
1315230662073475072
1315234820994207745
1315235934099574789
1315237997806149633
1315238873262219264
1315243550389473281
1315244006310375425
1315246316826566658
1315248785233240064
1315249646885892098
1315249803899678720
1315253447109808128
1315257769629548546
1315258379468787712
1315258433759739904
1315260310102716417
1315261057859031042
1315264766873604096
1315265253693890560
1315269045843824641
1315269265247948800
1315269626557800449
1315272580178292736
1315276058128576516
1315276626377273344
1315277035095326720
1315278305126424584
1315279032368484353
1315281426489708546
1315281957425741824
1315283145307160579
1315283165829828608
1315286515644272641
1315288183375114241
1315291352612175888
1315292421769621505
1315294930152181761
1315298618803445760
1315302801069813762
1315302911765774336
1315306252357054464
1315310057786142720
1315310594657079296
1315313473245634560
1315313888230019074
1315317511223603201
1315318573636743170
1315319888882401281
1315320161902174208
1315321305131028480
1315323370108530688
1315323432763035648
1315323942916296704
1315326046544236544
1315327763633577985
1315328950562889728
1315330921093005314
1315334977731653634
1315336419741708291
1315336535064150017
1315340831252000768
1315341181593751555
1315345226228170752
1315345409968091139
1315347739912400896
1315351776468635655
1315354023768317952
1315356612496945152
1315357630106406912
1315359149954400256
1315363027684917248
1315363679655931904
1315363692419198977
1315365935117742081
1315368208740876288
1315368696152559617
1315368807016390659
1315369891021697032
1315370199617613824
1315373096937951234
1315375038250586114
1315375328710348805
1315377968026451970
1315379935972818945
1315381509117935618
1315389338818162691
1315390119164219398
1315393015108771840
1315396756704813056
1315399026989293568
1315400641452404744
1315404306300891141
1315408155204034563
1315411604046057477
1315545676269449216
1315550509261107202
1315551777706647555
1315552784259801088
1315553032663433216
1315555549300350976
1315559125988892673
1315559816769798144
1315561014495186944
1315561688570245121
1315562355846254592
1315562921083252737
1315563315939155968
1315566404402327552
1315567559522033665
1315569429443497984
1315571745370316800
1315572898929803267
1315573240299950080
1315575783860195328
1315576238422065154
1315578305471447040
1315578553841352704
1315580572648050689
1315584773033734144
1315585652386398208
1315586950968082433
1315588136857202688
1315589477230936065
1315591915983822850
1315592620899536896
1315593669697769473
1315594209865469954
1315595350493757442
1315597468944470016
1315598528014622720
1315600688995610625
1315603686060699648
1315604258553815043
1315605157703495680
1315607766854250497
1315608092932014080
1315609407795998721
1315613667287859200
1315616133018456065
1315616690152112129
1315617989505449985
1315620093292949505
1315620334058508288
1315621666496696324
1315623603644387330
1315624318014025728
1315627041388199937
1315628772708810753
1315628772708810753
1315633107148705792
1315633381305135104
1315635119718387712
1315635503954374656
1315635831676133378
1315639504213082114
1315641113810739203
1315644384281604099
1315646722278817792
1315647394416074756
1315648621925277696
1315651391940067330
1315652272970436608
1315653558973403138
1315657750840594432
1315661430251716609
1315665082022588416
1315669504161189889
1315672309211029505
1315675895131254786
1315680134200950786
1315683754153775104
1315687421938462724
1315687459326513158
1315691224414793734
1315695282093469698
1315698750044610563
1315702644808318977
1315706630386970625
1315707104502657027
1315710024275103746
1315711187166859271
1315714219774537729
1315722081884147715
1315725170217119744
1315725775451152385
1315727958208806915
1315730135828631552
1315732276269981698
1315735028505153544
1315736456648953864
1315736793623547911
1315740773250465793
1315747847560626176
1315747868230254593
1315749481938378752
1315751807919050757
1315752606162210818
1315755369151426563
1315759148806533121
1315761899640893442
1315763111249543174
1315766861146062848
1315770578700300294
1315773991831900161
1315885968512225280
1315886723776344064
1315888999580545024
1315890576198455297
1315891516326449154
1315892610674896896
1315894207702335488
1315894965487140864
1315895419172462592
1315897885058379777
1315898072954744835
1315900755379879938
1315901331182297088
1315904890183602181
1315907526827880448
1315909514986749953
1315909924040433664
1315910309127827456
1315910695951765505
1315911215227510784
1315911622909665280
1315913165373427712
1315914135058743296
1315914975630811136
1315915172385443840
1315917907277352961
1315920802303414272
1315921463765942272
1315921765382660098
1315923980197470208
1315925955404353536
1315929005800001537
1315931739848663042
1315932788164616194
1315935304843497474
1315936767502155777
1315937821467856907
1315941109193945088
1315941794010497030
1315943270963437569
1315944707814494213
1315945622860513280
1315947887717568512
1315948286273093633
1315949469326868481
1315950111734870016
1315952129874505728
1315955442670018561
1315958923376103428
1315961980499394560
1315962407655747584
1315964245830402049
1315964943355842560
1315965537260900352
1315965838965583874
1315966366529314816
1315968020666216449
1315969278944841734
1315971192302571522
1315971796080955392
1315974312311099395
1315974368992911361
1315975149246652417
1315976828637442048
1315977124839391236
1315978334531203072
1315979172225974274
1315980081014210562
1315980855118983169
1315982766064971776
1315983242189778944
1315985644179484676
1315987065788665857
1315988153119858688
1315988806101762049
1315989420970053632
1315990669719228416
1315992148328808448
1315992623178493952
1315993188448923648
1315994288719880192
1315994601715572736
1315995702917394432
1315996992095637504
1315998219751620614
1316000026980687873
1316002141945896961
1316002947587862529
1316004067278192640
1316005957084741636
1316008160759410688
1316011008247226369
1316013405136850945
1316014489062395904
1316015364610813958
1316016264901320705
1316019107003879424
1316022390539739142
1316023121007140869
1316024736137142275
1316024903389179908
1316027263691960320
1316028921708711936
1316030727503319042
1316032807098085378
1316034113443426308
1316035854859669515
1316036474920407040
1316037784700948482
1316038824162717698
1316039194146492417
1316039789062303744
1316040332342104065
1316040755450916865
1316042976855023617
1316045521237270528
1316046105042464768
1316047066385256448
1316047891287412736
1316048500019417089
1316049633697845248
1316051023363006467
1316053258004242434
1316053826353459206
1316056105202733057
1316058950568206336
1316059875915509761
1316061135007698944
1316061363270291458
1316062488383942657
1316065272206417921
1316068889722261505
1316069107436056578
1316070751171215362
1316071762485010433
1316072459590868992
1316075889042620417
1316076240831492106
1316076402706460680
1316077035954077713
1316079041422790656
1316080308094148612
1316083792424116226
1316085751042510853
1316085751042510853
1316087840980299780
1316091788160049152
1316095108161265664
1316095254815223816
1316099509622054912
1316100765732216832
1316101035149201409
1316101333624279045
1316102708965896192
1316103425185251328
1316103469204418561
1316106435823099906
1316106690945835010
1316107523410272263
1316110207408386050
1316110328908976139
1316111526609158144
1316113983582085120
1316115356180779010
1316115475747819521
1316117757298200577
1316121535485079553
1316124937191673856
1316125307108126721
1316129082090819584
1316129139137687554
1316136379923877888
1316136426787004419
1316159211391385600
1316200361355603968
1316219436219748352
1316230604887863296
1316236878987898881
1316243020908552195
1316259182304210945
1316261133867769856
1316261202297868289
1316263052921188354
1316263741823086593
1316266235579883520
1316269383589781504
1316271017065615360
1316272374552109056
1316272422652387334
1316272481766957056
1316275269934764032
1316275613167214594
1316278502165970944
1316279455472586752
1316279600788516866
1316280032227098625
1316280685716475904
1316281412618776576
1316283107985838081
1316283357077135366
1316283893553795072
1316284175666814976
1316284334547099648
1316285119502708737
1316287878431830017
1316289787284815873
1316289841013968898
1316291821954371584
1316293414657245184
1316295176285941765
1316296686176620546
1316297368153788421
1316299215417544705
1316299379448315905
1316300346147434502
1316301449631014913
1316303175939436546
1316303984571879425
1316305430008811520
1316305997460193280
1316307375595368449
1316308142016417793
1316308514202103809
1316308665398423552
1316309876663095302
1316310189671358464
1316311785448800257
1316313845913313282
1316314302211485696
1316315536654053376
1316316082286792706
1316317473545818113
1316318711951888384
1316319814944780290
1316320149381804033
1316321600178921473
1316326251313999873
1316326498660503554
1316329056862973952
1316330408431157248
1316331918183424001
1316332012396072960
1316334791994814467
1316335693203873794
1316336431892230145
1316338215641587715
1316339578396082177
1316340440338137088
1316340984175906818
1316343085878702081
1316343640223031302
1316347310889144320
1316350408948887552
1316350932037365760
1316351194206474241
1316352489164242945
1316353617167880193
1316353829001199619
1316355070934446081
1316355190438735873
1316356481676177409
1316357335867174912
1316358565720928257
1316359597083459586
1316359924851650562
1316362117189111810
1316364096565129216
1316365490919477248
1316366048405458945
1316368008693059585
1316370149998497793
1316371564225540098
1316374334412394496
1316376713740386304
1316381833907638272
1316385779803979777
1316388348479639552
1316389651112919040
1316392348855799808
1316393005994184705
1316393658825011200
1316393969182478339
1316396018670481408
1316397097940377611
1316399645178949632
1316399677198266370
1316403002991878145
1316403669076709376
1316407286462586882
1316408674647044097
1316412197925384192
1316412452003872769
1316414752827080706
1316415972312526849
1316419222722023425
1316419877352230912
1316420385399877632
1316422060726530053
1316423522793615361
1316424415324844032
1316424990326247426
1316427296929009664
1316427384829210632
1316431072347877376
1316435811102085120
1316438534379786244
1316439396439252992
1316439606334763009
1316441137964445696
1316441701171462147
1316443006866731008
1316443853575028738
1316446171523624960
1316446257343352834
1316449313870970882
1316450238694072326
1316450336949796865
1316453722373971969
1316454952684990466
1316458488265150465
1316458869669888018
1316459980317483009
1316460527250530310
1316461270472613889
1316465045879042048
1316468822703058952
1316470589608128512
1316472595353485312
1316472704749449216
1316473612476579843
1316476371586048000
1316476543548428288
1316476978040578053
1316480145130217472
1316483923396890630
1316483988031189002
1316483994217861121
1316487371618160645
1316488198025953282
1316491471407714307
1316491561463615488
1316492785453854720
1316496502773092353
1316498767713976320
