1336815943075303424
1336844560417230849
1336850946622586883
1336851407861817351
1336852929295183873
1336857672847486976
1336858843217711105
1336860169217527811
1336861813003014144
1336863307798519809
1336865919440588800
1336871048596242434
1336871082008010754
1336871321456656386
1336871798638407680
1336875204090318851
1336877637650718721
1336877732144156681
1336885079897849859
1336886220920524800
1336892814496448515
1336893140318314496
1336893553016938496
1336897890778660865
1336914568866451463
1336918899112079360
1336929986565947393
1336933954633396226
1336938277253730304
1336938791735443459
1336938821426941953
1336945298992558081
1336955779023130624
1336957971633295360
1336958466523496448
1336960826402512896
1336961276778401792
1336961541279662082
1336963380855238658
1336964158521106434
1336966444546834434
1336967941183557636
1336968769931919361
1336969137612976128
1336969961701425153
1336989186239254529
1336992512083259392
1336997184772792322
1336999490679500807
1337003035751399426
1337007520020230145
1337012597900541952
1337016787129405444
1337021329917112322
1337021494405210118
1337046741506531330
1337048582311075842
1337050285626314754
1337053588342894592
1337055138624761860
1337063865591459853
1337064435454783492
1337065772594638859
1337070941231202304
1337080093227720704
1337080312359108608
1337081755778441216
1337097065889873920
1337115543447293952
1337115596962459650
1337117869738401793
1337119224989282304
1337120299024744448
1337122892249661440
1337128288024596480
1337142711187468289
1337143435657015296
1337147196785840128
1337155289078878209
1337162191623966720
1337170434274410496
1337181555362418688
1337184982859595777
1337218276804370434
1337220505066037249
1337225759279104004
1337231615190204417
1337232832431734787
1337236967231160321
1337237089469939712
1337243269135097856
1337248314115252224
1337252899475259392
1337272199841894401
1337285485366976513
1337298810272268288
1337304539460845569
1337306265941233665
1337311608276566016
1337317090278064132
1337319262944260096
1337319966412926978
1337321428916391937
1337321487175315459
1337325139470401537
1337332880825962496
1337333447614820352
1337336687806955520
1337337879526137857
1337341779582930946
1337344549618737152
1337348726487019520
1337357790671605760
1337359604171214851
1337366988939661312
1337368740262907906
1337370160303226881
1337370725204643841
1337380679986761728
1337384254477484032
1337387686491918336
1337393895592718339
1337397763307229184
1337400411574075395
1337403123275427840
1337403502830575616
1337403890568871936
1337405282662563844
1337407606273392640
1337412289469640704
1337412472462962689
1337424089867198465
1337442492396888064
1337442614094622720
1337444636596424704
1337460084855562240
1337471004063383554
1337477594900357120
1337477594900357120
1337485644688343040
1337503165508276226
1337509513214083072
1337512285951021058
1337513755572199424
1337516496235290624
1337548467279855621
1337550456394944514
1337567664462385154
1337568254890405889
1337580720798093313
1337583882724511745
1337594972564942848
1337595382344257538
1337599963572781058
1337600156561076224
1337607266405531648
1337609254333677571
1337614922172121088
1337615510981074947
1337622346560020480
1337626598502088704
1337628120824782848
1337631661983375360
1337633479383642112
1337639489489960964
1337644687868395521
1337646806386130944
1337647062976847874
1337648033496907777
1337649215560798208
1337654862511628291
1337658483575906305
1337661198901202948
1337671177842528256
1337671366246461441
1337671629107679232
1337674153877413888
1337684679017734145
1337689967212908545
1337694001978167296
1337697588640763904
1337704699131166721
1337710669253074944
1337713447979503616
1337714629171023874
1337718014595121152
1337751033842319361
1337751280773603334
1337751477381566464
1337752222193516546
1337754308616413184
1337757565195710466
1337775614325972992
1337780193163837442
1337784161680035840
1337786560796717058
1337788866518925312
1337789322016169987
1337793133355003904
1337793799305641984
1337797248697004034
1337799227221499904
1337800817663823874
1337801324809781249
1337804958846992384
1337812053457731584
1337813107956097025
1337821419787284481
1337850224727900160
1337852981740367873
1337867442987515904
1337868364929110017
1337877453834883073
1337912363069018112
1337938449219796992
1337938987520937985
1337941752565514240
1337941876532367362
1337946776930697224
1337951615630729219
1337952642283139072
1337958502111670272
1337958638967640069
1337958886821613569
1337959623362400256
1337967769715818497
1337969738257817601
1337971883463995394
1337981452235894787
1337987058418163713
1337987187204268033
1337988675225878532
1338001732882743298
1338018817750958081
1338019272975478786
1338029458809184257
1338029574609727488
1338029943163244546
1338043837655130112
1338043983583272962
1338047310341664768
1338048963413327873
1338049519921942528
1338051960990093319
1338056084209115136
1338057909272420353
1338076750455009281
1338077585390018560
1338085311331463169
1338095692925956096
1338097698373681152
1338098740394160130
1338100094868975618
1338103880110940161
1338105268660400130
1338110799508766727
1338123771513765889
1338133581260943361
1338134339058470912
1338140476612874241
1338140887755288577
1338144209321119746
1338157281339342849
1338165497687232512
1338173554110566402
1338191116403761152
1338197277815439361
1338203583167119360
1338229695008002048
1338243888755052545
1338258458395611136
1338260854412722176
1338270361834508288
1338275371817418756
1338310757138669569
1338313180372586501
1338320048398602240
1338338383244869633
1338342484401741825
1338346888668409856
1338348583876116482
1338365293790281728
1338366180663279619
1338369025856794624
1338370734633054209
1338382697018757120
1338383909701124096
1338385186182975490
1338385815458574336
1338391423318573058
1338396346231840769
1338400738041421825
1338401700344819712
1338403995191132160
1338408414200795136
1338415465551462400
1338423224833490944
1338423918739087361
1338424863933886464
1338441289574932480
1338445105468854273
1338445691102797825
1338447487204352000
1338461224028147714
1338462075622805506
1338477932293996545
1338492880688562177
1338493475084357632
1338505302581252097
1338507158539751427
1338513660457570309
1338514214437044225
1338514558231531522
1338517701786943489
1338519597977309184
1338521327255220224
1338529619826262019
1338550016722436097
1338562449461575680
1338566575788498945
1338578347937333248
1338582809305202688
1338584937088176128
1338587804486397952
1338587865991692289
1338591869538762753
1338595378954792961
1338613607404224512
1338619935715520512
1338635394284355585
1338640030600859648
1338642959122591744
1338666723990335488
1338670269527777280
1338672635379478528
1338674391068991490
1338674426053685251
1338678887295844355
1338678887295844355
1338681714290225153
1338682804314378240
1338688190249517059
1338690158405668865
1338694555357442048
1338702180316934145
1338710757727371265
1338715969007411200
1338716738318262274
1338716954681479168
1338717177411616770
1338717328381382658
1338722869597986816
1338724353576296449
1338733585235251200
1338734052203876352
1338734393158856704
1338742046153031681
1338747494260346881
1338748944440967168
1338750897338236929
1338759006609805313
1338768937580818433
1338772906642268161
1338773739140337671
1338773964840030209
1338774849276166145
1338775809809473538
1338777039139086337
1338777991472562176
1338779845946269701
1338782662320746496
1338785203238539264
1338787529319837698
1338789537967828993
1338791927462854656
1338793573467090946
1338803844751355904
1338805455687090176
1338807977294274561
1338808182420828162
1338810149415182336
1338812706678161408
1338814333539635201
1338819606731841536
1338825884287991808
1338842568272932868
1338857458702249984
1338865765634564107
1338866209995931655
1338867221423038465
1338867328012828675
1338868840076173312
1338869433003995137
1338879163512496129
1338879982693613569
1338890021063954434
1338900075301404672
1338915842184998914
1338920437867134976
1338926392335953920
1338935110846926848
1338943799154753536
1338948150279565312
1338965848543793152
1338973086419316736
1338989344254660610
1338998851328376832
1339004141847207936
1339014451337461761
1339021614210420738
1339021999738298370
1339022311509245952
1339030032728002560
1339031501455822854
1339032616788320258
1339037515341185024
1339037660006903809
1339039193813512193
1339043100811935746
1339050131123892224
1339053441532870656
1339066210030272516
1339071205827964928
1339072307709427712
1339074674714558464
1339084241016037376
1339084927694819328
1339086729098059776
1339088667030122497
1339092066224128000
1339098246224867329
1339098650660667392
1339100956667957249
1339101317520748547
1339101480981200897
1339103098569015297
1339103900385771522
1339108332745854977
1339113182535675905
1339116154497892352
1339121269350912001
1339121655956733955
1339123617838198784
1339125937724477440
1339128432370716676
1339129344132751360
1339141274339659776
1339141733121052673
1339154549009833984
1339169374574276608
1339171069555482624
1339171279417397251
1339174684709941249
1339178061061767169
1339182523922857984
1339184357987106818
1339184588027916288
1339189846875619329
1339194885983719424
1339198910997225472
1339203446721810432
1339203653450657792
1339206932058365955
1339213982050054152
1339222739672973312
1339225155709542401
1339226107728392192
1339231575205015554
1339235042711621632
1339245328436846593
1339245393880653825
1339253476287631360
1339254502268882946
1339272248327249920
1339280299016953856
1339283224611049472
1339286365255548929
1339287413072400384
1339296678495469568
1339305640489971712
1339309927018364928
1339312346708103168
1339322460684992515
1339325669419884544
1339328925600608256
1339331827324973056
1339337697832255488
1339338773604122624
1339341401687875585
