1309077700695515142
1309125219530018818
1309154030086742017
1309154679557894147
1309162504665341952
1309389145706500096
1309411664144543744
1309432916703940609
1309599926045810690
1309764739254415360
1309769428104548352
1310133732045656065
1310159404851961856
1310184877229330432
1310559650702667776
1310862717432074240
1310894088535920644
1310958686358122497
1310958691609456640
1310963877748842497
1310982346750021632
1310996763810111489
1311256605007269888
1311284964978237442
1311302387777273856
1311344234910359552
1311383212640350208
