1308893282198589443
1308902460124209152
1308907115382267909
1308947539052425216
1308947688331894785
1309115417420615680
1309123800861151237
1309146476732440576
1309153185689411584
1309153977314013186
1309175828358496257
1309199692232884226
1309203814042525704
1309213908603994113
1309223589300797447
1309223591750365184
1309226576085684226
1309236904970387463
1309236912486600711
1309252842776133632
1309273911243280385
1309471286729506816
1309488800083607553
1309490275438428160
1309502588430307335
1309507508407537669
1309517264543264768
1309527679415324672
1309563594372190209
1309576029426667521
1309592904688689156
1309609098141462529
1309621199463481346
1309636300350214144
1309839397966225410
1309848711661486080
1309866577513324549
1309899130802704385
1309908091585003520
1309938304268279811
1309968487931154441
1310006239938727936
1310190345653760000
1310227767187968000
1310242954850828288
1310255826439999493
1310301929797550083
1310301928346333187
1310332764693180417
1310354309767454727
1310502970006679553
1310502985189994497
1310527207526346752
1310534325457367044
1310572889574387717
1310583347601723399
1310592988393943041
1310598983157456897
1310610431032143873
1310618045350653955
1310627497185337346
1310656581642706944
1310660798461730816
1310666635683000321
1310673730759262209
1310673819724582919
1310673864200982532
1310682565330731009
1310729596418039808
1310886478935924736
1310927344790654976
1310937628787838976
1310942445031641095
1310957542131015686
1310976317236576256
1310980215628275713
1310995271459971073
1311014395976220683
1311020686824157185
1311025666096353284
1311042600661594112
1311043023623671808
1311048134429155328
1311054584085872640
1311064109010563074
1311080314907885568
1311100683421192192
1311196748501614593
1311200176527343621
1311207601284186114
1311219047086915584
1311255952230952966
1311274827634835457
1311282148226236416
1311289736313659393
1311290999642169346
1311305054041890818
1311318151028764672
1311318218729025536
1311319923013156865
1311337455572914176
1311342776680939521
1311358253054427136
1311381493294526468
1311388020529135621
1311398571204382720
1311404631805825024
