1308893007484252162
1308897862659584007
1308899443475972097
1308900254352396288
1308902252288135169
1308908528095158273
1308911324999581696
1308918569464401921
1308918821080756224
1308919073179394050
1308920582696828933
1308929139219615745
1308935181345193986
1308943231967780864
1308948013604368384
1308960684231856129
1309139741858816002
1309153414375452673
1309162331427999751
1309177928085798913
1309181855493623808
1309194691401965569
1309201503513649154
1309218325587689472
1309221875898347522
1309223582900330498
1309229153800069120
1309230150635130881
1309231156483760128
1309232183610159111
1309233145435303937
1309235321310044161
1309236021595377669
1309241163178807296
1309242025670311937
1309242730162388992
1309244013048930304
1309244747287015425
1309245250582597633
1309246007222382593
1309246763442884609
1309248018714157056
1309249024181121034
1309250791895638017
1309252549673918467
1309254310082023426
1309255317432283137
1309256323658379265
1309257483370856448
1309260877670031365
1309261114409136129
1309261132251750400
1309262422486777858
1309265150180982786
1309265962131247105
1309265972201754624
1309265981412442113
1309268398367481858
1309270891168182272
1309271897826381824
1309291516360359938
1309291605933916161
1309295553994518529
1309296308885368834
1309298070371348482
1309298070371348482
1309301769512587264
1309485553319116802
1309490337262579712
1309496626420080643
1309511136673501184
1309515002659954690
1309517015699390469
1309522579707826178
1309525597127938048
1309539410820689922
1309541173187444736
1309553504382574593
1309597292119437327
1309639222916247552
1309673115807612933
1309865338184577025
1309875006550269953
1309880278631026689
1309885735529517057
1309892445694578688
1309907878199939073
1309911342216867846
1309918903397736449
1309924699342766080
1309958907255812096
1309961832308768768
1309962890376552449
1309965870815416320
1309966732291960835
1309967512721858563
1309968858397241346
1309969796633636864
1309972732235386880
1309973800822374402
1309973995400331265
1309974805848956929
1309975847516938240
1309977865996337153
1309978856783253504
1309980367043137536
1309982106244837376
1309984624194527232
1309985904057085952
1309987138818256898
1309988784872796171
1309993429984780293
1309994277280378885
1310003719975690240
1310004978367561728
1310006236960747521
1310007494748573697
1310008249849180161
1310009256427565056
1310010011343622144
1310011018144346112
1310012276376842240
1310013282892251136
1310014289529450497
1310015296258871296
1310016302900285440
1310016806061568000
1310027632495427584
1310036546771464193
1310242289114062850
1310243298687283208
1310245980537839616
1310251406457274370
1310258398349398016
1310259404701392898
1310260411573448704
1310261418013454337
1310262424524804096
1310263431241650176
1310264438189174785
1310265444767617026
1310266451077591041
1310267457681137671
1310276517608423424
1310286835621527556
1310290750450663427
1310306464741949442
1310306748624928770
1310320815209095170
1310331379851210754
1310337105298681858
1310337450313736197
1310340270240731137
1310366614689394691
1310374916001280000
1310375922407804928
1310376929036578816
1310377935635963904
1310378942398959618
1310379949006770181
1310380452251930624
1310381207432110080
1310381710673170437
1310384227280728065
1310385233670397956
1310572719457665024
1310573726002536449
1310574732832657408
1310575739251589120
1310576745742041094
1310577752450502663
1310578759196606466
1310589076983119872
1310598197354655744
1310603703590825989
1310607697402830848
1310609994635718656
1310613991341912065
1310625085997359104
1310635286767042561
1310637401304428545
1310644441871527939
1310645446222766082
1310646452868313093
1310647461787176961
1310648468961136646
1310659292094181384
1310666492363464705
1310671338634444802
1310672387139145731
1310672657470361602
1310675233620348931
1310677464327303171
1310679162567438336
1310681239637065729
1310683280606453762
1310685264449359873
1310688227779641346
1310689488918720512
1310689740321107975
1310689991912296448
1310690243679584256
1310693261275783169
1310693515144425484
1310693766899150848
1310695780265717760
1310696031596707840
1310696283573805056
1310699554975756288
1310700810645508096
1310701468077490176
1310701714245386242
1310701787532361728
1310703330159714305
1310709369491861507
1310737557928456192
1310744853656096768
1310746109552340994
1310747370095808512
1310748628278013952
1310749295579205632
1310759198083493888
1310953692850458625
1310960545529507843
1310972731995885573
1310974421872660481
1310986700143853570
1310995754111172611
1311027803685564416
1311033254498177033
1311035519380393984
1311038541707739136
1311051631199477762
1311056907357093888
1311058165740507136
1311059426204356609
1311067479620431877
1311068485938798592
1311069492760449030
1311069744242581505
1311070750993002498
1311071755272966147
1311072764284018689
1311073032245587970
1311074566299619328
1311075284997869569
1311086701561995265
1311092142002053120
1311093651997687809
1311103466660655106
1311305296862740480
1311306806547877888
1311307812958543873
1311358870615396353
1311360163530641412
1311371731936989184
1311386892206854147
1311392876958543873
1311394890027339783
1311396903037423616
