1336808180358275072
1336808442397401091
1336809177159786496
1336810931133837315
1336810931133837315
1336812435567759362
1336812440038875141
1336812925974097927
1336812930931838981
1336814426033414147
1336814437035089921
1336815707363962882
1336815714070564864
1336815967326908421
1336816196746956800
1336816508270505985
1336817221381853185
1336818060506910720
1336818065548435457
1336818289402634242
1336818292628000769
1336818541518000128
1336818552607813634
1336818787312660486
1336818793935495170
1336819040334077957
1336819046218690560
1336819292134907905
1336819297855938561
1336819538139213826
1336819541209387008
1336819801910632448
1336819807065432065
1336820026469470210
1336820040600088576
1336820274717659143
1336820309828243457
1336820522320097288
1336820527848153088
1336820768735440898
1336820765954543616
1336821020662132751
1336821024827060226
1336821261285138433
1336821265500352526
1336821508493234179
1336821523265572866
1336821761539764224
1336821765423714308
1336822112787566592
1336822118911193096
1336822356921159682
1336822359903363072
1336822603407904769
1336822608055193600
1336822610768912384
1336822851886870532
1336822857205215235
1336823100042829827
1336823103758995458
1336823340653289472
1336823355610116102
1336823363701010434
1336823589140566017
1336824089823076356
1336824093816000515
1336824091836354560
1336824346661302274
1336824349152645121
1336824613037363200
1336824619634921473
1336824615683960835
1336824868348829699
1336824881292435457
1336825118761365510
1336825121739321346
1336825358218371072
1336825368284721153
1336827154378747906
1336829914054619137
1336830659646599168
1336831408761925633
1336831413144969219
1336831909008125952
1336832888508215297
1336833201097076737
1336834020496257024
1336834028893315072
1336834578087092228
1336836488567398400
1336838416240168961
1336839527277662208
1336841997966077957
1336844627748458502
1336845865026252800
1336850975978614793
1336856059454099456
1336860526513676289
1336865601772523521
1336870119251865603
1336874857829703680
1336878960362344448
1336886192856588289
1336897883212312578
1336899466088026114
1336901470428553216
1336902994219184128
1336908114541555714
1336908116223463424
1336909736311205889
1336912988842975232
1336915157058981888
1336918219370729474
1336922474294939652
1336922485602865153
1336924314541678593
1336925870292918273
1336926367062089728
1336928734998372352
1336930123094908929
1336931255842168833
1336931748131835908
1336932710372302848
1336933251341017088
1336933811410636804
1336935101318504449
1336935960689471489
1336936374562410496
1336937683701075968
1336937699983417345
1336938002971504652
1336938437581164544
1336939007981342720
1336939301595131911
1336939522517577728
1336940103780937729
1336940566328827907
1336940796055064577
1336940793609793536
1336941358922293252
1336942220042248194
1336943279754125312
1336944075765932035
1336944394096824321
1336945205753368578
1336945656280313857
1336945703835283456
1336946454909362177
1336947249226649601
1336947814161641473
1336948310528110592
1336948841455742976
1336949071060328448
1336949522908413954
1336950107334389761
1336951656639041537
1336951764621402113
1336952222077366273
1336952760365948929
1336954027393871872
1336954508329488392
1336955258166243328
1336956394596130816
1336957448515706880
1336958392284409856
1336959068062314498
1336960372499165186
1336961606782234624
1336962210313199618
1336962709863198720
1336964062429794304
1336964567881146369
1336965364069130240
1336965958632615939
1336966453086593024
1336967863576485893
1336968906456641538
1336969346451722241
1336970084049440770
1336970605816668161
1336970955416088576
1336971720679432192
1336972240542441472
1336972248222150656
1336972989062139904
1336973724470403072
1336974562676903936
1336975383166586880
1336975517057224704
1336976071540006912
1336976575707930624
1336976982647713792
1336977618932011015
1336977858883973121
1336977958611857408
1336978211842961408
1336978346220072962
1336978766833311745
1336978895376175104
1336979185269694465
1336979328530264064
1336980902426054659
1336981727445704705
1336982255022055425
1336982255022055425
1336982345086361601
1336984020618530818
1336984109277720578
1336984711026122752
1336984935777832960
1336985723854000128
1336985780288434177
1336986631715385344
1336986709993590785
1336987906091704320
1336988785402372098
1336989383916998656
1336989389268905985
1336989934142558213
1336990042405941250
1336990156159643648
1336990337085083648
1336990364826279936
1336990833590099968
1336990969057710081
1336991035701010436
1336991683800653826
1336991850788499456
1336991991213805568
1336992304876253184
1336992493120983041
1336993057691095040
1336993613318942721
1336993859759386624
1336994540788576256
1336995104645656577
1336995389011087362
1336995661280063489
1336996715900055555
1336997889499926528
1336997906075815937
1336998907495280646
1336999397335453696
1336999973062369281
1337000482875854848
1337001283329339393
1337001307866079239
1337001839917666304
1337002200250392585
1337002906407604224
1337002910803169284
1337004426792415234
1337005689919713287
1337005689860976640
1337006944268259330
1337007485002113035
1337007654120660992
1337008013706715136
1337008409695178752
1337009298153607168
1337009738458992642
1337010759218434050
1337011413345325057
1337013215130218496
1337014135037571073
1337015767678799874
1337016584091668480
1337017003190652929
1337018224400076800
1337018282969358339
1337019678863011843
1337020658677592067
1337021291669442563
1337021406245249025
1337021759397179394
1337021966033809412
1337023146034073600
1337024384851193856
1337026038308753409
1337026902226313217
1337028373827252224
1337028541507117057
1337028608980885506
1337028749863374849
1337029451000008707
1337030179991015424
1337030966460772354
1337031375216648193
1337032104484409346
1337032284130734080
1337033439070085122
1337034222188589056
1337034470403280896
1337034665018974212
1337036037718220800
1337037025896181761
1337037934403457030
1337038564664741888
1337039302514110466
1337039460798705669
1337039579250094080
1337039724956016645
1337040164212912129
1337040879782125573
1337041005774856197
1337041250051121156
1337041532755595271
1337041794194935808
1337042176937779200
1337042181882777610
1337042726517399560
1337042905819717640
1337043297014079503
1337043924289015813
1337044573466615810
1337044585051283466
1337044921593835525
1337045282266222595
1337045883855245312
1337046027740848130
1337047057333411840
1337047194013233157
1337047191739916290
1337047389648150531
1337047594770501641
1337048272347820038
1337048604381487105
1337049393816604675
1337049773283676166
1337050430577254405
1337051084175659014
1337051791658278916
1337052378697248769
1337052682339708929
1337053430582554628
1337053490556899331
1337053572937166857
1337054115856257027
1337054413391802378
1337054999101267970
1337055151752941570
1337055263417905154
1337055376097890305
1337055751391629316
1337057201358245891
1337057198598483968
1337058033143345152
1337058815238410246
1337059825436532740
1337060475398467589
1337060905675272193
1337061231983734786
1337061577200177161
1337062297219575809
1337062940927782914
1337063559692513280
1337065081436327938
1337065477185662976
1337065571968569344
1337066723275665411
1337067300961349632
1337067512085745664
1337069944547184641
1337070792736206849
1337071143002529793
1337072135064461313
1337072367445700612
1337073466479140864
1337074809725923332
1337075890912702465
1337075895031508992
1337076005723402241
1337076293406511106
1337077435045720064
1337078138128523268
1337078161822150660
1337078836245229569
1337079959823785993
1337081162636939265
1337081168433475584
1337081535573450758
1337081760581038080
1337082830778753024
1337083464563167232
1337083602740387841
1337084649131143168
1337084882372194304
1337085241144578056
1337085720121532422
1337086313670078467
1337086331793633286
1337086567995887624
1337087313076215811
1337087335670878208
1337087959519129610
1337088293570273282
1337089789888237568
1337089794569101314
1337090145137422337
1337090482359373827
1337091421313044481
1337091919223132160
1337092411437309955
1337092969409765382
1337092969409765382
1337093410394660865
1337093852755341314
1337094156267696128
1337094939184934920
1337095394120101890
1337096173346238473
1337096249405747200
1337097454823600130
1337097805807104000
1337098713374855173
1337099912106962944
1337100965275635714
1337101155160256519
1337102430006370312
1337103376732057603
1337103627412975616
1337103788281356289
1337103911925256196
1337104899650314251
1337106160701362176
1337107368476356610
1337107953585885185
1337108739325833218
1337109975261470730
1337110717758132245
1337111204674887680
1337111216381157376
1337111452382076928
1337111459856338948
1337112447115780097
1337112963279446017
1337113697131638788
1337114169565450248
1337114910262747138
1337114914058625024
1337115169533669378
1337115175330209795
1337115920448315407
1337116414021255168
1337116914229841920
1337117660170084355
1337118457276588034
1337118696813318144
1337119393369759745
1337119999794810887
1337120743033810948
1337121255825297410
1337121742838505474
1337122245987143682
1337122492729667591
1337123966612365315
1337124706999267331
1337125289546174467
1337125782150320132
1337126087394988033
1337126275438276608
1337127515232620552
1337128007815852032
1337129001010294785
1337129485431345179
1337130222567772160
1337130968495296526
1337131464304046096
1337131962306334726
1337132704266153984
1337133235898347526
1337133238813405186
1337133237303382016
1337133242684674048
1337133241044791297
1337133748798812162
1337133764556754945
1337134334080331783
1337135353745051648
1337135828590596099
1337136526099161092
1337137015058550787
1337137758582824962
1337137886555222022
1337138249635160065
1337138572311343104
1337138861084971009
1337139357350830080
1337139857697681414
1337140124233199618
1337141391508590598
1337141895269642240
1337142631936237572
1337142880708800512
1337143873206964227
1337144363307184133
1337145135340072962
1337146383539838978
1337147121863110660
1337147931271589888
1337148137664811011
1337149377228517376
1337150141816573956
1337150362478907395
1337151848449519621
1337152116788518922
1337152656318607362
1337152859629084672
1337153463055159297
1337154094914527233
1337155354388525056
1337155950860529664
1337156644468305921
1337157863656001537
1337158602868592642
1337159634835169282
1337160374492270597
1337162846069813249
1337164119405948936
1337165376275288065
1337165525470900226
1337166710240120839
1337166870164754432
1337167862474170369
1337168087112699906
1337168351907504128
1337169105888157696
1337169343927480325
1337169839262216193
1337170361130115072
1337171682923077634
1337171688228786177
1337171929602666498
1337172670052524034
1337173006284705792
1337174251955171328
1337174749986910210
1337175641242873857
1337176139186511872
1337176645610975233
1337177627195478016
1337177867390754819
1337177871761149952
1337178113587998720
1337178120626057217
1337178369859969024
1337178367490224128
1337178606645161987
1337178855786881025
1337179141800685572
1337179148129800192
1337179352790929409
1337179356288970754
1337179604721733632
1337179850868744192
1337179854840729601
1337180138535063553
1337180143555633153
1337180393301274625
1337180397805969409
1337180653012590592
1337180659333419008
1337180899943780352
1337180905627152384
1337181145461628928
1337181150704529410
1337181393332342787
1337181398097145857
1337181647851167746
1337181655094669314
1337181880295305216
1337181885211037697
1337182138131689472
1337182143261380608
1337182382861017090
1337182386308739072
1337182626638147585
1337182630555607042
1337182876002082816
1337182880812961795
1337183131586224130
1337183140205514757
1337183370959331334
1337183374465773569
1337183621250232321
1337183630725181440
1337183628007256065
1337183949710352385
1337183945931296768
1337184197031718912
1337184203155312643
1337184444319473664
1337184440850796546
1337184689497501697
1337184694564253696
1337184936604950529
1337184941105418249
1337185187134889984
1337185189563338752
1337185445927587840
1337185443134234625
1337185745824600064
1337185757782564865
1337185946199072771
1337185942650679296
1337185942650679296
1337186185672798210
1337186191259602945
1337186431727497219
1337186429219332099
1337186435099734017
1337186438241259520
1337186680894328832
1337186685537247232
1337186935857684482
1337186942895714306
1337187175079796738
1337187171913117699
1337187729998802948
1337189016484114432
1337190204260675585
1337191700033384449
1337192935931191299
1337194708217552897
1337195744969814016
1337196861166395393
1337198201242324994
1337198198495072259
1337199400792285186
1337200965422870530
1337202346116468736
1337204073431519234
1337205582336577537
1337207927468412933
1337210161652527104
1337213238812028928
1337214715123150855
1337217006014259202
1337220735622926337
1337224481547423745
1337224806937333763
1337226486210850822
1337228222203916289
1337229978044391434
1337231499167461377
1337232740337541123
1337234496391876608
1337235734793744385
1337238630377664514
1337240690288451597
1337243417512914948
1337245416279207936
1337246901746458625
1337250954496847873
1337256592287420416
1337258491619241985
1337260042727337984
1337265662931111937
1337266112799629312
1337266116767444993
1337267105712967680
1337267608295452673
1337270192544624640
1337271931695996928
1337273474457497600
1337275296437956609
1337277046112837633
1337278329720856576
1337278333881606144
1337279318410530816
1337279316539944961
1337281051522117633
1337284587559510016
1337286076931727360
1337288600686301184
1337291193965813760
1337292396221042688
1337292886249893888
1337294114791043073
1337294173838389249
1337294972903624704
1337295716104933376
1337295965418647552
1337296210466648064
1337296766224502785
1337297010609836032
1337299294232203264
1337300157453447169
1337300236235051008
1337301012332367874
1337301313923723266
1337301380541935617
1337301833866502145
1337302322834239490
1337303072540925952
1337303458215550976
1337303834796945408
1337303970210066433
1337304647900557315
1337306582883905537
1337308181521895424
1337310079960436738
1337310790622318592
1337310953898172417
1337311376658796544
1337311873688014850
1337312612355280896
1337313360136839169
1337313873146359809
1337315160898351104
1337315694145363968
1337316449031958529
1337316951190872066
1337317700167749633
1337319109986488320
1337319202579951618
1337320227420450816
1337321428870377473
1337322576637464576
1337323413644382209
1337323923684397059
1337324419799261189
1337325470090747905
1337326328861880320
1337326491072409601
1337327939701137409
1337328442426220544
1337328944366940161
1337329690974048256
1337329934965104642
1337330194105905152
1337330600097820672
1337330961827196929
1337331698590212096
1337332448263286785
1337333610332958723
1337333824708096000
1337335240998653952
1337335740649398273
1337336268066316289
1337337897943506944
1337337973864620034
1337339394831814656
1337339576281657345
1337339618556063746
1337340141262807040
1337340738544275457
1337341348542820354
1337341391098277888
1337341974102339584
1337342638123606019
1337343872733650949
1337344431100489730
1337345135269523456
1337346474758254594
1337346471922978816
1337347085939716096
1337347455327887361
1337347524705853444
1337347762904559618
1337349179576889345
1337350207055523841
1337350775962480641
1337352159399190529
1337352164054888448
1337352493509062656
1337353025342599170
1337353874307477505
1337355119894142977
1337355640268787714
1337355935371714562
1337356645517627395
1337357935714988033
1337358970894184455
1337359230626566144
1337359811902660608
1337360309795876866
1337360811233341441
1337361340822908930
1337362256888213504
1337362265109106688
1337362745927192576
1337363009602203648
1337363221171347458
1337363356529938434
1337364648992133120
1337364782329032704
1337365139641802753
1337365678257528833
1337366712417660929
1337366740221702144
1337367286081085440
1337367984902463490
1337368500185260034
1337368547991957508
1337369324420476929
1337370506962546690
1337370561354280960
1337371805644955650
1337372291613794304
1337374339587579904
1337375124945768449
1337376543534944262
1337376832501506048
1337376832501506048
1337377075389411333
1337377846436610049
1337378035956412421
1337379103540871168
1337379470626484224
1337379807873658881
1337379909564571650
1337380275765071872
1337380773884817408
1337381367475212288
1337382899834871808
1337384382206795780
1337384645109964803
1337386174961360897
1337387678451589120
1337388173966585858
1337388178550960129
1337389710591856640
1337390395081232385
1337391911208947713
1337393209509613574
1337393494655197184
1337394203093917698
1337394389845413891
1337395549352431616
1337396808859967489
1337398282943930370
1337400316011143168
1337400918195757057
1337401102921297921
1337401446241886209
1337401963332444168
1337402514073849857
1337402569585516548
1337403135975960578
1337404483442237440
1337405250559414280
1337405756283490305
1337405753775304708
1337406011410354176
1337406885490810884
1337407391822966789
1337409167791894529
1337409452488712192
1337409996628373505
1337410783454572549
1337412019365044226
1337412876995334145
1337413056549302274
1337413120411787267
1337413318806540289
1337414353855844352
1337414351637139464
1337415016371380225
1337415788412743680
1337417011756929025
1337417160587685889
1337417167466344448
1337418310267383810
1337418538018082819
1337419690570870787
1337419709810171907
1337421130316079105
1337422017562349569
1337423631060754439
1337425192302284801
1337425309730222084
1337426431849148416
1337428502283481089
1337430373685469185
1337432011540221953
1337432312313688065
1337434746851299330
1337435094076821506
1337435455558725632
1337437243670196226
1337438800730066944
1337439410019766273
1337439640861757448
1337442290479063046
1337442593693716481
1337442660034998272
1337444557114531842
1337444856067727360
1337446362607210503
1337447643522469888
1337447831603384323
1337448563228495873
1337449373001715713
1337450309245952007
1337452379332091906
1337453239445430275
1337454014049488896
1337454070479646727
1337454585624076297
1337454771465236481
1337455757122560005
1337456059024363527
1337456737075552256
1337457239377014789
1337457579807698945
1337458522724904962
1337459011839549441
1337459773458046980
1337461007027998720
1337461490887036929
1337462154547634176
1337462977784651776
1337463306928467975
1337463478207066114
1337464561826459648
1337464628549480448
1337464718915670016
1337464721734332418
1337464746568798211
1337466217293107204
1337467458257625088
1337468555877638144
1337469080677314561
1337469821412372480
1337471058706915328
1337471306590277637
1337471597767254017
1337472081483722752
1337472345225785348
1337472566651465732
1337473602917191682
1337474595436294151
1337475086090113024
1337475368769425416
1337476093545230337
1337476879243235335
1337477371256053761
1337478608655409152
1337479869123469312
1337481373754515463
1337481674322481153
1337481893755957251
1337482421395222535
1337482669089828865
1337484484606881795
1337486368386277376
1337487428697907210
1337488094380118016
1337488099371323392
1337488104005963778
1337489395029602306
1337489397038665728
1337489400519913472
1337490634865860610
1337490880542990337
1337490878236155908
1337490882799480833
1337491879798202368
1337492121276862465
1337492616024383488
1337492618155061251
1337492625558040584
1337493494722670594
1337494973219016705
1337495450191093761
1337496194914930689
1337497465558274051
1337498719491665921
1337499694008819717
1337499697993420805
1337500515425521670
1337500755385851905
1337502018404016128
1337502022136893441
1337502955109543938
1337503016765718529
1337503020830093312
1337504325438992389
1337504570629627904
1337505589392515078
1337506589457199110
1337506844068245506
1337508821917429764
1337510559311425537
1337511304987369475
1337511311941509122
1337512044485091329
1337512324131917824
1337513849566720001
1337514877166948352
1337515851197665281
1337516468209131521
1337517208075980813
1337518092835041282
1337518114683162627
1337518180730884102
1337518212901183492
1337519956133437440
1337521930807767040
1337523661486645250
1337523920438767618
1337524159434416130
1337524662759251968
1337524662759251968
1337525160488873984
1337525642011832322
1337526145139552258
1337526895374725120
1337527380802490371
1337527870961442817
1337528363909603328
1337528613827207169
1337529978410463232
1337530600216023045
1337530603177127937
1337531102064472065
1337531606135816192
1337531845093810176
1337532338134274051
1337532840381206528
1337532849654738950
1337533447955488769
1337533695390052356
1337534197519495168
1337534934542585857
1337535440291848195
1337535679937568769
1337535932585619462
1337536425856790533
1337536423604400128
1337536919929036800
1337537406061383680
1337537408749985792
1337537742213935114
1337538274164957186
1337538770254651394
1337539020541358080
1337539516358385664
1337539514022174721
1337539762354352129
1337540264785797121
1337540269210804229
1337540768920113153
1337540775236734977
1337541261516017665
1337541598712885250
1337541845941952513
1337542307462205440
1337542556016664577
1337542795565944832
1337543046393630722
1337543306868379648
1337543564537032707
1337543807349501952
1337544059552980993
1337544539037454341
1337544727302955008
1337545349599293442
1337545355685191682
1337545636519047171
1337545641875152897
1337545824700682251
1337546079689125889
1337546569546084353
1337546573224534022
1337547059029741569
1337547062251036672
1337547572785926144
1337547582990585856
1337547813744467968
1337548315441946624
1337549096823959556
1337550081466228737
1337551565264199684
1337552054169051137
1337562171815964678
1337562905416523777
1337566814499459072
1337572743479521283
1337581240547995649
1337583998785216512
1337591839608725506
1337593253948960769
1337603426553892865
1337608455121739777
1337610939286347777
1337621160612294660
1337627651205455873
1337628889032634368
1337632968517558274
1337638744535539717
1337640473796743169
1337640471699615745
1337647897131835392
1337658194068434944
1337668383081426944
1337672303115702273
1337675021062463488
1337676314380292096
1337677559987900416
1337679068590993409
1337679801449148416
1337680058820009984
1337681055294361602
1337681302133350400
1337682615248297984
1337683104450940929
1337683862336532480
1337684931422674944
1337685213057576960
1337685675672473600
1337686419733684225
1337687659779661830
1337688635584503811
1337688955496640514
1337690211766169600
1337691433386602496
1337692204710629379
1337692453348970496
1337692455391604736
1337692459321667589
1337693938803765248
1337695196990083072
1337695835572858880
1337696309239828481
1337696409169047553
1337697726620983297
1337698217991999492
1337698224547704833
1337698978935296000
1337699744446091264
1337700239755632642
1337700736059273216
1337701477482180610
1337701970530938882
1337702720757788672
1337703304248381440
1337704040873025536
1337705288208617472
1337705775960117248
1337706018898399233
1337706512400125954
1337706933000802305
1337707760377589765
1337708253988401152
1337708501318168578
1337709010468933632
1337710243615301638
1337711476149268480
1337712329392345090
1337712499664293889
1337712753717501953
1337713992442269696
1337715306299596801
1337716053544202240
1337716550409793536
1337717798232068101
1337719073921265667
1337720320904605696
1337721359787384840
1337721639530795008
1337722698873655297
1337723194644574211
1337723862587412488
1337723940014272512
1337724148831973377
1337725429050974208
1337726674264338432
1337727157162946561
1337728644874121217
1337730706982789123
1337732683087171584
1337735311657492482
1337735811513503751
1337738297402134529
1337740524288143361
1337742751237017601
1337744996578037761
1337747521230299136
1337748986611036160
1337750506530344960
1337751761218629634
1337752275838775296
1337753033262985217
1337754327834877952
1337755567952179200
1337755719962157059
1337756794282790913
1337758762908704769
1337758842482987008
1337759408256913410
1337760048622276611
1337760533915824128
1337760599363694592
1337760613611806720
1337761273614913537
1337761767703842816
1337761770786738176
1337763859348774912
1337764373616529410
1337765104822128646
1337765345143136257
1337766954711527426
1337766954711527426
1337768067397464065
1337768972448624644
1337769308907315202
1337769425206915079
1337770572437196801
1337771335460691968
1337771386933284864
1337771756183040000
1337773303562440705
1337773481224790017
1337774334379749381
1337775703236997122
1337775717002711041
1337776938761543682
1337777696433197059
1337778202413064192
1337778688709054465
1337779519973961728
1337779961927708673
1337780768681189378
1337781062894821379
1337781880066891777
1337783224882360323
1337785001920897025
1337785747814944776
1337785752143482882
1337787609699979271
1337787611683975168
1337788695794110466
1337789436076158985
1337790698641354753
1337791960829079553
1337792811673014273
1337792809810718723
1337792814265069569
1337793336523034626
1337793827659259905
1337794565777084418
1337795798227152896
1337795813750222852
1337797055109099520
1337797601022930946
1337798288007950341
1337798617877405697
1337799022896156677
1337799532848017415
1337800944063492096
1337802050768343041
1337804744992165899
1337804853104537600
1337806671868022784
1337809215931494400
1337811426400985088
1337812182680137729
1337812920298778625
1337814654261800962
1337817622084276230
1337818367625998338
1337819707202789376
1337822077114605568
1337824048886198273
1337826521650782209
1337826764886839297
1337829060089622529
1337831004661293059
1337832985224241154
1337835758862934023
1337836011380936711
1337838181081899008
1337840680434094086
1337842413524688897
1337842909329108992
1337844428019523584
1337844919940091905
1337846162615918597
1337846428245372931
1337847889297543174
1337849921161007105
1337851029610766339
1337852269035982851
1337853753710538757
1337855838774550529
1337857321620430851
1337858685956214784
1337859921946308608
1337861215272448016
1337861218808295426
1337861956758278146
1337863739534667776
1337864733031084033
1337864978947313667
1337866219312058369
1337867207125196812
1337868817729466371
1337869317803810818
1337870056416567297
1337871302061854723
1337872538244886531
1337873530738929670
1337874759711924224
1337876324866777088
1337877576665210884
1337878860449329153
1337880045138882560
1337880535406960646
1337882352815665153
1337882596555051011
1337883892070707204
1337884892349296641
1337885128849305605
1337885631305945092
1337886623661502465
1337887608580567047
1337888635992088578
1337889375057817600
1337890361906253824
1337890374531084289
1337891355889164293
1337892198415785993
1337892591451377665
1337893099721420809
1337894576477130756
1337895070100500481
1337896074489581570
1337897060423569408
1337898053618069505
1337899047311601666
1337899788898095112
1337900789633863680
1337901779015655430
1337902475848921089
1337902775280291841
1337903764058087425
1337904499680292867
1337905998351241219
1337906482503966721
1337907234903379971
1337907973377634305
1337908216890474498
1337908713647198210
1337909471033630724
1337909954834026498
1337910215384182784
1337912433697034240
1337913687680692225
1337913938340704257
1337915930165321729
1337917961089265664
1337919717890256904
1337921514033852422
1337923739460247554
1337925349691301888
1337926635232882689
1337928612419432449
1337932430267846656
1337932926986674177
1337935240870957056
1337936117614579713
1337937746862727168
1337940399327948801
1337944298940194820
1337948017836630019
1337949256078987264
1337955639218278402
1337960552170196992
1337963077376102400
1337970766462263299
1337978370324312065
1337985716106760193
1337986442761539586
1337987483431268352
1337988998803951617
1337989000687214592
1337989994233950209
1337993241501822977
1338001013429727234
1338008450622689280
1338015873509036034
1338019840225923072
1338023566156161026
1338027305545895936
1338031035645308928
1338033512620945409
1338034054525018115
1338034818475585537
1338036051806474241
1338037291349110787
1338038586583769090
1338039150877007876
1338039338777636865
1338039838524764161
1338041078063263745
1338041538031591424
1338042325008855040
1338043092834938880
1338043545425416192
1338044289058807809
1338045035045122049
1338046366401093632
1338046366401093632
1338047342663102464
1338047348694507520
1338047356055523334
1338048582767800321
1338049566625718272
1338050066649653251
1338051304623644674
1338052326322540544
1338054160147755011
1338057122509168640
1338057373789904897
1338058716441157633
1338060088066576384
1338062437455687681
1338062642397802496
1338063639224455168
1338063646132482049
1338064453150117889
1338064676790398977
1338065120103108608
1338066367858286596
1338067295382466560
1338069597807915010
1338070661101654017
1338071321230651393
1338072350043099137
1338073830347182081
1338075320566603777
1338075828047974401
1338076313178038272
1338077651404206081
1338078898307944449
1338080223712174083
1338081242303127552
1338082995308269569
1338083747774795776
1338085222705979392
1338085967694008320
1338086462877814785
1338087788927913984
1338088060492402688
1338088870299234304
1338088913337004034
1338088997604773890
1338090724512980994
1338091462421049344
1338092284290732037
1338093629919916033
1338095108441464834
1338096596924379136
1338097347021123585
1338098203414159360
1338098603211026432
1338098961593327616
1338100440555278341
1338101923573096454
1338101937527513091
1338103329017171972
1338104158315012096
1338105396985257986
1338106697810894850
1338108485008035841
1338109733081845761
1338110015715020801
1338111320047153154
1338112832718708737
1338113661081153540
1338114180386353152
1338115201774784512
1338115447930171392
1338117007347232773
1338118018996576257
1338118258566848515
1338118510585782276
1338119849239842820
1338120386781843456
1338121681815162882
1338123275864592385
1338124383634722817
1338126756730040321
1338128279371468802
1338128578253365248
1338129488190840834
1338130532333457410
1338130797728047106
1338131563360423936
1338131561544298496
1338132138013683713
1338133635615092736
1338136403557937154
1338136740322807809
1338137224727195648
1338139141553401857
1338139155906355201
1338140437584998407
1338141926688776192
1338143007162425346
1338144259938144260
1338146315537162243
1338147543058964483
1338148041426153472
1338148398759862272
1338149770213404676
1338150264218525696
1338151815200780289
1338152531634118666
1338153035948756993
1338153803934208002
1338154027675213825
1338154298262302723
1338156318880919553
1338156810843414529
1338158055075287040
1338159151772557313
1338159727721803776
1338160831062740992
1338161830557003777
1338162455877447687
1338162453989953543
1338164035695611905
1338164628627591178
1338165064000540677
1338166626789830656
1338167215187763200
1338168184248160256
1338170179419828229
1338171917761654784
1338173185213276160
1338174430606995457
1338174426534309888
1338176199269494787
1338178180084080640
1338179697168019456
1338182254883954689
1338184188449738752
1338185429888212995
1338187158620958722
1338189642819100673
1338191411238359041
1338193014800461833
1338194768539643904
1338197282873888768
1338197525061361666
1338199022159470595
1338200775537938433
1338202007337840640
1338203547821887488
1338204604853596166
1338206087611355139
1338207817392680965
1338208064068005889
1338208065896779777
1338209800321110016
1338212389511188486
1338213877918683139
1338214370048880648
1338215613882376193
1338217371828445184
1338219851589050369
1338221087264559107
1338222414363242506
1338222906950770689
1338223662193926150
1338225147287891969
1338227129188831237
1338227379228078089
1338227384340926466
1338228438772150283
1338228436838518785
1338230167878180867
1338231169729638403
1338233642137624576
1338234979608883202
1338236474836258819
1338237252619603978
1338238459421614085
1338238461401239556
1338240195892826112
1338241437184483333
1338242428248207360
1338243665450438658
1338244471964753922
1338246694702632963
1338249952116543488
1338251269950083076
1338252522641907716
1338253003879571456
1338253756824236035
1338254999495864320
1338256234886156288
1338257474852413440
1338258725405134848
1338258736369070080
1338259784756293632
1338260779674595328
1338262019506581505
1338263009450471424
1338263992826007558
1338265042429632519
1338265042429632519
1338266027973627906
1338267022073995265
1338268023283707905
1338268766774431746
1338269494595227653
1338270236290723842
1338270980402257920
1338271972648759304
1338272706001842177
1338280165680553984
1338285104578375680
1338287731349315587
1338290327816376320
1338295409022803968
1338297901764763650
1338300447426277377
1338300449368264704
1338302930139615233
1338310357245423616
1338318024315719687
1338321041928679429
1338325483348500485
1338327094573592576
1338328232140091392
1338332984148111362
1338340502719127552
1338348101032001536
1338353632232747008
1338355619095584768
1338357836074643459
1338363365169750022
1338366496226107393
1338369514682118144
1338370752538685442
1338372724629102592
1338375555264229377
1338376369361854467
1338376566645137410
1338376599981404160
1338377319627550720
1338377812907061248
1338378336918249473
1338378340944793601
1338378456325820421
1338379579237539847
1338380867115372545
1338382110877507586
1338383368271040512
1338383394036703232
1338383854512578560
1338384332285677568
1338384653162582019
1338385147700391937
1338385895716777984
1338386071500058627
1338386387050094592
1338387131165794306
1338387406429573121
1338388378803384320
1338388876851896321
1338389678815318018
1338390422465425408
1338390602577309703
1338390975421493248
1338391466759032832
1338391593615826944
1338392214486065153
1338392721854246912
1338393492935090183
1338393789715476480
1338394511429472256
1338395009490497537
1338396035153096704
1338397288000086016
1338398022942724096
1338398515643490305
1338399005307510784
1338399526747594752
1338400027014811648
1338400515328249856
1338401016199442432
1338401498364076032
1338401660041883648
1338402363170754562
1338402860875337729
1338403600284999680
1338404885788811265
1338404946123874304
1338405436685479936
1338405555849859072
1338405937678315522
1338407428514344961
1338408743894192132
1338409808135860225
1338410701086461952
1338411162170515458
1338411950141739008
1338412467085586432
1338413302360236033
1338413508816474112
1338414268648214530
1338416327158083586
1338417339981832195
1338418388616568834
1338418622201556994
1338419188751327232
1338419925321461760
1338420226266984448
1338421192622022656
1338421695460356097
1338421923609501699
1338422530483380224
1338423268680798208
1338423898220732418
1338424830442528773
1338425160769146882
1338427201042206720
1338427419141812224
1338427674369404931
1338428689927860224
1338429179596075008
1338431035722313728
1338431378136969216
1338432368936366080
1338432873385381894
1338433705715654657
1338434204816842752
1338434979534135296
1338435508054208513
1338436313444446209
1338436657771671558
1338437544841711619
1338437886107070465
1338437906705297410
1338438370435981312
1338438950575353856
1338438952974508033
1338439616274292737
1338439933862678530
1338440433949618176
1338440994057031686
1338441179457875968
1338442194550665216
1338442453788069888
1338443014964977666
1338443937854480385
1338444682179866626
1338445303549100033
1338445555865972736
1338446136215023616
1338446357707829255
1338446947686998021
1338447555835940864
1338448884037718016
1338448889452630016
1338449685892243456
1338449909331025920
1338450767880065024
1338451356462542848
1338451755215056898
1338451783996289027
1338452096526528512
1338452100590735367
1338452347723374594
1338452632306905094
1338452656893915136
1338453800953253891
1338454162573570054
1338455026877030402
1338455139552735234
1338456385567281152
1338456855509655554
1338457436743749633
1338457681099677697
1338458167345356806
1338458938711347207
1338460240606605314
1338461702946508801
1338462511595712512
1338462852500348929
1338463919204163587
1338465008800440321
1338465314615472130
1338466267288629249
1338466379503181824
1338467235271221248
1338467883521888256
1338468486146822148
1338469004940357632
1338469299095285761
1338469317361414145
1338469390958940160
1338470169752956933
1338470666442600451
1338471659955752960
1338472697928495108
1338473924431142912
1338474684447383557
1338474890941378560
1338474890941378560
1338475218554286081
1338475879421407232
1338476335199563779
1338476449146277889
1338477004421820418
1338477083878694912
1338477888874700802
1338478704947830786
1338479291458260994
1338479797203312640
1338480316378456066
1338481366858665987
1338481501269266432
1338482011607076866
1338482790766153729
1338483558470578178
1338484260550926338
1338485006986047491
1338485249982992384
1338486341890355209
1338486494143655936
1338487141555466241
1338487775587422210
1338487778913497088
1338488004726452226
1338488279126171653
1338489076190765062
1338489637522857984
1338490516326014976
1338490759377543169
1338491838920060931
1338491940455772160
1338492196702576642
1338492229481017344
1338492253929660417
1338493013140643841
1338493283639701506
1338493426342514689
1338493852005642240
1338493962139611138
1338493975381102596
1338494455779897345
1338494940754583553
1338494998682210306
1338495208112201728
1338496499634860032
1338496505905287169
1338496919736377347
1338497112313638914
1338497513159090179
1338497549737615362
1338497640774979584
1338497998582669313
1338498328913440770
1338499218483388416
1338499350549458944
1338499509765156864
1338500500107513856
1338500724611833856
1338501699653300224
1338502211287060483
1338502886452498432
1338503000566992900
1338503315408216065
1338504288423862272
1338504659057729537
1338505416788107266
1338506112694448128
1338506695648174084
1338508105609601024
1338509084937629696
1338509750300971009
1338510307602419713
1338511220635295744
1338511237831909378
1338511783896768520
1338512018102423555
1338512529795018754
1338513333738156033
1338513452650913792
1338513533282250752
1338513671731949575
1338514311535321091
1338514329092714498
1338514906836922373
1338515216561221635
1338515412376559616
1338515761023897600
1338516022211514369
1338516262654074881
1338516781179293701
1338517009206796292
1338517299192586240
1338517839712563201
1338518369700519937
1338518759703769088
1338519500044570631
1338520147879997441
1338520719429406721
1338521041862336517
1338522232079978509
1338523106554638337
1338523965946380302
1338524826244440065
1338525479800889349
1338526920439369728
1338528204718530560
1338528204596912128
1338530005450633217
1338531014356897799
1338531221970804736
1338533560874110976
1338534319204290560
1338535164864065537
1338535725172727809
1338536697131388929
1338537073461047297
1338537604430651393
1338538164550586370
1338538686728859658
1338538799786291201
1338539116590489607
1338539221196345345
1338539731781554177
1338540838310318080
1338540858593976329
1338541217676746755
1338541225427820544
1338541478696640512
1338542060094316544
1338542403184173057
1338542918655746058
1338542925765111808
1338543185627406338
1338543695528927240
1338543958276927490
1338543961674231808
1338544506430492672
1338545191939158037
1338545743653724160
1338547825538453504
1338547830307303427
1338548129466093568
1338549455696629765
1338549459219865600
1338549716636889095
1338550751409352708
1338551584259772417
1338551831161671687
1338552004168323074
1338552010975682563
1338552481094258692
1338553355820552194
1338553411864768513
1338555052353581061
1338555056732434433
1338555809912008705
1338556327698853889
1338556767723261953
1338557204727816193
1338558469448888334
1338559580553551876
1338559591047704582
1338561668255805450
1338562439391145985
1338563338394066946
1338563497127501825
1338564583313829890
1338564593354993664
1338566487020335109
1338566873865199628
1338567093751582721
1338567590403338242
1338568447253504002
1338569027946364929
1338569561931730954
1338570258744029185
1338570287223336961
1338570705189793792
1338571116625932292
1338571359702671360
1338572134872911872
1338572906553614336
1338573413779202049
1338573969612533764
1338574932263964673
1338575241954660360
1338575545706156035
1338575911071965185
1338577114874961922
1338577307682959368
1338577335419891721
1338578398050988032
1338579710893232151
1338579710163480578
1338581041565605897
1338582279866748931
1338582291128463363
1338583528334880792
1338583528334880792
1338585672471498752
1338585804747075584
1338585921185320967
1338586488800501761
1338587282597699584
1338588190815424513
1338589023686811649
1338589079223595008
1338589798798397442
1338590095402823683
1338591142741504003
1338591451618418691
1338592460549795846
1338594089219059712
1338595821076492294
1338597263132807169
1338599203656896517
1338600504688054272
1338601515397885953
1338601999722553351
1338602755846443008
1338604047516000259
1338604318216384512
1338604908866580481
1338606258971168770
1338607076982071296
1338609380166656001
1338610703524114432
1338612139771244544
1338612604852441088
1338613710458396673
1338615068595015684
1338616347144675328
1338616847701250048
1338619195119046657
1338619284726161409
1338620171989225474
1338621360495603721
1338621371098796035
1338621871881936899
1338622728610467847
1338623312499527680
1338625745384591360
1338626045256343554
1338627662739345412
1338628769779691524
1338629033777623040
1338630712317063169
1338631487713914880
1338631489538445313
1338632431423934465
1338632518044672001
1338632527989383171
1338632535866273794
1338632792331210752
1338632800119959553
1338633057503424512
1338633066634481664
1338633418402373635
1338633425109053441
1338633701064925189
1338633706882412546
1338633954774147073
1338633960021258242
1338634469377519618
1338634481964605440
1338634964632559621
1338634970135482371
1338636940229435392
1338638611072290816
1338639428525252608
1338640178743828482
1338641687669829633
1338643447721447425
1338645051036086272
1338646949399040001
1338648764999995393
1338649535657242626
1338650840631037957
1338651383826952194
1338653649631899648
1338653897225867264
1338655328091729920
1338655993396420613
1338656078649815050
1338656378857066500
1338657668618182656
1338657679523389443
1338659089937788931
1338659575969538048
1338659976689184771
1338660634070814721
1338662211967913984
1338664215050063872
1338665212241698819
1338666592264187910
1338669236982599680
1338670844462108673
1338674865348505600
1338678554121416711
1338683968011579393
1338691078191452160
1338693914186932225
1338696250561077248
1338712303596949507
1338716292371673093
1338716295773220864
1338716294162624512
1338716297438310400
1338717202426552321
1338717200761450497
1338717204032999425
1338720914331095042
1338723237971316738
1338728542838923265
1338729905010380805
1338732231507005440
1338732570830319616
1338732882945134592
1338738988874690560
1338739497371111426
1338740325297303552
1338742503470723072
1338743307174879232
1338746223919050753
1338746349353897984
1338746506405433345
1338746670431997952
1338747052629643265
1338747864131002368
1338747892060786688
1338748380365918213
1338748539107758080
1338748900631597056
1338748960031318016
1338749219788697600
1338749448671940609
1338749953145966593
1338750248966119424
1338750472543473665
1338750893072781312
1338752046376357891
1338752125866815488
1338752207802544134
1338752375453061121
1338752425793118209
1338752668450353152
1338752685596680192
1338753461798789120
1338753802086727680
1338754877019869184
1338755078380023808
1338755914736787457
1338756740159070211
1338757348555444224
1338757621952733185
1338758400646246400
1338758922619023362
1338759718953693185
1338761027429818368
1338761057624616962
1338762179923898368
1338762860575535104
1338763362184916993
1338764012926984192
1338764687312375808
1338765282341425152
1338766090621607938
1338766906434662401
1338767371083902978
1338768541907120128
1338769733546627072
1338769901213855746
1338770268207124480
1338770502010146817
1338771148419588096
1338771629980217345
1338772150648500227
1338773553320251393
1338774781332779008
1338774817756024832
1338775203632078853
1338776196839075842
1338777364440997890
1338778468151140357
1338779762068688896
1338780297861664771
1338781057081085952
1338781145673166850
1338781196055089152
1338781873837895686
1338782395668029446
1338782467931693060
1338782749428215808
1338782881947283456
1338783582509293569
1338784057556148225
1338784060689293313
1338784624345042945
1338784624345042945
1338784626953826307
1338785750863781890
1338786048525131780
1338786752702652417
1338787332040876033
1338787890604728321
1338788106988826625
1338788347402203136
1338788684066336769
1338789060211576832
1338789501058080773
1338789537150070785
1338789959982051330
1338791028845928449
1338791579448987651
1338791827277746179
1338792343378546688
1338793159409758208
1338793423420223492
1338793742996803585
1338794794622005250
1338795122885091328
1338795340288372736
1338795716483948544
1338796986242396160
1338797198327369729
1338797348068188160
1338798093052030977
1338798286526959617
1338798726505254914
1338799922334867456
1338800687849869312
1338800744414195713
1338801076062007297
1338801459106902023
1338802370751426561
1338802411549433861
1338802880334209024
1338803719081619456
1338804346750971904
1338804777304600576
1338804841657888768
1338806041635659778
1338806279079424002
1338806908837355520
1338807250811559937
1338807390112788480
1338807510887788544
1338807617402130433
1338808015185698816
1338808522260107264
1338809243797958656
1338810980986392576
1338812297154879490
1338814038550204416
1338816251146211328
1338817489610944513
1338818782622593028
1338819300321320960
1338819819412525056
1338820383630368769
1338821219228000257
1338821935090774021
1338822456321187840
1338822685535690753
1338823886918574080
1338824630694518786
1338825258707660805
1338825347077459970
1338826358122831872
1338826846620835841
1338827397123235842
1338827753878147076
1338828276580708358
1338828790022205441
1338829305158230016
1338829739117654016
1338829974439141377
1338830118807068674
1338830875442765825
1338831178929897473
1338831517024481282
1338832207222345728
1338832781128896514
1338833044732583936
1338834024203227138
1338835109533921287
1338836101423915011
1338836194810077185
1338836341044469760
1338837612581281793
1338838722176020480
1338839060283011072
1338840233186570240
1338841304395108359
1338842546924101635
1338842773462671360
1338844068491694081
1338845155684720650
1338845651610836997
1338846272157933569
1338846417222295552
1338847840978800645
1338848905908412416
1338849376991506434
1338850188585291777
1338850786147766273
1338850790115598336
1338851532180054016
1338851810333904896
1338852801519235074
1338853022319996928
1338853639335514118
1338854115380621313
1338855024034627584
1338855096944226310
1338856458507538433
1338856463842734081
1338856620009213959
1338857114224103427
1338857596153978882
1338857771379294216
1338857791168028680
1338857885493678081
1338859131449438217
1338859318121095172
1338859367685259269
1338859772032897031
1338860475979681792
1338860744390033415
1338861179943354369
1338861247891034124
1338861551122489344
1338861675965947909
1338862118926307330
1338862824752222211
1338862854993108999
1338862965722738689
1338863470029107208
1338863643195187205
1338864237230211075
1338864244163428358
1338865021871222784
1338865399832616968
1338865405108969472
1338866096141570048
1338866782321307648
1338866786062618630
1338866867578933249
1338867340436361218
1338867384321331200
1338867902905163776
1338867919380344841
1338868577303191553
1338869313361510400
1338870585993125890
1338870593723174912
1338871466604056578
1338871744258564102
1338871975750623235
1338872455868395523
1338872695606235137
1338873014012809223
1338873718924320772
1338874402352619523
1338874703600095236
1338874811641163778
1338875048816422914
1338875235051958276
1338875790008659968
1338876073086423053
1338876078346166273
1338876281748934663
1338877904701321222
1338877920627011584
1338879538219151361
1338881329799294984
1338881750043414531
1338882876272766984
1338883190648418304
1338884379658039307
1338885527202885635
1338886535509385219
1338886665058783233
1338888071933292548
1338889333684768773
1338890421926305792
1338891796798201858
1338893187226759170
1338894204618100739
1338895508459425792
1338896853400752128
1338897422773329921
1338898200028192771
1338899302924447744
1338899906333986818
1338899948620931076
1338900477807910914
1338901755707449352
1338901755707449352
1338903262347595780
1338903759670407168
1338904259191050243
1338904257785978881
1338904263473459200
1338904261019770882
1338904332822065152
1338904336169127936
1338905359512182788
1338906393802379268
1338907018015477765
1338907024340496386
1338907334475739139
1338908635133595651
1338909333699129346
1338909750638075915
1338910079983214592
1338912056771276800
1338912254016819201
1338912848467128321
1338913113404542976
1338914376800235522
1338915059213496322
1338915624270106624
1338916118862442496
1338916936357474306
1338918181709246465
1338918667753562113
1338918973522538496
1338919902762180615
1338920153975828482
1338920490174451714
1338921629028667392
1338921975939469312
1338923308176306178
1338923928857743366
1338924921150464001
1338926204452278272
1338926538008514561
1338927067816226828
1338928335829786630
1338930177657679872
1338930478510903297
1338930477047177216
1338932047230996481
1338932547221393408
1338933417594003466
1338933755164110848
1338934002942693377
1338934536269402120
1338935868032233472
1338935866039951362
1338937055972372484
1338937192794775553
1338937408537186305
1338938287218716672
1338938809963180035
1338938870902165509
1338939577093021697
1338940053918281730
1338940836780912646
1338941200544493568
1338942144212590592
1338943112912261129
1338943449823932419
1338943741940420615
1338944707330715649
1338945293493137411
1338945785409449984
1338946577910673426
1338946604653539329
1338947034229903363
1338947193043030016
1338948417679192064
1338949130538901512
1338949646417354753
1338950136194625538
1338950407872253954
1338950940808925186
1338951433878720514
1338952245812015106
1338953371261276162
1338954397229965315
1338954692878102538
1338955056691949572
1338955299961655296
1338956053875208192
1338957307078717442
1338958907390222342
1338960244806922243
1338961427802021889
1338962921754423296
1338964047178436608
1338965843196203008
1338967176552861698
1338968443270426625
1338969469331398662
1338970974587379723
1338971009916018691
1338971028505190400
1338971732762300427
1338972269469634567
1338973584904032258
1338974820533489667
1338974858173173770
1338976154867413004
1338977266756358145
1338977499590619140
1338978514905731077
1338979610093113345
1338980618122780673
1338980734346911744
1338981634931036163
1338982421253984256
1338984116369371136
1338986321751273475
1338986318014148608
1338987571226021889
1338988669747802115
1338990036176543744
1338991969775792130
1338991967859052547
1338991974192455680
1338992194112385024
1338993648344698888
1338993653403049985
1338993964893020166
1338993971218014210
1338994216232423425
1338994220946911232
1338994479504748545
1338994487431983105
1338994729820823552
1338994738243006466
1338994986717753345
1338994993864859650
1338995261524283393
1338995266247159811
1338995532900028419
1338995542790168576
1338995835300876294
1338995842808688640
1338996119175655424
1338996124645011457
1338996136611340288
1338996418292355072
1338996423812132864
1338996710094352396
1338996718696853505
1338997071966298117
1338997069323919360
1338997309250695175
1338997317278576640
1338997610967945220
1338997616449900549
1338997918720806926
1338997923900776448
1338998224577851393
1338998238662242304
1338998504694411280
1338998511812169729
1338998520494297091
1338998840221904899
1338998847889174530
1338999150055206912
1338999155193241606
1338999425780375555
1338999965461458946
1339001253087604736
1339001817825423361
1339002394986819588
1339003681547689984
1339003758978756611
1339005153014374400
1339005395772317696
1339007560729432064
1339007564407828482
1339010692700049409
1339011869328203776
1339012603000082432
1339013774888624128
1339015030935871488
1339019308542947330
1339022584076259330
1339023613278773255
1339023862416224256
1339027184548257792
1339028204808495104
1339030452364062724
1339035241843929088
1339038673539620865
1339042706107019264
1339044907361689600
1339049093503590405
1339055056390393858
1339060894387609600
1339066390033133569
1339072073520586753
1339077443227938817
1339077443227938817
1339078732280164359
1339081007040000000
1339081009036472320
1339085385352286208
1339089709981720578
1339090495591559170
1339092617171267584
1339092618765086720
1339094488220917760
1339097884453724161
1339099236361785346
1339102768980774914
1339103146044428288
1339103254236553216
1339103915044900865
1339105790410567682
1339108098741563393
1339110055455715328
1339110182341767169
1339110442199896064
1339110998310072320
1339111494739439618
1339111763120443394
1339111886483296257
1339111990900502530
1339112271675580418
1339112382946283520
1339112527884640256
1339113247786627075
1339113382688018432
1339113764482936833
1339114252456615941
1339114808269025280
1339115309941272576
1339115808660787201
1339116159086551046
1339116874601205760
1339117419072282624
1339117498587820032
1339118254065848322
1339119126934073346
1339119643001311233
1339120265205342208
1339120762976919552
1339121296349728769
1339121868482162689
1339122523485708288
1339122537930821632
1339122768495906816
1339122899416977409
1339123280385634304
1339123687090511875
1339124015407968256
1339124612546826240
1339124877761130498
1339125110536609792
1339125707100844032
1339126853936836608
1339128226485067778
1339128894776086530
1339129803409121280
1339134500773781506
1339136024782495747
1339136565193412608
1339137935522861056
1339138801625665536
1339139153179660294
1339139562665357313
1339140062043320322
1339140921070399490
1339140931035992064
1339141462097883143
1339142467120205829
1339142706652729344
1339144214211424256
1339144727329968128
1339145476218757121
1339145753420308480
1339146041719984128
1339146515357577218
1339147302959783936
1339147796985876480
1339148603777048577
1339148953300963328
1339148958082478081
1339149681117569025
1339149852639432705
1339149906146189312
1339150239396147200
1339150523618955265
1339151018811125761
1339151599688617984
1339151813912702977
1339152368231997442
1339152644779216897
1339153156442370050
1339153979314417664
1339154517070319618
1339154540671725569
1339154729365106689
1339155209768013825
1339155397584760833
1339155977267011584
1339156014818586624
1339156497801076743
1339156899296632833
1339157337442021376
1339157850501902337
1339158120782770176
1339158497225814017
1339159061011582976
1339159315798757385
1339159989626269703
1339161013137121280
1339162213903462400
1339162822824108034
1339163096020086787
1339163684220899328
1339164866276335624
1339166023648505856
1339166490294153216
1339168100835618817
1339168606702219264
1339169792465498113
1339170910083842049
1339171099674894336
1339173880674574336
1339174685154557955
1339175595981361153
1339175864920133632
1339177688104398850
1339177779703767040
1339178211712884736
1339178274237321219
1339178491439427585
1339178944977899521
1339180348534558720
1339181370946560001
1339181618297253889
1339181921339846656
1339183307817439234
1339183700798529536
1339184140529389570
1339184279268581379
1339184629279059975
1339184766982217728
1339186440505331715
1339186646957297665
1339186735176175616
1339187511470542849
1339188350528462849
1339188399463407616
1339188923336187905
1339188944580304896
1339189784472920072
1339190250590056448
1339190262460018688
1339190505649876992
1339191363427053568
1339192055210385408
1339193185541746688
1339193560030187529
1339193674501152769
1339194209308434433
1339194357040246785
1339194975154810881
1339195777105715202
1339196703170289665
1339196722468302851
1339196744521879553
1339197800291196928
1339198869163405314
1339198977678450690
1339200160119869442
1339200156751826945
1339200322963705865
1339201109089542148
1339201322969681921
1339202730083160064
1339203815422226435
1339204478852075529
1339205218253369345
1339206605079015426
1339207543114100736
1339208663764889600
1339209156264419333
1339209967790862339
1339210052822036480
1339210198960001024
1339210777090281472
1339211094234181635
1339211367140745217
1339211502646071296
1339212084756746243
1339213304804339712
1339213886759825408
1339214551796097025
1339215156878991365
1339215833898364928
1339215833898364928
1339216603527995403
1339216936710918144
1339217070270066690
1339217892114632704
1339218133815611392
1339218180653375489
1339218348505182211
1339219023867809800
1339219663457226754
1339219984401145858
1339221414935732226
1339221966956490752
1339222035910840325
1339222342896128001
1339222350429032449
1339222972796706818
1339223015834460160
1339223048533258246
1339223689859112960
1339224011616751620
1339225341714460675
1339226572969140225
1339227132782841858
1339227578842963968
1339228955426115586
1339229113148641284
1339230215378247680
1339230221342568448
1339230350459985920
1339231726585917440
1339232725799153666
1339233515213348865
1339233698911318016
1339234047558635531
1339234837115363333
1339235083304177665
1339235336921223169
1339235767827230721
1339236355545706497
1339236635016384514
1339237870083706886
1339238959809875969
1339239452057759753
1339239922725740544
1339240526365790211
1339241485628223490
1339241836884467712
1339242759186690061
1339242977693196296
1339244396328460288
1339244722112618497
1339245262498390016
1339246557267456000
1339247239609413632
1339248404371746816
1339248486412378114
1339249250140622850
1339249342524366850
1339249869723209731
1339250364063821827
1339250921834942464
1339251562150027265
1339252461564014596
1339252794457460736
1339253443844771842
1339253766978236419
1339253768911720448
1339254128451653636
1339254154410287104
1339255086061674500
1339255350994857985
1339255647234387970
1339256091989958659
1339256682438922241
1339257634403332096
1339257682566533121
1339257973584109568
1339258526129147915
1339259261189238784
1339259490747691013
1339259821321838600
1339260319668047873
1339260960197009411
1339261174047780866
1339261990997549057
1339262660710440961
1339262947869208580
1339263628260814849
1339263971375931392
1339264214763003905
1339264218210693120
1339265046988402688
1339265584513642499
1339266089964933120
1339266463056752643
1339266878682918920
1339267671649619969
1339267960234532864
1339267995714072576
1339268064534274055
1339268596527194112
1339268857219997696
1339269170505113600
1339269880328105985
1339269921289760768
1339270508643291138
1339271173553709056
1339271704049295361
1339272538816393228
1339273064677330944
1339273624583368708
1339274206530441217
1339275119592681474
1339275668962615298
1339276200057958401
1339276608255844354
1339276755442544645
1339277305777164289
1339277585277181957
1339278257024364546
1339278261277372417
1339278621815545873
1339279145562497028
1339279378950352896
1339279489348591617
1339280077218074624
1339280589569089539
1339281130063863816
1339282687471865857
1339284090923737096
1339285203706146818
1339285702576574465
1339286368246263808
1339286803262697472
1339287695848300547
1339287707336536066
1339288353997541379
1339288886493802503
1339289399398445056
1339290237814640642
1339290644259467265
1339290767513292803
1339291170531368963
1339291286071808002
1339292133589651466
1339292349344706560
1339293100133519361
1339293136519106562
1339293279687471107
1339294432986882048
1339295480921124865
1339295842499502090
1339296145164603393
1339296859702108163
1339296861094547461
1339296905659084801
1339298351364382728
1339300230760640516
1339300844253097992
1339301137929924609
1339301931152445447
1339303305164558338
1339303898025250819
1339303903955996672
1339304579247300613
1339305653744119808
1339305929192468489
1339306866300624897
1339306865054846983
1339307015856922639
1339307581312032772
1339308096292851721
1339308094925524995
1339308099237072896
1339308102819209221
1339308101426622465
1339308284319330305
1339308325293481986
1339309587695087617
1339310580646117376
1339311352565944320
1339312080026034176
1339314155048873985
1339315927616270336
1339316465602879491
1339317081137958914
1339317647205425156
1339317654897782787
1339318475387523076
1339318754837196806
1339319821054382080
1339320297250557953
1339320376271237137
1339320911456063488
1339321464021987330
1339323430727012352
1339324588392656907
1339326256953831425
1339327973065961476
1339327973065961476
1339327976115228678
1339328777579614208
1339329933823385601
1339331015572152322
1339331572412141573
1339332093793472512
1339332794103828480
1339333588907679750
1339333869594697730
1339334692269662212
1339335864044965890
1339336539864780819
1339337106955571200
1339338608386453504
1339338892676390913
1339339846503051264
1339340987001401346
1339342363458740225
1339343527940075520
