1291152008720846849
1291152007504502791
1291152006552391680
1291152005445169153
1291152012860686336
1291152011849760774
1291152010218213376
1291152016081903617
1291152015113019399
1291152014047674368
1291152020657897473
1291152019588349953
1291152018413957121
1291152017344405509
1291152025175064577
1291152023988121602
1291152022960508928
1291152021840691200
1291152026362089472
1291159133173846018
1291371999122657280
1291425787334275073
1291439196524236801
1291465820099534848
1291500428610482179
1291774197870592002
1291795927020318721
1291851686303141893
1291851921960194052
1291877623946149889
1292135965301985280
1292145992821878784
1292233048377917440
1292259080883580931
1292502921758810117
1292523342642032640
1292867302938083337
1292873083511091201
1292933396453367810
1292955773627138048
1293206669950955521
1293217457067483143
1293240756501729281
1293241337689579520
1293249293256622084
1293256621183959042
1293263237870424069
1293290750982139905
1293371643050557441
1293379223940403207
1293552786341322752
1293583182927978497
1293584548559814657
1293611679423574016
1293624531899293697
1293643972066398208
1293659422875688960
