1291163228077252613
1291163267109457928
1291163308171702273
1291163340576903174
1291163369525968896
1291315900197601285
1291316231581118464
1291403220745625603
1291410404770484233
1291416920252731393
1291460988949213184
1291463704823894016
1291483596839165954
1291483628451573761
1291483656951869446
1291535628744654849
1291535638190317568
1291535670083825670
1291733085600591878
1291749305532002305
1291750651714732033
1291842911546617857
1291865137280954369
1291865189793570817
1291865228523851784
1291865285654437898
1291886641771159558
1291886671370366977
1291890727740477441
1291890760623759360
1291890792391413765
1291894800015400960
1291900081533267971
1291900116924870662
1291900541770047488
1291902565316206592
1292191373572149251
1292208090671185920
1292208123353206784
1292208161949200391
1292208195931381760
1292208227199877122
1292208256971145218
1292239385891680262
1292239406053695490
1292239417969647618
1292239427989905409
1292629196049649665
1292811376218509312
1292837402051051521
1292838436005707778
1292879720200253440
1292879816849588226
1292910560326160384
1292963059259105286
1292963091710443522
1292963121934589952
1292963149436551174
1293164065565683712
1293164119177211910
1293311428963835906
1293311464200114176
1293311501244260352
1293314781303250946
1293325554842828800
1293325584102293511
1293335381249859587
1293335658644242436
1293618712126328832
1293620043675308037
1293620086109081604
1293620124931555328
1293620168157999104
1293620214970580994
1293620259556130821
1293620300895182848
1293620341194010629
1293620380565934081
1293620423867981827
1293620470760329235
1293620520156528640
1293620567543894016
1293620608480272386
1293620654399533056
1293620691955339265
