1273374866901696519
1273389963258793984
1273405062518366209
1273420162172170246
1273435263386021888
1273442735953936385
1273450361856995329
1273457911239372801
1273465462957932544
1273473764957790208
1273480560564813824
1273483579679375361
1273488613045530624
1273491884464156672
1273495660705308672
1273496496973836288
1273499434068803585
1273501749526102021
1273503460667854848
1273504853218791424
1273504985330917377
1273505000623349762
1273506983807725571
1273510820434137089
1273511189344026625
1273511469150281730
1273515684039921666
1273518668484431872
1273520244720570370
1273520754596904960
1273525662700240896
1273529738733088768
1273530471570440193
1273530692761202688
1273534980937912320
1273538580883931136
1273539529576759296
1273542303790108672
1273543003181850624
1273547129865342977
1273551351344218112
1273551867201695745
1273555433362505728
1273557648009580549
1273559166683136002
1273562654469210112
1273563782715932672
1273567915795677185
1273568232583172096
1273568575928840194
1273570209471909890
1273572263401570306
1273578344123174915
1273578599589859328
1273583594309550080
1273585061238124545
1273586547649060870
1273586967964459008
1273587856297074688
1273590258492375042
1273592576306806784
1273593331176681474
1273594154514341888
1273596544575512582
1273600258321285122
1273605107737923584
1273614144722407426
1273614332992069632
1273621745921032192
1273626426537840640
1273627026713464832
1273632488754118656
1273636948641550342
1273641099588964353
1273648270322159616
1273648334700453888
1273648372084342787
1273650407865229317
1273655050766823424
1273660327012466689
1273664729488265217
1273669346984890370
1273671818273001472
1273677631800651783
1273681026099838976
1273685720453074945
1273690425916882944
1273696331593285633
1273700727060344832
1273703602083827713
1273704889852596227
1273704994726961160
1273709370514321409
1273716069212082178
1273720409146511363
1273722070854250497
1273727408219336704
1273731288403292160
1273731584299057152
1273732679213690880
1273732716182282241
1273736086397870081
1273737503170797568
1273752602501668865
1273767701941379072
1273782801448353793
1273797901009870853
1273813000378626048
1273828099889795073
1273843199446880257
1273848460572311553
1273854272283840513
1273860684938448902
1273864745146290177
1273866086077943809
1273868999340765185
1273869022463963137
1273870964682620928
1273873666900733954
1273874196364492801
1273878891606794241
1273879486665277441
1273883272825708544
1273890034018660357
1273890480699342849
1273890490715459584
1273891945631358977
1273893293647110144
1273893868552019968
1273899634088382464
1273899998648905729
1273902072048615425
1273906574948536322
1273906585111351299
1273910466948091904
1273910691125243907
1273913276410331137
1273913464310898689
1273917202203316224
1273920320857047042
1273923342341419010
1273927703272570880
1273932604413300741
1273932848412725248
1273935610475155456
1273936683126358018
1273939922211217413
1273939947301613568
1273939947301613568
1273940093724692483
1273942025008828416
1273944754234052608
1273945216572145665
1273946255215951874
1273948338447159297
1273949075734515712
1273952031959592966
1273952399519109128
1273954653433147397
1273959246527422464
1273960581935108096
1273966043757776897
1273971656571183104
1273976533376479234
1273978411007033346
1273980955204648965
1273981663421358091
1273985347333099521
1273989109971902464
1273995401834741761
1274000195299217409
1274003857664880640
1274008184944984064
1274014312080818176
1274014682970501123
1274018628879482880
1274021313032654848
1274023609175023616
1274026659583340552
1274030538718957568
1274030609250254850
1274031136126230530
1274035153506099201
1274035472508030976
1274041280654344194
1274043356251906048
1274046118276616192
1274050681599660033
1274051567142961152
1274056080423882752
1274057920230105094
1274059628003942400
1274063335642804224
1274063442647879686
1274065409461936138
1274069613895172103
1274069868174868486
1274074716723126272
1274075077475172352
1274080973064454144
1274084069282844672
1274091619546017792
1274094247826935810
1274094281578418176
1274097626074529792
1274110963839467525
1274126063128457216
1274137373274750976
1274141162773725184
1274156262242934785
1274162553631866880
1274171361561210881
1274178156342194186
1274186461147852802
1274192752549322753
1274201560482865154
1274207851943206913
1274212419544498177
1274216660086521856
1274220435346001921
1274221122284924928
1274223450127818753
1274224209892274176
1274227263400222720
1274227985592094721
1274228675542691840
1274233035286810626
1274233577778098176
1274235356280492038
1274235537784700929
1274239799679991808
1274243566144032768
1274246085985415170
1274247258117222400
1274247788931530752
1274252751241969664
1274252769852080128
1274254472546582529
1274257237817659392
1274258354261680128
1274261463671201794
1274261857210114049
1274264024067321856
1274265160325226496
1274267565334896641
1274269255865942016
1274272027898150915
1274275311153295360
1274279135070822401
1274279306819063808
1274280886847131650
1274284118713524224
1274284607102386178
1274285236533309440
1274288050475012096
1274291234320920576
1274291552211349504
1274294987598020608
1274298763696377856
1274300902388752385
1274303855837224962
1274305230876934145
1274305462872178689
1274311243445264386
1274311828903006210
1274314944557854722
1274315452089540609
1274319751364448257
1274320605719007236
1274323595821449217
1274327084786204672
1274331078657028097
1274334986288738311
1274338988539740161
1274344640246841355
1274347682488868865
1274347703389106176
1274352778685616133
1274357744338862082
1274362072827080706
1274365595052621824
1274366122469588997
1274367431453130753
1274370646701637632
1274376125230264320
1274380614041468928
1274381337600942082
1274384561435271175
1274387761613754368
1274391878440452096
1274392099841093638
1274394451994120192
1274397835140743175
1274401217456877569
1274402353530241024
1274404215834755074
1274404993400012801
1274409307438710791
1274413160099954688
1274414264904802307
1274418947966808064
1274419081135951872
1274420925476286465
1274422744067833856
1274423608077692934
1274424411605676034
1274426113553575938
1274427115878965249
1274429030704517120
1274430881529311233
1274433743315484676
1274435722636910592
1274440641108459521
1274440793453989888
1274445426050191360
1274447377009709057
1274452206167752704
1274454665414021122
1274454680962240515
1274457482069454848
1274457930612584449
1274462027524771840
1274464669508517891
1274464686520635393
1274465107855183878
1274477126868070400
1274492228132462593
1274507325257089030
1274522425175179265
1274537525151850496
1274552624054972416
1274567725294084096
1274582824159457280
1274589032337608704
1274595312846409729
1274599761874759680
1274604880368414731
1274610565042843649
1274612769338294272
1274616627888377856
1274619066284736512
1274619259717640192
1274624443432779776
1274629116512346113
1274629980983525378
1274633818864058368
1274639027568816128
1274646319353733121
1274646319353733121
1274651974877818881
1274658654487273478
1274663946734252032
1274667989166698499
1274668414049619968
1274676453247004676
1274680385360875521
1274684130685603840
1274689301050265603
1274692522191790080
1274697619609092097
1274702424440274944
1274705811890192386
1274708721877336064
1274709204851359747
1274712366828212224
1274716201667551234
1274720042949713920
1274723991744372736
1274726401816567811
1274726630666231808
1274727878522015746
1274728855484407808
1274730075267780610
1274730302481534977
1274734132564819975
1274736970783170560
1274737787523272706
1274738257620799489
1274739435477835784
1274740090686918656
1274741137908150272
1274745611900932099
1274746112876953600
1274749860240068609
1274750752368529413
1274753950454079488
1274754631109877761
1274754871300960259
1274755382368493572
1274756240485294087
1274758459179835392
1274764736996007936
1274765678793437185
1274766067584425984
1274766843971080192
1274769295797559297
1274769912477687808
1274772874717540353
1274773096424243200
1274773970009587715
1274774202734837760
1274774944438779910
1274776770408058881
1274776892596502528
1274780215248654336
1274781195738517506
1274782301768073217
1274786318099320832
1274786551839539202
1274788092210266113
1274788294480584704
1274789151192293377
1274790094021459968
1274793281185026050
1274794197271351299
1274794370089320451
1274796288308064256
1274797904016916480
1274801442860253184
1274802304588353538
1274804834168905731
1274806577485287424
1274807232794898433
1274809155874848773
1274810611986321408
1274813642320629760
1274815504277004290
1274818095631171585
1274820101720756225
1274820684590579712
1274821036194902017
1274825170054774784
1274835739251896320
1274850838817599488
1274865938215682051
1274877472945909761
1274881037827538946
1274888587612352512
1274896137229484032
1274903183769440256
1274903687148654593
1274911236765802496
1274918786462814209
1274924580595957761
1274926336272994306
1274935647585828864
1274938919315005440
1274941435691884545
1274946629225852930
1274950243772235777
1274955396361474048
1274956708381708290
1274960796691374082
1274961452537954306
1274965294533001217
1274969673407311873
1274973608843137024
1274974301565968385
1274978701030162437
1274982591293272064
1274987992315297794
1274992557597044736
1274993232481595394
1274995885542440960
1274997465448579072
1275001957724405761
1275005497456963585
1275008028757164033
1275011866260013056
1275012701115355136
1275013615045705728
1275017082044928003
1275023122455056384
1275028690154459143
1275033614422507522
1275036712830472193
1275040213597913088
1275043971698434052
1275047166374019074
1275052154395467776
1275058592312246273
1275067329764667397
1275071555471458305
1275075089684258818
1275079231551070208
1275082498985168899
1275082851004739584
1275085300214255627
1275088506461790208
1275092307570823170
1275096886194601984
1275100243491794944
1275105841549582345
1275106207276118021
1275107491764977664
1275110708200591362
1275116017442791429
1275117078899568640
1275121730596503553
1275126119168200704
1275127503682756614
1275128616037335040
1275130642003615744
1275135507639435266
1275138467983474689
1275139273273024512
1275139272094384134
1275141270369951749
1275146497949138945
1275146858759888897
1275148865197559808
1275148906121302019
1275149141316952073
1275151542828568576
1275157108695027712
1275157255537778688
1275162857580134401
1275164357878480899
1275165370723287040
1275169488959418368
1275172901210243072
1275173254550953984
1275176737853394945
1275179342872612869
1275181668618338305
1275185515566899200
1275185530435784707
1275187531643080704
1275201904100999168
1275217002412433408
1275225306387959815
1275228865103872005
1275232103253377024
1275240657729105920
1275247202957287424
1275254751127416832
1275262299952070656
1275269850701549570
1275277400797052931
1275293505871663105
1275300048784392194
1275303823691612161
1275307602197352452
1275310834303016960
1275311345861345283
1275311373359083520
1275312576759508992
1275317372094734338
1275317372094734338
1275321988140187648
1275325555076972551
1275326473054777344
1275326859316809728
1275330248666746880
1275334022801969153
1275337208392749059
1275339056117739520
1275341293502300160
1275341572649955328
1275345347900928002
1275349122162348033
1275352152240795648
1275352621684011008
1275354155691831299
1275354314622590976
1275356671901143044
1275360447806373888
1275362023287767040
1275364221501521921
1275367998556196864
1275371771391291393
1275372461777989633
1275373132233297920
1275375526333603840
1275375547326124034
1275375835768332289
1275377532695707649
1275378615253905408
1275379321402585089
1275383097027186689
1275383133882515458
1275383513471225859
1275384354634559488
1275386262279634945
1275386812060631042
1275386871149924352
1275391041269620736
1275393209716400133
1275393632166711296
1275393939315609600
1275396329309720577
1275397003611197440
1275397861040152582
1275398555205865473
1275400973716992001
1275403425715572736
1275403549795667968
1275404067955789826
1275404170212904961
1275404487172206593
1275408286641270784
1275410985080303616
1275414593263845384
1275414816669274113
1275416738759430144
1275418129766715394
1275418313041096705
1275422921624817665
1275424095597989893
1275424573027233793
1275427264809836545
1275428459783864321
1275429124597788679
1275429349609668608
1275435175917187072
1275435661827248130
1275438595063427072
1275438819488088065
1275442499784343554
1275443120612634624
1275447100818329606
1275447927733760001
1275451285349621760
1275452011731775489
1275456063718821889
1275460154184564737
1275464843617845249
1275469541414522881
1275471759718973441
1275473391655534593
1275478543766638592
1275478795865272320
1275479840385314818
1275483352951328768
1275488143089774592
1275493475514028034
1275497203004571650
1275504720510103555
1275507969426427905
1275513442665988097
1275517725490675714
1275521536674463749
1275522267620036611
1275526611979378689
1275531196404031488
1275535046695358466
1275536522381574146
1275539357164855301
1275542135824154625
1275544247224147969
1275545271678783490
1275549442381234176
1275560515327209472
1275575111177793536
1275590462397485056
1275606065275699206
1275621416356818944
1275636767539027975
1275651112054353920
1275664156117647360
1275666211532156928
1275681916528836608
1275684394376839170
1275689757356503040
1275690087376961537
1275698966156521475
1275700439590281217
1275702627427385346
1275706154811883526
1275714734248034313
1275717496226680834
1275718823820263426
1275719588857159687
1275722904194482176
1275724147923001344
1275728751104528384
1275728762638917636
1275731391720931329
1275733249269149702
1275734416418115584
1275739229742661632
1275747137561735169
1275750921952210950
1275756888311857152
1275761800320032770
1275765433174495233
1275771571353894912
1275772251871285248
1275778200161878019
1275780886366171137
1275784572794548226
1275784578389757952
1275786800397717506
1275788348704067586
1275793851790372864
1275799723757187072
1275800676749250564
1275803682119041025
1275806917697449984
1275811686784667654
1275815325175631872
1275819723633164288
1275823374657339397
1275827222159507456
1275831052464988160
1275832931383214085
1275833778406133763
1275834063794982913
1275834551999369218
1275834921597140992
1275835312263049216
1275835622368980992
1275835722168221696
1275836283596812289
1275836337023836160
1275836567848980480
1275837589120000005
1275838054259818503
1275839067486334977
1275840423165116418
1275840738425790465
1275841254136393730
1275841304740626434
1275841908062015492
1275841974311030784
1275842805215178757
1275843445152796673
1275843563645997056
1275843976441081856
1275844051691089922
1275844912903225344
1275845307616702470
1275851626251718657
1275852310451814401
1275857285600993280
1275865967692742656
1275868008217534464
1275874959492091904
1275878246521987072
1275881587918471170
1275886462916087808
1275893011457748994
1275897689859862539
1275902023964282881
1275906351688896512
1275911578651508736
