1346955165430112257
1346959428268879880
1346962846626811905
1346964802103607296
1346965268665401346
1346967363044958211
1346967762669809664
1346970235472130049
1346971803718017027
1346985113876377603
1347012363287814144
1347077419728056321
1347088459786289152
1347089629263097858
1347090358644125698
1347091142316322819
1347091617593876480
1347092795308331009
1347093584625983489
1347094517061718018
1347095282656358400
1347096442414968834
1347096959111331841
1347097596825841666
1347098395199078400
1347098954991861761
1347100457349640192
1347100592347480064
1347101138378747905
1347102327690436608
1347106450238271489
1347110925657116672
1347112382557020162
1347113340791902209
1347114122291404801
1347115454800785408
1347118142783430664
1347126879057276929
1347131623796518913
1347132688696795136
1347132733760434176
1347133236682649601
1347134728479121411
1347139360353886208
1347139942988853248
1347145884564398080
1347146867004600325
1347148088482406401
1347148605396840450
1347148709772070912
1347150257218605056
1347150955649892357
1347153506323603456
1347154311915188224
1347155038280495104
1347155068185939969
1347155629052407809
1347156718472597505
1347157634206617602
1347158236034686977
1347159105585242116
1347159807489400835
1347159916826550272
1347160378229334019
1347160926483603459
1347161496040730624
1347162073084669952
1347162486198431746
1347162576757645314
1347162984729235462
1347163278758305794
1347164497019023360
1347165500569219072
1347170668660600833
1347173453191913474
1347175417178968067
1347175431485665281
1347179344855236616
1347181897500209154
1347186486186278912
1347188842105876480
1347191121668136969
1347191526607249408
1347192080330846211
1347195485669486592
1347199693814697984
1347201621202243584
1347204349567660035
1347208864534552581
1347209840708485120
1347210560178417664
1347212146443235328
1347213426167328768
1347214672685129731
1347218119840956418
1347220463177621505
1347224477172551681
1347225516001132546
1347225864413601801
1347228865945608193
1347229939997749249
1347230655650918401
1347231151560208384
1347232155143962624
1347233283856326656
1347234795261083648
1347234841222373383
1347235166801035264
1347236016290201601
1347237297549406210
1347239125104152581
1347243515554758658
1347246407686762497
1347246636498640900
1347246838341054466
1347247026283700225
1347247901148327940
1347249731584610307
1347251853663346690
1347255911258189832
1347256985037762561
1347258326434914307
1347258877033775106
1347260550313607172
1347261545340940291
1347262628440256512
1347263079999016962
1347266941879275520
1347268619336613890
1347271310720839680
1347276456829841408
1347279760527917065
1347280311873384450
1347281396314865670
1347281400932790273
1347281402652405764
1347284530374307840
1347285521127645185
1347289937553596417
1347289945992429575
1347289952942497794
1347289960756502529
1347289967228309507
1347289974434131971
1347289980184522753
1347289987302236163
1347289991861444610
1347294295053758469
1347298467421548545
1347300897093787651
1347302659280220160
1347306627314155520
1347310170565734400
1347313740551757825
1347317237787537408
1347320758989676546
1347325015054823428
1347328485644242944
1347333454409715714
1347346709190504449
1347374215624855554
1347423136694882304
1347452268854042624
1347458240880267264
1347461070999449602
1347466808555663363
1347472029465923586
1347478109814222848
1347481591342362625
1347485888717217792
1347491328612040706
1347496408144883717
1347501866834419713
1347510135204282368
1347516094844706818
1347516970665709568
1347517991500578816
1347519056354668549
1347523851652124673
1347527363366674434
1347533212101341185
1347538192724013057
1347539685879517186
1347542591940780032
1347544777219317760
1347545530512113668
1347546030682869761
1347547601630072835
1347549921503825921
1347551891195129856
1347556086484754438
1347561259458318339
1347562594920497152
1347565676324646913
1347568108916113411
1347568108916113411
1347572520594022402
1347574038080737282
1347574215873093633
1347578633184043011
1347579373210230787
1347581104182714371
1347583944343105542
1347588462279589890
1347592401578180609
1347593341882540037
1347598778132537349
1347602270305792000
1347606146530611200
1347608031933190144
1347610316423749637
1347614407434657794
1347618596458000384
1347620004322226178
1347622600474718209
1347626838382817286
1347631286417027073
1347633729653633026
1347635590309679105
1347639712371109888
1347641038576431106
1347644139941330952
1347648096268931072
1347650662809669641
1347652551316041729
1347656635431444485
1347658705437941761
1347660794398470144
1347664987750342656
1347666481664946177
1347669464704311298
1347673480414834689
1347677464240205827
1347681451601485827
1347770583426228224
1347798147884576768
1347802637710843904
1347804612401758214
1347806662221066240
1347812102682144769
1347816813086781442
1347822015319846914
1347827257889460224
1347832597561421824
1347838105634672640
1347843639473557506
1347848864922001409
1347852260181733376
1347853120559341570
1347853554392985600
1347854792195010564
1347855734969675776
1347856701115031553
1347858973102370817
1347861477252849664
1347862863797506049
1347864263977742337
1347865272905064450
1347865941565124608
1347867765147889665
1347868739665068032
1347870596907094016
1347871826463088640
1347872885524881411
1347874022311284736
1347875307089498114
1347877255356313600
1347878975658459136
1347881574986084353
1347882517676875778
1347883561790144513
1347884772945784839
1347884801265725440
1347886685359636481
1347887191486304264
1347891511837532160
1347892344067153920
1347892994171523079
1347893229895745536
1347893433789247490
1347893747518988288
1347894019347656705
1347897508656271361
1347902470777950211
1347906875854086150
1347911408193851392
1347916395984650241
1347921103298113537
1347922277774602240
1347924103592861696
1347924296551833600
1347924745266860034
1347924877039325184
1347925671914430465
1347929588312240128
1347934041803284480
1347939063739908098
1347943885130113025
1347948340600844295
1347948889735917577
1347953764603490304
1347959000609001476
1347964017659310082
1347967836178829318
1347973273162809348
1347976992109551616
1347980028206841858
1347981779068661763
1347985229399650308
1347986118264942592
1347988938741477382
1347992774914801667
1347996742894149635
1348001035957264386
1348002210412699648
1348005242588307457
1348008214361726979
1348010693971374080
1348013655393263616
1348016876459323392
1348018804480233474
1348020595913580548
1348022840960966657
1348023613715337221
1348024982333480960
1348027000296976384
1348027932443373568
1348030458400006145
1348033176459997193
1348036274737831937
1348038762861834246
1348041733498671113
1348044464472944640
1348047426767216642
1348050407239659523
1348053139539304456
1348055922174734336
1348059137591156737
1348062437912797185
1348065648031707140
1348070478586540034
1348075395367768068
1348096150235181058
1348116350682738689
1348129072874983425
1348146475423969282
1348149710482247680
1348152930692714503
1348156149682622464
1348159427233390592
1348162391956193280
1348165394364833792
1348168777125556231
1348171054880059398
1348173521386696706
1348173673392463874
1348174272129339392
1348175289134837760
1348175687870509057
1348177735202590720
1348180981707116546
1348183707623022592
1348184987317673984
1348185995334848513
1348186647905640449
1348188186594447361
1348189039325827073
1348190100186918914
1348191110888263680
1348191715828654080
1348192207057072129
1348192877650833410
1348193453436497920
1348195072421076992
1348198281839603712
1348201494479319040
1348202129601798144
1348202999399796737
1348206697626673152
1348209933104406532
1348212651600572418
1348213734758612992
1348216961784807424
1348220422014316546
1348224173395607552
1348229141125099522
1348229138172309505
1348233356488695808
1348237308600922116
1348240777697230849
1348244489295564801
1348247967082418178
1348251422287147008
1348256142296809473
1348259374398107649
1348259374398107649
1348263086986301448
1348267210301702144
1348271957834395648
1348275423373893634
1348280290242928640
1348283691559219202
1348287720309878784
1348291082661089285
1348296243731116033
1348300005828939781
1348308735089926145
1348312209202491402
1348315797710626816
1348319605979308034
1348322895949389826
1348326197885857793
1348329681649618948
1348332902531133442
1348336111714770944
1348339680346054658
1348343542746374147
1348347092322951171
1348350354090569730
1348353823425892353
1348357333143924739
1348360577052274694
1348361253660590081
1348363837754511372
1348367085127274507
1348370389412573187
1348373698026332162
1348374080446205957
1348375230213992451
1348376156693803012
1348377959871246337
1348380932621934592
1348382807341617159
1348384800227418118
1348386441215303680
1348389667822047232
1348392879178338306
1348395861806559232
1348399161490731011
1348400304547573762
1348402131854909443
1348405176382746627
1348408405820641282
1348411369872355332
1348414342568562691
1348417335368024065
1348420103390416897
1348424130522181640
1348427610649407492
1348430896232280064
1348434115436163072
1348437479406391304
1348440571535306755
1348443986067927045
1348447510579318785
1348451153151995904
1348455289574588417
1348476544331743234
1348497735780065281
1348510372567928832
1348530925018226689
1348535166520721408
1348535859751096321
1348538633070981120
1348543878102740994
1348547982912876544
1348547988797476865
1348552212306395137
1348556485547216896
1348560347247108099
1348564772971810821
1348567738890002432
1348572159296352256
1348573365313929217
1348576683864027146
1348581288253521921
1348585920187011074
1348592742872608768
1348602113052585984
1348608287042899970
1348609187861954560
1348610016912302081
1348612986227871747
1348617663782776833
1348622476901814272
1348622995292618752
1348626720992198659
1348631496832253955
1348635720945184769
1348635999589564417
1348640175954550785
1348640923119476736
1348644936594415621
1348646169262649345
1348650393090338819
1348651969657925638
1348653771920957444
1348657849245822978
1348658246345764865
1348662168472973316
1348665975663595520
1348670470737063942
1348673171348717572
1348675653550436356
1348679679025229825
1348680089807056900
1348680311597637632
1348681081747345408
1348681720372080645
1348682279283994631
1348683356440035328
1348683927003791368
1348685393831600130
1348686313780695042
1348688685764636677
1348689128880267272
1348691153122701313
1348693287134232577
1348696929539039232
1348701184295624704
1348702487906299905
1348705296747782144
1348709179721195525
1348713357591912454
1348714895475400710
1348717644166344708
1348721934675144705
1348726357220589568
1348727869644677128
1348730375040860160
1348734497752231942
1348738826605391873
1348740626494402560
1348743546883502082
1348747710275457024
1348751834018684937
1348756051378769924
1348760287755776000
1348764400321224704
1348768741497188356
1348773044987322369
1348777155321327619
1348781377211293698
1348787498890244102
1348803088795250689
1348868157474275329
1348870015693500416
1348878258088116224
1348881366906249217
1348887855532224516
1348892223795032064
1348903204927528962
1348906145189154817
1348920206589095936
1348923091884404737
1348927334372544512
1348931095140700160
1348935905244028928
1348935991449542656
1348947320327589888
1348951282174861315
1348955274321793024
1348958723448958976
1348962653012692993
1348967492358647809
1348972042146734083
1348975847915589634
1348980067528028161
1348988874849181697
1348991990499827712
1348996947953254408
1349001525687951360
1349005515804782595
1349009711794970632
1349013267679748096
1349020620496003082
1349023954674057224
1349036263169552384
1349039027597541380
1349042988639531008
1349044163770273793
1349048358351077385
1349048952310689795
1349050082121953281
1349052915051343873
1349053025902424067
1349054762742910976
1349056805301870593
1349065153959124993
1349069228595408896
1349072532360589320
1349075122574008320
1349076178456477701
1349077926701113353
1349079579059777543
1349079579059777543
1349080234667233281
1349080973405728770
1349081932085264387
1349082507606712322
1349083083614662660
1349083820159610882
1349084770630774784
1349085003607658496
1349085542005305349
1349087690063540224
1349088332739964931
1349091279091638273
1349101924625358848
1349101926558937088
1349101934175727617
1349101938139344897
1349101944179224577
1349101952035139590
1349101958842482691
1349101965695971329
1349101971962290181
1349101974684397569
1349101980069875712
1349101989121187840
1349101985849634819
1349110609221210116
1349114151231229952
1349117319948226563
1349118974554992651
1349120508781092869
1349123740618133507
1349126752602304512
1349129573481533441
1349132587705495554
1349144458592444416
1349180913872228360
1349234916287016960
1349238309743185922
1349242343061417986
1349253497099853824
1349257267263148032
1349260362118537218
1349261588809846785
1349263167298396161
1349263500217085955
1349265721612754944
1349267054734544897
1349270042341421057
1349271388490752000
1349271892633518081
1349272728331825152
1349274708651499520
1349278147196440577
1349281727475290113
1349285087213473792
1349285338955571203
1349291146275680256
1349292823909199874
1349293299811700736
1349296678671671301
1349300231284862976
1349304358719127554
1349308708061388801
1349309469608583168
1349312737227268096
1349316141282455555
1349318325965369344
1349319466727993344
1349320790295126016
1349324816856342534
1349325594648043520
1349329132879011841
1349333389539766272
1349336910511153154
1349337148206559239
1349341543430238210
1349346023903256581
1349347449471692801
1349349731160494081
1349354182810091521
1349357713357209602
1349361164195684356
1349368429191458816
1349369473304834050
1349369720961699840
1349370059853017088
1349370405715406848
1349370810318925825
1349372552293085188
1349375894834569216
1349376081959276544
1349376253049110529
1349377195513434115
1349378170248691715
1349378641218695169
1349379295534321670
1349379792924266496
1349382272538062848
1349382677087084546
1349385912405393417
1349388627202224132
1349392297650221056
1349393748124381184
1349399744158834688
1349402521576550412
1349404543231139844
1349410989507227655
1349412689701965826
1349414766318669824
1349415441727451136
1349416271356559364
1349417912176672774
1349421380694118406
1349424014712827904
1349424313385037827
1349425904028672000
1349426833247318016
1349427176014229506
1349428096831811585
1349429256250662914
1349430028765949954
1349433881292926977
1349437548075094022
1349440654393405440
1349443915116589056
1349445869351952384
1349447575817121793
1349448222293557249
1349450356086988803
1349453134519824389
1349455868086145034
1349459083372457984
1349460951892975630
1349462716650573824
1349465605984944131
1349465720539799562
1349467104622370818
1349468435655372807
1349471112023969793
1349474698195841024
1349475118645317635
1349475314540412929
1349477511214878725
1349480380030722049
1349483386050641922
1349486269835976705
1349489084499193857
