1316675531581075456
1316730487671488512
1316744433493307394
1316746522629988355
1316749386093924352
1316792413713768449
1316809182209814529
1316815787953467394
1317034689639624709
1317076849202237446
1317101263553789964
1317104370232721409
1317109390441385984
1317199154733568005
1317209755803373569
1317374485096521728
1317382134970109953
1317409742705336320
1317418069296250880
1318086225299910656
1318151430314860544
1318245357172805633
1318453026781356033
1318509854303072257
1318535182492831744
1318536999276597248
1318557327629426688
1318587394237530119
1318614226982866948
1318617661572587522
1318621374315941888
1318908903795662853
1318911415281876992
1318914183400951808
1318915191120285696
1318916700289572864
1318919468622532610
1318925837673050123
1318927308133224449
1318928880842006529
1318929782789255168
1318951880614137862
1318961119483072512
