1306352431840874498
1306357715191640065
1306362482127183874
1306367789305823232
1306370577494495232
1306372813192916998
1306373301133082625
1306373431995150337
1306375207389556737
1306375769480769536
1306377421789319170
1306377849868357638
1306378339804831744
1306379832725442560
1306385530133774336
1306387264809902080
1306387652170706946
1306390605233303553
1306391692799602690
1306393447004344320
1306397743368241152
1306401484100317189
1306403004464205824
1306404910095765504
1306407791792459777
1306409033772019714
1306413086396616705
1306415357326958594
1306421082224840705
1306424693268897792
1306430693619138560
1306431140308430848
1306436085610938369
1306438678617575424
1306439500093165569
1306443022637445121
1306444089844543488
1306448062102024193
1306453101315076096
1306454725932580864
1306458135259942915
1306463155590238208
1306463155590238208
1306468192722747400
1306473724766547968
1306478257773174790
1306483297317531648
1306488828253921283
1306493865831157761
1306498397101273094
1306504922729451520
1306508452009832448
1306513753400381440
1306519029633503232
1306523797894451202
1306528593145729024
1306533621390606336
1306538919408922624
1306543696226275329
1306548721115688966
1306553762765471746
1306558799692660736
1306564074038231043
1306567848215613440
1306568528217202693
1306569348123955200
1306571627447095296
1306572504614526980
1306575141686648833
1306575400227819523
1306575670223527936
1306578934730051585
1306581948953956354
1306585982670700544
1306589756319502338
1306593384396513282
1306596421852954625
1306598019543031809
1306599048019881984
1306599287439216640
1306600820448940037
1306604853117046784
1306609122083852291
1306610690980016128
1306612383121580036
1306612877109805056
1306613436542070784
1306614151104663556
1306616912860852226
1306617925101662208
1306619939936260096
1306621655196803074
1306621707474665480
1306622405553647618
1306622495718617090
1306622659275390976
1306624211880939521
1306627335135916032
1306628112260702209
1306629698437476352
1306632027052138496
1306635036259692550
1306636803311575040
1306639335261962240
1306643087767330818
1306644334243012608
1306647125883850752
1306650649141161984
1306651913874702338
1306654152722976768
1306654699031080960
1306657696515584002
1306659711035617281
1306662216394059778
1306663506851303426
1306665242487816193
1306666991332323328
1306669529200812038
1306672779367002115
1306677070194507776
1306680837795127296
1306680924084596737
1306684638870544394
1306687885018574849
1306691421542416385
1306695450863558659
1306699721059246086
1306702996508680193
1306707276552699905
1306712403120476160
1306714813951860740
1306719854876131328
1306724882684801025
1306729926444355585
1306730720031920128
1306732125849149440
1306732426127765504
1306733322106597376
1306733672951812097
1306734815505297408
1306734941233991688
1306739681506156545
1306739973119447042
1306740416507596800
1306744157499568128
1306744246385270784
1306745275554435075
1306745598662467585
1306746105737211904
1306748917346836480
1306750306814963714
1306755069048750081
1306759311192977409
1306759342054465537
1306760109188677632
1306765146275143681
1306768095491559427
1306770438840823808
1306771421608267776
1306775049156739072
1306775216522252288
1306784040528347136
1306785975385849857
1306786158781882369
1306787734435123203
1306790563971321856
1306795610134253568
1306800371608756225
1306804590159880192
1306805416022728704
1306810445882437633
1306815474848673792
1306817741907730432
1306820520164417537
1306826046843559938
1306830580416475136
1306835865419894790
1306840648352436226
1306845678728032256
1306850971348336640
1306855993700241408
1306861024591704064
1306866326477119494
1306870851099295748
1306875889251123200
1306881426852323328
1306886711587332096
1306891477155446784
1306896013941256192
1306901302123941897
1306906316489863168
1306911626457690112
1306916647035449345
1306921682960089088
1306922770312372224
1306923886882287619
1306927186977452032
1306929755992846336
1306933015864582148
1306933961097175041
1306934017007255560
1306934249015128065
1306936764729364483
1306936835403378693
1306937485415546880
1306944322366066691
1306948865489350656
1306951617288302594
1306952140280262661
1306956661438009346
1306959264448221184
1306960165577646082
1306960183596396546
1306963449520492549
1306966975944339456
1306971290545291265
1306971533647245312
1306974785629556738
1306978552458469376
1306986623310200833
1306988118487248899
1306989869273677825
1306993652493942785
1307001708493647874
1307005463981154305
1307009507701260291
1307017069427412993
1307021683816108034
1307021941795172353
1307024359241011201
1307024506142294018
1307032405631533057
1307035662781042689
1307038961802584066
1307047260631465989
1307049594468134919
1307054797493858305
1307057568842502150
1307059280835682305
1307068899251417092
1307072179692023808
1307077215558021120
1307077215558021120
1307082242716561410
1307087511852847106
1307092094784282625
1307096321036296194
1307097086140309505
1307097104461033474
1307097139894460421
1307101780204040200
1307102109200982019
1307102235327950849
1307103280342986753
1307103342460637188
1307104057752944640
1307105500358737920
1307106407381192708
1307106970122547201
1307107387422191623
1307107452119375872
1307108049790873600
1307108640281722880
1307109319624847361
1307111070826405895
1307112438085693444
1307114794047213568
1307115448404774912
1307116749112979462
1307117079250829313
1307117510630739968
1307121866138624000
1307123687452225538
1307125013905133570
1307125521348800515
1307125667847430146
1307127627883442176
1307131326018056193
1307133697364299777
1307134280745844737
1307138263254216704
1307139533130149888
1307142162300182529
1307142332341538816
1307143146619514881
1307145394422452224
1307147920190443521
1307148452003041281
1307151406307172352
1307152770680619008
1307153266229346305
1307154915513466880
1307157497485111297
1307157744714240000
1307162758207672320
1307163928795979776
1307167151867006977
1307168052006531072
1307172835257917441
1307178370053046273
1307183162208944128
1307188435510341632
1307192962762387457
1307198254245908482
1307203545331044354
1307208064639143936
1307213092862988289
1307218627649826816
1307223405582782470
1307228687998300162
1307233490694533120
1307238520411623424
1307244049296961536
1307248336391622658
1307253626721710082
1307258900882894848
1307263940364308480
1307268465825374209
1307273487959064577
1307278535380344832
1307283551084318720
1307296302460538882
1307296411885633539
1307298398513631235
1307302664200486912
1307304190134419456
1307309994203844608
1307311743530676224
1307319546852913157
1307320375274070016
1307320641423650816
1307323072400293896
1307326326135717889
1307326358390018048
1307331801397030914
1307333884040929289
1307341444471021571
1307343430289416192
1307344264750399490
1307347726250672131
1307349252213846017
1307352752520007681
1307357039358808069
1307364584962035713
1307368120244371464
1307371648543338500
1307373828448886785
1307379439978926082
1307383227896782849
1307383960943702017
1307386999674994688
1307390781544685570
1307394290356826113
1307398072754995207
1307401843140636677
1307409739119288322
1307409884699295749
1307414551449788417
1307417709186093057
1307424737480540168
1307428534600818688
1307432112908271618
1307432280139366400
1307439839864905728
1307440888382140420
1307443624834215937
1307445627463311361
1307447392749445120
1307450685743665152
1307454687998771200
1307458714144854016
1307459008467435520
1307463246602002432
1307469797274288128
1307477590777757696
1307485150989737990
1307488647671840768
1307488911346864128
1307491937604243456
1307500245086072834
1307508044750819329
1307515090510454784
1307522647752876032
1307530195281358848
1307538237448126464
1307545808871526400
1307553086035169280
1307560898467332098
1307575728330997763
1307590827661811712
1307605948714881024
1307613242445967361
1307620788078600192
1307628324013965312
1307635655380545536
1307643433792790528
1307650786969767936
1307658775701135365
1307664741347844096
1307665846328848384
1307670073067417600
1307674139835215872
1307680981785210881
1307682619941892099
1307688992993878018
1307696086077837313
1307704596345876481
1307711211144966144
1307716310676246528
1307719688831610881
1307721515832619010
1307726720749928449
1307731018552692743
1307734286955614213
1307742339524370433
1307748371977953281
1307755543826706435
1307755741374283778
1307757185087287307
1307757414322765826
1307758141547974656
1307764724973568001
1307772039542038529
1307773505610674179
1307775814809812992
1307779829480206336
1307783042547814408
1307786731203239938
1307794432482312194
1307800891588829191
1307801748229292032
1307803664422236162
1307810276599791626
1307816885665267714
1307825127179128832
1307831980604751873
1307840484476366848
1307847064789880832
1307854833244872704
1307859633596497921
1307862152917680129
1307877272725139456
1307877272725139456
1307881731383533568
1307892369237463040
1307908172846370816
1307923270608580608
1307938637536022528
1307953483761541121
1307968576398209025
1307983694347595777
1307991849760632832
1307998271789465600
1308013704747900929
1308015800280911873
1308022372432314368
1308023936207261697
1308027432411242499
1308032741682884608
1308036272850702338
1308037444202377216
1308039285237600257
1308044834788249603
1308044983103086593
1308047329098899459
1308051138156072960
1308052746755604480
1308054409847484424
1308058684384256002
1308059942138662912
1308061075158507522
1308061933824860165
1308062888045752321
1308065711898742784
1308067335576727553
1308067696806944773
1308069235042779136
1308069496528220160
1308071167018913793
1308075883132055560
1308076802582159363
1308078808851939329
1308081349337796608
1308084593120153601
1308086461351292930
1308089368796688386
1308091885311975424
1308096675379122177
1308097835053862912
1308098371169779720
1308099706845884426
1308104603070795777
1308105068500185088
1308105414630924305
1308107235101478918
1308110759260348417
1308112776628441093
1308114799189000192
1308117470507683843
1308119317582675969
1308122851778736129
1308123321486184450
1308124093535997953
1308127131419979777
1308128376998199308
1308129640872112130
1308134430305923072
1308137441010778113
1308141215645405186
1308144993492762625
1308149262690246663
1308153025610031105
1308153044836777992
1308156305744556033
1308157077320278024
1308160844275081216
1308162429231091712
1308164375992324100
1308169402068672512
1308169427196751874
1308174441789222913
1308179475285368833
1308183224456273921
1308183459752534017
1308183669421477888
1308184498081869825
1308184702646329344
1308184813195595776
1308184895106084864
1308185316600102913
1308189540981575680
1308191404066177024
1308194574314201090
1308194796972900352
1308194858016759808
1308199604547133440
1308203713564233730
1308204883330375680
1308214700279304192
1308217212944220161
1308219481341255680
1308221055098593281
1308226077697941510
1308227678680555520
1308228495122800640
1308228831258570752
1308233824111915008
1308236115405496325
1308236662149767173
1308237939743379456
1308244123313475586
1308246146989596673
1308249296416972800
1308252197835202560
1308255211929186306
1308255724477329408
1308259052560891904
1308260001882963970
1308265018635546630
1308270570463789056
1308275351118925825
1308280375274172417
1308286419367059456
1308290951207477248
1308295984519151616
1308301012906565632
1308305792647327744
1308310574032453633
1308316625213501441
1308320896701157376
1308325430689234945
1308330717869412352
1308336004097552385
1308341282482393095
1308346074499813376
1308349340554059777
1308350852898402305
1308356372472434688
1308361664018948096
1308365939642163200
1308370543998050305
1308370976032292864
1308376255415410688
1308381288840208384
1308385976541220864
1308386067322753025
1308391624414814209
1308394617323151360
1308395889090867200
1308402184023871490
1308402621858938880
1308402959169007618
1308405418583040002
1308406210165702659
1308408031521189891
1308408970047090689
1308411238477635591
1308414519752916994
1308416780008853511
1308421312403173376
1308428105208528899
1308431525923483648
1308431630667788288
1308432388368879623
1308436418398752775
1308439929677115392
1308440485455949825
1308443715619500032
1308446162668707842
1308446979220017152
1308446985909948422
1308447749134839813
1308451282403962887
1308455091691819009
1308458808348475394
1308460476834230280
1308462070464208897
1308462846364319746
1308466615634325509
1308469367550533633
1308471392321654785
1308472352901156864
1308473922745241601
1308479596531265538
1308479728651767815
1308481464292474881
1308485426416693251
1308489005579853834
1308492785792753667
1308497075747926019
1308500313742041088
1308500340359213057
1308504375309066241
1308507375624753154
1308511910380400641
1308512687316520962
1308515444597366784
1308518443969323008
1308527279186808834
1308532034059538436
1308537081598226432
1308541853017559043
1308541853017559043
1308545021763706880
1308547390987808768
1308547874934972417
1308547950864285696
1308548097258135553
1308549423555780608
1308549728288739328
1308551175487143936
1308552180039811074
1308553421193007105
1308554965393252352
1308556014292090881
1308556958417465344
1308561734270025728
1308561993868218368
1308564738276696064
1308566871525003266
1308567023182639104
1308567683395284992
1308567742887284736
1308567877432172544
1308572058448691200
1308573876411142144
1308577094897729537
1308582117232783365
1308587147054780417
1308592269692465152
1308593903310905344
1308597234464886785
1308600964107042817
1308600977415643136
1308604917049970694
1308608399970631681
1308612329299496960
1308613174032125952
1308617367325478918
1308622656963567617
1308627673753808896
1308632459303702529
1308637495194771456
1308642771260051456
1308648039368843266
1308652827384963074
1308657606320443392
1308663159977381894
1308668427163361280
1308678498685513728
1308682788602814470
1308687828839288832
1308692851581227011
1308698634695905280
1308703429439762433
1308707959451660289
1308713482343321606
1308718011495448577
1308723059646443522
1308726823489089538
1308728335359528961
1308733117361016832
1308738402376970240
1308741905899876352
1308742053417885699
1308744703656030208
1308748418458759168
1308748722361241604
1308750232356876289
1308754358012719106
1308755672545230853
1308756859726237699
1308760039230930945
1308761041044680705
1308764015280226306
1308767556615000065
1308768602825412608
1308771366687178754
1308775141804048385
1308775399577587715
1308775691912187906
1308776955400146945
1308778093704814592
1308778712339492864
1308783457330397184
1308787204408225795
1308787865611100162
1308790060377145344
1308791276507140097
1308791423731478529
1308794722782269441
1308794777173983232
1308796758567407616
1308797653090787335
1308800223188312066
1308801802108833794
1308803132189802497
1308805343535861761
1308806778474426368
1308808582130012162
1308809128417124352
1308810112170102785
1308810490471219202
1308814156645138437
1308815171587117057
1308818978962276352
1308823772896657409
1308825108732162049
1308827628460216320
1308830200927580162
1308830791418499078
1308834421374676994
1308834607022903299
1308837158426423296
1308838692501495808
1308838999042273280
1308839487582199808
1308840022460825600
1308841935222845442
1308844361749233666
1308845090161516545
1308848860454891520
1308848874329722883
1308850900199497729
1308857357498224640
1308858952902496258
1308860853345816577
1308860932337139712
1308861970293166087
1308862206705119232
1308864994738688001
1308865735830261761
1308869764878565376
1308871698863751175
1308874301119107075
1308875121264910337
1308877145381449731
1308877813743841280
1308881600445403142
1308884866906370049
