1245471770276179974
1245473637383225345
1245475903951581185
1245476820331495424
1245478830988558336
1245483171464056832
1245487723286274060
1245488874853408769
1245491155632037894
1245491902079799302
1245494164608991233
1245494447971893250
1245497194548994050
1245497947061727232
1245497946562592771
1245498064925753347
1245498179170242560
1245501866517110784
1245503468212813829
1245504420584062977
1245504893567283200
1245506676163252227
1245507716430299140
1245512065508311046
1245512783359291392
1245512788153376768
1245516059504971776
1245519443045867520
1245521350988574721
1245528642077237253
1245531155543330816
1245533934689148928
1245534188415209473
1245541477788377088
1245541733242454016
1245541735176065026
1245543238825631744
1245550362771292162
1245556572492910596
1245556573293903882
1245560859138625536
1245567648546435072
1245574249047179275
1245580541669208064
1245587331878289408
1245593929413562370
1245600548646055938
1245607594758004739
1245613943155879936
1245620315977207808
1245627123751981058
1245633526629715969
1245640131492503553
1245647331011096577
1245654483901673474
1245661119487729665
1245667828805570560
1245675227016769537
1245678008050094086
1245680753611964420
1245683054162698242
1245685864228950021
1245688333960912896
1245690457780375552
1245691314479529985
1245693096869888000
1245697800664428555
1245700220614254592
1245703110036725761
1245705462307270663
1245705656809766915
1245706558681550848
1245708183643054080
1245710593023193089
1245712892198092800
1245714600747827203
1245715970024452101
1245717143246663682
1245717229712412672
1245719806092902402
1245719808592826368
1245720887682351105
1245722154664185860
1245722926529286145
1245723447726145541
1245726875005128710
1245728211771764736
1245729477692461056
1245729712007262210
1245731994312597504
1245731995877085184
1245735762135601153
1245736518960009220
1245737025556316160
1245737258872975360
1245737821052309507
1245740007148716032
1245741285299892235
1245741515923652610
1245743811868930048
1245744417765548034
1245746087496990721
1245746838797537283
1245749343182901248
1245750743677755393
1245750863269945351
1245751107856535554
1245752361303388160
1245755146132480002
1245757144932253697
1245759551485468674
1245762106479255554
1245763937217511427
1245764207137652742
1245766527716073473
1245766737707991040
1245769249890721797
1245773688508735491
1245777145944657922
1245780206603898880
1245780206603898880
1245783127697604615
1245785983972446209
1245787745978658817
1245789027262963714
1245791982846390274
1245793968622841864
1245796358952554496
1245799262061035529
1245800465817907200
1245803784502235136
1245806606366969856
1245809568489373697
1245812254215462912
1245812717241487361
1245815707960586241
1245815716621832192
1245815917981900802
1245817484499988481
1245818745966166018
1245821285386477568
1245821911617007616
1245824244610727942
1245825261007966208
1245827771093454849
1245831630264164352
1245834786377269251
1245837037862862848
1245837977361829889
1245841205419585536
1245846870179667973
1245848356078960641
1245849802950180864
1245850498193928192
1245851993358381066
1245852792847093761
1245854334140559366
1245860071952670725
1245860877099659264
1245863092627505153
1245869944933216256
1245872033424015360
1245872905017229312
1245873166582460417
1245877729079296001
1245878714895872000
1245881716289482755
1245885524629479424
1245891787652243459
1245892537967091712
1245895305989689347
1245898344108605443
1245900600405000194
1245904618636201985
1245907637314760704
1245908150882045952
1245912424949010432
1245912915460255744
1245912917330939905
1245920640281919488
1245927295509876747
1245929043809062913
1245936000481648640
1245938354388164609
1245944967794696199
1245951701770788865
1245955955487133696
1245962476933599233
1245969161353920512
1245975561052262407
1245981919122272256
1245988610081464326
1245995005870854145
1246001404977844224
1246008211028746242
1246015028618301441
1246021392585416704
1246022946218479618
1246029399113240576
1246031979923091458
1246034968196927488
1246037932986818560
1246040854965387266
1246043352572801024
1246046425315782656
1246049666720059394
1246052032097800192
1246053148646612998
1246054467398766592
1246057327612002306
1246060025325531136
1246062638209077248
1246065468961587201
1246067954229415937
1246070912606040066
1246075343212933124
1246078309492015105
1246079518927998978
1246082290079404034
1246084971091156993
1246089843144261633
1246092251748618240
1246094575036280833
1246095646249099264
1246098152312233984
1246099906324029441
1246105598665596928
1246108092028407809
1246110525701922817
1246111529130393601
1246114263464321024
1246115305375612929
1246116238671122432
1246116536567451652
1246117539308068865
1246117537382883329
1246120794234773505
1246124270989828098
1246126835886407681
1246129632606400515
1246130755375378433
1246130893825224705
1246135957633617920
1246137314675494915
1246137652094611458
1246139347352641537
1246139914711900166
1246142661762912259
1246143702822785025
1246145480133926913
1246148735840784384
1246149487824863232
1246149489821351937
1246152062993399809
1246152426870235137
1246155193047298052
1246156538961694720
1246156799268597761
1246159290072813569
1246161581228130304
1246164176151724034
1246164393420820489
1246167628693069824
1246169662552973317
1246169958633046016
1246172298241073152
1246174718975193088
1246175911877193728
1246177330529173505
1246178920736710656
1246182210106949633
1246184834147463169
1246187231225790465
1246189699686957057
1246191013028401155
1246192159897915402
1246192847776370688
1246193781852057603
1246196999617208321
1246197309664309248
1246198556899315715
1246200476728733705
1246200829092265986
1246201202603417600
1246211202893709312
1246214003136909313
1246216269881278465
1246216693174677507
1246218572680044546
1246221391386550272
1246226092056330244
1246229782167203846
1246235305713205248
1246242411501752321
1246249778972852225
1246251659228876800
1246258931548241922
1246260003524292609
1246262991701540866
1246267258168582145
1246267779612913666
1246268011931189248
1246268829250002952
1246269273657561089
1246277674319970304
1246283633666789381
1246290990031347714
1246298924685631489
1246306397563826176
1246314336789946368
1246321408910807040
1246328795939909633
1246336692468015107
1246343915122368512
1246351164993650688
1246358737771728897
1246366091133300738
1246373950780833794
1246381122105282560
1246388420060069889
1246388420060069889
1246396240314675205
1246403799213899776
1246411809143357440
1246422321138630656
1246423968028020747
1246430335488929792
1246432685209387008
1246432879363665920
1246433089435377665
1246438148793663489
1246439751265247238
1246442103334469634
1246442860066545665
1246444816377970689
1246445180997242880
1246447680286609410
1246448212308885505
1246452255844372481
1246452983866494978
1246455243229016065
1246459791905632256
1246465814066278400
1246470222606983169
1246470581895258112
1246470755778428930
1246471011958165504
1246471112910913538
1246475154957447168
1246478100852080640
1246482646059954177
1246483951016968199
1246485185350303749
1246485678587809792
1246492345828282372
1246492748657590272
1246493812639379457
1246500435004985348
1246502566617321472
1246504323535814657
1246505772781047809
1246506031041175552
1246506540523282432
1246510738069508096
1246513677068652545
1246520321504612357
1246523440074539015
1246530254916718593
1246531257804169217
1246531490629984263
1246539151492681729
1246542567753334785
1246544506746535936
1246549914907217920
1246554412442624001
1246559679637065728
1246567096730992641
1246569245477154816
1246573781868589056
1246573824977534978
1246574042330607617
1246580856233373704
1246587837543256069
1246594209680969729
1246601895717863425
1246608653861388288
1246615407366111233
1246616553669492737
1246622778565984258
1246626381577977857
1246627129799913474
1246631406429708290
1246632421971439616
1246639246175281153
1246646890617331714
1246653855703666688
1246660466409123841
1246667669333573632
1246674357973368833
1246680734687023106
1246687763795251200
1246694825170284544
1246701143234875403
1246708333177946114
1246715753052753920
1246723255114903554
1246738435727134720
1246745309922852864
1246752006812897281
1246758849509498881
1246765591500857346
1246771910190542848
1246778717327761409
1246787044229238785
1246793385710682117
1246796245164855297
1246797007278215170
1246803035998822401
1246803766160044036
1246805803513925632
1246805802960195585
1246808630567067651
1246810581472075782
1246815703841361920
1246817016855572485
1246817636698263552
1246821400243044352
1246823168616140801
1246828960740245504
1246829059780366339
1246832491756912643
1246832994062647298
1246834162801225728
1246841200876736513
1246843561267642368
1246846111714807811
1246852592665341953
1246858162310918150
1246860915535904775
1246861163977224204
1246867937031569409
1246867997387612160
1246874646353522688
1246878073871630337
1246884684426031107
1246891402677694471
1246892056854835200
1246898179997663248
1246900463011848200
1246900743149420544
1246907801638707200
1246914254462222336
1246914263668719616
1246920750054936578
1246928084441477120
1246935180968890368
1246941970796351488
1246947084462362625
1246953391160463360
1246960162134425600
1246966862761598979
1246973206755508225
1246980746188914688
1246987728656519168
1246994181031104514
1247001527186870273
1247008754320715785
1247015290292011010
1247022079188369409
1247028788703252480
1247034136247795713
1247041075241537538
1247047983323123712
1247054626748334080
1247061353686327298
1247068125184614408
1247070042073825280
1247076990198390784
1247083896942080000
1247086908011929603
1247093679447212033
1247095472684183553
1247100759759519750
1247107338147966976
1247109609522896897
1247111896735657990
1247114183872843776
1247116454492848128
1247117611126661123
1247120050848444417
1247122900072779776
1247125708679380993
1247128559040200706
1247132080078757890
1247135022072696832
1247138105053847553
1247141217193857024
1247144363530104834
1247147539280932864
1247150442787876864
1247153355379572737
1247154096332824576
1247155223535276032
1247155616763838465
1247156367544193024
1247162404972236801
1247163158042742785
1247166254558806018
1247167399062671360
1247168511149051905
1247168850837344256
1247169263946936320
1247169658924515331
1247169879914024961
1247171723256094720
1247173234853847041
1247176010740707328
1247176747579211781
1247178256496934913
1247179489441984513
1247179489441984513
1247179583528538113
1247180721334235137
1247181284998369281
1247181284016881666
1247182648629493765
1247185820211187713
1247186308952457219
1247186574565146625
1247191401416310784
1247191592043151360
1247193943084859393
1247194120973627392
1247195127837339649
1247197788779184129
1247197892454027266
1247198665908850688
1247198898222964737
1247199643492024321
1247203021827735552
1247203167655415809
1247204028049756161
1247204365338849285
1247206439925485569
1247208856368943105
1247209980320677890
1247212884402282497
1247216201752854530
1247216574412529664
1247217763178946560
1247219296419352578
1247219578566041603
1247220035824779264
1247220801469808648
1247224229927497730
1247224652847632388
1247227224945811456
1247229799069814784
1247231115259232257
1247232030980653063
1247236653548294144
1247239450947661824
1247241156301410310
1247243781839126528
1247244194764279808
1247245076855693313
1247247314999181312
1247248238740209666
1247249767178088449
1247250293441560576
1247252004428288000
1247252247148408832
1247253318164000769
1247253975734407170
1247254105845792768
1247255141469872129
1247255523411603459
1247256794038181888
1247257294389293057
1247257639345627136
1247265077318819845
1247265600327561216
1247265836760522752
1247268808634613761
1247277468110786563
1247283131423621120
1247284564701085696
1247286649408688140
1247287015147741184
1247288087924871168
1247288326178078725
1247288496412377095
1247291780690837505
1247293780006404096
1247293947178819587
1247294140536229889
1247296284836474880
1247296286577082371
1247305120074866689
1247313285365600257
1247313485907865602
1247318178633523202
1247319955265277955
1247320581260947457
1247323994212220928
1247324993572216833
1247328743934263296
1247331031465766913
1247336805294276610
1247338567262703616
1247340845143121922
1247345358872682501
1247348642060664832
1247357082988355586
1247364800830726145
1247373221604872196
1247374553615159304
1247381625765335040
1247389552261677057
1247396791806578689
1247403953677049858
1247411556494819329
1247418911374692353
1247426689212264449
1247434018632749056
1247441891299340288
1247449331394842625
1247457176853118976
1247464623420424192
1247472157199929345
1247474995808305153
1247477409064116225
1247479877282009089
1247482370615279617
1247483565367005184
1247485370561937413
1247487936750370817
1247490660539785216
1247494588094468096
1247497170896519171
1247500298404466690
1247502148029603840
1247505152153718785
1247507011685711874
1247508628480950272
1247510315815895041
1247512159959101445
1247513234405576706
1247513239979687938
1247516466179706880
1247519264346693633
1247520026489430017
1247520273181470727
1247523797025996803
1247524747639844866
1247527890226311173
1247528703560519680
1247531024596086795
1247532976432246787
1247533615728095241
1247535875304476674
1247536374422458370
1247539160228827136
1247539159226408960
1247540960466092033
1247541493004251137
1247544602166509568
1247545185866743810
1247545435851575296
1247547510744322048
1247551231905665025
1247552293286875137
1247553732545523722
1247553990553939969
1247554486291386368
1247554570047434752
1247555953429491712
1247556266886672385
1247558496083681280
1247559073064771584
1247560550646759429
1247561613323964417
1247562026173562880
1247563307608879105
1247563843510951936
1247565659074158599
1247565710915784705
1247568123290628098
1247568960486346753
1247571700692197378
1247572930193772552
1247574382152749056
1247577840389951491
1247579449610178561
1247582713298771970
1247583599685177345
1247584946753077248
1247585651610062848
1247586421067657220
1247586657039257607
1247588384995979265
1247590036834603014
1247590612284645377
1247592224906452999
1247592232863006723
1247595255077261312
1247596365653446656
1247599889518821378
1247602254070374401
1247602787694845952
1247605035384569856
1247607547806257152
1247609882582409217
1247611964618084352
1247612214674173953
1247615446859354113
1247618070094524416
1247621688885481474
1247622737390194688
1247625161962127360
1247625161962127360
1247625580725579776
1247629804029054976
1247632262293794816
1247635107676139523
1247637720693903362
1247637839581495304
1247640458831986688
1247644307848339456
1247644806010068992
1247645859828903938
1247646972904910854
1247648160148869123
1247649757205598209
1247651255264083969
1247656863367409671
1247656930312626181
1247657925281103872
1247660148170067968
1247660450348781568
1247663209974202373
1247666304854654977
1247667893971693576
1247668492494688257
1247670515818430464
1247671485231247361
1247671516013170689
1247674460334948353
1247675217071296519
1247678222751412225
1247678266925867008
1247682736858583040
1247684886959448069
1247689123290320897
1247691891489099781
1247695920294178817
1247701462551089154
1247706242912526337
1247713463394320386
1247716058598977536
1247718585507643392
1247721585374572544
1247724111100628995
1247725373896474624
1247729897944100864
1247730039220768769
1247736776657166336
1247741218668212224
1247748285860728833
1247754711089819648
1247761137489207296
1247767919301296133
1247774350083641345
1247780780866076679
1247787677144891392
1247794103741337603
1247800609765347330
1247807440076210176
1247813807931453441
1247820138507878400
1247827155591012352
1247833598843064320
1247839934943297536
1247844405412757504
1247848543949328386
1247849213121224705
1247852261814009856
1247855040443932672
1247856760083357696
1247859866854621188
1247861775980249091
1247864514240024576
1247867658491617281
1247872025668071424
1247875156841844738
1247877800503193600
1247880876173770753
1247883426180616192
1247887259715522565
1247890037586268160
1247892877138518016
1247895179521974279
1247896687491698689
1247897549450559489
1247901036645216263
1247904304880443393
1247907270563946497
1247908652188606465
1247910266492387329
1247912677814435841
1247915126235201545
1247915132270903296
1247917381483220997
1247918251692249088
1247918891940151297
1247919387262234627
1247919390458359819
1247920897907924995
1247921169715601408
1247922176147238916
1247922420129976322
1247922927330308097
1247923670158278659
1247924071255412738
1247925672325996544
1247925695172546560
1247926684222971904
1247928485387145217
1247931982295769089
1247932289218154496
1247935275579383809
1247935637325516806
1247937552063123458
1247937774856163330
1247939892862160896
1247941040767676416
1247945306978897922
1247947598478094336
1247948798309150724
1247949984131166208
1247950553977585666
1247952376813826055
1247952855966892032
1247952899080179712
1247953850461573120
1247955854118223872
1247956092677734402
1247958163648897025
1247958599302815745
1247959694532116482
1247960149186080778
1247960669598736385
1247963541338042373
1247965748120731650
1247966477665402882
1247966670871658497
1247967982992666624
1247967984058064902
1247968217454297090
1247968483415068673
1247968705797111815
1247975778328940544
1247978836219871232
1247981857980981255
1247983060592754689
1247985895858413568
1247986389762834432
1247988263572443137
1247989313532563457
1247990862111551494
1247992618903986177
1247994905873571844
1247997942671310849
1247998666788536325
1247998927695237123
1248004989454176257
1248006047886786562
