1291260035235012608
1291264581449461761
1291266929567596545
1291267836912992257
1291268069688565760
1291269155287633920
1291271266465390593
1291274998708142081
1291276458011308032
1291277269210673157
1291288070596132864
1291290306634289152
1291294020191293442
1291295253702553600
1291305877501358080
1291311891520790528
1291314441045368833
1291314565721055232
1291314627247247360
1291316102862168064
1291319229430587392
1291335373981921281
1291339942510157824
1291340689347936256
1291345010965839872
1291345093157359616
1291345531910987776
1291351215058628610
1291351238395809793
1291351448081571841
1291359945892532235
1291363226672869377
1291363827779600384
1291380879500161025
1291380971862884357
1291381000879120385
1291382462493458433
1291382550053769216
1291384900856225792
1291385557440958464
1291387308638445568
1291387847723962369
1291463311209517061
1291463332101226497
1291463352946958338
1291463412527046656
1291463442457665539
1291617203897487361
1291618769731817472
1291619637369671681
1291625898660237322
1291627205261484033
1291628513439748096
1291636321144930304
1291636999787556864
1291638407794429952
1291639215458058242
1291640813617909760
1291646072520138752
1291646100248694785
1291656424909606914
1291661005270011906
1291661781287542787
1291662879524093952
1291663885653729280
1291665203139153920
1291674324592660481
1291675296811425793
1291677329710821376
1291682113473978368
1291683875895365633
1291691682820427776
1291693215301738496
1291696941378801666
1291711492744716288
1291713222165364736
1291718585589600262
1291722336815796225
1291724802215026688
1291726253125500930
1291726262491385856
1291742716850614277
1291749384712073216
1291978859479523328
1291982137764323328
1291987493563371520
1291990972876890113
1291992223320608768
1291999129363787776
1292015459231989760
1292015459231989760
1292016723709890561
1292018532495097856
1292018554485735427
1292020616682446849
1292021608643792896
1292024369305313281
1292026523634020352
1292030290173534209
1292033349607923712
1292040551211184129
1292042579605958659
1292043904867602432
1292043929421066240
1292069172172775427
1292070521077665794
1292073473595133953
1292073504137977862
1292075017904238592
1292077126095691777
1292081798806212608
1292083815926693889
1292085631607353345
1292089489058344960
1292093385243795456
1292094418942603264
1292096518367977472
1292169673891622915
1292169693638402050
1292169721228537861
1292169740081864704
1292169817970155520
1292169848492040194
1292169873410478084
1292169968533086209
1292173991277400064
1292343691814875136
1292345683752751104
1292351051870482433
1292354223045255168
1292355808831954945
1292359020020477952
1292361978070040577
1292366651204210690
1292368885224812545
1292371331145699329
1292375004705955840
1292378786013511680
1292382159022563328
1292387296260567040
1292389395098730498
1292389861631184896
1292391459371524097
1292394768522252293
1292398078767566854
1292404349033996288
1292404356755619840
1292404828677775360
1292405518770806786
1292421950111911939
1292430250736078848
1292436494582505472
1292438841572368385
1292440193795067908
1292458970343325696
1292458974575570948
1292458981303234560
1292458988483772417
1292462319348350976
1292462994987913217
1292463057898278913
1292464906785230848
1292470637651546113
1292470643582210053
1292470761609887755
1292475616940503040
1292691500007067648
1292698339402752000
1292701207367045120
1292701487911579648
1292703441278717952
1292704595765006337
1292707038942973958
1292713039356219392
1292716750648246272
1292720175482052608
1292721461141135361
1292727852547420160
1292732173594890240
1292737585421393921
1292742906227425281
1292744069249105920
1292748097332838400
1292748108548509701
1292758657466327040
1292761963655835648
1292764347161350144
1292764427561951232
1292768674244419585
1292769133050961920
1292776281893941248
1292783824296914944
1292783828621234177
1292783954970456064
1292793910788489216
1292796045378846720
1292809225845039104
1292809682743103488
1292815738995187713
1292816255234310151
1292817882133536768
1292830377682374659
1292832057115250688
1292835675746840583
1292933037769003012
1292933099173576709
1293054495820324864
1293060039167619075
1293060779072278528
1293061475825836033
1293064780480237568
1293068281297997826
1293074488763060224
1293083220716802048
1293084422712045568
1293086090891493377
1293087375606849536
1293088653904941056
1293098040518221828
1293103019312189440
1293106447405002753
1293106852302139392
1293108410423160832
1293112866757914624
1293115050773770242
1293118156257533952
1293120370330001411
1293122165177491457
1293130414769541121
1293136217572335616
1293144633539788805
1293145970969137153
1293150651665588224
1293150665850658816
1293154094492856320
1293154413406756865
1293165692494270465
1293167192616448002
1293173155226427393
1293173470298279937
1293173502988693504
1293176761115480065
1293185888181030916
1293185911870517248
1293186576466337792
1293195218951573506
1293199073261035520
1293418442880700416
1293419982097874945
1293440610649755648
1293441651541770240
1293442263876591617
1293442884881063936
1293448363925528577
1293448464903405568
1293453596613324801
1293467461107494912
1293471700709969920
1293477453202161664
1293481048244981760
1293486368631459840
1293486373824073729
1293490900124020736
1293491007292571649
1293546347367485442
1293546408243539968
1293551336701808644
1293552115982499842
1293553330392829953
1293556866803552258
1293603607145779200
1293609780834074625
1293612984510615556
