1291131870579535872
1291146971680395264
1291162068343758848
1291177171155742720
1291192267953311744
1291207366143221760
1291222465562030081
1291237566159753217
1291242346802110464
1291254643415306242
1291256148155412480
1291262614320881664
1291264459340734466
1291267522147373058
1291269095955091456
1291270820405432322
1291273270176747520
1291274263496994816
1291275154698506240
1291275804710764544
1291277143993987073
1291278734264344577
1291281854444830720
1291282271354458114
1291284187174047744
1291286507219824644
1291287510732218369
1291288579445010433
1291289717707886592
1291289995974713354
1291293116436275200
1291294624762519552
1291295740606795776
1291298823088807936
1291302551384723456
1291303109843660800
1291303275480973313
1291304113620365312
1291307537606889473
1291311721957797888
1291316027108855809
1291316695068549127
1291322070484353027
1291322865321676802
1291324549343195136
1291324582893428736
1291324883272634368
1291326030213513217
1291326220253175814
1291326328642449410
1291329167494193153
1291330919673012224
1291334631959212032
1291336587029159936
1291336598269943819
1291337352800075776
1291338141404717056
1291339810095931395
1291341170140995584
1291343228248227841
1291345159263838209
1291345773620269057
1291347973071425536
1291350365456289794
1291354217471528965
1291358356158984194
1291359280059293696
1291359588806262784
1291361660381388800
1291362639558344704
1291363066395996161
1291363287708454913
1291367949538856960
1291373012697190402
1291373328922550272
1291375375906492416
1291376502416736256
1291376748987396097
1291377786557534209
1291381641869434880
1291382155290062848
1291382536845877251
1291382931211132928
1291383544590348291
1291385224274878464
1291385910211289088
1291386609175339008
1291389819260743680
1291392334970658816
1291396112365096961
1291396831663075338
1291401301214076928
1291404126216237056
1291406452754710528
1291407592250585088
1291411478269001730
1291420358202011648
1291424409413201922
1291426503629004801
1291426775352905734
1291427128861392898
1291432104790757376
1291437059639595008
1291440329489604609
1291449112571842561
1291452186577309697
1291454224606334982
1291457183998246923
1291466871326355457
1291472626540597248
1291477992624070656
1291478939232346114
1291479359463862273
1291483272145444872
1291488199575994368
1291489561340764160
1291491814646611971
1291495758949122048
1291509361324380160
1291524456473440256
1291539555485495296
1291554655663722497
1291569756655427585
1291584856435154944
1291585067362521090
1291599954780266496
1291599954780266496
1291621440899428355
1291626994212450304
1291629573227110400
1291630796537761792
1291632009522089984
1291632183430598658
1291635189526024194
1291635829316755456
1291638337451827200
1291638645074649088
1291644133199708160
1291648204472307712
1291649952263938048
1291655621973073920
1291659289241759744
1291659738363711489
1291659837768687616
1291662646798888962
1291667265717493767
1291667383736836097
1291667582576140288
1291671540921237506
1291672382965534720
1291675412603559941
1291681503844458496
1291681618973937669
1291685950947577857
1291691821257695232
1291695296787906561
1291696246558724096
1291697083955793920
1291699142297899009
1291701247591034880
1291701356919758848
1291702430497988608
1291702556226392064
1291702866563006464
1291703516189335553
1291707071860178945
1291708427299889152
1291713016870907904
1291718315124064259
1291718497890861056
1291720259804827649
1291722489106661378
1291722875980914689
1291725684407238663
1291726432520077312
1291731721097031682
1291737235562344453
1291739223544999936
1291740731678359552
1291744702430171137
1291748679808954372
1291749775293984768
1291749877148508161
1291750308859830272
1291754806445563905
1291758375059980290
1291761033326088195
1291765609643020293
1291769304866852866
1291771186368700418
1291773153883164674
1291774123522363392
1291774479715176450
1291778387086893056
1291783037634646019
1291787694478184450
1291788937325883394
1291792733326245889
1291796210936881152
1291801294403928064
1291804942739611648
1291808511790395393
1291809548014096386
1291810209543983105
1291812817629257734
1291818882106372096
1291823385601880064
1291827475681607681
1291829188920565767
1291835476681396225
1291836177981603841
1291842449808203776
1291844206345048065
1291845096128880645
1291849293373087747
1291850942174961665
1291853582208315398
1291856647581622272
1291871746216398854
1291886843257028609
1291901942826852353
1291907343064674305
1291917042367565827
1291924592039202827
1291932144579706880
1291939691579637761
1291947242467790848
1291955546145382400
1291962340922068992
1291969890564349952
1291973665463164928
1291975946006921216
1291976557062500354
1291977692200357894
1291980104130875394
1291981215298252800
1291984990427844613
1291988764982562816
1291992943541334016
1291992943507705857
1291995479832764416
1291999421065039872
1292003569537896449
1292007521826242561
1292011414283079680
1292015190079229952
1292018964080390144
1292020196572569600
1292023800737992704
1292024158033936384
1292025668029550594
1292027459894947840
1292027935105449987
1292031770766999552
1292035306372435968
1292041133422501890
1292042087509172224
1292051014963662848
1292052660569481216
1292056568398307329
1292059072536215552
1292061212616937473
1292066003661344770
1292070681589555202
1292074363747958792
1292074622544994304
1292075642050285568
1292078750792921088
1292079430869843968
1292082840759402499
1292082947739312129
1292087527843733504
1292092352035725314
1292098266356690944
1292099836096008192
1292102149279821826
1292108176150663169
1292116741158580232
1292122207725006850
1292124686080512005
1292128938995654658
1292132210305368070
1292135986726670339
1292136489753731079
1292136909901377536
1292140698234478592
1292146613402705920
1292150163851685888
1292152473122111491
1292157117458198532
1292160672172843012
1292161531795447811
1292161721436602371
1292161909970604032
1292162212216397825
1292165221956583426
1292172165853384714
1292174247683674113
1292174418660270081
1292177031229321216
1292181935494770690
1292189552606502912
1292189917066518529
1292196767476457472
1292203042088116224
1292209379333353472
1292213020958109697
1292213272867934209
1292216994239062016
1292223562284240897
1292234635322298370
1292244945659731970
1292250489892098048
1292256781855408133
1292265589382057984
1292269615695818752
1292280688784310273
1292295788341661696
1292310887760637953
1292317430698536961
1292323077704032258
1292325987208880128
1292330113560977413
1292332279130279938
1292340583298727936
1292343603164053504
1292343603164053504
1292349964417343489
1292355318966636545
1292359599316762628
1292364225675964416
1292365714351955971
1292368013031858176
1292372415167762432
1292376786102345729
1292383782117548032
1292387717817536512
1292391611742195713
1292394457480953857
1292398847281500161
1292406602461577220
1292409940833972225
1292411703414665216
1292415418238414857
1292419141694107649
1292419239882772482
1292423582828593153
1292426626987364357
1292429737869152257
1292430435839090693
1292430870721290240
1292433964582555649
1292438926079205377
1292443243234426882
1292445525678133248
1292446213585985538
1292446795445030913
1292449800831500289
1292452357708668929
1292455212259708928
1292460274642046976
1292461537056129026
1292464638798508033
1292467326814752769
1292467363598794753
1292470945026899973
1292473772201644033
1292474863064690688
1292477105457029120
1292481540430143489
1292485560175669249
1292486377834192896
1292491055590510593
1292493017874599936
1292495084949245953
1292500175332814850
1292504346299633664
1292509182093131777
1292511512792305664
1292512460348555268
1292514203077672960
1292518580517470211
1292520149682196480
1292521008390459392
1292529981961232393
1292535028585508865
1292539696736763904
1292543913392320513
1292547899373629440
1292550088661913607
1292557734605393926
1292560673512267777
1292564981679116290
1292569390924402689
1292574890625826816
1292578713918414856
1292592744662102016
1292607844169265153
1292622943810400257
1292634630852612101
1292638043250102272
1292646851439497216
1292653142933270530
1292661950824906752
1292668242247520258
1292683341678776321
1292686231348879362
1292689633118244864
1292695673180049408
1292698441319997440
1292699535718993920
1292702467885379584
1292705990853484551
1292706764832595969
1292706785523105792
1292711113201782785
1292711647543529473
1292717018416852992
1292717571926560768
1292718642002632704
1292721998662164480
1292722061505376257
1292726281428230149
1292727505963618304
1292730198669107200
1292733335329005568
1292733498965594114
1292734163179769856
1292734824663449600
1292736286302900224
1292737793333092353
1292742050232832000
1292742797754281984
1292748757143113728
1292752126523969539
1292752166160084992
1292754490567925762
1292755060011802624
1292757162100391941
1292760147291496448
1292761043379396608
1292762041753702402
1292765141851922432
1292766297001005057
1292769487981350913
1292773437589590016
1292776853858590722
1292778315414220800
1292780216709001216
1292780952364683266
1292783266945216512
1292786935765901314
1292790382368108544
1292791777796280320
1292791978225283073
1292794676744003584
1292797534679818251
1292800472642969601
1292801776211709953
1292805288572182528
1292806095077928960
1292809725680259072
1292812047613415430
1292814947446128643
1292818210769833984
1292822159803416577
1292824985556353024
1292825645047832576
1292826286348435456
1292827800076943360
1292828377242574848
1292829303579635714
1292833078461702154
1292834315299106821
1292836853255634944
1292838089233244160
1292841886915289088
1292845661600337922
1292849436574408704
1292853463139987458
1292856986585796608
1292860760855584775
1292860888278601740
1292861087336079362
1292865021328924673
1292868570301575176
1292871388223635456
1292879693214101505
1292883491609284609
1292884413529948164
1292884475127508993
1292889468727431169
1292890984561479680
1292892839286902784
1292894177957752833
1292904712661078017
1292912059923955714
1292917933845422083
1292923299094241280
1292929624603791360
1292936253562916865
1292943306775814144
1292945569548308481
1292960669092818945
1292975768604041217
1292990867964334080
1293005967651532800
1293021067137757185
1293036166539698178
1293051266101207040
1293059350450319361
1293061906849292294
1293064605451857921
1293067260270129155
1293068378756743168
1293072153642901507
1293075928436871168
1293079703427772416
1293081476922310659
1293082760895176704
1293083847974887424
1293087077106622464
1293087622743625728
1293088743029706752
1293091803244175360
1293095661299273729
1293095661299273729
1293101901005946880
1293106260645236736
1293107482764681216
1293112090354425856
1293114728382947330
1293115406715060224
1293115667055554565
1293115788547837952
1293117994235830272
1293118337652871168
1293121737924780032
1293122614395904000
1293127977472086017
1293131009026854914
1293132051638620166
1293132925010051072
1293134573904297985
1293138850605391872
1293143108239134721
1293144278336708608
1293148485601107969
1293151822820118528
1293152687308124165
1293153160052252672
1293157345661530113
1293163149504520192
1293166605577453568
1293170201626914819
1293174215500234752
1293176364913373184
1293177491964809224
1293177594502881281
1293183664403054595
1293190867675570178
1293191009761931266
1293195039833837569
1293195466641817600
1293197102907097096
1293197753389129729
1293201003337187329
1293204274831228930
1293208052267511808
1293211824255578112
1293215420699344896
1293215850862915585
1293219175222173696
1293219625652686848
1293223400433946624
1293227175387291648
1293231202191769603
1293234474130399232
1293234814200487939
1293242023126929414
1293247056551665665
1293249573012439040
1293251505915650048
1293253347890233344
1293257122612785152
1293262156058824710
1293266686477578247
1293270641991471105
1293271092585431046
1293275728277110787
1293282548429332487
1293283751875805184
1293285082124505094
1293286969758363648
1293293511123578880
1293298782294151171
1293305376163717120
1293305988712407040
1293322553914613761
1293337653400801282
1293342790416465922
1293352752983269378
1293359044145459201
1293367852339089408
1293371626973782016
1293382951938531332
1293386978231119878
1293398051332259840
1293413150721630208
1293427495350366209
1293432025014099970
1293439488287559680
1293443495743586304
1293446793439711232
1293447938866282497
1293450198618902528
1293452332508774402
1293453229376905217
1293455064992972800
1293455726850052096
1293457865735376896
1293460301451583488
1293460369634144256
1293465195248001026
1293465227284094982
1293466625023315969
1293466800131321857
1293466953189937153
1293469452634411009
1293470788348248064
1293475959597862913
1293478060084396033
1293485211183910914
1293491422264467456
1293493941074092032
1293499344881160197
1293503287438848000
1293512136250056704
1293512534385975297
1293513318506823680
1293515712741412865
1293518856103907329
1293524981998137345
1293528189034287104
1293536685737771009
1293540110391271425
1293540760332140548
1293542422060900352
1293543682331770880
1293544365701439489
1293548778860027904
1293550375094509568
1293553680231391233
1293557678766252032
1293560200734158850
1293563289163763712
1293563769075965952
1293566580232724481
1293568868322095105
1293572074515107843
1293572962503852032
1293577913686728704
1293585070465388545
1293585777314738176
1293587043600261123
1293590453976289283
1293596561922912256
1293600398192893957
1293601741280366592
1293602358015012870
1293603304254189577
1293603862105018369
1293605440123797507
1293605786288095233
1293605865161981958
1293606069181194242
1293607830013063171
1293612026997112833
1293615017787625472
1293615864999182336
1293619964121878531
1293621514135375872
1293624594537025536
1293629501012946954
1293636965410181122
1293641770631409670
1293649589480960003
1293653051241267202
1293660472324104197
1293667175614615554
1293668583931707392
