1354573051908640772
1354579556837990403
1354605017651585025
1354609849556897794
1354612252716883968
1354625280275410946
1354626897410367488
1354627400982650881
1354628479417901059
1354629952809787401
1354631188883795969
1354631534213427208
1354646304060633090
1354652340104564737
1354655631806877698
1354656074867961857
1354656170154237952
1354656406964592648
1354663426715336704
1354667595497005058
1354683663716245504
1354688017240256513
1354689427591766020
1354689612917035008
1354690513421492225
1354692476980715521
1354697862064431104
1354698698324811780
1354699762583261184
1354707414973517825
1354709144444444673
1354711115461136385
1354711153604136963
1354711243647381504
1354712479117373444
1354717282639863808
1354718315701125121
1354721252246609921
1354725954074021890
1354726142486269953
1354727896292548610
1354731599695233027
1354731916231012353
1354732203977003009
1354732923845439488
1354733044817567747
1354735023035834368
1354736460218343425
1354736617882177536
1354739990484324352
1354741513134039041
1354741524525793284
1354754214891724805
1354761512481509380
1354762088699162627
1354765034098814979
1354769041802416130
1354769326583074816
1354769407755526147
1354771474083676160
1354772924163448832
1354774270585397252
1354774665386893315
1354779200993939456
1354779452647952385
1354779467365953536
1354781536332046340
1354782574392930306
1354786543332773897
1354787235128721417
1354790636910637057
1354801176902963205
1354803588812300292
1354808359396884493
1354814662395588609
1354814826434813955
1354825615505977353
1354829484537434112
1354833898732097536
1354853726620540928
1354864656632799233
1354865711089258502
1354877602133991424
1354881220476166144
1354883652358860802
1354889870410309632
1354892028774027264
1354902276159074304
1354916085321981952
1354922026675302401
1354927789628026883
1354934885383770115
1354937886613729285
1354945268899172356
1354951405837062151
1354963246629879816
1354965945840619521
1354974037164707841
1354975628840189956
1354979017556856834
1354979173480099840
1354979844358987777
1354983506737156104
1354986115707461636
1354988626199760897
1354994123061645312
1354996211195908100
1355011713372852225
1355016030746107905
1355016952834453504
1355017001157058560
1355029878769283076
1355044205895118848
1355048704495943683
1355053067108970497
1355055542566219776
1355056587014979586
1355057919549599744
1355061315912384513
1355061991522537474
1355065503471923202
1355065682744930305
1355065797685592065
1355070819890675713
1355072933043953669
1355076244530847744
1355076344715960324
1355076472222826499
1355080534641102848
1355084136873005057
1355100686636126208
1355103289906352130
1355107254148558851
1355110197388144642
1355111716036644865
1355113688693305348
1355123395399090180
1355123577914232833
1355125227303309312
1355125478210723841
1355126107553427459
1355126157813940226
1355126726427242500
1355127353312120835
1355130982710480897
1355131637676212226
1355132455796150272
1355135106483011586
1355145187463286788
1355146970017394688
1355150797076480003
1355156955854041089
1355159335119142918
1355162960360947712
1355164151497146369
1355168286988595204
1355170280939765767
1355170706074423296
1355170863989972997
1355173218793840641
1355173218793840641
1355176964995248128
1355178487758295041
1355183252114337792
1355188170069995522
1355198970012700673
1355222016136073216
1355223786111397890
1355224886604492801
1355225378839646209
1355230398247178243
1355246189554196484
1355248132959862785
1355251431020748806
1355274475839737859
1355278844995850240
1355284923838394375
1355304875425288195
1355332264612122627
1355341962128228353
1355349894358204416
1355353251948843010
1355357489357701122
1355358715386372097
1355359524207517696
1355359734983843843
1355359922200801280
1355362123463806976
1355369062453239814
1355389742930489345
1355396011812823042
1355402004307165185
1355406543009681409
1355406769779068930
1355407912772927488
1355416737898930177
1355426177549103104
1355426205093126145
1355426447104466950
1355427000928722947
1355428283039457283
1355433346411622407
1355443427731640320
1355445320046370822
1355445553711071232
1355453070956589056
1355453827080544261
1355454586664873984
1355454663303196673
1355455068082855936
1355455521289953291
1355477092868087813
1355502954933964800
1355505129537949697
1355506593404657666
1355509730563686400
1355515678388674567
1355516706202914824
1355520688392556545
1355531021320478726
1355531269203877890
1355540009059672064
1355540674993553411
1355541975785644033
1355555064308322304
1355559024494661633
1355579403758039040
1355600446463778820
1355603474457608193
1355606126864175104
1355610634558218241
1355620658282070017
1355695561463062528
1355699816852930561
1355701457626886144
1355705445785038855
1355716856988880900
1355719769974992896
1355720474236387333
1355723503991812100
1355724079261655042
1355732437230256132
1355761829906006016
1355767328558837763
1355781537636122625
1355782541349842944
1355787788814217223
1355788013406576641
1355788426264543233
1355790331430596609
1355792769982193669
1355793079450525700
1355815031930118147
1355819952415010822
1355820106568220675
1355820294112337923
1355836475032522752
1355837270092173315
1355850946694111235
1355850963970531330
1355851526829338624
1355857323592359938
1355864200099188737
1355865208174989314
1355868812264935432
1355870323602644992
1355871487551369219
1355872760543670273
1355876171926228993
1355876479955943427
1355878321746112513
1355878816871112710
1355887941109735430
1355888763101044738
1355897776987508737
1355899850278092801
1355901390661423104
1355903298050551808
1355903531769757697
1355906221203615751
1355916455221448704
1355917740653985794
1355944421917769728
1355949414607540224
1355959969732939778
1355962363657080832
1355972162608222210
1355992085283831808
1355995699897192450
1355996574384496640
1356018712604631040
1356035554249297921
1356049843647463430
1356058178132221956
1356060308020686848
1356061163641991173
1356065531476885506
1356071180315152390
1356074696081436673
1356077797484072961
1356078716753829892
1356079037756571650
1356080366721753088
1356080643696861184
1356081771339685893
1356084006022901762
1356084267856478212
1356087794590867458
1356089283942072325
1356094145174020098
1356098879528132608
1356107225341730819
1356108446504951808
1356131493756592132
1356132231199117312
1356134079016562692
1356138301128810496
1356148441471049729
1356150578359934977
1356160289977188356
1356163951885647875
1356163999595810818
1356165714323795968
1356166761717002242
1356167246251343873
1356170947368108034
1356177996189585410
1356184697777213444
1356193414497271809
1356195402035331076
1356200221131202561
1356200857474195456
1356201248534392847
1356206049527701508
1356206404588060673
1356208448820547587
1356209262595252227
1356209671267250185
1356210775967207424
1356219246213128196
1356219651621982208
1356219885987135488
1356219905738121218
1356226666159239170
1356234221988143106
1356236517480439814
1356238814637768711
1356239286761259010
1356239482731655180
1356245271299072000
1356245687462100993
1356248315302711297
1356248594781667330
1356250521158475778
1356251311021252613
1356251738378915844
1356253476402040834
1356261437329428480
1356266041408569346
1356287767433498625
1356287767433498625
1356288272146698242
1356300615220031488
1356309955763003392
1356315073581486080
1356328776053874688
1356334842187632640
1356340201128226818
1356344010026020864
1356347708332593152
1356354101567651840
1356371648211865600
1356373062153687045
1356389356613693440
1356392487581966338
1356409247920099328
1356410771584897024
1356418020059488256
1356443302397054977
1356444882303291394
1356445582215114752
1356445753061765120
1356451362616184833
1356452975552516096
1356453408228614152
1356454895616815105
1356464413474131969
1356464672115888128
1356477920911351808
1356479455863009280
1356485274683887617
1356485545761722379
1356490237380186112
1356494196933201920
1356502526657404929
1356504598156988416
1356510369217351681
1356516078558482432
1356520961307074563
1356521709868703744
1356521909916110848
1356522922186219520
1356525629420703749
1356529058004180992
1356531254158446592
1356535192177975298
1356535366392573952
1356543668195258374
1356547171277959168
1356549319491350528
1356550344793223168
1356550762680127488
1356552547826192384
1356556746551042050
1356560785615413249
1356562223238316032
1356564648875618305
1356574510057623558
1356578920192086017
1356583337016532994
1356583565404721154
1356591025351888896
1356591723682488320
1356600202962956289
1356604776662753281
1356604902563340289
1356605023669555201
1356605145321140226
1356615302776119299
1356619199397814275
1356619228862763011
1356619413315756039
1356627402475008002
1356628190249193478
1356637664393396226
1356646311693492224
1356649216987172864
1356658823260344324
1356662856553426945
1356666828639019008
1356687866823208960
1356690908922568708
1356691031421374464
1356709411272617987
1356718989762682884
1356735578528567297
1356744212780261377
1356747139200638977
1356751405575364617
1356762534779383808
1356782125643567104
1356784239182639104
1356784560235716609
1356794864310968321
1356796036090523649
1356800845602381825
1356802625262428161
1356803358162448385
1356803538395963395
1356803685913817090
1356809140505513986
1356809944956248065
1356813567295516672
1356820673985826818
1356822210602668034
1356827892982849536
1356831779777179650
1356844769654149125
1356846404228968448
1356854601606025217
1356857528806641664
1356864758939443204
1356872896128249857
1356873227650228225
1356875119772069888
1356880846012129282
1356880870649434113
1356883644833427456
1356897943886778368
1356899452531798026
1356900206202130432
1356901228865708032
1356901661835292672
1356905691164811267
1356910259151851525
1356915269419978755
1356918824356831237
1356919838543810561
1356922516988514304
1356924816687685632
1356926696675397632
1356934642964697088
1356934759100780547
1356934846543589379
1356935445574115331
1356935739594821634
1356935849917640705
1356937511717593089
1356940506853330947
1356946031112384512
1356948397891096578
1356948980916051972
1356949504818180096
1356952287755739137
1356952883195912198
1356953634324402178
1356964101256220678
1356968398639390721
1356971368055599107
1356971550293909505
1356973732112203776
1356976505021075456
1356985284051628033
1356986137382842368
1356986281729789952
1356986783859310594
1356987007398940674
1356987739321761797
1356989217683828736
1356992404914540544
1357004627569336321
1357004716060807169
1357004816665337856
1357006707432386560
1357013591598092288
1357013676511748096
1357030001212682243
1357038818151419904
1357052334027669504
1357063681666805760
1357074800619921408
1357075286525833216
1357079059230912512
1357085847821066241
1357086002892787712
1357099316670681089
