1331791044128755712
1331794833334300673
1331802373484908550
1331809933948575744
1331817473558122496
1331825030171402241
1331832570372304896
1331840133075771395
1331847672374980608
1331855254984548353
1331862776189431810
1331870373051314180
1331877876992528386
1331885481815138304
1331900603065315330
1331915727322947586
1332160982970470401
1332167272346120193
1332172318450266113
1332176079839260672
1332179860945559552
1332183629758427136
1332187420918427648
1332194961572442112
1332202526322659329
1332210061595308033
1332217634880970753
1332225164034117634
1332232757297127426
1332240264723836928
1332247879000481792
1332262990914183168
1332278100206497794
1332293244185681920
1332519628136976386
1332534724758220800
1332549826526011392
1332564944466960384
1332884498044903426
1332889536175759361
1332897092973588481
1332902112909533184
1332907144627281921
1332912191113224194
1332919734237614082
1332927290108473349
1332934833413165056
1332942396049461249
1332949935852048389
1332957504431673344
1332972612625031173
1332987713482584064
1333002822066057217
1333017938593505284
1333241852422746114
1333246884413108226
1333251924519493632
1333259478737821702
1333267025720905730
1333274582145519616
1333282123931918341
1333289690435362816
1333297224856559617
1333304808372113408
1333319937788698624
1333327428891123713
1333331193056677889
1333335042819559424
1333338747425976325
1333342532982411264
1333350162014613504
1333365274632998913
1333380400840896512
1333609273729970176
1333614312586436610
1333621875453390848
1333626891484459010
1333631923118280704
1333636968442454018
1333641989854785536
1333647020578533377
1333652081803190272
1333659614630600704
1333667193733730306
1333674192366170113
1333674227816394752
1333674253644926977
1333674715748167682
1333682311230009344
1333697440365621251
1333712539717427203
1333713597793333248
1333720021885972481
1333972922013257729
1333976697385979904
1333981729279893504
1333988018466787329
1333991799048777728
1333995568243351552
1333999361055973378
1334004375199633409
1334009408586657792
1334014461808676872
1334022000940097538
1334029574963859461
1334037103915700224
1334044696558133248
1334059808262123520
1334074923577434112
1334090042218848256
