1273510313892220928
1273552866532343808
1273564318089519105
1273601554432606211
1273622584391843845
1273632647856689153
1273646037325033472
1273876895793385472
1273907566477824000
1273919290455068675
1273940875937296386
1273971948146634752
1273997816747167744
1274024471326797829
1274249008781934593
1274327265141235712
1274397568391405568
1274403549481512961
1274617991775358976
1274663989738381315
1274732758741499905
1274754322048462850
1274965572820832256
1275009437854507008
1275020776027107328
1275044289249259520
1275088725928796162
1275096371343826946
1275326864165408768
1275365501573758984
1275382676699185152
1275427581538508802
1275438800974405634
1275472101273735172
1275687314275151872
1275720701077577734
1275739085970251777
1275771250464493573
1275798669959315456
