1311461341513695233
1311482603065667584
1311489777481388032
1311507263320813568
1311512047281074177
1311512053496991745
1311548536186499072
1311555711785000960
1311555721268359168
1311565397716422661
1311565403160625153
1311570305828020225
1311584526049538048
1311586916555399168
1311586921936613377
1311597022995197953
1311601390381268993
1311601395657707520
1311601836735041538
1311602266516844544
1311608684909268995
1311610671293968384
1311612962549817344
1311615855843655680
1311615861690515458
1311620393216536577
1311623162547716099
1311623169728344065
1311627136516661248
1311627296684507136
1311629576594915329
1311630333339525120
1311630338838290432
1311637376276426754
1311638659385487360
1311641337268187137
1311642028296429568
1311642037620363265
1311644533994721282
1311645811034468352
1311648481464004609
1311652607060897792
1311655856640004096
1311655951150264320
1311656751599501313
1311659906060091395
1311659911814606854
1311661591457267714
1311666607517691909
1311666946203557888
1311666955091288065
1311674550426447872
1311677247586263041
1311679764353159168
1311681417563181056
1311681701240885249
1311681927166988288
1311682284064563202
1311688523687366661
1311696150462754816
1311696157131767808
1311699282932584448
1311703436405075974
1311703442113458177
1311706982605361152
1311707090667352067
1311707090667352067
1311710732455616512
1311717902408585216
1311721052792254464
1311728472172052481
1311731998981943296
1311746469750280192
1311752129221017601
1311752134925271040
1311752143208996864
1311761190092120065
1311761195595034624
1311775661976035329
1311775668099641344
1311782327362568192
1311782332618080256
1311848893823369218
1311856443880992771
1311870533680525313
1311870539460308998
1311895068031119360
1311906142994325505
1311920364331491329
1311920373114437635
1311920865836060672
1311927785351385089
1311940652410822656
1311940687185747968
1311940733658705921
1311940746564509697
1311940824557588481
1311940846640664576
1311949679572086784
1311950310106038273
1311953240431513600
1311956726078337025
1311956731430203393
1311957394411446272
1311961671531978752
1311964028340584448
1311964902592978945
1311965283863597056
1311965396048650243
1311969580026408961
1311971196779458560
1311971202596970496
1311972582145490950
1311972946018095104
1311978248176197632
1311982039579664385
1311985413007929345
1311985418431160320
1311985941674852353
1311992715622576128
1311992721221935105
1311998276426702855
1311998891768901635
1311998936027205638
1312000013568942081
1312001396292509697
1312001956488122368
1312014609339957248
1312018597967998977
1312023708626825218
1312027107497775104
1312029082343751683
1312029090333945864
1312030725428989953
1312030827761598464
1312030846711476224
1312030924452888582
1312031092027781122
1312031098268860417
1312031104405131264
1312033343886839812
1312036255081717761
1312044729496993792
1312050469577977865
1312050475693350922
1312055338900885511
1312057894704087040
1312068842219171845
1312068848103776256
1312068853766082561
1312068860359536645
1312070452429434881
1312072493042003970
1312072498347868160
1312076014181212162
1312093879315779584
1312101053186277377
1312101061327347712
1312107471066943490
1312107476943216641
1312115648340795399
1312130119092236289
1312144840130347008
1312144846417612805
1312166231458291712
1312166862453645312
1312174036844048384
1312279861055033345
1312303259378282496
1312330441425252358
1312332337267441664
1312337617820639238
1312352459021377536
1312353843208843265
1312382660145156097
1312397884579487744
1312397890455662592
1312397896852017154
1312426197981175809
1312432865590693889
1312433494522425344
1312439913531367426
1312439919873155077
1312440916951494661
1312447209443520513
1312460923274031105
1312462440227991552
1312469734009446400
1312498924918239232
1312625635223773184
1312628272669155328
1312648539143507968
1312664137525194753
1312669673285058560
1312692955371634688
1312713090354479105
1312736110242459648
1312750080303067138
1312757632248221697
1312758007395094530
1312758013451591688
1312784932805042178
1312787957456072704
1312787963231662080
1312794877508284422
1312801418600804352
1312801426020524033
1312815763581853696
1312815769340669957
1312832762047471616
1312839924253552641
1312859302374207488
1312888115623677955
1312902585221701633
1312924856657145857
1312938573801246720
1312938585666932736
1312967133450522625
1312967139008024576
1313004255112884225
1313006522197135360
1313020738572447744
1313025519038787584
1313027404399427584
1313043489098268672
1313044764242178049
1313044779333226498
1313045990216290305
1313047413033234432
1313047540963536896
1313047809143250944
1313047935731499009
1313047963510419456
1313054085185060864
1313054469115072512
1313054839379697667
1313054844643540992
1313055966028496896
1313058026283245574
1313058037314318336
1313061753077596161
1313061758932668416
1313061764053966851
1313063771812765696
1313063777831542784
1313068931460997120
1313068937102254080
1313069404683370496
1313070948422021120
1313072172496281601
1313072719370629120
1313074246688681985
1313076848419577857
1313083533913518081
1313083539110281216
1313097871051223040
1313098790119903233
1313100010653847558
1313102546991542273
1313103463669268481
1313104915967819776
1313104927074394114
1313106681748951042
1313108747779280897
1313119135304355840
1313119140731740161
1313119140731740161
1313122404496011264
1313123165128679424
1313123171512401920
1313126308616888325
1313126314912567296
1313130463515439105
1313133609134428160
1313133615509770240
1313136201084346368
1313137395030732801
1313137635888525317
1313143120461205505
1313145182544633857
1313146817316438016
1313148088706625539
1313148203944931331
1313162925733937157
1313162930792267776
1313184818801205248
1313195268527988736
1313209734602788865
1313221180581576704
1313223954702589952
1313228357681569792
1313230494943727616
1313235405219590145
1313249870715576320
1313251129891774465
1313303475967586305
1313303482523246592
1313314298672771072
1313321724025270272
1313328891453267968
1313340222227185665
1313340228434710528
1313368910683533312
1313369784189431808
1313387029221187584
1313391767472013314
1313394832715345921
1313395076240793601
1313395334211604480
1313395475509374978
1313395504756203520
1313395517045567488
1313395611669065728
1313395702916100097
1313395713657761792
1313402255555481600
1313402260622241792
1313406212520718337
1313408752255668225
1313409549735358464
1313409555057922048
1313411172876447745
1313413811043471360
1313417100967374848
1313417106088624131
1313426417976107010
1313426414109036545
1313429707061370880
1313431573086183425
1313432563571060736
1313433964485332993
1313436338591461379
1313438632691277824
1313441308971802624
1313443709996990465
1313445917417111559
1313445923603673088
1313453088477343745
1313454848197550080
1313466170197118977
1313471753146990595
1313474730330996736
1313476604148936704
1313480378976399361
1313483926569209857
1313486090406375424
1313487745176788993
1313490844595388418
1313493373622288387
1313496081892888579
1313496371429769216
1313496377549221888
1313498006910500866
1313502684561977348
1313503808165560324
1313503813643296768
1313511029092093955
1313511092346187776
1313514379749535744
1313518127615860738
1313518391865401345
1313519524272959488
1313526951026413569
1313534251703312384
1313539910976991232
1313547113976848385
1313554384232431616
1313575900085067776
1313583576214986753
1313590117156626432
1313591123089125376
1313591128659120128
1313604333745758208
1313618678567460864
1313619683698831360
1313625975553318913
1313626856097107969
1313633148987559936
1313640067185827840
1313647115789246464
1313663099325485057
1313663105616896000
1313670145525440513
1313670150848040960
1313726639138766848
1313730157601931264
1313733563745853441
1313742370156888064
1313747904801067008
1313752937047314433
1313754949109510144
1313754955145125888
1313756586431528960
1313762124091420672
1313769465314783232
1313769511405989888
1313769541151985664
1313769616477499392
1313769664141504513
1313769688506281985
1313775869358374917
1313777598930006017
1313778605265088514
1313779852076441600
1313783626987958272
1313785529826123776
1313790982094311424
1313792304914870274
1313793208070008833
1313793214403371009
1313796848965095424
1313800627303051264
1313807658491826176
1313807675407233024
1313807680738263040
1313814492250353664
1313814845314138112
1313820952116027392
1313821260682465285
1313822145760292864
1313822151993028609
1313826173730852864
1313828308048470016
1313830184005505024
1313833960569335808
1313836864558702593
1313836870095101953
1313841047554973697
1313842265069154304
1313842525241634816
1313844293325352965
1313844299398746113
1313847571467710465
1313850316555599874
1313854091337052161
1313856622632947712
1313857866638516229
1313858895920553989
1313861641222721538
1313863292704579584
1313866058927796224
1313866063889666053
1313866674572070913
1313871713432752129
1313873233494433792
1313875482740502537
1313877507259592704
1313879112767991810
1313880653658689536
1313883786950533120
1313884808544624640
1313887826606321665
1313887832461635584
1313890582520098816
1313894608477200384
1313899153412431873
1313909501871837186
1313910728575709186
1313920802572562437
1313938284486127616
1313942444535238656
1313953005620789248
1313960427387150336
