1291131995901353985
1291136913819217920
1291141942991106056
1291147032535674892
1291152014634897413
1291157047699034118
1291162225487548417
1291167109460963328
1291170569929592832
1291172143946924034
1291177214940151808
1291180549034242048
1291182208691183616
1291182453655314437
1291183885217173505
1291183936727470080
1291186374113026049
1291187241684021250
1291188303111184384
1291190206238846978
1291191295549956096
1291192284634124289
1291199301897433088
1291199860113207296
1291201198217822209
1291211756577017857
1291215226386427906
1291216990405668865
1291217079639523328
1291218606760460288
1291218864219381760
1291222484252086272
1291224412843208704
1291224870810836994
1291226207040630784
1291226524146741249
1291233340490752001
1291237702340423681
1291238062127828992
1291240118926417920
1291243127479697411
1291245459298611201
1291247187981025281
1291250350578597888
1291252066610900992
1291252713129377792
1291256406947987456
1291257413606297601
1291262740800122880
1291265445987667968
1291265834329939974
1291267777655984128
1291271505423155202
1291271735057104896
1291271798688948225
1291272807066853378
1291275607012020224
1291276668401848331
1291277845084475392
1291278695324426240
1291279201710960640
1291279870937280513
1291282795830980608
1291282937309274113
1291283137494806528
1291283688060157953
1291283953505062912
1291284061793656832
1291287912018063360
1291289155037732865
1291289197601529856
1291291583027884033
1291291683645136896
1291292937305894912
1291297407737585671
1291297501656412161
1291297975709335554
1291299005385732097
1291299349725450240
1291299913033060353
1291300396049346561
1291301151648833537
1291301737949794304
1291301987082887168
1291302309067030528
1291302833770262531
1291303003471912960
1291303678821806080
1291304407682883585
1291307449199206400
1291308042307477504
1291309287952781313
1291313223354986499
1291318102991482881
1291318850785402885
1291322827111452672
1291323138513477633
1291323547999072257
1291327645980876800
1291328239412170752
1291329447878987776
1291333205019299841
1291333352801185792
1291336272116477952
1291336509774168065
1291337983056949249
1291341189434576896
1291342634485571584
1291344179872768002
1291348657594200066
1291353684647895041
1291354259594678272
1291355008370237440
1291361606870261760
1291362755635642370
1291363092887031808
1291363998588268545
1291370257399996416
1291370787509690368
1291373115394519040
1291373544178364422
1291374568406474757
1291378504223936512
1291379755548200960
1291380439228194817
1291381629827428352
1291382204304519168
1291382289755025408
1291383151646740481
1291383536059133957
1291384976366161921
1291386929519276032
1291388807338745856
1291391093335101441
1291393603831463936
1291394019520581632
1291395055941373953
1291396119470264320
1291396275481403392
1291398646676807680
1291401153075449856
1291403670769328130
1291405947022110722
1291406176396091392
1291406181345394691
1291408700800933889
1291409483562975233
1291409483076263936
1291409483076263936
1291411370504859648
1291411877529038850
1291412190881132544
1291413737799389184
1291416263592468481
1291416669449908224
1291418930943336460
1291421285470306304
1291423813436157953
1291426430316838917
1291428834194194438
1291431353230204930
1291433984673685506
1291438899798183936
1291441515240325121
1291443932098973698
1291446449448914944
1291449143211241474
1291451486912774146
1291454003793076224
1291456594547560460
1291459031274590208
1291464099134611456
1291469108626755599
1291474141720252416
1291479270578180096
1291484201431203840
1291489228816252929
1291494293878824961
1291509394375610368
1291523335415709696
1291525453438521344
1291529402761633792
1291533591118151680
1291533785477963776
1291537512561704962
1291541419396435968
1291545216629878784
1291547916948008969
1291549629079793666
1291550384670924801
1291552954818805761
1291559699603750917
1291561184655585281
1291561940855136258
1291564423748784128
1291564845012197377
1291566172127674368
1291570683458158592
1291576859851800576
1291579731490480128
1291579902106505217
1291580666178490369
1291582621407821826
1291582763741536256
1291583833544880136
1291584866719596545
1291585598885523456
1291586527273787393
1291588334700167169
1291590508288962560
1291594928796164096
1291600087370661888
1291606471092781056
1291618424209068032
1291620427526111232
1291630184404267011
1291637376410742790
1291639975306342401
1291642512847724546
1291645332716167169
1291646611672584192
1291646689506283520
1291646815310290944
1291647133209071617
1291649896055836672
1291651736277377024
1291653450250346496
1291655916157165569
1291658832851083264
1291659123126177792
1291660418683985920
1291675578723176450
1291690560873521153
1291700623935668226
1291720825662517249
1291729790752366592
1291730822672846849
1291736019063189504
1291746218620489733
1291746304528224257
1291751087360348163
1291755988849221633
1291758677721047040
1291761024098603012
1291763650923868161
1291764879041339393
1291766097511841792
1291771091938160644
1291773639248031744
1291776132493258752
1291781177955831808
1291788705145991168
1291796274933641223
1291803883963129856
1291811368891568133
1291826550141329421
1291841553477099521
1291856657027338241
1291871834779066374
1291886688768163841
1291886854657265665
1291895041846198272
1291898799271473152
1291901459068403712
1291905097396494336
1291909522018250761
1291916814960586754
1291917150119108608
1291926607636992001
1291932165601734657
1291943618224168960
1291946861486465026
1291947270871511040
1291950146431758342
1291951956043300865
1291952041028288512
1291952396063485952
1291954804286263297
1291955474691002368
1291962426200645633
1291970853958119431
1291972763477872641
1291977585304522753
1291980184787120129
1291984225684488192
1291988778043629568
1291992545560539137
1291995315138990080
1291998390964740097
1292007679045652480
1292013425741033473
1292022307020394496
1292022757765664768
1292024025456099329
1292030354967101442
1292037851299840001
1292052956255342592
1292058074748866561
1292060547027001344
1292067467062202371
1292068080127029249
1292075662799441922
1292083216439025664
1292090776047046656
1292095541636034560
1292098287097524226
1292113406749806594
1292128497503174657
1292143756523773952
1292158749470318593
1292173815192190976
1292188846449471490
1292203969461342208
1292219046772068352
1292234146786545664
1292247692538597378
1292249244468940802
1292249279721951233
1292258411267072003
1292259845081460736
1292270167494258689
1292272593483870209
1292278864723324934
1292279510101000200
1292286940855717889
1292294578012409856
1292296394879848450
1292299422299090944
1292301625147584512
1292301758140571648
1292302125427499016
1292302744691195904
1292305720893829124
1292305899067867137
1292309641024745472
1292317193682771974
1292325073697693696
1292326636684222464
1292328181672882177
1292334942488231938
1292336253036306432
1292336346221039618
1292339846808207362
1292339911085846534
1292346770249441280
1292347417719910401
1292349369249742849
1292349369249742849
1292350219611299842
1292354949821726720
1292358056752316418
1292362491620712448
1292370159617941505
1292377633704095746
1292380251536781313
1292381373660106752
1292384413658034176
1292385158449045504
1292387028068261888
1292388954738528258
1292392431728689153
1292400237223583744
1292405620348456960
1292407792117125121
1292408167809286145
1292412421986856961
1292415139845570561
1292415410625748997
1292418873052917761
1292422905779892225
1292423189243367426
1292423805172740096
1292426759791620097
1292434365348110338
1292445288813088770
1292445540412686339
1292450220916084736
1292450422397886465
1292453722652434435
1292454561920086016
1292457956676530176
1292458189523320834
1292460073399115776
1292460179083026432
1292460731057807366
1292462907784011776
1292464298233483265
1292465672207949825
1292468977407537154
1292470699001630722
1292475815096201216
1292477452241969153
1292478740576890880
1292479933877379073
1292480772637679616
1292482659721940992
1292485800630923264
1292491142030794753
1292495866075504641
1292497199473934336
1292500898694991872
1292505947357827075
1292513544538402820
1292515994460618752
1292521147226087425
1292526063940251649
1292531095943229449
1292536187488534529
1292541163359162370
1292546202656006144
1292551246788927489
1292556262425669633
1292561296479715335
1292566343686983685
1292576394707374082
1292581529726713857
1292586460890247168
1292591498589097987
1292596598946619394
1292601567493922822
1292606597735358465
1292610692948713472
1292611761854701569
1292614737037910016
1292615710640807936
1292616661804212224
1292619704750804995
1292619979708235778
1292627078324424705
1292629764906217477
1292630634314125312
1292630826971144192
1292631428417560576
1292634361691430912
1292635230759657472
1292638949962182657
1292639159731884032
1292639294192926723
1292641575814619136
1292643762330456064
1292645219276488704
1292646085232533504
1292649410195648512
1292650241833877504
1292650531219898369
1292651838832074752
1292651898059849732
1292656848730902528
1292656931534929920
1292664808169304065
1292666994051907585
1292677057604968449
1292682092946628608
1292683305377177600
1292688702267781120
1292692158479306752
1292699863088472064
1292702367536816129
1292703296243679232
1292712288345100288
1292713812391612417
1292717375771607042
1292722363788918784
1292726819225890821
1292727390200881152
1292727405933522944
1292728478412836865
1292730487102832641
1292732501862035456
1292733411551895552
1292733786887659523
1292735564530122752
1292736190215368706
1292737057815552002
1292737459776888833
1292741871240744960
1292741933681451009
1292742489141542918
1292744748231360513
1292746121421287424
1292746256276627456
1292747598898618369
1292749639955824643
1292750049194082304
1292750287363436544
1292751037057490944
1292751204322168832
1292752555915780096
1292754713859878913
1292755271924629506
1292755485473423367
1292755821181276163
1292757591538507776
1292757734660534273
1292758329605857282
1292758901675495424
1292759086262448129
1292760519963635712
1292761114808160256
1292762631258935296
1292764821188837377
1292764839081734144
1292765407925768192
1292767654780915713
1292768478147952641
1292769715639562243
1292770477648285697
1292772689271304193
1292772955945086977
1292774823014182918
1292775276275933184
1292776780986646530
1292777476129660928
1292778358242029569
1292781808610754562
1292792259969048576
1292793243394965504
1292795667191156736
1292797857007796224
1292802307717963776
1292803922508181504
1292804490844725248
1292807117146005504
1292808774843953152
1292812466691268609
1292818065009278978
1292819383388053505
1292819667988275200
1292820987906416640
1292822194096164864
1292823828108849154
1292828054813847552
1292828116440813569
1292828591403593728
1292830262535925761
1292830661590618115
1292833546508279809
1292841109706518529
1292843165016371201
1292844743651553282
1292845732211326976
1292847757158313984
1292848896159301633
1292849462172217349
1292850375133810689
1292850725798547457
1292850846242242560
1292850846242242560
1292852585674575874
1292852735868534787
1292853278569570304
1292854774509924354
1292855801980354565
1292858260312260608
1292863288552886278
1292865247540178945
1292868346376081412
1292872252086575109
1292873352357597187
1292880894034874369
1292883560009998336
1292884140367511557
1292885937731633152
1292888452711710721
1292891044825247751
1292893486925193216
1292898777418944512
1292903560389296129
1292908590706167808
1292913618087030785
1292918651943886849
1292923692842967041
1292928750334742529
1292933752801419266
1292938781956481025
1292943913393758211
1292953885053779970
1292955154841366529
1292958923515932674
1292963954151563267
1292968982354505729
1292973607040110592
1292974030488842240
1292976669016223745
1292978257659179008
1292979060952506369
1292984084180934656
1292985625528774656
1292986286655983616
1292988692613574662
1292989240834494466
1292993168896438272
1292994147805204480
1292994473123655681
1292999182274486273
1293002514900463617
1293003343619530752
1293003510867345408
1293006956630663169
1293009246678917121
1293009650170748928
1293013277828476928
1293014656207015936
1293015225063497728
1293018685443985409
1293020215425425408
1293020400150970369
1293020580329881600
1293021091804393472
1293023553063796736
1293024346156539906
1293026628608507904
1293029227197915137
1293031340347019264
1293032696805855232
1293039449752961025
1293039981615648768
1293041320659947521
1293042669875322881
1293045159161032704
1293045729556979717
1293048007328444416
1293049469819187201
1293049579114504198
1293054774745554944
1293058627289468930
1293059580730253312
1293060815101157377
1293061154202255361
1293064609000091649
1293066189896204288
1293069645495361537
1293070350226305024
1293074454721916929
1293077673913151491
1293079833937936384
1293082152863543296
1293089778066432000
1293090732538904576
1293093335314423808
1293094350927216641
1293094847604314112
1293096808277630976
1293096918051037184
1293101258656509952
1293101400403005442
1293102067859329025
1293102658085990403
1293103843593658368
1293104768152252417
1293104891947147265
1293106020441444353
1293107744384274435
1293109959199162368
1293111651495849986
1293112869102354432
1293113677453971456
1293114952883089409
1293115399035265025
1293116790457892868
1293117561161170945
1293119586187927552
1293120049524375552
1293121227045974018
1293125016465412096
1293126711756771328
1293128955105427457
1293130044148260866
1293135077686284288
1293135283626446849
1293137119167131649
1293137281126195200
1293138712784564224
1293140196561747968
1293140370855882752
1293141550168281089
1293142042311372800
1293143043944652800
1293144004247183361
1293151266990772224
1293159378237890560
1293160344408305666
1293160755781500931
1293163432598835200
1293165812950249472
1293166560601767936
1293168964978139136
1293169462414278656
1293177023557275655
1293177832818880514
1293178330322096129
1293178671960743936
1293179432774098944
1293180084644270081
1293182112036564993
1293182325740584962
1293185296536723457
1293185857109729281
1293189563125338113
1293191184341295104
1293192419261833216
1293194830923759616
1293195474091020288
1293198047762055168
1293200787825360904
1293203016237977600
1293205544988270592
1293205742388822021
1293206114822000640
1293208901819625473
1293210576274051080
1293215745187381248
1293220643346026497
1293225676443660289
1293230722178850824
1293235763828740098
1293240773278932992
1293245848869056512
1293248332475891714
1293250850773766144
1293253435295510528
1293255876267180035
1293258387988320258
1293260943531692034
1293265940558249984
1293270974893359104
1293276030447362050
1293281042305110028
1293284918424829952
1293286075486613506
1293291113491636226
1293296138821476362
1293301170283450369
1293306237673668608
1293311243231559681
1293316277143048192
1293321312937574400
1293326339232202753
1293331370979229699
1293335855835131904
1293336522129899520
1293341335928238081
1293341436373590016
1293341632587153408
1293341851550769152
1293343622713098240
1293346179816632320
1293346179816632320
1293346474923888641
1293347848902176768
1293349169357156354
1293349659130306560
1293351507979571202
1293351694605012992
1293356537637896194
1293357866875641857
1293358041333522432
1293361573520695296
1293365357583855617
1293366263905832960
1293376192498688000
1293381398472953856
1293382208087109633
1293384485908574209
1293386714950459392
1293386880768040960
1293387547108708352
1293391559153422336
1293392210365263873
1293393682951843841
1293396218815459329
1293396874951565312
1293397674637447169
1293397970474299392
1293400470115872768
1293401231004536832
1293402196281679874
1293406476992749568
1293406828311670784
1293411906640896001
1293413621809082368
1293426871179321344
1293427018592325632
1293427130550775808
1293427412869488641
1293428641984995328
1293437395778433029
1293440793789702145
1293442222558523393
1293442495552995328
1293444970553069568
1293447276581416960
1293450309189033984
1293451312869199873
1293451910561673216
1293456479048130560
1293457309943894016
1293461579225341957
1293462233616351232
1293462280185683968
1293462988611977219
1293463673546006528
1293463796451696641
1293463995249299461
1293464228108566529
1293466839368916993
1293467266047238144
1293467579978219520
1293472441730314240
1293473411985883144
1293474180311048197
1293474832919588864
1293477338089431040
1293478463576276993
1293479163978903553
1293481060597030912
1293482364753063937
1293485411646365696
1293487277700571136
1293492435579031552
1293496059918876672
1293497464406847489
1293500847687471104
1293502066514681856
1293503828990423041
1293506086314573824
1293507532430942215
1293508981453803520
1293509508283555841
1293509644086697985
1293509995305156609
1293510742553985030
1293512571149000704
1293515363011846153
1293523147057242113
1293523636670754817
1293525844883775488
1293527396738531329
1293530433586511873
1293531752175038465
1293535672670629889
1293536739836022786
1293537728710107137
1293538868671651841
1293539292451688449
1293539834561048577
1293541203246567425
1293544361750216707
1293553382192340993
1293553406586417159
1293555697997582337
1293560700300738561
1293562564937428993
1293566157220245504
1293567088951349248
1293567465268469763
1293578453959102466
1293582236835409920
1293583036479680515
1293587171086016512
1293588077974302731
1293593178214367232
1293598124754243584
1293600687687901185
1293603163132624906
1293608207802413062
1293613227562205190
1293618261444243457
1293623449131331591
1293628329938100225
1293633365661421569
1293638494091444226
1293643433257717760
1293648462869860362
1293653506415624193
1293658527672786945
1293663561147850753
