1291131868881063936
1291170785164492800
1291171734108995585
1291177168320335872
1291187744106901504
1291192266497941504
1291199816727396358
1291207369301491712
1291214916150595584
1291237565878558721
1291244102093217793
1291252665846919168
1291260215078326274
1291267903539437568
1291275313838796800
1291282182355337216
1291292959044861953
1291297965974282240
1291300570876141568
1291306771265384448
1291313012054212609
1291313065317691394
1291317604196343808
1291320108963569664
1291328167601479681
1291343264168083456
1291352839655235584
1291360877837516807
1291368427341438976
1291374443122630656
1291381011264106497
1291388564299812864
1291396111262003201
1291406177528512512
1291422533963509760
1291430083874488326
1291437633785094145
1291445183536435202
1291448962491322374
1291456508836839431
1291464058109976577
1291471608389857280
1291479159198363651
1291494004744491009
1291530442886152193
1291535365031858176
1291539557758799872
1291547105543303169
1291554655844151304
1291562204253138944
1291569754797481986
1291577305027026945
1291589195698335744
1291599954104868866
1291607503835463682
1291615054270521345
1291622602386092032
1291630155102851073
1291637702450970624
1291642685938229248
1291651039645507584
1291654651780055041
1291660357304332289
1291675456937365505
1291690550123474945
1291705650536304641
1291715573034999809
1291723265719894017
1291730815488012290
1291738365574828032
1291745914852270082
1291753464708489219
1291759446583017472
1291764789308342272
1291766438861185029
1291781150344527872
1291786180158058498
1291793729871699968
1291801279639977992
1291810087661699075
1291818896962461696
1291826446026113024
1291832964914065408
1291856648299065346
1291905995300470784
1291909493031198723
1291909493031198723
1291920134374690816
1291925850561150980
1291932143866740737
1291939943275732992
1291962341437739009
1291969891336101893
1291977442920296448
1291981215327633408
1291983617195798529
1291990023177302017
1291997573037817856
1292007639896006656
1292015190574108675
1292022744096202752
1292079215299514374
1292093945179185153
1292098236715610112
1292113336407134209
1292128437159723008
1292143536264052736
1292151209994915841
1292158636119261184
1292173736297152512
1292188835179311110
1292203932744212480
1292219033534619648
1292266224714276867
1292271976409571329
1292279178608480257
1292289687139172352
1292295037393358848
1292302220550012928
1292314379015184384
1292326964993200130
1292344565421096960
1292354612612096000
1292364144151126018
1292370031372668929
1292379660529963008
1292384875039711234
1292441269130723328
1292449299784069120
1292462473296195584
1292476533018447872
1292487289185218560
1292498372977360896
1292513473361043456
1292528573035798533
1292543672030912512
1292557193137524742
1292574877170298881
1292588970283601920
1292617434373922816
1292621685552750596
1292630013544501248
1292635275026464769
1292641820648898560
1292649367757893639
1292656920642412544
1292664468300656642
1292687117739491328
1292695708173078528
1292702971244032002
1292709482108133378
1292717567384190976
1292720744728731650
1292724865225699329
1292732415019016194
1292738706562940929
1292744699162238982
1292747516425859072
1292758871681806336
1292762616633241601
1292777717591683075
1292792819698958336
1292803420299067393
1292810429111164928
1292817979025920000
1292825528685203457
1292830796269654016
1292835594972753920
1292837776300421127
1292843145122795527
1292849464701521924
1292869088444919810
1292875860870037505
1292883158346526720
1292893476393230340
1292901026224250880
1292909834183081989
1292917383787450368
1292924933702479874
1292934999943991297
1292981866006327297
1292985331621359617
1292990399498219520
1292996656758104064
1293005840790597633
1293011756374208513
1293019307027451910
1293024333556678657
1293026855956619264
1293049505072504832
1293057054190444544
1293064604575293440
1293072153634582528
1293079704400883712
1293087254051684353
1293094806340751360
1293100842673938432
1293109903897382913
1293117483478523905
1293125002544521216
1293130871340318720
1293138222965383168
1293140107331907584
1293147651764977664
1293155206134403074
1293165832927875072
1293172817131909120
1293180366824456195
1293187916513054720
1293195466327261184
1293203016271577089
1293210566203510784
1293218115547848704
1293234221813727232
1293241771464380417
1293249572777545728
1293257122688499715
1293264672301490176
1293273480444743682
1293281030170750976
1293283793550409729
1293288579888631809
1293306197542486016
1293343635790954496
1293350073250668544
1293351496751263744
1293359044460150786
1293366594597355520
1293373640235458567
1293381696503648257
1293389244048773120
1293411892426420224
1293419442009853954
1293426994110054402
1293434542905102337
1293437109869707265
1293442092937564160
1293449642328363008
1293456667728723968
1293464740484677634
1293470651542458369
1293472296804343811
1293479842168451072
1293487390879711232
1293491636337389568
1293492041930797061
1293501287749754881
1293502490219032576
1293517596105605121
1293527655313178624
1293535205005950979
1293542754639699968
1293550304693125121
1293557854499004416
1293565404246208513
1293572954001817606
1293580503451410432
1293596861098385408
1293604411436961792
1293612214759428096
1293619510705086469
1293627060053610502
1293634609901600769
1293642159640338432
1293643370154405888
1293650967829700608
