1265764834110472198
1265769221440581632
1265775916669681664
1265777607603367943
1265777681779441664
1265780084390203393
1265793209738899457
1265794077506916354
1265802969850810368
1265813047811194883
1265990259764015107
1266001011090620421
1266015120267841536
1266021948515127296
1266022983895846916
1266034588415115264
1266042032004440064
1266047699155116033
1266051916326371329
1266056871967932416
1266064451305967621
1266070293874765824
1266070439647985668
1266086650024779777
1266090147663294465
1266092961818906625
1266094927945048064
1266104188112601089
1266106020205662212
1266109050422468609
1266112327830712320
1266115092816572418
1266131413071474696
1266131551265447936
1266131625919885314
1266131683037908992
1266132129496420354
1266132135435534337
1266132170860646406
1266132196634570752
1266132216821809153
1266132249717727233
1266133358968479745
1266137175789363203
1266147550140272641
1266162844606832640
1266170922328903681
1266171009083871232
1266172878619398145
1266173708487491587
1266180503444619267
1266232437442359297
1266338258809761793
1266339102296809473
1266342941649506304
1266347244103614464
1266351154377654275
1266354395534458880
1266367168603721728
1266369965004746753
1266373803870806023
1266380746886963200
1266383608392159234
1266390703560708100
1266414232096079872
1266434340155768834
1266434347994841088
1266441387701964801
1266452015493906435
1266458017891004417
1266459851070361601
1266461362483576834
1266463124921765894
1266464862865100806
1266466878219845643
1266468360608534530
1266472865404055552
1266478323556921344
1266490008057380864
1266494055443320840
1266495848801763328
1266498649577664512
1266502645386219521
1266505992843362310
1266716425940545536
1266716491644362755
1266716569599647745
1266716717671165952
1266785476825972738
1266791965808627712
1266793831342714881
1266804659601190913
1266838346342391808
1266846190001422337
1266847115613032449
1266849803331407877
1266850922845659143
1266852230138933249
1266853494163755010
1266855815237054475
1266856022259445761
1266856319144910848
1266856467870683137
1266856734829817858
1266858304023732224
1266859360053059586
1266859471592132616
1266871856436375552
1267145011914772482
1267160410194685953
1267239043689037834
1267513752053833729
1267516271949742082
1267520739013324800
1267524914212409353
1267531862026657795
1267537398747009029
1267549754248105985
1267559334101254149
1267577919905452032
1267580681003171841
1267587752490491904
1267591589863526400
1267594058182078466
1267595026319790085
1267596432942473223
1267597071697272842
1267598509911560193
1267599134271381506
1267600422891634688
1267609511214399488
1267676026391404544
1267677642196688897
1267808261576818694
1267814030833418242
1267830026319196164
1267835825414340608
1267839180933148678
1267839213480955910
1267852373189419008
1267885913268502530
1267885957568700416
1267903382968242176
1267956365655408640
1267956399700615168
1267961689288343552
1267978287705403395
1267981194773364742
1267992215831396352
1268010175593615360
1268010237438672896
1268153927721254914
1268238023633833984
1268245539801317376
1268254199793561600
1268259665630171136
1268265054211891203
1268266483114704899
1268296541091049475
1268298229646573570
