1329372093365030913
1329415964182638594
1329415968691511301
1329415972810338305
1329415969920389120
1329475599715491846
1329477519012229120
1329704148628017153
1329743733005414406
1329786670967894021
1329796628207833089
1329804438425522177
1329832032411717634
1329832040347422720
1329840681192361984
1329844455889768449
1329869097841135622
1330838184918446080
1330866726549004289
1330866724820955136
1330901557295140866
1330902414141108224
1330905073338245120
1330927881980145665
1330937694134865921
1330937691932856321
1331144310901837825
1331168928865857545
1331169130280521730
1331223327470473217
1331265814444593154
1331267611426951170
1331272210896605186
1331272934867013634
1331275081968914433
1331277687785185285
1331277693560696832
1331285407401730056
1331536830194470912
1331608933518241795
1331628720491204608
1331639205693431808
1331652685804810241
