1329330792955310080
1329364416962453505
1329371544896876548
1329374792890413060
1329381061076410368
1329389615539744769
1329390145964007424
1329402303531667462
1329417664897409025
1329444396073357315
1329450520608727047
1329454322749501441
1329466826309447682
1329474213942583302
1329476270233702400
1329479460337356802
1329480674244513794
1329487330097426434
1329496210659565575
1329502275052724229
1329508671341129736
1329514029782593536
1329516007631753217
1329523269083537420
1329537570276057095
1329685114041888768
1329691756460380160
1329696555457273856
1329696634037559298
1329696632846290944
1329698656853905408
1329709276412211201
1329720885901733889
1329727980193636352
1329732317737316353
1329743913419202561
1329755165507850244
1329765297964920832
1329767831282528256
1329780547703410689
1329787508322922498
1329788248894304259
1329789246719352832
1329789384867115009
1329789481348689933
1329789701520232450
1329789854411087875
1329790000930680833
1329790305592365057
1329790439977852930
1329790733423947776
1329790974080536576
1329791061183647746
1329791482002337792
1329794692029014019
1329794690674290692
1329794694042279937
1329794960405770245
1329794962570047489
1329798656275451905
1329798989449998337
1329799212683452419
1329799838674923520
1329802934582972416
1329802933198786560
1329805954112761856
1329807568689111048
1329817464818065408
1329821095382409219
1329827042666409989
1329833540821921794
1329837597535985668
1329837611616251904
1329837628238262273
1329848095371300864
1329885011223453699
1330049672170319873
1330065616632500226
1330078973615869953
1330097328427069441
1330111543657238529
1330117730746462211
1330128905731182595
1330131274812575747
1330144074087755788
1330157451858112520
1330170035667677186
1330173664306851842
1330184219155423236
1330188927601405958
1330193673917751298
1330198572101480454
1330206140261691397
1330210802268254210
1330210809444700166
1330210861261201420
1330213213561122817
1330220311040708610
1330222064561754118
1330230938773692420
1330411932151664642
1330434602255720450
1330459111637577741
1330463679255633922
1330484826143678464
1330516188460441608
1330551281455394816
1330558681130393601
1330776759755747329
1330821313376755715
1330828774653497344
1330842397538971648
1330855917613690885
1330902765275635713
1330905359175671808
1330905962190925830
1330906211148066816
1330906352470908930
1330906510776471554
1330906972930138112
1330907164135845892
1330907274383122438
1330907370478825473
1330907509268377605
1330907726600400896
1330908153341423616
1330908297839452169
1330909193033932809
1330909265972891650
1330909584349929474
1330909866668519428
1330910866401873922
1330922759657050114
1330922758293893126
1330922756721037323
1330922762605617158
1330922761053761536
1330991248300253199
1331111272432029696
1331119301689012227
1331138422610800640
1331155671283339266
1331161782258446338
1331172324993871872
1331188135997427712
1331188155836493828
1331212270676942850
1331239771809705986
1331244252026777601
1331252240267448320
1331342204011417601
1331379806039052294
1331503873207439360
1331516103441461248
1331533896022958080
1331549731852591105
1331571937332649989
1331582735400521728
1331583025277243392
1331583141207748613
1331583280475475974
1331584093033730054
1331590486499450882
1331597363723591680
1331598093620555776
1331598115485454336
1331610245152563200
1331629419648073729
1331655179234664458
1331704344706691079
1331717822821568518
