1329337364519391233
1329346999448195072
1329363564323241988
1329371493101416448
1329371722747928582
1329371920266129408
1329372066991255553
1329372252379504642
1329372683692290049
1329373478135476227
1329373675871678467
1329373863977881600
1329374056639062017
1329374388672733191
1329374605987999745
1329375024915091458
1329375088181915648
1329375288208355328
1329375440834846721
1329375650868850690
1329375693172568065
1329375927315402754
1329376246401298432
1329376334162882560
1329376502044094464
1329376850829856769
1329376990638596100
1329377345095028737
1329377624771145728
1329377780342124544
1329378012241014786
1329378537430806529
1329378730817490945
1329378863634374658
1329378990759550977
1329379142949883907
1329379295840571400
1329379439680090112
1329379660325670913
1329379714524450817
1329380077163995137
1329380387991261184
1329380483969527808
1329386166911688710
1329391722510639104
1329407198703853568
1329414120337272832
1329426096648056835
1329426312956702720
1329703527438905344
1329711906702176256
1329714851736924161
1329764334222925824
1329773344502243330
1329773349145341954
1329773411023941637
1329773442028146688
1329784748919713793
1329792558126469123
1329797144241311747
1329813159893487620
1330105425455325184
1330786915843334145
1330805792698601472
1330859658018500608
1330900784456888322
1331127470037274624
1331145936026828806
1331195860567400448
1331223291478982659
1331251997748703237
1331263890613792770
1331499932931530753
1331511691633430528
1331568316402475008
1331575443800137728
1331609838539874307
1331623428089139201
1331631943306403847
