1344436338934779907
1344443150111178752
1344450876102983680
1344455733040046081
1344457573869604865
1344463290265702400
1344472032394690561
1344473206254497792
1344479137956814848
1344485933169651713
1344492223698792449
1344496061834903554
1344508581928816641
1344511341055229952
1344516131122343937
1344523681741983745
1344531230923120640
1344540038973984769
1344546330950184960
1344553886082883584
1344568988374732801
1344576529406128130
1344584081003208704
1344591789164908545
1344600079559131136
1344601654507683840
1344605024387698688
1344606764096864262
1344607309595480064
1344607771342225408
1344608596819017731
1344639443815321601
1344646993474449410
1344654543318102016
1344659627758260231
1344667126733426689
1344674677822783488
1344682228442271749
1344689777463812096
1344705126783737857
1344713683440701446
1344721233049485313
1344730040693612544
1344737590361120771
1344745140053655553
1344752689784221697
1344760239535628297
1344769047683100672
1344811968838811648
1344818121950060545
1344825673324449793
1344825673228165123
1344840781018796032
1344848319902728194
1344870969932996608
1344878770688196608
1344886078310780928
1344901169546723329
1344916275923980295
1344923817391566849
1344927592412049408
1344931619140902913
1345002758794059776
1345014414630678529
1345026997425041408
1345041216723947520
1345052164335435776
1345067268435292160
1345071307390672901
1345087395386040320
1345099978117582848
1345112561105121281
1345112561105121281
1345127662642204674
1345174390938292226
1345180751151525888
1345188061282496522
1345199383235715072
1345211211122581505
1345233357009952768
1345241206477914112
1345248456789540867
1345256364122075138
1345263557835894786
1345273562978942978
1345278657233825795
1345284665855201280
1345292391108919300
1345365477762027520
1345380577172627464
1345395676792954881
1345410776157147138
1345429655893942273
1345444749939904515
1345459849853767680
1345474951185379329
1345490051652857858
1345505149129793537
1345539501007851520
1345545182092034048
1345550446421708806
1345557996156420104
1345565548973760512
1345573347417985024
1345595745873711104
1345601847889784834
1345610846316199936
1345618394578644992
1345625944795480065
1345633980515639298
1345641046449897473
1345648594116882433
1345656442104156162
1345728904082960385
1345740503095128065
1345751773194067983
1345764356051460096
1345776940964311041
1345792038705520641
1345807137834844160
1345822239715803136
1345837085102465024
1345851657024921603
1345867537897189377
1345885024663478272
1345893960062001158
1345905284972220418
1345912836942249984
1345920384164638720
1345927937770610688
1345935483788955648
1345943035188637697
1345950582998237187
1345958135727493120
1345965682454900736
1345973236224450560
1345980781886279680
1345984784070103041
1345988334330540037
1345995881758171136
1346003432008679425
1346010981269344257
1346016586004455425
1346018536850817025
1346033635820912641
1346048735348809729
1346063829206257665
1346089701812432897
1346097803169206273
1346105353365196802
1346112903527747585
1346120452419317766
1346128002342678530
1346135552014237696
1346154432749178881
1346161977123434501
1346169528997187585
1346177075804327939
1346184629028585472
1346187544191528964
1346192176149979141
1346199727205998595
1346207274935586816
1346208940275748864
1346217340975910913
1346245275074011136
1346249370132307968
1346260126211125248
1346267672586149894
1346275224942116867
1346282771975524353
1346290327112491009
1346295496982155264
1346312970905612289
1346320522678714368
1346328070609723393
1346335620738789377
1346343170376753153
1346350721541808129
1346358269778956288
1346365819081682944
1346373369403486208
1346380924385185792
1346396024148008960
1346396435265191936
1346406486964981760
1346411121356500992
1346426222537043968
1346450879780691968
1346456850561171456
1346463968517267461
1346471524136439811
1346479067801866244
1346486615124840448
1346494166407258112
1346499755090857985
1346516816412225540
1346524366201348101
1346531913717088256
1346539465838219264
1346547019033182208
1346554563654987782
1346562115151093761
1346569662419656704
1346577217040437248
1346612126455013376
1346616219281944576
1346623769238884352
1346630312021819393
1346637612254175232
1346645160386506752
1346653968265584647
1346660260791033857
1346667812652273665
1346682912268144640
1346687237015015424
1346698012660289541
1346705221574004737
1346713111655542786
1346720657225129984
1346728206896869377
1346735757990400001
1346743308131786806
1346758272590569477
1346758407252922368
1346761262730866688
1346762684570615809
1346773511981842436
1346788611149221888
1346813771029868544
1346818809932353537
1346826355929968640
1346834653655785474
1346841454669422592
1346845228129546242
1346853281356771331
1346860831003136000
1346866619277041664
1346881718914056193
1346890526994423808
1346898076842164225
1346905668297568267
1346913176663846916
1346920725798522880
1346928275637956608
1346935825154494466
1346954701309419521
