1268303170264072194
1268310746833629185
1268317806329806854
1268323832831434753
1268561156614094848
1268592860674301952
1268603517717155845
1268622557202219008
1268633705268088832
1268643701292781568
1268644960041152515
1268648778199957505
1268653257519517697
1268660053655126019
1268664831709765638
1268666909110800384
1268671624414445569
1268690251305934849
1268879997844033538
1268895352020762625
1268924267757961217
1268931592740880384
1268941659011768320
1268952028149137411
1268959025850470403
1268975886721789952
1268996519870464000
1268998526433767424
1269020676503068675
1269032753997250564
1269035778790866944
1269286423514853377
1269313358748057601
1269339136122642433
1269350350424870913
1269666936868257793
1269684546875740163
1269724314930159616
1270026578286829573
1270039145382019073
1270063298642411521
1270073613941694465
1270079411841372162
1270086961202634754
1270124705937264642
1270136779098722305
1270140554685317120
1270145839219068933
1270161946059378689
1270390206269661187
1270401616827559937
1270434251427786753
1270434252765659139
1270445821478256640
1270464946036408320
1270468232709836801
1270481299636137985
1270489610293063685
1270494642505736193
1270505458856595456
1270702004529172482
1270706041710415874
1270714085177544705
1270737494779334657
1270748831060307969
1270767694745387011
1270797399099944960
1270809723546337280
1270813242504380416
1270832763256680451
