1270838640118243328
1270928769725931520
1270936315958263808
1270943881660596224
1270951415662477312
1270952411956498432
1270957555070746624
1270958978999226368
1270966520554729472
1270967640069111808
1270974066569162752
1270974083631636480
1270985459452313600
1270989166243909632
1270991167593857025
1270996230395527170
1271000001460699138
1271004257538506753
1271004613991415810
1271008545580945414
1271011523050250240
1271016082254561280
1271016849048813573
1271020937484386304
1271021248953356288
1271022051956912128
1271023131717763073
1271024642392809472
1271038233628086273
1271038313227603969
1271038909540163584
1271049579627249665
1271060859549253635
1271062562822651905
1271067840049790977
1271073183752507392
1271078231135969284
1271079227140513793
1271079261512884231
1271081419742285827
1271084779321135106
1271088569285783554
1271089070635188225
1271090462988828672
1271092150512615428
1271098441960226819
1271103367297851393
1271108675151769601
1271110207045861378
1271123937116729344
1271134047755001860
1271140196025872384
1271141442333876228
1271143394572742662
1271145697727873029
1271165572953276417
1271171089318785029
1271171421125988354
1271172486068133888
1271187658669244419
1271202993329799169
1271291191875604482
1271298697570246659
1271306283061297152
1271313801191645188
1271318644505468929
1271328731278147586
1271328925054930946
1271337830300688385
1271344001053057025
1271346509225787392
1271349561894866946
1271354969271283712
1271363101355540480
1271366685371641856
1271367662317289472
1271372687743557632
1271373345284644864
1271374447237386240
1271382497327226880
1271387790543130626
1271393189325389826
1271396532894552066
1271396843709247494
1271402012878438402
1271402012794593282
1271408361653915648
1271414390865252353
1271417918182641674
1271422988051767298
1271425024553922560
1271430597190221824
1271432835753218050
1271435388729556994
1271442268956876800
1271447959071272960
1271451707877273600
1271456886093754369
1271459132755906565
1271462810816479233
1271462895541460992
1271468501648248835
1271472395338108928
1271482430306820098
1271490644180111363
1271493469186543616
1271493749890338816
1271498797592518659
1271507582709088259
1271509975035252737
1271516949416235012
1271522677564616704
1271526777576456198
1271530223713034241
1271531788725346305
1271532724944343043
1271545335924625409
1271549101440671745
1271661102242369537
1271664860062011392
1271668646599950336
1271676195839639554
1271683759885213698
1271691282855927808
1271698845232218112
1271699636571570176
1271708029969469440
1271714924461424640
1271721484550049792
1271721501117554689
1271724801787334657
1271736608858013696
1271745698841722880
1271746481704308739
1271746807299784706
1271751583550910470
1271753107857432577
1271762344226574336
1271770486377254913
1271783928748216323
1271786582350200833
1271794463367745537
1271798930209214464
1271802943961026560
1271815852485214208
1271815869480476674
1271823575754903558
1271825291342761984
1271831735970430976
1271840157508001792
1271840225359204355
1271842309412474881
1271850911493697541
1271857514922094602
1271864511377612801
1271866447153762305
1271871936486924289
1271886070674853888
1271889025671016448
1271917828011175941
1271921147597250562
1272023485511094273
1272031046087909376
1272038585429041152
1272046125114183681
1272053680787853313
1272060865672601600
1272061245240365057
1272067345238851584
1272076347112906752
1272078313457147906
1272090338920980480
1272098995557580800
1272106480171442184
1272115510898036737
1272119055030210560
1272128392981368832
1272136748043243523
1272144547599056896
1272144935412740096
1272160335403892737
1272161663609905163
1272166947497664520
1272167617441214464
1272174352495267841
1272174352495267841
1272176733614153728
1272188835468902402
1272192655674523648
1272210210170511360
1272215009121243138
1272226046373396481
1272236858580373504
1272241807024361472
1272243165530075145
1272244640654266371
1272250130511679488
1272254852274454530
1272269807887532040
1272273888513318912
1272278397440479232
1272341506989359105
1272385875964551171
1272393447383629830
1272400958899793920
1272407044537147392
1272412567995064320
1272431692498767875
1272431835268689920
1272438734332583940
1272442070968471553
1272448059616759808
1272450024954368000
1272453856039972864
1272453878773153792
1272462530615672832
1272466995116679168
1272469156403851266
1272470434940956672
1272472007255494661
1272477215050121216
1272478137989857280
1272483251127549952
1272484016835493890
1272497620032897024
1272502955535728640
1272504074332778497
1272509484989120518
1272514646378000384
1272515202219679744
1272519881464983552
1272527852492242945
1272529223744438273
1272531826180009985
1272531851719163904
1272535101944012800
1272538361589309442
1272539387771961344
1272540881573359621
1272544406462218240
1272549738756407297
1272549906897657858
1272554462532468737
1272558663652212741
1272561897401876485
1272566312427028481
1272566313957888001
1272569865409376257
1272575525719027713
1272578400935383048
1272583897373696001
1272598711290540032
1272604292533411848
1272606047828619264
1272609731719434242
1272613413617885187
1272615881999253505
1272620570912477184
1272636278161408002
1272644291572228096
1272727791335878657
1272740721213267969
1272748252681691138
1272755822762885120
1272763350620024833
1272770937172242437
1272771770630713345
1272772189616590848
1272775161754738690
1272778459228581895
1272778838410485760
1272783653559513088
1272797895952084992
1272803267152613376
1272803873397276672
1272810297552707584
1272811979372199947
1272816202407186433
1272826517832245249
1272827158247989249
1272829526096195584
1272832049167155200
1272833927812714496
1272834310639357952
1272838884158779394
1272842629915512833
1272847897244184577
1272853978137714690
1272858478256717831
1272860741259923456
1272862606026510337
1272862755511508993
1272871837077311488
1272877330386558978
1272884684205305857
1272903591192395776
1272904553072074752
1272906786316697605
1272907823463239681
1272910333498331136
1272910949956161538
1272915859955212290
1272917009622319109
1272922217190510598
1272923708483686400
1272925830822297603
1272930536047206400
1272933476552134657
1272934333549023235
1272934970462539778
1272941150836535296
1272947322511638528
1272950216837267457
1272950315843645440
1272959526820552708
1272962172914720779
1272966407404302350
1272972216507006981
1272975068344340480
1272981870557442049
1273000228514402312
1273001602371194880
1273103086731644930
1273108119900602369
1273113155003129856
1273118193217912834
1273125740859609101
1273142000418783238
1273147103389368326
1273155938309025800
1273155937986101248
1273160460238491650
1273165010336976897
1273169513496883200
1273171031906189314
1273176175079235584
1273176259447709698
1273180597683392515
1273182686497169410
1273184109708353536
1273186148643409924
1273189417335824385
1273195269576888322
1273196240403083274
1273199009625264128
1273200273209647104
1273205125604089859
1273207265517088768
1273210897851449344
1273216661752070144
1273222997818716162
1273227811621240832
1273232688447664128
1273235722217181184
1273239283772653570
1273242630793682944
1273244274658852865
1273245353769402369
1273250885313929216
1273253844269531138
1273258972389269506
1273260945821835266
1273262767638790145
1273263593677602817
1273265440056377345
1273269260287180800
1273273653782855680
1273274463606497280
1273288453707497472
1273293692527431684
1273298760991338496
1273299500082384903
1273304869777166344
1273310284757774338
1273313235584913408
1273315228030304262
1273324487015108609
1273335242351394816
1273339022950256643
1273343956252753921
1273347299079487488
1273360520003883009
1273373155583823878
