1334271130211921921
1334278676393889792
1334278682614124544
1334279066367750144
1334284594737254401
1334286229391757314
1334293781433245696
1334296471336853506
1334301328693190657
1334308881477013504
1334316430226038788
1334323980581351424
1334331529049350145
1334339077819293696
1334346627574849537
1334354178194485248
1334361726721138688
1334369279861514240
1334372878322700289
1334376830325956610
1334379343674560514
1334381861037019136
1334384378642919425
1334386893086142465
1334389410587095041
1334391927542849539
1334394445295460356
1334396958161637377
1334399475780038657
1334401991892742149
1334404508290600960
1334405770243416064
1334407030002638849
1334408195318689793
1334408782990938112
1334409542671675395
1334410802699374592
1334412060386611200
1334414575274520577
1334415833095933954
1334417093815623680
1334419608225402880
1334420866189422592
1334422126372261888
1334423386324430849
1334424644636594178
1334425902382522368
1334427157288914944
1334428419766034432
1334429678178885634
1334430933932531714
1334432191120613377
1334433452100358145
1334434707988221952
1334435965696438273
1334436488717725696
1334437226642595842
1334438481754460161
1334439740620349441
1334440795059916802
1334440999083536384
1334442260289740803
1334442260289740803
1334443519042347008
1334444775530000384
1334446034806829057
1334446598143795200
1334447289876815873
1334448548474220544
1334448552068730882
1334449806677331969
1334451064762929152
1334452323565842438
1334453584520482818
1334454675949703169
1334454840748089346
1334456101455212544
1334456101287440385
1334457358102224896
1334458614711529472
1334459873195651074
1334461132850032645
1334462392080752642
1334463649629532160
1334464907895595008
1334466164320309250
1334466407598333954
1334467423542665216
1334468682488172551
1334468717313482753
1334469939525193730
1334470521556258817
1334471199037018113
1334472395537739776
1334472458431307776
1334473715170553857
1334477000694788097
1334477489427591170
1334478747890831360
1334479411207417863
1334480009218625538
1334480520084926467
1334481267614773250
1334482522470801411
1334483780736835587
1334485039233589254
1334486301010259969
1334487559246901250
1334488815671664640
1334490073539207170
1334491331192872961
1334492589911920644
1334493846672175105
1334495107958116355
1334496365779546115
1334497624691531776
1334498889907441667
1334500144184692739
1334501401217667084
1334502659571789829
1334503913152778241
1334505174581321731
1334506430133628933
1334507690404483076
1334508946992795653
1334510207423098881
1334511466184142853
1334512725209341952
1334513980031852544
1334515241569439748
1334516499244077067
1334517640677761027
1334517758214680584
1334519012991098881
1334520272553205760
1334521531079286791
1334522790855241728
1334524048315994112
1334525306896601089
1334526584896753664
1334527595673751553
1334527821792894977
1334529080209895425
1334530337842618372
1334531522129514497
1334531597140422656
1334532749114433537
1334532857230974976
1334534114389729282
1334534366232449029
1334535372261486599
1334536632242991105
1334537888046985217
1334539147390955520
1334540406504230912
1334541663239364613
1334542923824836614
1334543496804524032
1334544088914415625
1334544178504757248
1334545438087798785
1334546698186711040
1334547957274861570
1334547973175468037
1334549214706233350
1334550470531174401
1334550684516184067
1334551731242405889
1334552987981770753
1334553846014750722
1334554116543160320
1334554942888169473
1334555506950742023
1334556761957822464
1334557439686008838
1334558033708462092
1334558999950323712
1334559279051894785
1334560538710380549
1334560549489799170
1334561797601439750
1334563053266931718
1334563830509264901
1334565441075900417
1334565572865101834
1334566765318303745
1334566829281435652
1334568086310170632
1334568176961675265
1334569345289216006
1334569794029416448
1334570603546861569
1334571708783751169
1334571863503204354
1334573123333730310
1334573161204101122
1334573378439704579
1334574381461368839
1334574464265297922
1334574531353120772
1334575635507924992
1334576129622028289
1334576894298234880
1334578155345031169
1334579207318495236
1334579749612621832
1334580670736293902
1334581928792612866
1334581927756648453
1334584445811240960
1334585153629220864
1334585702911266817
1334586961043001344
1334588221922177026
1334589480423075843
1334590738504568833
1334591997416497155
1334593015051137026
1334593064481021952
1334593254139047946
1334594511419428866
1334595770373304323
1334597029000065047
1334598286406246408
1334599545662140427
1334600804246937603
1334602062684954625
1334603320300810242
1334604250178080770
1334604579653246978
1334605838904942593
1334605862472704000
1334607094482399232
1334608353050451969
1334609610720882688
1334609642157170691
1334610871755083778
1334612126351110144
1334613385883906049
1334615904320098310
1334618418289516547
1334620524744466432
1334620935454945283
1334621930696093699
1334623451953455106
1334623687639785480
1334625969869611014
1334628487039246336
1334631003336400897
1334633520581537795
1334640577019785217
1334641068479025154
1334641065333321733
1334648617584439298
1334656168652918785
1334663717284417536
1334671268709281792
1334678818137706496
1334686366081413122
1334693919205056517
1334701467442307076
1334701945177722881
1334701945177722881
1334709018749771779
1334716566445969408
1334724114800668672
1334724259520913410
1334731667227992065
1334739217122029572
1334741731925962755
1334744249749958656
1334746765891952640
1334749282814013441
1334751799836860418
1334754314041118720
1334756832389308416
1334759349210771456
1334761864316788736
1334764380593008641
1334765640083775488
1334766897573879808
1334769415271944192
1334770673848356871
1334771923839045635
1334773191206690817
1334774449363619840
1334776965778255874
1334779479936397312
1334780737485221890
1334781996715925505
1334783170064113665
1334784516137816064
1334785773669928960
1334786180131467265
1334787031042494465
1334789547759165440
1334790805991682049
1334792064253431810
1334794579124621312
1334795838434979845
1334797095400841216
1334798357009752064
1334799201956458497
1334799613652557825
1334800870589034496
1334802130721501189
1334803271576383488
1334803390275215362
1334804647442345986
1334805903091118082
1334807162795798529
1334808420013273089
1334809588680585218
1334810939753975810
1334812197256450048
1334812342278901760
1334813453144485888
1334814714233229312
1334815969655599104
1334817231331491842
1334818486607097857
1334819746160795653
1334821004732985345
1334821931317596160
1334822263615524864
1334822663454384129
1334823522703699969
1334824780684550147
1334826037339959296
1334827294100172801
1334828183997341697
1334828554484404225
1334829811844440069
1334831072023023618
1334831900372905984
1334832329357922304
1334833328957005825
1334833585744916480
1334834844136841217
1334836105267589120
1334837362782769154
1334838620256133120
1334839876886401024
1334841135173431297
1334842396119588868
1334843149378838528
1334843655258071040
1334843787248619521
1334844378955870209
1334844909891805184
1334846171093889024
1334847431683567617
1334848687256842240
1334849946688901121
1334851201775489024
1334852461157380098
1334853721877065728
1334854976561176578
1334856236815278084
1334857496259915784
1334858754060398593
1334859673875386370
1334860013530210304
1334861271179653120
1334862530024534017
1334863786004639744
1334865043469570049
1334866302121496578
1334867562757304320
1334868822118051846
1334870077716492291
1334871334489305090
1334872596203102212
1334873851440865283
1334875112819056641
1334876371194089473
1334877628935909376
1334878887298420736
1334880145409191943
1334881400701513733
1334882659022073858
1334883917585903617
1334885178385248258
1334886437490216963
1334887692136484864
1334888951962869761
1334890212112134151
1334891469505785858
1334892725855019012
1334893987086397441
1334895245226602496
1334896503274549249
1334897763457359874
1334899020385423360
1334900278173294592
1334901535550152704
1334902791823904768
1334904053088792579
1334905311023542279
1334906566579990528
1334907824565055491
1334908307430105091
1334909085557420032
1334911599463763968
1334912859529162752
1334914116813729793
1334914484880756737
1334915375683805184
1334916636307050498
1334917894824747008
1334919151647936513
1334920409389608960
1334921666380632072
1334922926022389763
1334924186712760320
1334925443846336518
1334926702246567936
1334927961179426819
1334929216715022336
1334930474016378880
1334932992993726470
1334934251842793475
1334935508036816898
1334936768622305282
1334937901268918272
1334938024203972613
1334939281861840897
1334940542359269376
1334941799136292865
1334943057867902982
1334945574479605761
1334948090923671554
1334949350359896064
1334950608944640009
1334951864589307912
1334953046284128256
1334953126760222723
1334954382333505537
1334954874543411201
1334955640620519425
1334956901549871105
1334958159757193217
1334959000408952835
1334959418094530560
1334960673244274688
1334961933569695746
1334963194377498626
1334964451607502854
1334965708145496066
1334966650123276291
1334968225973596164
1334969482134118400
1334970743407439877
1334972000096423938
1334973259603914752
1334974514443259905
1334975775171350529
1334978291380449281
1334979547528355840
1334980807065219073
1334983284888133633
1334983323924520961
1334983323924520961
1334985841874235393
1334988356921536519
1334988524605628429
1334990871855587332
1334993390975508480
1334995906035396608
1335003450422259713
1335003457028300803
1335010349121212416
1335011004955185152
1335018555314761728
1335026107649843201
1335033657652879361
1335041206292770818
1335048752982323200
1335056303841009665
1335063855819612161
1335071403784155136
1335078952797417472
1335086505598087170
1335087781928951809
1335094053101301766
1335101603142135809
1335109154181177348
1335116703106260994
1335124251590922241
1335131803632463872
1335134317278851072
1335136837661286402
1335139351609692160
1335141868301131778
1335144385076486144
1335146902329958400
1335149420342611969
1335151934819459072
1335153194255736834
1335154449896116224
1335155708237656066
1335156969498349573
1335158225977692160
1335159485996933120
1335160742442655746
1335162000243093505
1335163261881290755
1335164519769919489
1335165774609133569
1335167034859139074
1335168292210827264
1335169550229368832
1335170808889696256
1335172068896354319
1335173326529064970
1335174583868125185
1335175841723117571
1335177099532001281
1335179618949664768
1335180874242019328
1335182135372734467
1335183390971228161
1335184651795750917
1335185909621420034
1335187169388978177
1335189682381090816
1335192202406998022
1335194717957607424
1335197233998929922
1335199749608239105
1335201008398573568
1335202266467475462
1335203525010354178
1335204783637094401
1335206040174997504
1335207301775552512
1335208557302738946
1335209814482415620
1335211076208701442
1335212334336401408
1335213591482363905
1335214850830635010
1335216107834183680
1335217367131934721
1335219881999015937
1335222398292004864
1335223658567110657
1335224914161307648
1335226175539601408
1335227435948896258
1335228689165012998
1335229948655702022
1335231205642563590
1335232466647453696
1335233724561166338
1335234982814552068
1335236241093251075
1335237498684010499
1335240013257318402
1335241274706841604
1335242531429380096
1335245048380878848
1335247566687100931
1335250084066451459
1335252420151177217
1335252596508987394
1335253857186811904
1335255114035187712
1335257630743416834
1335257692705796097
1335258890859147264
1335260148915458048
1335261406204219394
1335262664629628933
1335263922052591616
1335265182529036289
1335266304207564801
1335266440249810948
1335267696599048192
1335268957830467589
1335270215287001089
1335270328461824002
1335272730233593864
1335275246790782980
1335277764103057409
1335280280819609611
1335282798719082511
1335285315859329028
1335287828469719045
1335290347207929856
1335291606971322370
1335292862511058946
1335295382205640706
1335297896015605764
1335299154399154176
1335300414712008705
1335301673112252416
1335302931130822656
1335304189019348994
1335305095899181056
1335305447839068161
1335306705907953666
1335307963817467905
1335309221651427329
1335310481758752770
1335312996395048962
1335315512943898627
1335318029291442178
1335320544082866176
1335321803447799809
1335323064322682880
1335325583933394945
1335328096082391049
1335330610798350337
1335333130786377730
1335335648321007616
1335336905391681537
1335338161036210182
1335340679443197952
1335342246833647623
1335343194653900801
1335344452773285889
1335345061970784262
1335345713937608706
1335346145082675205
1335348178690957320
1335348229655961602
1335350744061456384
1335350988283260930
1335352003401232385
1335353133338419201
1335353259859599360
1335355779021484035
1335358295331188736
1335363062627508227
1335365843132313601
1335366712905109507
1335373395127623684
1335380943125815296
1335388494961717250
1335396043278651392
1335403594691047427
1335411142911545344
1335418691106856960
1335426243001524225
1335433790907428865
1335441341036294144
1335448890821238784
1335456441302446080
1335463992903524352
1335467767244460032
1335471540536811520
1335479091462631425
1335482865296039936
1335486638974234624
1335494190256492545
1335497965499277313
1335501739940696065
1335509290677915648
1335509861736607746
1335511808237576193
1335514324396351488
1335514324396351488
1335516838726422529
1335518099496464385
1335519356479021056
1335520616418586624
1335521871324979201
1335523131268718594
1335524389400555526
1335526906532409344
1335528162621599744
1335529420745027584
1335530681183690752
1335531937277112320
1335533198151970817
1335534455537143809
1335535713954263040
1335536971712696332
1335538231165784066
1335539488345427969
1335540746162737152
1335542024800530433
1335543264796151809
1335544522185596930
1335545780023816192
1335547038436560896
1335548297797316608
1335549554826076160
1335550815189295115
1335552071836315649
1335553328462311425
1335554587479199744
1335555845510270980
1335557106087436288
1335558363355226112
1335559620505579521
1335560872706641920
1335560880315129856
1335562136353910784
1335563397862187008
1335564652990910464
1335565913517600770
1335567172714844161
1335568430490152966
1335569689536327680
1335570945424166913
1335572203392413696
1335573462430179328
1335574719974821888
1335575979473973248
1335577236594941952
1335579755719094273
1335582270913187843
1335584785230680064
1335585104740179970
1335587304879120384
1335588563778465795
1335589821184618506
1335591080293765121
1335592338954067969
1335593593109700612
1335594851757404164
1335596111252303873
1335597372102094849
1335598630338768896
1335599886981607425
1335602401462669314
1335604921480196096
1335607434891698176
1335608693191274497
1335609952707239937
1335612470329815041
1335613726989426690
1335614984638881796
1335616072893026304
1335616245551534082
1335617503444275206
1335618759776727042
1335620021213655041
1335621275864141827
1335621664990752775
1335622537645010944
1335623795445526528
1335625052457496579
1335626311088435211
1335626914166403072
1335627569056636929
1335628828593549316
1335630085123084288
1335632603307765760
1335635116987723776
1335636377736785921
1335637635516289027
1335640150131560448
1335642667066208256
1335643927181996035
1335645184546181122
1335647700826664960
1335650217924980736
1335651477902254082
1335652734293389314
1335653993348034560
1335655253509885954
1335656511511670784
1335657766334160903
1335660286183870470
1335662800635629569
1335665318170140675
1335667837558460416
1335669090875281409
1335670350798000130
1335671339571621888
1335671607617073154
1335672871742562310
1335675384189292544
1335677900058734592
1335680419774291976
1335682935647854594
1335684193548963845
1335685449239638017
1335687965239087107
1335690483973107714
1335693000618299392
1335695518194933760
1335698037285466118
1335699290178641925
1335700552060166150
1335703069967998976
1335705583899586562
1335708101559902213
1335710615357284354
1335713136607956992
1335713336458170372
1335714389824065536
1335715648324956160
1335718165461032965
1335720681267408898
1335724126321979392
1335724871268118532
1335725737605730306
1335728227717959680
1335728232897912837
1335735781302874118
1335739704474537989
1335743332698480640
1335750881690726400
1335758429521129473
1335761294541131777
1335765979410870274
1335773531242717186
1335781079068848128
1335788628166012929
1335796179569872896
1335803502992429059
1335803731284209671
1335811281723469825
1335818827532283906
1335826380630712320
1335830154732597248
1335833930017234944
1335845254226915329
1335849029192839168
1335856579225276422
1335860352807022598
1335864130058719238
1335871675959750658
1335874195310465029
1335876111797022720
1335876709304967168
1335879225971191809
1335883003000741888
1335886778788622338
1335888036618448896
1335890553762959361
1335894327571206144
1335898100272132102
1335901228144992256
1335901877742002178
1335905653001498627
1335906908063080450
1335909424125370373
1335913199254859777
1335916975957155840
1335920752453890055
1335924527214235648
1335928302205329408
1335932076382674946
1335935849477902337
1335937107462909952
1335939623894310912
1335941901481091074
1335943399329968128
1335947176577470467
1335950950670987264
1335954727075532805
1335958498463637504
1335962276180975618
1335965447204855810
1335967309245128709
1335969825437470725
1335973599325413378
1335973599325413378
1335974855674621952
1335977373427175424
1335978173742403592
1335981149198438401
1335981160862781450
1335984925187723274
1335988700430397442
1335992473869561864
1335994988530950146
1335997507449610244
1335999733643481088
1336000021502844935
1336003799979331584
1336004157182971910
1336007572294430721
1336010087794683904
1336011226032320513
1336012606084165635
1336015124252012544
1336018898152534024
1336022674036977664
1336025189650477058
1336027704634863617
1336030224014782464
1336032738042912771
1336035253836804104
1336037771379617796
1336041547935133708
1336045319742746624
1336047838216806403
1336050356246241280
1336052871167610880
1336056648784338945
1336060422252863490
1336062935995658243
1336065456973762564
1336067971903614978
1336070615581732872
1336071747607683081
1336072079058341892
1336072732644093955
1336073031446310912
1336075519692070920
1336078036299603971
1336080553947303938
1336083072517812225
1336090613469548546
1336090618762829824
1336098168170221569
1336105720375365633
1336113270839795712
1336120817453846529
1336128368400535556
1336135917233434624
1336137109644697601
1336143468968730634
1336151016933388288
1336158569130037257
1336166117295992833
1336173667412283398
1336181218954579968
1336188769024823296
1336196315215179776
1336203864949841920
1336211415561015300
1336218965417324545
1336222739863121921
1336226514946433026
1336230290730217476
1336232269472788483
1336236580802007040
1336239097157980161
1336242872518139909
1336246646833881090
1336249163881848833
1336251681059827712
1336254198489473024
1336256714522423298
1336259230337273858
1336261746470875141
1336264266127732737
1336268037880688644
1336270338322296832
1336271813538697218
1336274329923956741
1336276849312272386
1336279365466910720
1336283136729157632
1336286906594766848
1336286914085785601
1336290690851024896
1336294463191347201
1336298236785659904
1336302012955316224
1336304529088925696
1336307045163802624
1336308025079050242
1336309562790522882
1336312078320218114
1336314597876387842
1336316192978513920
1336317111359004675
1336319631250739201
1336321032567672837
1336322144347688962
1336324662712647695
1336328436575420416
1336332214032732160
1336332805010202627
1336334727511302144
1336337243770798081
1336339760474775552
1336341020959596548
1336342277468274688
1336343726906462208
1336344795627786248
1336347312151519235
1336351085611585537
1336354860711563265
1336357377596157959
1336359897252962304
1336362410484133888
1336362595117363202
1336364926865203201
1336367442990391298
1336369962919845888
1336372479846207492
1336374995249926145
1336381284504006657
1336385062921760770
1336388836226699266
1336392609149972482
1336395128852901889
1336397642105020421
1336400158876196869
1336402675802513413
1336405191659302915
1336407708946280454
1336411483064823808
1336415258886410247
1336417775556976643
1336420294194565120
1336422810802118659
1336424691041513472
1336426584627171331
1336429417879498752
1336430361266548737
1336431880346939393
1336432877236580353
1336433593967636487
1336435392942399488
1336437908551720960
1336438303759994882
1336439602744356870
1336441684226347009
1336445457728475137
1336453001280622592
1336453009153339394
1336460557965201409
1336468106315763713
1336475388961288194
1336475655400255489
1336483207601065984
1336490754957594625
1336494532003835904
1336498305346498561
1336505855961931779
1336513405843361793
1336520957108903937
1336528505530617856
1336536053201690624
1336543604689543168
1336544042226765827
1336551155049127937
1336558703135297536
1336561219176714240
1336563739139698690
1336564997149888513
1336566253297733632
1336568770433867776
1336571287783829505
1336573803762249731
1336576321997115393
1336578837761683457
1336581352741892097
1336583869919866880
1336586386300952576
1336588903743184896
1336591418631057410
1336592679463956480
1336593935020515328
1336594071633219585
1336596455449124864
1336597710338740226
1336598970974560256
1336600226245783552
1336601487758270465
1336602744354992130
1336604003480854528
1336604003480854528
1336605261868494848
1336606520159694848
1336607777737859072
1336609035974488064
1336610293288476673
1336611554154995713
1336612811749912576
1336614070590574594
1336615330890846211
1336616585864343553
1336617842448474117
1336619103264628738
1336620361778147329
1336621618139967489
1336622875453829120
1336624136811126784
1336624589691105280
1336626652244299776
1336627630259441667
1336627909491105794
1336628515551272960
1336629170093297669
1336630425138188290
1336631685497098240
1336632945461878784
1336633276694470657
1336634203560087553
1336635459301224450
1336636720054415360
1336637623754952704
1336637977775190016
1336639235370192897
1336640074855960577
1336640495750160389
1336641751449284611
1336641756692099072
1336643010222829569
1336644269348696065
1336645527870582784
1336646783791935490
1336648043781873665
1336649301896933378
1336650559118577664
1336651818634502145
1336653077265387521
1336654252459102209
1336654333279133696
1336655591083794432
1336656852990496769
1336658111596257281
1336659368427794433
1336660168432611329
1336660625720750080
1336661885001797634
1336663144090001413
1336664402225934340
1336665658193481729
1336666918439280641
1336668177040859147
1336669435705364480
1336670690829885440
1336671952631717890
1336673209861758976
1336674469335724033
1336675725152284674
1336676985712611329
1336678243861147650
1336679499489026050
1336680760124780551
1336682016927068160
1336683276283629570
1336684535136841729
1336685791108620288
1336687050632929280
1336687716923305986
1336688308756295682
1336689567122993155
1336690824004956160
1336692083780952064
1336693342579679240
1336694599465787399
1336697115997777921
1336698372816834560
1336699633465257984
1336700892012228612
1336702148889939968
1336703408351424519
1336704669964439561
1336705926468952064
1336707184412020742
1336709699970985987
1336712218868658178
1336714734226333701
1336715992148348931
1336717249734975493
1336719768708059137
1336721814450561025
1336722283839303682
1336724799574450179
1336727313548013570
1336728574724878336
1336729138128957441
1336729830977654784
1336732347794911238
1336733371620356100
1336734863714643970
1336736122689478658
1336736426457706497
1336737382440329218
1336739901446959105
1336742405429714945
1336742416754352128
1336743674483499010
1336744931319287808
1336747447113093122
1336749963158691842
1336752484224806916
1336754997573410819
1336757514566823937
1336760031761534976
1336760679563456513
1336762421814431745
1336762547429646338
1336763807184588805
1336765063840092164
1336767582918021123
1336769519998660611
1336770097264947205
1336772613046214659
1336775129213235200
1336777647465127938
1336780162466275337
1336782679442935816
1336784883302232065
1336785195878461441
1336787711815004161
1336790229223677955
1336791294694334468
1336792022741561346
1336792746233827335
1336795224690057217
1336795262174564355
1336795414444568577
1336796056126951425
1336797779587461122
1336802815264645121
1336803513121316866
1336805331331129352
