1352028134334484482
1352028139799638016
1352030154063798275
1352033162898018305
1352036948790140928
1352037201819951107
1352037452098240514
1352038196096479234
1352038462187331585
1352043233140998145
1352044244593209344
1352048262337990657
1352053798848651267
1352058333591728130
1352063361790271490
1352065134513041408
1352078221228056577
1352078471032397828
1352078726188720130
1352078977339449345
1352079227797979136
1352079477854056449
1352079732364496897
1352079981975904258
1352080232308727808
1352080486982692866
1352080737097420801
1352080987522535424
1352081238673268738
1352081490251821058
1352081744602796039
1352081996537880581
1352082245813755907
1352082498767958016
1352082750019403777
1352083002105491457
1352083252954148864
1352083503740018690
1352086274811830272
1352086525459181571
1352090297786896384
1352091304319180802
1352094075135127556
1352140127867441152
1352165044398796800
1352175362621509633
1352179461677056000
1352195241336516608
1352209702327885824
1352210341384630273
1352210591553880066
1352210843715444737
1352211096069939200
1352211347837218817
1352213099126747142
1352216127254966272
1352216874461794307
1352218141208834049
1352220649096286211
1352223679262896128
1352224425358331906
1352225440732213248
1352228458164842497
1352229456572805120
1352233743394680835
1352239032906952704
1352241293729165312
1352241547971014657
1352241798312321025
1352249348554424320
1352254953046290434
1352255639603523588
1352259915964960768
1352266462518509572
1352266711739887616
1352269984383328262
1352270990995312640
1352271243215593477
1352271496018800642
1352271744640417793
1352271996286021634
1352272501569695749
1352273505740599296
1352277028653957122
1352278791977127943
1352284579214856192
1352286593667751936
1352286846231916545
1352290618844848131
1352291879623266308
1352296349899878400
1352301692491071490
1352303454606282753
1352305467456966657
1352309241760133120
1352311256909312001
1352312513380102148
1352312612000817157
1352312619827392515
1352312616606167043
1352312623090585603
1352312626303414272
1352312629839228928
1352312636470386693
1352312633295253506
1352312640006197250
1352312643403579399
1352312648172507137
1352312652899491840
1352312669857050629
1352312680137306113
1352312689444446209
1352312694683164672
1352312701633105925
1352312708067110912
1352313770413064192
1352314023325429761
1352316792761417731
1352317043173941248
1352317798219968514
1352323587651346437
1352324843430146049
1352325347430313986
1352325554385678337
1352325590297300993
1352325650632339459
1352325698300604418
1352325721369309186
1352328872512151553
1352329121305681923
1352330546416930816
1352331837469827079
1352332143075205120
1352333654907883528
1352334157901344768
1352337930778513408
1352339190537736193
1352341453457006594
1352345552361553920
1352348752342904834
1352351271487942657
1352354792329375747
1352356049156763649
1352357307355639808
1352357562243551233
1352357814677680133
1352358062577823744
1352359575316549634
1352362092347719695
1352363096334098432
1352364102593740802
1352366774663196678
1352366778974932999
1352366777204879360
1352366872726036485
1352370143121305611
1352370393303162880
1352376434728300544
1352376686566928392
1352377188146933763
1352383230767472640
1352389771813916676
1352391788485627904
1352392037455310848
1352393295658418183
1352394555673473024
1352400344031096834
1352400844168327170
1352401602066477056
1352401852508360706
1352402105412280321
1352409150987362309
1352414689720991744
1352414938455801858
1352415441847783425
1352416004064878593
1352416004064878593
1352435073182814208
1352436079157276675
1352440357062127617
1352440607172657153
1352440861469106178
1352441109314732035
1352441363573432321
1352441613725917184
1352441868366344193
1352442118783049731
1352442373087879169
1352442624624500736
1352442873413832705
1352443124044464130
1352443375060922372
1352443628422123521
1352443880327802881
1352444130404794369
1352444385036800000
1352444635789074433
1352444887833194496
1352445138476421127
1352445391363579904
1352448913157083140
1352449668026937349
1352466779134713856
1352527432415371264
1352541880312061952
1352550834823946240
1352556613391978498
1352557880801636352
1352561645290098691
1352563134339420160
1352563516662812672
1352566678257885184
1352572979415277568
1352573064257662977
1352573233699155969
1352573485399351296
1352573735694446593
1352575486342402048
1352577258498752512
1352579261807251457
1352583036366434305
1352588332530872322
1352594373641465858
1352598485758074880
1352602350024876040
1352603180312494080
1352606267127291904
1352606704060522497
1352606955005734915
1352617357986951180
1352618029662826496
1352620543393067015
1352624065144631298
1352626078985170947
1352626837059493891
1352632624691486722
1352633376503713793
1352633629407641601
1352636398231302145
1352637032829485058
1352637655553613827
1352637909418041344
1352639671419985925
1352643445974851591
1352643698094444544
1352644198869180417
1352644704089894912
1352647722340376576
1352649484291829760
1352650994425978880
1352651749107109889
1352652758311186433
1352654518488608768
1352655774464540674
1352661310438338561
1352667342124118016
1352668360459382784
1352669861202325504
1352670095215104001
1352671126934216706
1352671883926396928
1352672374706081795
1352673838866309127
1352673895975948294
1352674891628126208
1352677412304089088
1352678201978445825
1352678675968360450
1352678929056870405
1352679925006929922
1352681443219140611
1352682441404686336
1352683708822728704
1352684960432353280
1352686980233125889
1352687474166829057
1352688303041032193
1352688301568905218
1352688300025401347
1352689990950502400
1352692016161951747
1352692515238006785
1352694985091653638
1352695024266305536
1352695233369296898
1352696797349593089
1352697540819357696
1352700058924425222
1352701324157210624
1352702573644574720
1352705090302300161
1352705606134738944
1352707614610661376
1352710123454533632
1352712640095608832
1352715157604995072
1352717673180786688
1352717933307428865
1352718186072956929
1352720189842853888
1352720452549017602
1352721206731034624
1352721460998131712
1352722706337198082
1352722719088009217
1352724980476366850
1352725223066361858
1352727739535601667
1352728421978279936
1352728420606767104
1352728419088400384
1352728423429500928
1352730256663146496
1352732279521554435
1352732772813697024
1352735289265909765
1352737311977562117
1352737807152934912
1352740322481229835
1352742597136158721
1352742839256547330
1352745356497448961
1352747872354238469
1352750388949131265
1352754427921358855
1352754677490839553
1352754927697883143
1352755683863752705
1352758202513977344
1352758450514702337
1352761726006140928
1352762479689015296
1352762731737341963
1352765749224464385
1352774053245943808
1352775385767940098
1352784562435354626
1352789154120298496
1352792426809798656
1352795444238233600
1352803246088343552
1352803502465167360
1352803753750102016
1352804002099064833
1352804253643976704
1352804504111083520
1352804759854579714
1352805007133986819
1352805258708312070
1352805511801040903
1352805770459557888
1352806016442916864
1352806269040680962
1352806519193161729
1352806770444525570
1352807021217767425
1352807273047977985
1352807528447533057
1352807778562269186
1352808033081036800
1352808279269924865
1352808534015168514
1352808788227739648
1352809034303348736
1352809287194701829
1352819354224779264
1352819604431785984
1352820613283373056
1352825147321942019
1352825649375928320
1352826399736934400
1352828415490072576
1352828665969700865
1352831684677427200
1352835962569711622
1352836720153268224
1352836720153268224
1352884029188689921
1352904207968460800
1352919000263454721
1352924033042374656
1352929066240925696
1352932844948107265
1352932916008022016
1352933018202206210
1352934101540622337
1352935118558679040
1352935369717796864
1352938158976086016
1352942242156187648
1352945687265222657
1352950217952415746
1352950717552721920
1352951334631329792
1352961794889949185
1352963303069384706
1352963473265876993
1352965761376145408
1352968408162295808
1352969331458641921
1352969844187082752
1352972362950569991
1352974364807999488
1352979724230946818
1352980665852112896
1352984430944673792
1352984515107565568
1352986455694573568
1352986754664558593
1352986784385425408
1352986848923168771
1352986907555352577
1352989464117735424
1352991127775932417
1352991454407352323
1352993760142098434
1352994499744546816
1352996023354978305
1352996269204107266
1352996522686894082
1352996770968719361
1352999290424197124
1353001605684195334
1353002048577388544
1353005078152699905
1353005581217497088
1353008601875537920
1353010867479212032
1353011369818390529
1353025713868255234
1353025965031567362
1353027776614424576
1353028733117018113
1353032258677055490
1353036785308282881
1353038549344538626
1353040059876978690
1353040816407801857
1353045847718682624
1353046602844434432
1353051328747106306
1353054654884507649
1353054898376511488
1353055155189506049
1353055914362769415
1353056164641087488
1353056415791767552
1353056667680661506
1353058932395184131
1353062866304176128
1353064961556111362
1353071011088928768
1353071516997443591
1353075028309368834
1353076043809124354
1353079799665852416
1353084856717217793
1353085094999650304
1353086111581667335
1353086361302138887
1353097688150142983
1353100196146671617
1353102720337633281
1353105226954403842
1353109515412111360
1353116561649885184
1353116813446549507
1353117568010227713
1353120326314418177
1353125359588421633
1353125874736967685
1353127383734374403
1353130151501045760
1353135425850925058
1353136191458181121
1353137197327773698
1353145497079304192
1353148208202055680
1353150525533949953
1353160593071611909
1353165130138333185
1353165624898441217
1353165634616647681
1353165894965481472
1353166141124972544
1353166389004144640
1353166643921301504
1353166896640782336
1353167146059243520
1353167398581448705
1353167648532660225
1353167898764840960
1353168153593962500
1353168404987961351
1353168656155488256
1353168906177933312
1353169156728877056
1353169411033731078
1353169661748240386
1353169911745540102
1353170166398525441
1353170417293340672
1353170667177390080
1353170921679417344
1353171170942717952
1353171423460732932
1353171673122529286
1353171928102612992
1353172180348137472
1353172430278295552
1353266565014290432
1353297069407141888
1353297506789183488
1353298216889049093
1353298280449507328
1353298323009130497
1353298549824487424
1353299251695153152
1353299296536432640
1353299414731923456
1353299454787547144
1353299493903458307
1353312610092019714
1353316239297421313
1353318159017799680
1353319617138225152
1353321653040603136
1353325689295015936
1353326691687358464
1353327020739014656
1353331719349415936
1353332485405503488
1353336752560168960
1353341790628155393
1353342069771804673
1353346818910937090
1353348591646093312
1353352366423220224
1353356141728837635
1353356888943915008
1353357901604265984
1353358156685045760
1353358407076634624
1353358658336247808
1353361918279307264
1353364697265942528
1353373004554625024
1353373509016141825
1353376779264811009
1353379047590535168
1353385838835593218
1353394146355142656
1353394398101446657
1353395904103944193
1353397551031050241
1353398166712934400
1353398418232799232
1353412765931593729
1353417285780660224
1353418304350785537
1353418552137678849
1353418805423304704
1353424833497935874
1353428809391943680
1353431385504026624
1353432383492665344
1353432645686894593
1353432897890488320
1353433657688514561
1353434156940800000
1353434412185243653
1353437415793258499
1353443720310489090
1353444219466215424
1353452272160829446
1353454790181670913
1353454790181670913
1353462341145227264
1353462828565295104
1353464103881363457
1353465866680225792
1353466117877067778
1353473140903579650
1353477683825569793
1353478700646465536
1353478950236905474
1353479704997724160
1353482714616369156
1353485492705234949
1353499081730043904
1353509341605879808
1353518965797101573
1353522981813637121
1353528024197718016
1353528275990171648
1353528526306242560
1353528779923140608
1353529033091379200
1353529283583606785
1353529532393914368
1353529786195464192
1353530036909965313
1353530289117679617
1353530539802820609
1353530791641427969
1353531041336668160
1353531295813529600
1353531545957658628
1353531800258306058
1353532048040992769
1353532302228414465
1353532553098108930
1353532802877284353
1353533057505099778
1353533308974608384
1353533561983393793
1353533810621763588
1353534061453713409
1353537335229624321
1353537587953229824
1353538080226082818
1353539851816226816
1353541110073872386
1353543121209085952
1353544884175720448
1353549664394604544
1353551177632239616
1353562499094863872
1353567282014932993
1353599496236707840
1353629055233519620
1353629947336732672
1353645045115711488
1353647989127061505
1353648066600071169
1353648096136351744
1353648216412213248
1353648291486060546
1353649390259482624
1353649416335454208
1353649551362686976
1353649604579962881
1353649670740967425
1353649841059069953
1353649905903005696
1353650227031535618
1353658829616144384
1353659893211951105
1353660142609379328
1353661698910150656
1353667943352164353
1353684554360516608
1353685568446717953
1353685752626995201
1353685804024025090
1353685895354982400
1353688079970742273
1353690343083012097
1353690540479549440
1353692106343198720
1353694369921064960
1353699654819581953
1353700660613623808
1353701167881216007
1353704184319717376
1353704514021425152
1353709468241063936
1353709557898424320
1353710428220776448
1353710728432254981
1353710977594884097
1353711147569082370
1353714169720270848
1353714523832770560
1353715759315361792
1353718903906701312
1353720543636320256
1353720792698265601
1353721043836407811
1353721296161533953
1353721550193745922
1353721800186884098
1353722052440715264
1353722486534365184
1353722888780701696
1353723648260116486
1353723971271847936
1353725053104480256
1353726583270469640
1353729339494379521
1353729352052125697
1353733628832976898
1353734577056063490
1353734890911576068
1353735390583259136
1353738635401699328
1353739667838005250
1353740038480257026
1353740219091189762
1353742129655390209
1353742136194306048
1353744438896558081
1353746210402742274
1353746460605632513
1353749479841701888
1353749732221399042
1353750386394484736
1353750993314459653
1353754263797837824
1353757032885661698
1353757284107694082
1353759547228360706
1353765588464766978
1353767854508802048
1353770873283633155
1353772124444499968
1353776412294074371
1353777416230100993
1353779935123542017
1353781193553162243
1353781946535522306
1353782199930261504
1353782449973714947
1353783205611118594
1353787231228616714
1353787736352825347
1353788238536863744
1353794772314583043
1353795890499227655
1353797287034695683
1353798225891876864
1353798808363278336
1353799310476009472
1353799803965108226
1353800570965020675
1353802321562464256
1353804343544315904
1353806860290314244
1353807353402044418
1353808873073815553
1353809875650834434
1353811139608662016
1353811392172871681
1353814903795011587
1353817420671180801
1353828757098930177
1353829007465336832
1353830266901508096
1353831276956901376
1353833034181730304
1353834039791267840
1353838819649474561
1353841589928529925
1353842595743604739
1353843602846314499
1353844609730945024
1353845102339256320
1353847880235294720
1353849892561707014
1353851403660374023
1353851655675113473
1353853922499325952
1353856689284513794
1353857946334220289
1353859959629471746
1353870272047144960
1353870272000978946
1353870271325720576
1353870279227940870
1353870532068978688
1353872985527119872
1353877817897799680
1353881602670161921
1353890922979856386
1353891165976875009
1353891416485867520
1353891416485867520
1353891671268798464
1353891924944576513
1353892173486436352
1353892423349506053
1353892677931175937
1353892928033325060
1353893178554916865
1353893433451143170
1353893683834331138
1353893934456561665
1353894185213026304
1353894437496250369
1353894688781119488
1353894939659296769
1353895194203213829
1353895447341969409
1353895698081730565
1353895945772142593
1353896200215420930
1353896450183344136
1353896701904498690
1353896955060088833
1353900479613435904
1353900982158110721
1353942261881516037
1353976983600955394
1353991405438382080
1354006169287798784
1354007434612920322
1354011196513370112
1354016229636378625
1354021268127850497
1354021346771140609
1354022532043706368
1354022786004623360
1354023036069048322
1354023288708673536
1354023539486167042
1354032348350853121
1354033101362618368
1354035870656057344
1354037630279815168
1354037883049566210
1354040148019851270
1354041405887418371
1354045433446854656
1354045933902770178
1354047447153127424
1354051860773163009
1354059274847211521
1354063050966507525
1354063301706133504
1354066897122304000
1354068333520420870
1354076132958732288
1354077140724183043
1354078400143568896
1354078954408321040
1354083182551953411
1354083435321688067
1354084691603824641
1354084945342455808
1354085193603289094
1354085699113332742
1354085948032774144
1354088466653577221
1354101000882294786
1354101117345542146
1354101299776729088
1354108096197644288
1354109958418264064
1354109962574852096
1354109961018761217
1354110613199462401
1354112121869639680
1354113128590696449
1354113155241299974
1354113884928544770
1354116050401570817
1354116199651684356
1354119168220655622
1354121686065541121
1354121926604558341
1354121937786728448
1354122441929486343
1354124442910167040
1354126468117364737
1354126717615562752
1354128480376647680
1354129476406419456
1354129487416459265
1354131247589695488
1354131992623812616
1354132739155492867
1354134260731539456
1354134512188280832
1354134668958957568
1354134866422620163
1354136075959152642
1354137025994256388
1354138545770934273
1354139542349991936
1354141065121562627
1354142064510971904
1354142321240121350
1354142574265688065
1354143329638883328
1354144333629448192
1354144575359770624
1354147092088803334
1354149114804654080
1354149610747351040
1354149827043594242
1354152125132115970
1354152134481235975
1354153646200672256
1354154400873394176
1354154641760657410
1354154903531380736
1354157159005601792
1354157419572690944
1354159675009167361
1354162191692427267
1354163962133291010
1354164708471783424
1354166177686294531
1354167224798330880
1354169741351424001
1354172259997372418
1354173779426074624
1354174282939686914
1354174774352736256
1354177290935050242
1354177299923525633
1354179808415145992
1354182324179628032
1354183846334509056
1354184840740892672
1354184850249543680
1354187360909590532
1354187369042337793
1354187871591268354
1354188122897178626
1354188626435964929
1354189873901658114
1354190386844065792
1354192390823628800
1354192906404454405
1354194665113845766
1354194907745853444
1354196930096734208
1354197423644700677
1354197683997724674
1354199195402567682
1354199697242677253
1354199940218540033
1354199952659001345
1354201207640891397
1354202217771892744
1354202458159935490
1354202467748225024
1354202972134252551
1354203726853103622
1354203978763010053
1354204229347520513
1354204482087874562
1354204973932797953
1354207490380992512
1354207501298896910
1354208759296516099
1354210007244447746
1354210520480546817
1354213539569872898
1354215552861020161
1354218823482810369
1354224111304773633
1354226627358683142
1354227132604538882
1354234681173155844
1354238705255510016
1354246254889480193
1354252545854734338
1354252800994242564
1354253052266631174
1354253301542490112
1354253555138519043
1354253808008892421
1354254056521408516
1354254310926938116
1354254561129672709
1354254811387060225
1354255062613241861
1354255314732900352
1354255567418699777
1354255821367103500
1354256070831648772
1354256321479106564
1354256572487184390
1354256827127631872
1354256827127631872
1354257078261587974
1354257328091095046
1354257581062156289
1354257834100326400
1354258082642190339
1354268150867644417
1354284509089378306
1354339368257941505
1354353803278102530
1354368559749582852
1354368827556032514
1354369569029312513
1354373584639021056
1354378617673793537
1354382336721375234
1354383160059027458
1354385169814323200
1354385423301226498
1354385674233913350
1354385924730327040
1354386179886559233
1354386431473573888
1354387689546641408
1354390888840126464
1354392470176604164
1354407566823059459
1354410338725277698
1354414865360760834
1354417855652048897
1354417888279445504
1354418389943537667
1354419395469180931
1354419650222813186
1354423421497712641
1354429212661317635
1354429296006328329
1354431475345723394
1354434246144884742
1354434497580851202
1354438522682355713
1354438777230516226
1354443807270559750
1354445318868369408
1354445569310289922
1354445820339355648
1354446324003987457
1354446575087583234
1354448589104287746
1354450349743099905
1354452870490423297
1354453118344425473
1354453624433336321
1354454879234895873
1354458152209686531
1354460669651914753
1354462182206021632
1354463688296685570
1354464693843324934
1354469981174583302
1354473253075611650
1354474257523339267
1354477026665754625
1354478538318077952
1354479280860901383
1354480045440512006
1354481798609301504
1354483064542474253
1354483319220670467
1354484314382102536
1354484574789767169
1354485079612010500
1354486587988598789
1354486830717132803
1354489353603407876
1354489358234099713
1354491863797886977
1354493131182452737
1354493634075389960
1354494380464164866
1354496897671688195
1354497662368821248
1354499413603999753
1354501688795791360
1354501930119290884
1354503701919105027
1354503953145278465
1354504450744971266
1354505465342943233
1354505714786512896
1354505968218988554
1354506963342618624
1354509479916650497
1354511996935413768
1354514513211641861
1354516032115904513
1354517029739356160
1354517291136901122
1354517542363164676
1354518297811832833
1354520813232336900
1354529120542208000
1354529876355723266
1354531635232993286
1354534035922554882
1354534647485534211
1354534835453362179
1354535665107685377
1354536165718831112
1354537162331607040
1354537675823443968
1354539187681300484
1354539679119413250
1354542197081829380
1354544712133324800
1354547228682182658
1354547238480060419
1354548497157074945
1354549748754051074
1354550005412093956
1354550512008441860
1354551016390340614
1354552261800816640
1354552526763393024
1354554778618007555
1354555154050273285
1354557296077115393
1354557304188903424
1354558062883909637
1354558312440860675
1354559811573043200
1354560075227131908
1354561333828722690
1354562328176578564
1354562338528104449
1354562842796711938
