1352029536842559488
1352031904619323392
1352035679308402689
1352037451682951169
1352038974710296576
1352039454320414720
1352046963101937666
1352050722083373057
1352051293657952263
1352057404180074499
1352059752189190151
1352062864241143809
1352071474341937152
1352071614536568835
1352072545160323080
1352073313003180036
1352083297774534662
1352097446080483334
1352202660389203969
1352202932154998786
1352209545754505217
1352218961161555975
1352223596547088389
1352227734131527680
1352236961822629889
1352236960186839043
1352240633818337280
1352241325014474754
1352247308239437825
1352247563127300104
1352251709683335168
1352253981343555591
1352254554914611200
1352262301370511360
1352273509540651015
1352279496238505984
1352287869193351169
1352294776884891649
1352297449512181762
1352306898490580995
1352313220506251267
1352314316893073409
1352315551675256834
1352317214272139266
1352318601517281284
1352322946052870144
1352336738488881152
1352339172359606274
1352342531779010562
1352343858919714819
1352344922465173506
1352353405344378886
1352355213399781377
1352364335948050434
1352367581760466946
1352369696985796609
1352370761378525199
1352376310723710982
1352380709432930307
1352389844031467522
1352399286617710594
1352407182998970369
1352411467191095298
1352415310511566848
1352420668659400706
1352424608700510212
1352425751677710339
1352438479930732547
1352443482221268994
1352447608585936897
1352453155699777537
1352453182199361536
1352562852259889152
1352563841624907779
1352579094463000577
1352579620080672768
1352593543961915397
1352601397079003136
1352603306636566528
1352608284843323393
1352611065654349826
1352616212472147972
1352620673353605121
1352635100706516992
1352644285192146947
1352648404497784835
1352652149268865027
1352654272282959872
1352658094527012864
1352659135431647233
1352662899551064065
1352665318288719874
1352672786708365319
1352675529497964544
1352677967055511553
1352680654090153991
1352682938509512708
1352689410568056833
1352692106226237441
1352695024157413377
1352695709271777280
1352701206217551874
1352702582691651586
1352708703254958080
1352709774719254529
1352715061664616452
1352724359237021697
1352725308198301703
1352730961478299648
1352735422636568578
1352740804536754187
1352744097497239552
1352746654261239809
1352750388881985537
1352753409070403590
1352754596905684992
1352756521013309441
1352758350191210496
1352759698051760132
1352763147120218118
1352774593963040769
1352783464123260929
1352787765038084096
1352787900451221504
1352799710491373568
1352810065477201921
1352815163968266240
1352815253218852870
1352938230761598976
1352949202695856128
1352953916552523777
1352954015982776327
1352985443546099713
1352985441453170688
1352988439113854976
1352994496393437185
1352998048994111488
1353003417950711809
1353012947958816770
1353020702421614592
1353028023386333185
1353032986753691648
1353039757807398913
1353040911748444160
1353048804753199105
1353061218664083457
1353065981657026567
1353066400177287168
1353072195073789953
1353072542706061314
1353074583625064448
1353075189572018176
1353077543834935297
1353078431425073152
1353084664345468928
1353086720598749184
1353089155841077249
1353105492491587591
1353109643510358016
1353116758807375873
1353126279227338752
1353142532759285760
1353155566177234946
1353168215711633409
1353312671895068673
1353313020659822594
1353321764617678848
1353337790830940171
1353338316184285185
1353344890411884544
1353352972177182725
1353358029056577538
1353372025503555584
1353373068312326146
1353393263022116865
1353394749919481862
1353406367344693249
1353407664684888064
1353411795344568321
1353419780712239105
1353419780712239105
1353434520490565634
1353438113209741312
1353451050188079108
1353475338945384451
1353487315381977094
1353527339657949185
1353650907280498688
1353651715451596800
1353659703704899585
1353666720397991936
1353674627042705409
1353675800437018625
1353681278051250179
1353681281343770624
1353688268005642245
1353690169384304640
1353690652110958593
1353692495033544704
1353692577472663552
1353693376101625859
1353696612774719488
1353696849757147136
1353697335038144525
1353699938434232320
1353701997187362817
1353707187114278914
1353708473108803584
1353708504444522499
1353708814172889090
1353710987682177026
1353713759001436167
1353714722537955329
1353716417779134465
1353718591393300481
1353719071431401472
1353721970492366849
1353731769279901711
1353734617254256640
1353735812198891523
1353737664244166665
1353739395887738880
1353740780565913601
1353743528514498564
1353747469629345792
1353749798831190017
1353751529463947266
1353753314974965762
1353755049118339072
1353757449950547971
1353760307462737926
1353764037033676800
1353767679144972288
1353770479518146560
1353777367429361665
1353778286330060800
1353780041969229826
1353781033167106049
1353781868156637190
1353785526873169920
1353787764643221504
1353790241476382722
1353797552588681216
1353800356581543938
1353801505867001857
1353805443022409729
1353808294297612288
1353810811756621825
1353814177752743936
1353816154394021889
1353818662222917633
1353818678173851648
1353820105331924992
1353823183586123776
1353825044670128128
1353825976585752576
1353827606395817985
1353832176912134146
1353833289207992321
1353837860470878209
1353844664424665088
1353855835965952001
1353856062819086336
1353862685604118532
1353870631343939585
1353870657197637634
1353884143235555332
1353895236326600706
1353902429818019841
1354005665992368129
1354012640272666624
1354013152581722112
1354014474685079552
1354022484601950209
1354023076506300416
1354025746914824193
1354030612454252544
1354032225386426370
1354039270038761473
1354039983896719361
1354044964095877120
1354054630121082880
1354063328218378240
1354065818066309122
1354069798351724544
1354070470283436032
1354070644196048896
1354071570977853440
1354084343090733061
1354090963048783872
1354097145406746625
1354099905002958851
1354103752538664961
1354108314020442112
1354114924222558217
1354119684782772225
1354125097209106432
1354128969449287682
1354131992477110272
1354138589274238978
1354140146225053697
1354144602362621953
1354145842605809664
1354146309536698375
1354147455395389449
1354152123185963009
1354155318209613827
1354161639013154820
1354171182610837504
1354172586960310275
1354175990818332674
1354178715744423941
1354182301412978690
1354186416268468225
1354190399238242307
1354191782792331264
1354200768283365384
1354201677910446081
1354208257192177677
1354217404683988994
1354221900512317442
1354231719965110273
1354241073485393922
1354248728727728128
1354256967674552321
1354262008456163329
1354268332124471297
1354368784807698435
1354382253648998402
1354382463485812739
1354384782038355970
1354387362395127814
1354392330648883202
1354393199603806210
1354398336388915200
1354402371561005059
1354402373280665606
1354408786606362625
1354412906285314052
1354414977155801095
1354415434737577989
1354421324136009728
1354427283260526597
1354438772721668099
1354439737432567815
1354446125177188353
1354449175015006208
1354455962451644418
1354462032154812420
1354466021298614273
1354472138070175747
1354475360860200969
1354479818335789056
1354485330129334273
1354487734468042759
1354490605892730880
1354490634342703104
1354493122156220416
1354494996544704516
1354498296862167046
1354499375045734404
1354499828210933774
1354506078868926466
1354508792013139970
1354513163065110533
1354529592149729283
1354534702586220544
1354541837046964226
1354544422508240898
1354547588343746567
1354552953554808833
1354558154391121921
1354559110696546306
