1352028130786091010
1352224595743539200
1352238421041885185
1352290306125922316
1352332017556484096
1352373063208366085
1352373061518045195
1352374889420873735
1352394130425602051
1352586811483299842
1352638634588045318
1352728242793324544
1352752909625257985
1352776476043730946
1352813305463762944
1353028212046114821
1353115294974189568
1353332217120960512
1353390607373369344
1353432385241706496
1353477686031691781
1353674355067252736
1353772904002023424
1353773811888484354
1353794778094129152
1353824381403856898
1353824392309067776
1353824389939265537
1353824400747982849
1353824398260785153
1353824409245638657
1353824406984937473
1353824416002695169
1353824423036530690
1353824420876472322
1354036366196297732
1354065852308590592
1354071830248759296
1354097126930849793
1354170283633078272
1354213004720668674
1354399423225356290
1354479696126369792
1354492893382103040
1354519551313063938
1354540957904068612
