1316610255950958595
1316628186713686017
1316628216157736962
1316628232242954240
1316628246226759680
1316629076371742721
1316630653434200066
1316644715220131841
1316656490309132289
1316665339707621382
1316672582276571136
1316707667163910149
1316740946638274560
1316742022175379463
1316771008859246594
1317034694727340032
1317050504623624193
1317052053190025218
1317052276368867328
1317056109778173953
1317058421292752897
1317058807298752513
1317103282385539072
1317123275458289664
1317148340426035200
1317386915226726402
1318107595387867136
1318153734728331266
1318163263650254848
1318216690514206722
1318221681194897409
1318231721310146563
1318235397441392640
1318235428433125381
1318235497194508288
1318479819001286657
1318484813595148293
1318534360874835972
1318553898681073665
1318615055173300225
1318842068089917442
1318842549054902273
1318895723447001089
1318904293945204736
1318915111801716736
1318984226985836544
