1275911799167213568
1275914059276304384
1275915899728429063
1275917891641237504
1275919719569260544
1275921697808531457
1275923550583521287
1275925354671153152
1275927362102857737
1275929144749105152
1275931143230173188
1275932973884465174
1275934926874062848
1275936661319401472
1275939441694199815
1275941472001568775
1275945269054619650
1275954970681106432
1275966000014544902
1275967696375406592
1275968028006645761
1275974585243099136
1275976375535624193
1275984653539827717
1275987259871854594
1275989437642690567
1275992842804977665
1275995147843653634
1276000227414114305
1276004035938734083
1276015470513205248
1276032374522867713
1276034645793157125
1276034700394577920
1276036149212065792
1276036433334149120
1276039924978905089
1276043698808262656
1276044232478937089
1276046248584372229
1276047115840638976
1276047477196484608
1276051248861663232
1276055024393572353
1276057686942064640
1276058798403121153
1276060846041567233
1276062575646498816
1276066348217630720
1276070123623849985
1276072158180061185
1276073898128310272
1276074685034348544
1276074773991342080
1276077672788082689
1276078583988060162
1276081447892377601
1276085223248195585
1276085721569337345
1276088997417234432
1276090039429222400
1276092171276496901
1276092777164570626
1276095074833702915
1276096547240005634
1276098988182249472
1276100323774541826
1276101462133784576
1276102505613660160
1276104096974397443
1276107130857291785
1276107209580122113
1276107878730878976
1276111647161987073
1276115181232406533
1276115421998055427
1276117213318123521
1276119196401893383
1276122975192801281
1276126746681769985
1276130522222092289
1276133860393324546
1276134296378474497
1276138071059243009
1276141656241250304
1276141845714579457
1276144129697894408
1276144546099933185
1276145620609191937
1276145953376997377
1276146568492654595
1276147458721136649
1276149395440852993
1276149491918426113
1276151741629771777
1276152520528801795
1276153172868820992
1276153810633863170
1276154830600515591
1276155371103694851
1276156082499596289
1276156945943212035
1276159508868411393
1276160347016224771
1276160721785458688
1276163957795979269
1276164351959891968
1276164495379959815
1276167666441629699
1276168273826951168
1276169857982173186
1276170940548812801
1276172044825174017
1276172051825471488
1276175240733831168
1276175820801761280
1276177667222581253
1276179594421272577
1276181761945489415
1276183316929093633
1276183373761871874
1276186511181058049
1276187144596402176
1276190596907110400
1276190921814470656
1276190992945819649
1276194694540619776
1276198470416654336
1276199820479389697
1276200153553264642
1276202243642068994
1276203287331700736
1276204297324199936
1276204555949219840
1276206019144822784
1276206689302261762
1276209793477337089
1276213572520087554
1276213572520087554
1276214912054943746
1276216347236675584
1276217343232937984
1276218178545352709
1276218366785716230
1276221118240587777
1276224892954988545
1276226250831470592
1276226871122898944
1276228672530366464
1276231459305644033
1276232084374331397
1276232096005197824
1276232442890903552
1276236218209112069
1276237995260207111
1276239992356958208
1276243770208481280
1276247542397677569
1276251316860444691
1276255091788414976
1276258869233225733
1276262641980203010
1276266417407422464
1276270191437996032
1276274531318075392
1276276549256445954
1276279592345645056
1276287819670007808
1276299139144450055
1276310283468881921
1276322608418521088
1276330340055998464
1276335097084620800
1276341949767864320
1276347420075532288
1276350714663636992
1276354532784648192
1276357174344720386
1276361212402507778
1276363638446661632
1276365874040123392
1276368459782393856
1276370698957737984
1276372919472529409
1276373096442847250
1276375190851682305
1276377286699372546
1276379775179898880
1276384666279428097
1276390228513652737
1276392293831004160
1276394764565450752
1276394804717531136
1276404950059429888
1276407243794264065
1276409824448741376
1276410498372820992
1276411091434733570
1276413133339291648
1276416404737019904
1276419563576582145
1276419676336250885
1276419686943555586
1276423358196977664
1276424098927775744
1276427864951439360
1276431565921439744
1276433975825903616
1276434272480636928
1276437795599454211
1276442603299504128
1276444951992303617
1276446352063344640
1276449898481754114
1276450126958125057
1276450701112213505
1276452856699277312
1276453901936410624
1276457676776640512
1276461451582959622
1276465226603528192
1276467367426613248
1276469001456156674
1276472776212299777
1276476551329021954
1276479373265207296
1276480325925744640
1276484101076369409
1276487875719127041
1276489829786755074
1276490986210934784
1276491650790043651
1276493615775260672
1276495425722363905
1276499200444968960
1276502975289200640
1276504597918597125
1276504621339607041
1276504954509852673
1276506750087290880
1276506964936339458
1276510524922978306
1276511016080244736
1276512645139640320
1276514300119506944
1276515572868677634
1276518000888295424
1276518074787737601
1276519062751842305
1276521727510659073
1276521849761837056
1276524249314996224
1276524348489248770
1276526286870065152
1276528289490886665
1276529399437897728
1276530820900171776
1276531963638304769
1276533174365978630
1276534355570155520
1276536949109485569
1276539916319707138
1276539935340756993
1276540724217962497
1276544498865078272
1276544656461967360
1276547981009969153
1276549532353024000
1276551283860819969
1276552248408125441
1276553309516636161
1276555010382409728
1276557081777065986
1276557384769511425
1276560810828062721
1276560858764709888
1276564631419604994
1276565793736704001
1276568340207673344
1276568407538712576
1276569553053659136
1276570717400809475
1276572181405696000
1276575816013484038
1276575960863780867
1276576158985916418
1276576641733533696
1276578490733621248
1276579496502714368
1276579730997645312
1276581864204046338
1276583507159064585
1276585899321679874
1276586687448133632
1276586684839313414
1276586690962960385
1276586695421501440
1276586700752531457
1276586697988415491
1276586709262704641
1276586707815710720
1276586705508859905
1276586710768463872
1276586720813821958
1276586722827124737
1276586728564953091
1276590996298649601
1276591059674546179
1276591858530033669
1276594732701847552
1276594830592770048
1276595507260010498
1276596381013155841
1276599442163011587
1276601380506124288
1276601642205446145
1276601691606040578
1276603529323524097
1276605933205020675
1276606159076507648
1276607369645035520
1276609930242469890
1276613956573036544
1276617480027299840
1276621257174216704
1276621585189949440
1276625029527220235
1276628805424209920
1276632579274235905
1276636545164902405
1276638822839844864
1276641425510354945
1276643891530219520
1276646155695337476
1276647275997966336
1276649973434724355
1276651406015905792
1276654010603315201
1276654010603315201
1276655663729356800
1276668001459359744
1276678211179622400
1276678254104109056
1276678424430608384
1276680198243659776
1276692771349450758
1276696854131093504
1276700602635104257
1276706112679538691
1276709093571530757
1276712088640028672
1276714289919901696
1276714689771134977
1276727656453636097
1276731289719246849
1276736041353953282
1276737017250852865
1276738817345585155
1276740553099673601
1276742068677873664
1276744265201303559
1276746742252404738
1276757298392829953
1276759870470004737
1276762266604576773
1276764699238031360
1276767435404849152
1276769177278337024
1276769221343674368
1276771479066214400
1276773538196680704
1276774841207730177
1276777286604328960
1276779765819719681
1276779935961661440
1276782476870942724
1276783689830141952
1276784712321818631
1276785008838148096
1276786257155293184
1276786312029274112
1276788030376984576
1276790764174000128
1276793537108066305
1276795388327059456
1276798956802957312
1276801627567960064
1276801994435354624
1276803086833467392
1276805782944841728
1276808800784257026
1276810545866440705
1276810651084652545
1276810713584021506
1276812208408838145
1276813616054927361
1276815467781533699
1276816040786305024
1276817928437071872
1276817973429272581
1276818009450065926
1276818071794135041
1276818092857925638
1276820685164339200
1276825097706356737
1276826970014261248
1276827982691172352
1276831774388228096
1276834658093858821
1276834708534571020
1276836722916175872
1276839504511479808
1276842227701026817
1276842429690372096
1276845143610535937
1276848018021593091
1276849547097055234
1276852138593988609
1276853081230229504
1276854997851017216
1276859914573557761
1276861077326893056
1276862752158617604
1276862838468993024
1276863010833928193
1276865061672419329
1276868144230027264
1276870227968634880
1276873096167936001
1276874466686099457
1276875747064451072
1276877949187178498
1276878417305186305
1276881962624483329
1276882770132951045
1276885495964991488
1276887881546596352
1276889270842609664
1276892048004657152
1276893050464133122
1276893305834557441
1276893397735936007
1276893410423640064
1276893423526690816
1276894630978572288
1276896820568797185
1276900555802185728
1276900596814053382
1276901275368595457
1276902353325694983
1276904303974912000
1276904326913499137
1276904370148433920
1276905368342401024
1276908147593052161
1276910385619238912
1276910828105748481
1276910967310467072
1276911920365346819
1276914530262618113
1276914725461397506
1276915694681104384
1276916544199630849
1276919469730754562
1276920246130085889
1276920355827978241
1276923244935704577
1276927019406831617
1276930795827945472
1276932482630389761
1276934569099329537
1276937489052241922
1276937566844063744
1276938343943716866
1276941773009489921
1276942118808944642
1276943002066452480
1276945893632077826
1276946594672361473
1276949668627222528
1276953447036837889
1276954383918469121
1276957218567380992
1276960013576265728
1276960993181143040
1276961024059596800
1276962833251676165
1276964321000599554
1276964768813846528
1276965259018977280
1276965790345048069
1276965806983860225
1276965929088356353
1276968543175634945
1276969545207615489
1276972317759897602
1276976093443035139
1276976092642004992
1276979867725320194
1276979867460853760
1276983644125454338
1276987417405337600
1276991193193369600
1276994967303409664
1277000283550343168
1277006553703419904
1277008975842639872
1277011202799894528
1277013679301689346
1277022443824087041
1277034051967295488
1277046435725430785
1277054083413741568
1277060390682312704
1277067935752712192
1277071530418212865
1277081689567768576
1277091879134334977
1277103782720135168
1277111275974164480
1277113539338141696
1277115767356604418
1277117756542984193
1277119537759113219
1277119783172034560
1277121525523664896
1277123183628496896
1277124679774412801
1277124788306227200
1277127302413979648
1277129846389460992
1277131114125987840
1277133107292971008
1277134569687470080
1277134640105402370
1277137048290328576
1277137245095579648
1277138412278026240
1277138412278026240
1277140979670269953
1277143027593682944
1277149534746038273
1277149564647231493
1277149738215899136
1277149911776198657
1277152454837239808
1277153511747264513
1277154914754535425
1277156367816691713
1277157174964355073
1277157776008130560
1277157905092009984
1277161235633639425
1277161781065068544
1277162406335123456
1277164836254650368
1277165764642996224
1277168863067598848
1277172458546700289
1277173386209300481
1277176840344555521
1277177589308809216
1277178182228156416
1277179090848669698
1277180789495607296
1277181194430566400
1277183581178249216
1277184429161623552
1277186793847369728
1277187687708004352
1277188946368266240
1277190099084742659
1277191260571414530
1277195039433789440
1277195550459400193
1277198552951906305
1277198810289074177
1277202175362547713
1277202585913634816
1277203744690667522
1277206360078168067
1277210138890231808
1277211954470420488
1277212489772601345
1277217194548568065
1277217625144266753
1277217685269553152
1277218212808208384
1277220230591385602
1277220383423422466
1277221459518091267
1277221675415883776
1277223051227279360
1277225238233841665
1277229009181437953
1277232785032265728
1277234442067640320
1277236538255040512
1277236558991679490
1277240339628265472
1277244108780851204
1277247883561955329
1277251658569994241
1277255435930595329
1277257445472075776
1277257533468692482
1277257918845419520
1277259807423172609
1277260241114103809
1277261872589398022
1277262673256673280
1277264168622718978
1277270474314199042
1277272419422605320
1277274408764289028
1277276202689069061
1277277992608292865
1277279497809772545
1277281338094166022
1277283329553956865
1277287142000144386
1277289569621336065
1277291674079760389
1277293643800461314
1277294175101300739
1277295062846705665
1277295106719133697
1277297580259659776
1277298215675723779
1277298414062112770
1277300653212274688
1277302879024447496
1277307592554041345
1277309715316383744
1277310385947901952
1277310520656355329
1277311967959662592
1277313830767525893
1277315819865866243
1277319044383768577
1277319104463069190
1277320944491560963
1277323245054758914
1277325284170235904
1277326591035682816
1277328749218930689
1277330723557576704
1277331639023132673
1277332189366157315
1277334328645648385
1277336615841681409
1277338831054921729
1277341004241276928
1277343016739618817
1277345249380241411
1277347403964784641
1277353629754830848
1277358456203247618
1277361607568437249
1277363851726598144
1277365582095056897
1277371024129110016
1277380762510200833
1277387454685892613
1277392217229996037
1277393096024526849
1277399110820093952
1277400753150193665
1277402746971398147
1277407756052500480
1277417840484769792
1277422386359545857
1277423091598024705
1277427819245645825
1277430360578588677
1277432864360017920
1277433987586068481
1277436627447459840
1277440010212347905
1277443752202612740
1277445989469769736
1277447969676169216
1277451728648978432
1277453106469498880
1277466878437449729
1277475476697735168
1277483051187089409
1277485040063176704
1277486660725374977
1277486697161392129
1277487951178588161
1277488705930919940
1277491227735339009
1277492255302049793
1277493753654149121
1277494201861779456
1277496773632720897
1277499793430900737
1277502668618059781
1277502813421973504
1277503745086173185
1277503753265045505
1277505819081420800
1277505827050532867
1277505833299898368
1277507402091331585
1277508853236740097
1277511873206706179
1277514472769413120
1277514893013463040
1277517912975175680
1277520932899348480
1277524088567877633
1277526972588011521
1277529992587382785
1277533012243120128
1277533858712485889
1277534083673882624
1277534494707396609
1277536032410357760
1277539052187578369
1277541862186856448
1277542072057282560
1277542556499415040
1277543052190666753
1277543700562948097
1277544591948988417
1277545091901452288
1277546956781486080
1277547738712899585
1277548111888388096
1277549285379321859
1277549433111097346
1277551131854548992
1277551355264208897
1277551755132391424
1277554732584841224
1277554906589589505
1277554906589589505
1277555148785664000
1277555503581859840
1277558392471670784
1277558507668213762
1277559940002058246
1277561494864084994
1277561579651948546
1277563714653220864
1277566936679940096
1277567489673760768
1277569487408111622
1277571264471805955
1277572344484106242
1277573386097524737
1277575039596982279
1277576701539745794
1277577875982557184
1277578814453882885
1277580379231334406
1277580564971827200
1277581448250351617
1277581722297786368
1277582117111767042
1277582241061900288
1277585226059796480
1277585580373803009
1277585803997319169
1277586029973815298
1277586351865634816
1277586577775042562
1277586867714654208
1277587059176284160
1277587292526428160
1277587633900867584
1277587978647474176
1277588141629755392
1277589251295674368
1277589601364971521
1277590138785116161
1277592486240817152
1277597688813563904
1277598717772783616
1277601463405916160
1277603191941672960
1277603675083542534
1277603889081126912
1277605238464303104
1277605348325670912
1277606451482148866
1277609013220425729
1277611930107162625
1277612788043702272
1277616562967646213
1277618885433405440
1277619921053274114
1277620589545455618
1277621203725885442
1277623223975378945
1277623302010396684
1277624112777768971
1277626361767702529
1277627887676465157
1277627933243342855
1277629119560376320
1277632927350886401
1277632940986564609
1277633354662326272
1277635901506621445
1277636695710720000
1277640017943441409
1277640472299819008
1277644054193483778
1277644245617332225
1277648024936673287
1277651202034012166
1277651795284811776
1277653083607138304
1277653116104704000
1277655572159045632
1277659345119920128
1277663121054797825
1277665079836708867
1277666895185862661
1277667153236418560
1277667603440373760
1277670671095455744
1277674444492730369
1277675671905619970
1277678221031546880
1277679949290319873
1277680447871422466
1277681994046992385
1277682912180174852
1277683388099497985
1277683486275571714
1277685770355122181
1277686436200960000
1277688673295884289
1277689543886549000
1277690802056171521
1277691164246913027
1277691638392016898
1277692251158851584
1277693280193478658
1277693319502368768
1277697093524574210
1277700868490420225
1277704643355672576
1277708422087979008
1277712193090445314
1277715968429633536
1277719742837596160
1277723942636183559
1277727448579399681
1277734758470922241
1277736046411816960
1277747189024993282
1277758349866565633
1277769562096893953
1277777186615943168
1277780819638194179
1277791456690831362
1277791507823681537
1277791543252987913
1277802924551352323
1277806782614831105
1277808681653080065
1277810563221909504
1277812570305572864
1277814557101232129
1277816437747433472
1277818290371518465
1277820347065217025
1277822015538429953
1277823863280283648
1277825697948540928
1277827627068334082
1277829336838651906
1277840647794372608
1277844313498476549
1277846582143127553
1277847987516030976
1277848552170049536
1277851611683942400
1277852822218866691
1277854883245256704
1277862712534499328
1277862743194902528
1277862770214678528
1277862783409885186
1277865831888752641
1277865841275609095
1277865956279123968
1277868591388426240
1277869227756654592
1277869938892513281
1277872499280281607
1277874209012813825
1277874254676099073
1277876022583504898
1277876790543945728
1277879294165782529
1277879588715184128
1277882713924603904
1277883824085405696
1277887347225395206
1277888181581623296
1277890367367438336
1277890501287518209
1277893130155692032
1277893638656126976
1277896129603153920
1277896910146342913
1277899416242978817
1277900937152155650
1277902422279696386
1277903890881622016
1277904715746082818
1277905075919355904
1277908486634930176
1277909676844294145
1277911917298954245
1277912174753730562
1277912262037000194
1277916036285837312
1277917836661403655
1277918801326157824
1277920455152803848
1277920774700097536
1277922533501796355
1277923586196467712
1277924012757323777
1277927360789176328
1277930302111993857
1277930765322465282
1277931712652152836
1277933710487228416
1277934269235638272
1277934910578229256
1277934910578229256
1277937810813698050
1277938685384654850
1277942143592603649
1277942460233191426
1277943540325273601
1277945731991527424
1277950013247717379
1277952654925344769
1277953784908570624
1277954796645830656
1277957560507617282
1277958699638652928
1277959440033931266
1277960064611921921
1277961335200980992
1277962818851966978
1277965110330511360
1277966077385797632
1277966235670417409
1277973397121536002
1277973506282549256
1277975529707036681
1277976434179440640
1277979883935723520
1277980964795199493
1277983984039780353
1277985284857135104
1277987717951913992
1277987759345610754
1277989476829220864
1277991534034550785
1277995315681832960
1277996140747730945
1277997763960193026
1277997809522876423
1277997876476592130
1277999786394861569
1278002858357452800
1278006633138925570
1278006920738209792
1278008265289408520
1278009494052708352
1278010526275174406
1278010911698059265
1278014183515344897
1278014702124236802
1278016446094880768
1278017374524968960
1278019653869191168
1278021732654333952
1278022096204050432
1278023645831593986
1278025401525248007
1278025759618207744
1278026252306321409
1278029283047305216
1278032049450954752
1278032253109616641
1278032509343879180
1278033058726379522
1278034085382848512
1278034507992621064
1278036832526184453
1278036832240852994
1278038676572983298
1278040612722192384
1278041510240489473
1278046980393046022
1278046995773603840
1278048158623297536
1278051931739414529
1278054503913226246
1278054552265265155
1278055707905085440
1278058223354986496
1278059481490997249
1278063257874546690
1278067031267565569
1278070806984130564
1278074581597577217
1278082130896134144
1278083357478436873
1278086660090146816
1278089113997099008
1278091838293975040
1278105008215556096
1278118579024658432
1278132258571014145
1278143492917772288
1278143533308948480
1278145782856790017
1278148812025090048
1278149134931972096
1278159481889849346
1278171472893292549
1278175037892280325
1278179476044754944
1278181710669242368
1278183950410711041
1278185984018898944
1278188052758827008
1278190322019860480
1278192174979584000
1278194248676974593
1278196455828787202
1278198724393648128
1278199994357604352
1278201904472915968
1278202971898163200
1278204433399255040
1278205172221710337
1278206954830258176
1278206953290895360
1278209721254764544
1278210433288228864
1278214881918009345
1278215761119653889
1278216396514746368
1278217188697165824
1278218354835312643
1278218781139980288
1278220956503363584
1278221802326487041
1278224820858228736
1278226048866562049
1278226101236629504
1278226130907156480
1278226142013673472
1278226779329748992
1278226805397258240
1278227086566719488
1278227551031345152
1278227840765321216
1278228303850151936
1278228686341378053
1278230860680945666
1278232336929341440
1278232402956029957
1278233405252153345
1278233415557558274
1278233880596750341
1278236904618520576
1278239920490901504
1278242940352151552
1278245960221679616
1278246042430050313
1278248980162342912
1278249322061144064
1278252004775571457
1278253237821411329
1278255019880353793
1278258039858970624
1278258971158220800
1278259109473783813
1278261059627872256
1278261485123383296
1278261504928858112
1278261517646004224
1278264079514206209
1278267102546231296
1278270119404163072
1278271756256661507
1278272079062851585
1278273139344945152
1278275129890480129
1278275372723953667
1278276159155904512
1278278126993395714
1278278241812389888
1278278434599374849
1278279178983366657
1278279486665101313
1278279644224139268
1278279722267480064
1278280987621953536
1278282203865026560
1278282543054368768
1278285218785312768
1278287028195598336
1278287041705508864
1278287061301280770
1278287108877234176
1278287119736352770
1278288238948556800
1278289090992050176
1278291258666938369
1278291971455451141
1278294278700032000
1278297303506472966
1278297621409476609
1278299323428716546
1278301369934524417
1278303338455580673
1278304100392873985
1278305557020114944
1278306358211735554
1278307472441315329
1278309378119143425
1278309716859420672
1278309716859420672
1278310058481377281
1278310183853318144
1278310624183955457
1278312397879611392
1278315190338105347
1278315418051100673
1278316179342442502
1278317268959666177
1278318437895245824
1278321159906430976
1278321457723031554
1278327114245312515
1278330517478412289
1278330836929196032
1278333537310179328
1278335140511563776
1278336263104409602
1278336557183729666
1278336645738254343
1278337016107798529
1278337563770499072
1278341338942103554
1278345113673089024
1278348236365979653
1278348888483737602
1278349343192424450
1278349963852947458
1278350497515266049
1278350550799716352
1278351222408458242
1278351680355082242
1278352228542287873
1278352663483166720
1278355465869672448
1278356438130266112
1278357927666110470
1278358887868047360
1278360213117120512
1278363988108218369
1278364467731009538
1278367763006926848
1278371537783947264
1278375312561037312
1278376685549883393
1278380345658728448
1278382836198846467
1278384120641597440
1278385942382985216
1278386133429358592
1278387611527270402
1278387899470434304
1278389187444707328
1278390061860622336
1278391221191409670
1278391670367649792
1278392389531504645
1278392777575989248
1278392981343670273
1278395445132300290
1278396221753831430
1278397862062231552
1278399220345712643
1278400704269385735
1278401289395884037
1278402998255988736
1278403238044336129
1278403554479419393
1278405448140558349
1278406135406624770
1278406770407309314
1278408264997310465
1278410545352204288
1278411732889862144
1278411878977462272
1278411903870648323
1278414320070799361
1278414348508110850
1278417681448939520
1278418094936018946
1278420611102937088
1278421869377576962
1278425645253525504
1278429419053281280
1278429818930049024
1278433193826430976
1278436968792231937
1278440743711932416
1278444518841311233
1278446989852672005
1278447054440759296
1278448044187496456
