1319040542110613504
1319047045697671169
1319066076370636800
1319068511432511493
1319068515077324802
1319068518021812230
1319068516813836289
1319073485281513477
1319232087455563776
1319239579816214529
1319247480039591938
1319262417088663552
1319277473796739074
1319285262250246145
1319299975742812160
1319317530503163904
1319317746245603328
1319322861601947648
1319330178217246721
1319345498948554752
1319368710977581057
1319368961750929409
1319396120762699776
1319406040388087809
1319410543225114624
1319410547692097537
1319410546358341634
1319410544806428676
1319420832058310658
1319436124679524352
1319594647723933696
1319609775550771201
1319617376376246273
1319618686181904386
1319624756170231809
1319639714375323649
1319647549813305345
1319662363503595522
1319680365943050240
1319704974255935490
1319710402322878464
1319733097567559683
1319738046317776896
1319749746953752584
1319753034231123970
1319768059721252864
1319769601471926273
1319769599961894914
1319769605561339911
1319769604164624385
1319769602818265089
1319769608316911616
1319769606949658629
1319771340837212163
1319773959643189248
1319773963476762630
1319773966131728384
1319773965057953793
1319786477019189249
1319799548039094272
1319964569729703936
1319979662408404993
1319994739299680259
1320002250933260288
1320009530735009793
1320024752971460608
1320032482595688449
1320047578390630402
1320062645328777216
1320062718645211136
1320063263217012737
1320074505612611584
1320077907256029184
1320092872830558208
1320108099563376647
1320122973299396609
1320145606665555972
1320326899546148864
1320342078593925123
1320350837848330247
1320364844223221760
1320387139083902977
1320394829617135620
1320425161888321536
1320440303527014406
1320455217578729474
1320485386435645440
1320508009139884039
1320523274137292802
1320681673244160005
1320696686495162370
1320696780196061184
1320712092660469762
1320734519650111488
1320749527054323712
1320772807521902592
1320779911288758274
1320802917180387330
1320805938325053441
1320809925254152193
1320821668449832965
1320826405228335106
1320829016404905984
1320840124444233728
1320851509320568832
1320862677116342274
1320870733208236032
1320874663094923270
1320875279062126592
1320875282778173442
1320875285441585152
1320875284334317568
1320885422361174016
1321044077748592641
1321051518632521730
1321059283446992899
1321074393817272329
1321089397886840832
1321097036368875522
1321111914965954561
1321127099005046784
1321134692905660425
1321149664855379969
1321150868935315462
1321150886744367104
1321160289631481856
1321172312784134145
1321173799656710148
1321176658133528577
1321177147659210752
1321183102408871936
1321183481909682181
1321199612636651521
1321207772290142212
1321214039582715905
1321214045186334722
1321214043575717888
1321214046394290179
1321219119673389056
1321219499484499968
1321227011709407234
1321233336728227841
1321247810272989187
1321406416679243777
1321421743651770369
1321425747760812037
1321425746326441984
1321425744669671425
1321426178188730369
1321436827950161922
1321444103884730372
1321459394287194115
1321474304219869185
1321481084786429953
1321490789285961728
1321497829383131137
1321498582567030790
1321499384425701381
1321504501761802240
1321504651460706304
1321519857297477632
1321532551350128646
1321532549798219776
1321532548158230530
1321532555880026112
1321532554378387456
1321532552893636608
1321532560569229314
1321532558937595906
1321532557423501312
1321532562104295427
1321539712008572932
1321542409239490565
1321543460839718918
1321543999652585472
1321545369445142528
1321551934583689217
1321557352307322882
1321558660087164932
1321572651589132295
1321580255035957248
1321587551778623488
