1352146701121970176
1352251902797479943
1352258191661428738
1352345297809244163
1352356848981200897
1352529892550828032
1352662272846548995
1352692557394948099
1352707576287387651
1352904557739864064
1353027314750263298
1353080620491165699
1353401520721715201
1353623743088746496
1353713505879420928
1353732558048145417
1353773034218381313
1353776203178643456
1353989026227888128
1353995695523561473
1354112682329300992
1354147835369959435
1354368751743987716
1354474071325626368
1354505365250068483
