1253271572946837504
1253272316307542017
1253272314441056257
1253279984627732487
1253280601400053764
1253368132468715520
1253368134838423552
1253381625070735366
1253421522875641856
1253435189461577731
1253569171448832001
1253604028447105024
1253604026844921857
1253605328220041216
1253615412476022785
1253625257669386240
1253635587002769408
1253636143133974528
1253652568196218880
1253672041208823809
1253680429003083778
1253689621554307073
1253698618730700800
1253698616704761856
1253711403355078657
1253729049916121090
1253742937931988994
1253794562520363008
1253794681919594496
1253987526001537024
1254015561387978753
1254071970871808003
1254105806276091908
1254142370460905473
1254313421144821760
1254336187596255233
1254394720207372288
1254405853794521089
1254420925790982144
1254489578473480194
1254662129380188160
1254756161787748354
1254782653007450113
1254782797782253570
1254791293013819392
1254799591033225225
1254810006958084097
1254836588770721793
1254845006029955073
1255064046614777857
1255081361167339520
1255092652481089536
1255101378290163719
1255203617809801216
1255377783901097984
1255390569154650112
1255442085764902913
1255473121995493376
1255477930991501312
1255485451005308929
