1253083372038963200
1253085248344203266
1253087321911590914
1253088166598389765
1253090651291496450
1253092018903027719
1253092819104862208
1253094081766572035
1253096428395782145
1253098504672722947
1253102278971666437
1253105543977328640
1253112266104483840
1253115513724645376
1253125734652133376
1253126697727090688
1253139952226971649
1253149309375299585
1253152150135418881
1253297262408712193
1253297350228967426
1253298956840419334
1253304284227219458
1253304749128024064
1253311720153649153
1253320629249605632
1253326954868031489
1253337728185319424
1253343772706037760
1253345865047080960
1253345909003431936
1253345940343267328
1253349117251784712
1253351126235262978
1253362143233298434
1253370214013702144
1253372305205604352
1253374215673315328
1253376505402609670
1253385114744225793
1253385113301377031
1253385115977363470
1253385115977363470
1253392324631158785
1253400946891251716
1253405950045757440
1253413492310175748
1253417572256452608
1253426874857881601
1253426962770477063
1253440435600556032
1253446859978399744
1253450242701381632
1253452066804117513
1253455265623674880
1253457866268295173
1253465863212216331
1253467140117725192
1253468394671812608
1253471468748517376
1253485563056881665
1253496747353137153
1253499878736629760
1253664887265468418
1253671235701092352
1253679966996348930
1253680283842416646
1253684216547676162
1253684867134640129
1253689571390509064
1253689958365364227
1253696856078594048
1253700396608036865
1253700533556256771
1253700795901652992
1253700795872301057
1253705387754356736
1253709938981027841
1253714195343958016
1253725681030254592
1253725839113572353
1253726371186122752
1253728089076621312
1253735649682894849
1253740717794566144
1253745469714505730
1253752017232814080
1253761514181480448
1253762944464273408
1253775879525859328
1253777881832005637
1253779880468254721
1253781032773574664
1253788893436088320
1253791455530844162
1253795496474431488
1253800792714145794
1253806876824948740
1253807810300858370
1253809299119374340
1253812592499240965
1253815717390098433
1253831741443158016
1253857235559686144
1253862268636409857
1253868811654135809
1254043966137348097
1254049505168818176
1254051292609163264
1254055907291549699
1254074146646036480
1254074205144039424
1254081517527142402
1254089093610340352
1254098403275034625
1254108411538608130
1254119880275746821
1254122838442872832
1254130557618999299
1254134583945302018
1254139365544136712
1254146161373581314
1254151193313652737
1254163026019848195
1254174557180739585
1254174606832828417
1254174740375318529
1254180889308925952
1254184664270622720
1254209916568469508
1254221909572673539
1254226228741124101
1254231724285886464
1254417120953348096
1254430282297589766
1254441578141286401
1254449824423981056
1254453941590466562
1254476118519877634
1254478261192740865
1254479167099371520
1254495861553463297
1254498482007785479
1254509054849961985
1254514069413015552
1254519733833084929
1254521351207104512
1254521397365346304
1254521442043154433
1254525172171841539
1254530924571766786
1254537352376090624
1254542407733035009
1254549687085993984
1254558380573757440
1254566433540931584
1254579813567942657
1254756130540093440
1254759954977828864
1254765994406526976
1254769949538566146
1254769985714622464
1254786397728169989
1254791139200241665
1254815328426700800
1254825385801535488
1254839209308958721
1254848071189639172
1254878431201972227
1254882022117556230
1254887576403456000
1254892225022091264
1254894391761698819
1254896129315082245
1254899426008666122
1254902141677944842
1254904154977337345
1254908433037512707
1254911210417520643
1254915988715339776
1254947397966401536
1254955568747421696
1255106875655368704
1255126812625174528
1255130660651614208
1255130698056208385
1255132225550483457
1255140845184925700
1255145808963358722
1255165606099288065
1255185005665542149
1255188030756962304
1255194316982620161
1255200087229321218
1255207409926246405
1255214363633303552
1255225726472781824
1255229190451924992
1255231398132187138
1255232902541053953
1255234240716963846
1255238065897050112
1255241042363928578
1255263322527719428
1255273643086618624
1255282959789293568
1255287724300546048
1255289569483898880
1255295738482999297
1255302743876648960
1255304543245647872
1255308916491202560
1255319959401574400
1255475062699941891
1255475077010898946
1255475094677323776
1255475648094777345
1255479995117559810
1255492585566679045
1255495015448576002
1255502650973528065
1255509556265914368
1255510956001681413
1255517251287093257
1255524268349304832
1255534810581385218
1255535292733415428
1255537327205683200
1255558327351889930
1255565945482948613
1255571506115022854
1255573670166134784
1255580391899103232
1255583310719434752
1255586388801654785
1255592338908344320
1255600565406613504
1255604719466274818
1255607322975576067
1255610373337686019
1255613340178669569
1255616636607967232
