1236658475469586432
1236658681896370177
1236659100211175428
1236659509352894465
1236702413932974081
1236710034110849030
1236759103722016769
1236885908470804480
1236894666718511104
1236894956477992960
1236902705886617600
1236919701638385666
1236925087422582785
1236932172789022721
1236940400335691776
1236944912052076545
1236949928389287937
1236962200897622016
1236964522524659713
1236964779434131456
1236967223408889856
1236969527558144000
1236974975774535682
1236976864058621952
1236978272581423105
1236988261488136192
1236988300319240192
1237000107326730242
1237001658980335625
1237005189107847168
1237005189107847168
1237010986646806528
1237011730296963072
1237019536634925056
1237020304372875264
1237020881446199296
1237031437808930817
1237037433457344515
1237044490369667072
1237046135015051266
1237071835214368773
1237072028424966146
1237076707078737921
1237082346005975043
1237087632905117696
1237098510497001472
1237109776011722753
1237115540042285058
1237118428361764864
1237124868648267777
1237150450513776640
1237163766434889731
1237245859814936577
1237256980105850880
1237259107381501952
1237260806678622209
1237263773854863360
1237273147088482306
1237273768562745344
1237274372945129472
1237276766630219777
1237286485683920896
1237287734986911745
1237290453428551680
1237293904527003648
1237295617682092032
1237302407828107265
1237303683571953664
1237315797858553856
1237319314493124610
1237321376568086529
1237328127430463489
1237342279670562817
1237347840357052417
1237355919383683073
1237360157283278848
1237361851668688898
1237363690179104773
1237366897047416832
1237367132238856198
1237376668437749760
1237376930967584768
1237385925572714499
1237398118066520064
1237400891281547265
1237402531921367040
1237403560100466694
1237413784819503105
1237421397854621697
1237421616260415490
1237424619679866880
1237431181387259906
1237449476748595200
1237454014553501698
1237456118516985856
1237459739619012608
1237460287785074689
1237464537336602626
1237472964540542976
1237476349444591618
1237483189410529280
1237494051403948033
1237606028050444290
1237619716421648384
1237629049016639488
1237640151985205249
1237641015110127618
1237649922725425152
1237659200815337472
1237660107355435008
1237660464227680258
1237664820096389121
1237666759756394497
1237673783630020614
1237681826317176832
1237684450248536064
1237689008559468545
1237691820039077890
1237697829398863872
1237704362555772929
1237710683703259136
1237712557185564673
1237713779606994944
1237714880205111298
1237718702084194304
1237720523653685249
1237720539747307520
1237720998256029698
1237723758439411714
1237723785673035776
1237724587187507201
1237726997511577600
1237729538123104261
1237730298718302208
1237745233343000578
1237751654272860160
1237754009680777217
1237757689989644288
1237758575147089920
1237759599534538759
1237763093968515072
1237769390659174401
1237778332340682753
1237778890665250817
1237780409271947265
1237780618701914112
1237781975265656832
1237785084788387843
1237787371036389380
1237790302385188866
1237798850158567424
1237800253505576962
1237800704045178882
1237803196292239360
1237808430905282562
1237816504260931585
1237819335357255680
1237820236583391233
1237826273994563588
1237835083589050371
1237835802568097792
1237839013236613121
1237847951856119814
1237854233463902212
1237882382465642500
1237966766283919361
1237983912942604288
1237992264342876160
1237995907137835008
1237997426721472512
1238002780163444737
1238007537494102016
1238010869101051904
1238012268798935041
1238017609142018048
1238018164295950336
1238028949138989056
1238030136705986561
1238032686842818560
1238040767001694209
1238041698766393344
1238042608162701313
1238044578709745665
1238046075841363968
1238046257748336641
1238053857852297218
1238059751604465666
1238070954489675777
1238078785385312256
1238082457439801344
1238087434174222337
1238088671074701312
1238088878608789505
1238089778488360962
1238092587006910468
1238097746684452864
1238099661451415561
1238100980404760577
1238102552601866242
1238109720763916289
1238110460894945281
1238111674533588994
1238118424057872384
1238120034842619905
1238120245975568384
1238123955833225216
1238124490371956736
1238124529068752896
1238128355343564811
1238134142547755008
1238138599771643905
1238139255320449024
1238139455963348995
1238145093883891713
1238154491964411912
1238155610211995648
1238163340603478021
1238164940696977408
1238166609845460992
1238172296759697412
1238173258140262400
1238178415603113990
1238179213477392384
1238184215419793408
1238186135601459207
1238193173786054661
1238195454376108032
1238201972282572800
1238208950341963776
1238213611547512837
1238213611547512837
1238221844114804737
1238223893804060673
1238226761541988356
1238288052692402178
1238344100924895232
1238350146347417600
1238358763624677376
1238377889218912256
1238383822577811456
1238404957851672577
1238419807143211008
1238422455007481857
1238429822981935105
1238431547209940992
1238450307136237568
1238451169191759874
1238451281590734848
1238452167322804224
1238454158736449538
1238463781333880834
1238465022336151553
1238469318465204225
1238474578655162376
1238481611898753031
1238482872778006531
1238484318093262850
1238485164659036161
1238485895499493377
1238490305655177216
1238493946998906887
1238496652916338690
1238500960063774720
1238502654625677313
1238504497971965952
1238512532782022657
1238520290533146624
1238520466614243330
1238523869230661632
1238529395389878272
1238533618127056896
1238544856504508417
1238549237698265088
1238553867496931330
1238563684462575617
1238574522967584774
1238723469023621120
1238729985202020352
1238735261758095360
1238736962602729472
1238743384036184064
1238743410128887810
1238758029165842432
1238782364911689729
1238786728762187780
1238789303947464704
1238795785170542597
1238808231755030528
1238820450496643073
1238820999451246593
1238822789458456576
1238848832957538305
1238849039870853121
1238849331710607360
1238850097569464326
1238864661765816320
1238870726087712768
1238888943703097346
1238893580502085632
1238910553025806336
1238919899348639745
1238921275583516672
1238941146153271296
1239069905372286976
1239084733595869184
1239099490293800965
1239101438640390144
1239105040478076928
1239115097060126723
1239129456213512193
1239138139672846336
1239153054642995201
1239159652283076608
1239159724190375937
1239167060132990978
1239167661310967809
1239167752318996481
1239197564802674690
1239197847976804359
1239210321501356033
1239214409366622209
1239215632723390464
1239217529127489536
1239223385944702976
1239223454085386240
1239229883252912130
1239230095216254980
1239235707333468161
1239249051520032768
1239257890906652672
1239258121874354178
1239277271162159104
1239277775292375042
1239289296659656705
1239296721357656064
1239430341158473730
1239431864915353600
1239451181098901504
1239452136133533696
1239461589767450624
1239463149897748480
1239463305204416513
1239463585220374528
1239466174653571073
1239476258708299777
1239487065873625088
1239507152819159041
1239507869189324800
1239529784729899009
1239536834901770245
1239544191694311426
1239545082702901250
1239560792099434496
1239571184632692741
1239571770878853120
1239578444184399876
1239591609492221952
1239602977897414656
1239615836295516160
1239617629314301952
1239621969135443969
1239632227090214919
1239643178489257984
1239661697272434688
1239796751734841344
1239808646512619520
1239808985412206593
1239821657910493189
1239823736922087424
1239826242997817346
1239833691238486016
1239838321066549248
1239859203994419200
1239874052069752832
1239876615825281026
1239879160128057349
1239891504015040513
1239900856209858561
1239900882730283010
1239901549259825153
1239901727672893440
1239901888562241536
1239902402372911105
1239903241686659079
1239905347030130692
1239909779105071104
1239911952987631617
1239920929918115842
1239927078025408518
1239929628619309056
1239935666764595200
1239937482889756674
1239940577782792193
1239940731038564353
1239945480777469952
1239947201138352129
1239948050392637440
1239951195780702209
1239954085853499394
1239962005173415937
1239975037651660800
1239977970363535360
1239997964359094272
1239999468981964802
1240002382991437824
1240004737694486528
1240019964133703680
1240142727142150144
1240149036780453890
1240154692694540288
1240157346124509185
1240163294327066625
1240166249734250496
1240172149660418048
1240172441692823552
1240172898943451136
1240185892729491456
1240190501061562368
1240191335056977921
1240202087553806336
1240205120777961472
1240231934237659136
1240238770504556544
1240241693049466880
1240246817981378562
1240247008541077509
1240249617108918277
1240257415158865920
1240258557435695110
1240259087662755840
1240259087662755840
1240261767697055744
1240263109161422848
1240264441624698881
1240265302790848512
1240266693919850496
1240268934517047296
1240268961180258310
1240280935347769346
1240285014262194177
1240291567241515014
1240291692173053953
1240294969103048704
1240302140482031616
1240303307366825990
1240303559540912136
1240304899046494208
1240305750209114112
1240311829227765760
1240316147821658113
1240325397277028352
1240333331528638464
1240337515204280320
1240339543401705472
1240346926551359488
1240349018326274057
1240359216587714568
1240373011527729158
1240377486577459200
1240382353572159488
1240504300184449028
1240516500655669248
1240518150241869824
1240523691164946433
1240534060990160896
1240534248613797888
1240541040576090113
1240542533253562368
1240546819551178752
1240547375980085248
1240549205590061056
1240556721283661824
1240558602986958849
1240559946623848448
1240563089671622657
1240563829198802944
1240564206753234944
1240566583640182784
1240585922909003776
1240595064046444547
1240606743299796993
1240607848171790342
1240608487866077184
1240610647525576704
1240614387259449345
1240618726933880833
1240619220552957953
1240620080838455299
1240625174317236228
1240625622491312129
1240627833531256834
1240631545523814404
1240632969875861505
1240634634016260097
1240637166553837568
1240637928277258241
1240644625343426560
1240650548539424768
1240652553244815362
1240653485076623361
1240658818083807232
1240660383955857409
1240663389619261441
1240663767815532544
1240667423235280897
1240679621185744898
1240680126263767042
1240682365070032902
1240684658255228928
1240690895722147841
1240699645879128069
1240703192620568577
1240705809941557248
1240707084645105667
1240716366870720512
1240718912192421889
1240745373351600129
1240768585821233160
1240865742490406912
1240868539550097408
1240873813199458305
1240882231285030913
1240888975096766464
1240892116575936513
1240895878895788032
1240896027303071744
1240912290934861824
1240919503644614656
1240934237446049792
1240937686052921344
1240942181491314689
1240943752753098758
1240950185951404034
1240956612581318656
1240958427708432384
1240958537993420800
1240961430989479937
1240962098819194881
1240965197914832897
1240979069702815744
1240986743710429186
1240988330461888518
1240988474171424768
1240988811263344640
1240990877314617346
1240990985032732679
1240991110866120706
1240992815112470534
1240992969160904705
1240996471664672769
1241000987038568450
1241010312276578307
1241010848224563200
1241012162509881344
1241014635999920128
1241018149341978624
1241018724762759168
1241018904224374785
1241020714154635269
1241030523482497026
1241031788698333184
1241037237216829440
1241037672300326915
1241039623830360065
1241046474043072512
1241054632421531651
1241054996621176832
1241057422023761920
1241057724940550145
1241064680703082497
1241077457714843648
1241082346734071809
1241095872542171138
1241097291383164928
1241101569350918144
1241121127776296964
1241251840450269184
1241252989324660739
1241262522830897152
1241266358375059457
1241266901176791043
1241271333293568005
1241272718433148928
1241287803457110016
1241302293372440576
1241305403264315392
1241308032916697088
1241322412563664898
1241324447400853506
1241324977468694528
1241325578965434368
1241328614190338048
1241329463306203138
1241330996013871107
1241331178902339584
1241332475525238786
1241338654003519490
1241343419970134016
1241349115964993536
1241349120796708864
1241359113935900672
1241389171861831680
1241402528811683845
1241409614739951617
1241411196533837825
1241415145366196226
1241421095477141504
1241439050948624386
1241471353296994307
1241596722679296001
1241612923560222721
1241621366861893632
1241632911180398598
1241636710573920256
1241644996014604288
1241648030144757760
1241653029788672002
1241683034954444802
1241684736592003072
1241688242820468736
1241690108086169600
1241694732184682498
1241706874564739074
1241711173633884160
1241713954168111104
1241724299591012353
1241728541202530315
1241730388155936768
1241735254005682177
1241743785014497280
1241743785014497280
1241757179658620928
1241760859757645826
1241770591167938560
1241782753550643202
1241790156975362049
1241808687536263168
1241820691189637120
1241821221769089026
1241821542796967938
1241821795797340160
1241822413840502785
1241827919799992322
1241840313133645824
1241852957056008193
1241854689509064705
1241857228308701184
1241965544812752896
1241978721915080704
1241979938321969152
1241983428490190848
1241999243260375040
1242013470301847552
1242020941418254336
1242043843412811776
1242058282971418624
1242059271052726272
1242060328848023567
1242073736796241920
1242074545521135618
1242085460421292034
1242098745598238724
1242098837881315329
1242099015640125441
1242108829141209089
1242109159308492805
1242109768879276033
1242111243760152578
1242127621342855169
1242127798669660161
1242132260658327554
1242139706902614020
1242141376487227397
1242145968675528711
1242162128938831873
1242162370060922881
1242162522687442944
1242168576896892932
1242172801617928192
1242173597323534337
1242182335828824064
1242184216042967041
1242185205110145024
1242188658112954371
1242195705256501248
1242316083169832960
1242321724806508544
1242325401290096641
1242344238492385280
1242345749922197504
1242358457459789824
1242368416847020032
1242390763771588608
1242408806778171398
1242413289826639877
1242421495642468352
1242422454208913408
1242422791527436288
1242424633774739456
1242424705837142016
1242424785541517315
1242436300336070656
1242436724510334976
1242437207945773057
1242437581960368129
1242440955464212480
1242447519205994498
1242450411765796864
1242461241932689413
1242469024769937408
1242470742152876039
1242474526052683777
1242481008441610241
1242485587585765382
1242486383328935937
1242488017106788355
1242488326092775425
1242489787459809288
1242490060684943361
1242500393743106050
1242500527499476994
1242504036798038022
1242510282938867714
1242511575736389632
1242520519276183560
1242533118130688000
1242537005805944832
1242540691860770816
1242544684402122760
1242554260560195585
1242556823820877824
1242705718614151174
1242708116900200449
1242723292391194624
1242737796651114496
1242767957459173377
1242783664770932736
1242784717939920898
1242798329173438464
1242799268756422657
1242799556603101184
1242812633562128384
1242815027981225987
1242829225314398210
1242843098322878465
1242851077063618561
1242903093995429888
1242925849390669825
1243070774434361346
1243101066436042753
1243112551820517376
1243132932329439233
1243141014270902275
1243152859597807617
1243153217980174341
1243154268456132610
1243156960809115649
1243158061516304391
1243158398646079488
1243161584018632704
1243165223017689089
1243168193855791106
1243169170759593984
1243185036112924673
1243188112727117827
1243190879806001154
1243192120896294912
1243196884321292294
1243204993886441480
1243207263952809989
1243213282170699776
1243214263184998401
1243214429753401348
1243215109100646409
1243225117263646720
1243226748503891975
1243231889084813312
1243232221676343298
1243250089193332736
1243265116201615361
1243271068665683970
1243281730749870081
1243289077597626369
1243408328316686336
1243422706936111110
1243429701617672194
1243433060193845248
1243433671362842624
1243434544205828096
1243443777823440896
1243445720184741888
1243448120903716866
1243457928423780352
1243461919056572416
1243463039619182593
1243463238131437570
1243465084082495488
1243469116545085441
1243478251072192512
1243481476995432448
1243483331523641345
1243486030524821505
1243488823843176448
1243492538243301376
1243494275125350400
1243495013184614400
1243495453548740608
1243496778785267714
1243497606157946880
1243498615198359560
1243499951155318786
1243503538338254848
1243503804940681217
1243504380122476551
1243504800806973440
1243509557269278720
1243511396177936384
1243511783618461697
1243514630707838976
1243514768884789249
1243514871846756352
1243516522800328705
1243516785334333440
1243516925898096640
1243517938902188035
1243518253491785728
1243520040814686213
1243521604530900994
1243524009754603525
1243524288394625026
1243524288394625026
1243525140756996097
1243525782745632768
1243528640836571140
1243530827872571393
1243531210585931777
1243532248793702400
1243534370482327552
1243535078724120576
1243547798269833219
1243548811777228800
1243553393160982537
1243554378478477320
1243564228503625728
1243564358308974599
1243566506593652736
1243568951986184192
1243579245546397700
1243582681213997057
1243585230042214402
1243599919052730369
1243604877869277186
1243612155305512966
1243623315786403843
1243625541896372227
1243636241855201280
1243643961639677952
1243779107084800001
1243781364224147456
1243783294854053891
1243799429414559749
1243804626991841280
1243807758857777152
1243827354268549120
1243841986278445056
1243850306024345600
1243853291102011395
1243858581633540098
1243860077687246848
1243870481385570306
1243873404299681793
1243878792491393024
1243887742645350403
1243891315512918016
1243906872853303296
1243914447942541312
1243914596848713728
1243914686833328128
1243917321170804743
1243918397848596482
1243926548576718848
1243932477917454337
1243949327061581824
1243953133090484225
1243957578327035904
1243962809941217281
1243967615950823424
1243974485528719361
1243978974608461824
1243980303171039232
1243982899742998528
1243986011216121856
1244002826444996608
1244046385487511554
1244046551875563522
1244114312060379141
1244120143988428800
1244136902875365379
1244145276144795650
1244161113316614144
1244165704850513923
1244198127818735616
1244208094302949378
1244217227395706881
1244223952232361987
1244232835189198848
1244235268145766403
1244240483414654976
1244251688518799360
1244251819355901954
1244251877694455809
1244252065712484352
1244252145546903553
1244252334445801472
1244255559798468609
1244264410513903616
1244275049416339456
1244277632562343949
1244281382383345666
1244283905005543431
1244285435901329408
1244290329509072903
1244299316124147714
1244308399640080384
1244319375529828356
1244328225687429123
1244345867798224897
1244380001824366592
1244416667582693377
1244476110924120071
1244487858796335104
1244490767281856512
1244498939866427393
1244504630362427393
1244505210283851777
1244505850233921537
1244512045682352133
1244520366468476929
1244529312872751104
1244541034987741184
1244542577216389122
1244545511262126080
1244549638012706816
1244550449941721088
1244551532974129152
1244555141027631104
1244557684210163712
1244565711755739136
1244571543847546880
1244580912576303105
1244587735375110144
1244595188401442817
1244595892180733953
1244596244162502656
1244596770170159104
1244597803969589250
1244598281562468358
1244602300292890626
1244602798223826944
1244606264728043525
1244609543767760897
1244617870572580864
1244623620846034946
1244625560489189376
1244626499208085504
1244628812769316866
1244630862865580032
1244641759742885888
1244643207562039299
1244643968203309056
1244644058255032320
1244647970945073154
1244662996288319490
1244663613937405952
1244664071233966080
1244672170116218884
1244688025038327808
1244697429242413058
1244708349423345664
1244716156717428736
1244735119744786432
1244838343634038785
1244857850985357313
1244867188940394503
1244869420985520128
1244871018444972034
1244875705776824320
1244876914982105088
1244889779621318656
1244897293607694337
1244899348523204610
1244909114112774145
1244923788120272897
1244923994085654530
1244924355173396480
1244928657145188352
1244930946996097024
1244931144904314882
1244932697425928193
1244944597295550465
1244946435407253504
1244946805336440835
1244946862068686849
1244950984104656896
1244951966960271361
1244952993759408130
1244953257375653889
1244955347418316802
1244956042162835457
1244957564279721988
1244958396824027136
1244959657594060801
1244959818076557312
1244960919144235009
1244961185637818369
1244962191822008321
1244962367156432897
1244962461033418753
1244965757009657858
1244966325216215040
1244967195790065664
1244986406105202688
1244986579891949568
1244988850411384833
1244991783429451778
1244996004404850689
1245012434345173004
1245016029656473605
1245021524190527488
1245026705728831488
1245026705728831488
1245029925117136897
1245033109508128770
1245045141691420672
1245057982490185728
1245064182652903425
1245078419336921088
1245090983450206209
1245229976137293824
1245248666169819136
1245249548638982144
1245260852862881792
1245289508490211330
1245290548619083782
1245290641183178752
1245307870624845824
1245307955391717377
1245310643525365766
1245311453885804545
1245314908176224262
1245320346024046592
1245321374694027267
1245326016966516739
1245326614675816454
1245335661231702019
1245344229817278466
1245348106423676928
1245355520254492679
1245367134751985664
1245367359814144006
1245367525149474816
1245374160894939137
1245381524435935232
1245385015250358272
1245391690241843205
1245397475005026310
1245403953334030336
1245410480379891715
1245413123110195200
1245419280109371394
1245424360283869192
1245425843460911109
1245429336133558273
1245429826980401155
1245555767148765186
1245574757132587010
1245591396876079104
1245592363138863105
1245603224247140360
1245621989764562944
1245630486396858369
1245646414190800900
1245654426410307584
1245668399092576257
1245676801340424192
1245681896589148163
1245691157780279296
1245698852746924033
1245700359491850242
1245706182527823874
1245716697564106752
1245717093770768389
1245732287427366912
1245734358649958401
1245741594373914624
1245744934659018752
1245745174048903173
1245747483319427074
1245748802151165952
1245750206102151172
1245757925802430464
1245759531591897089
1245769455046660097
1245774895998480386
1245776676321144832
1245780919673409536
1245782445112393728
1245788949890490369
1245804576881565697
1245942588080865281
1245958295849820165
1245984951582855168
1245999479443976192
1246004759439474688
1246017863569289218
1246025800501125120
1246034323184259075
1246037043727212546
1246040411640078336
1246042221285183490
1246044171929960449
1246061176108318720
1246061464823234560
1246090344946528256
1246091009450221569
1246097611884498945
1246101112186429440
1246105798708727810
1246106807036190721
1246112432872972297
1246112541530611722
1246127555737825280
1246128057636794368
1246137800891797505
1246143638264037380
1246147225333399555
1246147433324830720
1246151008893325313
1246293977202114561
1246307043537018880
1246327775184723970
1246341534989025280
1246376534484480000
1246403965392166913
1246404515101802498
1246409316489363456
1246410286942367744
1246412793517084676
1246418800293150722
1246440738226831360
1246459010250915841
1246462748336238592
1246475470692065285
1246476048306405376
1246479250154237955
1246479680456269825
1246480621951766528
1246483137640554497
1246492535020834819
1246495271879610370
1246498859775393793
1246505404546330625
1246517822299099138
1246595871963320321
1246669555348508672
1246673313071599616
1246690964984532992
1246701062733598721
1246720930841276418
1246738129366720512
1246745410590425089
1246745411135684610
1246746291255861249
1246749281815531520
1246809677234659333
1246819621832966144
1246820781016915970
1246842313604816897
1246850819221307392
1246858376824475651
1246864563175395329
1246869734664089603
1246872725077065728
1246877585423970309
1247013357602967558
1247023752375926785
1247031565072433152
1247033860522749953
1247038743049056256
1247056856079405057
1247070951818346497
1247084032489336832
1247087259888824320
1247101878573416448
1247121207784345600
1247123497366716416
1247123990084292608
1247128382392934401
1247131961400819719
1247132616362467328
1247134000063397888
1247137848425353216
1247137906738806789
1247146298412797954
1247155367580061698
1247157955373355008
1247162539550453761
1247171292626849792
1247173640736649218
1247178302365880321
1247179680689643520
1247179828022972421
1247183538027466753
1247194661069955073
1247199878851309570
1247200982376878082
1247201069156925443
1247213325127213058
1247224975381200896
1247227441950658560
1247236759488024586
1247241740794372096
1247374350296195074
1247383411804774400
1247400051460190208
1247412178887507969
1247422465002876930
1247431230511087616
1247434814820691968
1247439869212798976
1247439869212798976
1247444986351751169
1247456122996428801
1247471493925294080
1247474698553683973
1247476306238939139
1247478133881700352
1247480965414387713
1247484585463689222
1247484824119652352
1247494686886907905
1247495292762632194
1247495509817864194
1247496049129934848
1247498743798259713
1247502963800543232
1247503251559403521
1247505837431685120
1247510354718068737
1247521974932221952
1247524394047377409
1247528110674685953
1247529684784394240
1247530192395857922
1247531335062679559
1247535249438863361
1247542061311508480
1247542214592311296
1247552226719150080
1247556476819963904
1247557741863985152
1247571499583758337
1247587944388603907
1247615106747252737
1247658810845679620
1247731810206912513
1247745644208377858
1247749486064988160
1247754785517780993
1247758959970140165
1247763457430052864
1247766075195813889
1247766345787133953
1247769405821313032
1247770346809208832
1247773510711128064
1247788874639634439
1247791157330890755
1247793269141991425
1247796156387610625
1247796890332065793
1247800696688136194
1247810134723579904
1247812258081779712
1247820949749145600
1247843737721622529
1247851024062255107
1247856847375106048
1247857356639277056
1247857530040127490
1247858189514801152
1247861522547781632
1247865095511736321
1247865258695372801
1247865910137884673
1247867970577149952
1247871062156750849
1247874658084544513
1247878894016958464
1247881742540632066
1247881864347398146
1247882150226976768
1247883618229170179
1247895729550417925
1247895802820714504
1247902223532613632
1247903278941138944
1247908687441772547
1247918748360675328
1247923522313256961
1247929662212386819
1247933209117065218
1247933322078171136
1247941599855869952
1247941688036855813
1247948550534647808
1247952024639021061
1247964189144100867
1247966814077956097
1247977639324733440
1248109629768335360
1248126116910546945
1248128752321626112
1248134132724572160
1248140870177689600
1248141004433211393
1248148748162695169
1248159019971178497
1248172002218778625
1248174115602616320
1248180814732460032
1248189332365758464
1248192664572497920
1248196712042242048
1248197660026327041
1248200527378288640
1248204380269998080
1248212355437268992
1248215098197520385
1248219170908471296
1248219665303851008
1248221727966072833
1248223456463904773
1248227871400833026
1248232218566197251
1248232386241998848
1248242485014519809
1248251647702077440
1248254233801101319
1248256591477878784
1248259446540812291
1248262478221520896
1248265952376115201
1248271821318881287
1248281296071208961
1248284276476477445
1248298919408406529
1248303979353853953
1248315091000442885
1248340068638404609
1248400606739320835
1248477055290937344
1248503179794399233
1248528090952843264
1248529346010234880
1248540984184578049
1248573105674629124
1248581453178257408
1248587122182848512
1248588073857945600
1248604205960454146
1248607835035844613
1248617956948361224
1248644182706655233
1248648804917751812
1248665405243170817
1248666680194142212
1248670329326546946
1248676203877277706
1248679569000992771
1248685467647840256
1248832712649121794
1248852340385501184
1248882988567461888
1248920769633177600
1248921453032062976
1248925343957778433
1248929931507236867
1248937440821338113
1248944547138342913
1248959428419878913
1248964531700801537
1248975870913544193
1248989850583420929
1248998958887813120
1249006801816821761
1249009417263161345
1249023403278958598
1249049222277746690
1249216403082706945
1249217598631432194
1249232328200794112
1249255803032305664
1249265907647631360
1249267078189760512
1249276928491753473
1249280967065382918
1249296453887016960
1249301705495384064
1249305786620272645
1249321783800614913
1249336549382262786
1249366871293538306
1249371519182127105
1249386049245233154
1249400424207089666
1249594187097542661
1249594308551946240
1249601028493803521
1249601533588779008
1249641595059818496
1249662446643666950
1249667104502095879
1249670750975537152
1249675169951617025
1249728379743539200
1249740536396865537
1249749140206223362
1249763548647038994
1249766304292233225
1249766304292233225
1249780653329129472
1249919895900434432
1249923907156676608
1249941504057098243
1249962379212992513
1249967144231751681
1250004868963721218
1250016396337131520
1250021873351565312
1250026172915896320
1250031444476469248
1250033996161040385
1250039487859757062
1250061941831327748
1250074962683191297
1250085003515568129
1250108216836608001
1250115259215593478
1250120237934051330
1250123453300121600
1250132629476777987
1250148135676055554
1250275799434809345
1250291430213337088
1250294798050680834
1250297308572311557
1250303172045721601
1250304529968422912
1250310219617337344
1250315560518184962
1250318062932217857
1250325985787957248
1250335866527969281
1250341225082679298
1250348260293627904
1250351734456602624
1250354910685581313
1250355182598115329
1250361789986078720
1250362074687029254
1250374230090354689
1250377858758914048
1250393466523115526
1250395050808430593
1250395491654909952
1250398334738739200
1250416434141786113
1250417142064791556
1250418254876528642
1250422720224833536
1250424939615682561
1250426043044786176
1250433441042063366
1250433805300551681
1250437275827064832
1250438931637620746
1250457559196151822
1250462119725858816
1250463367657070599
1250473802841993220
1250475290687614976
1250476151715303424
1250479519074574336
1250482495671410690
1250489371003928576
1250495097101320194
1250509386197450753
1250522016647729152
1250614576795836416
1250643743566376965
1250650292468822016
1250657278405021697
1250665654308372481
1250680043287740417
1250682621463613440
1250702119713333249
1250711257457537024
1250713581093629952
1250733678898016260
1250734074634928128
1250738079335358466
1250740388471558146
1250743276321341440
1250755776668332032
1250756469072502786
1250759116244557825
1250767435201994753
1250784111662333952
1250786335721271298
1250787481538252800
1250787690209050624
1250790207219208192
1250794598198317058
1250794912640991232
1250796872299659266
1250800896079876096
1250801777810776065
1250812254737567746
1250819898684715040
1250821095256666112
1250832104201629696
1250868524521869317
1250876483456782336
1250911870925627393
1250998591059042304
1251003238993649664
1251012680695058438
1251021599526006785
1251027782311858177
1251042881038544896
1251045846755524608
1251057281803919366
1251060297340780544
1251074577146548224
1251075722036142080
1251076061527453696
1251078623970439168
1251113775199064066
1251116686167638017
1251118140563402754
1251119238892445696
1251120301422886912
1251124457588043777
1251154642848772096
1251164279836782595
1251171700391149568
1251184472520884226
1251239240777601024
1251275176001646597
1251376043115642882
1251393970288185346
1251396043549401088
1251396366682783744
1251404708755001344
1251413481473159168
1251424937228861441
1251434240803291136
1251444412288307200
1251468312938254336
1251480887360880642
1251481112343281664
1251491171630751744
1251494955723509762
1251495141145284610
1251506956969353216
1251542457382318080
1251548888428838912
1251549868386136064
1251550100125560832
1251551068481257472
1251555623067582465
1251555970318098432
1251556456106770433
1251570276959244288
1251571734513422336
1251594553804677121
1251620241362345989
1251731882347302912
1251742900792299521
1251754653471191040
1251756609140936704
1251766126649970689
1251771865741373441
1251774826991190019
1251776858720481280
1251777359210037249
1251783470755569669
1251818932211724288
1251843334798114816
1251843595100811264
1251867636734005248
1251873702448332804
1251884991262449666
1251905725141524480
1251918480510599169
1251928023839977472
1251937946619478024
1251942654511808513
1252001251543351299
1252081974812049408
1252106384109457408
1252114896050774021
1252125109139144704
1252180411377164288
1252192194057953281
1252197819668148224
1252205564899110912
1252207026173771778
1252207992759615491
1252216744011132928
1252221096042156036
1252229868340707329
1252232015878877189
1252249592093163521
1252259997649637377
1252268077821186048
1252274913995640832
1252274991904759812
1252289114520588289
1252289114520588289
1252294893919223814
1252297869526208513
1252312403414409216
1252449237171912704
1252463035224133638
1252477690164076544
1252495779958263808
1252498675969986560
1252530033450680322
1252541201565265920
1252547071812534272
1252567828365889536
1252568696729542656
1252568879894859778
1252569358297161730
1252574658064527360
1252577420852498434
1252605881168125956
1252612474466996224
1252619139769917440
1252659114922172418
1252663736738906114
1252666971054837761
1252674069360570368
1252709272280084481
1252818835318509571
1252834201293873153
1252840248024784896
1252852559275896832
1252859697310216195
1252871937224663041
1252872066132439042
1252878562983464963
1252899178268831744
1252908306210922497
1252910817290391552
1252929344671903745
1252931815901462531
1252956982748893185
1252960047962955779
1252964818925084674
1252967060134494208
1252970938389409792
1252974889906122754
1252975866143014912
1252977146223570944
1252980557883023360
1252984553112612864
1252994616711839744
1253012065712779265
1253014139376734208
1253021878710566912
1253029514969583618
1253035742646829056
1253036567465209856
1253052775811989506
1253184522436444161
1253202348979019776
1253211859261538304
1253232254878281728
1253238492173303809
1253238626051411968
1253265443885846528
1253271207572635650
1253282537352450048
1253291885503803398
1253294800364810240
1253297781432815618
1253298066800758786
1253318951611727874
1253321767000477699
1253329016280322055
1253333932717666306
1253334286763044869
1253338016178794505
1253339541236142081
1253358073659437064
1253361151997390848
1253372649109172224
1253374417759076358
1253384141401280514
1253384569748951042
1253386478002020352
1253391778021027842
1253413780899328000
1253538791501049857
1253545329863077888
1253561341308293122
1253562918232350720
1253580336786739200
1253591176105431040
1253592249696428033
1253593030424231936
1253594719935922180
1253609427506257920
1253609851030130688
1253617759302365184
1253627397410369536
1253628894680428547
1253631004356591616
1253654883829297152
1253655803405438977
1253659937156272128
1253661104619819008
1253667492251275264
1253668042623590401
1253670927507873797
1253744914787184640
1253775492672450561
1253911935873167367
1253921706261037056
1253930627658743808
1253932373026185222
1253941646980517888
1253952489646407681
1253957428535795712
1253973089953726464
1253978069062254598
1254005133521891329
1254017616731148288
1254017928212525058
1254043903499685889
1254076770220998659
1254092614531342337
1254104170329767936
1254258599683149824
1254270916634296321
1254279876565176320
1254284261932310530
1254290173937975297
1254299208460492801
1254310902100299776
1254313391545618432
1254319091999035392
1254321869127221255
1254336494367539200
1254361007574712320
1254367204373643264
1254373177897164803
1254380268061949952
1254380280002957312
1254419208064176128
1254447996479078400
1254455280965828608
1254638548327845888
1254638782785167361
1254641268824702976
1254651198327619589
1254651788872912896
1254656632237195269
1254668338720133120
1254671075591553026
1254680019085021184
1254696979730329602
1254702424763379713
1254710186280923136
1254720967479361538
1254724942215680000
1254731294237290496
1254738157335130112
1254740972027686913
1254742122051145728
1254742802044510210
1254745504350494720
1254749112341344256
1254760690876928000
1254760766454091776
1254769344464056320
1254778917551894532
1254779192333369345
1254788846606114821
1254791396285808642
1254792502210633774
1254862713253015552
1254877082817101827
1254887796797591553
1254904991422320640
1254907933223247873
1255006292613238786
1255008317862273024
1255014456263872512
1255020713083392000
1255030167891857409
1255044854557683712
1255051883904856065
1255076381798600707
1255081356788469761
1255083941524013059
1255088813963124736
1255089582846226433
1255091001162686466
1255104256048197635
1255109938369769472
1255145898775994372
1255152144274960391
1255157574669750273
1255166617899741185
1255230260859322369
1255365368081719296
1255365368081719296
1255376266049589248
1255387070853414917
1255415204759965698
1255441536436916226
1255465203275378696
1255468717279936518
1255471465987702790
1255481744851177475
1255492873493123073
1255499097274044421
1255503934967500806
1255511199841693697
1255512828682874881
1255514898492207107
1255545008272392192
1255547774625550339
1255558647767355393
1255569311361572864
1255581348221325318
1255587611223060480
1255659792770760710
1255729505953550341
1255736869184208902
1255739036179722240
1255771510737899520
1255776449186820097
1255779049164718080
1255822153938681856
1255833463359508481
1255844550364532736
1255846982616264704
1255855680835260417
1255859823004069889
1255870327663493121
1255878099843133441
1255881824565448704
1255884412459327488
1255900465784635402
1255902385031036933
1255905371622977536
1255918736491655171
1255934896989589506
1255950956497428481
1256073091735748615
1256117274907467777
1256129760515641344
1256146573836214272
1256154160967282688
1256169273656934400
1256175021308821504
1256197237417422848
1256218628128739328
1256236016555433989
1256236491258372096
1256237320308752386
1256265459470663680
1256266606339960833
1256270687859245058
1256292197546307589
1256456834598215686
1256465490630885376
1256516870141693953
1256534436792893442
1256555951487942656
1256584980177829891
1256585314476396546
1256617158341201926
1256626699690745856
1256628519183855616
1256630067746258946
1256643747212902400
1256651579505156104
1256654784444145667
1256829098158161920
1256832271543349248
1256871306957516800
1256887664541937665
1256928318269599746
1256930073296470016
1256930687598432256
1256931426538225665
1256951105860272130
1256977472828125184
1256991551563030529
1256997334199697409
1257006427140431875
1257008760331124738
1257043160871710724
1257180265551708160
1257181971584876545
1257188450190516224
1257197493831557120
1257198340753821697
1257204997395275776
1257218805102604289
1257230558410801152
1257231674133397504
1257250654168506369
1257257957668130816
1257260455887765507
1257266055249985537
1257268572797186048
1257278680528678912
1257279242158723074
1257283631489454082
1257290566687248384
1257330127186337793
1257337229598502916
1257344386691719171
1257354542922031104
1257354740805128193
1257399831645032449
1257528416372391936
1257528674775175168
1257537587356590087
1257550945581334529
1257555097497874432
1257567963114242048
1257580682475384833
1257594165925462017
1257599815061344256
1257626082179715072
1257641282664464385
1257641619689484289
1257646200842584064
1257647958478196736
1257649701685473285
1257656460126965766
1257669420907888642
1257688244399026176
1257688820377681920
1257694605149175814
1257722311614005249
1257745747774144514
1257761911036207105
1257891604108644355
1257892214568554496
1257892409129697281
1257900111021125635
1257913248021491718
1257926646084108289
1257938379469185024
1257950989035794432
1257973487068745728
1258003602250928129
1258004278108659712
1258006013275488256
1258006201511677954
1258010027278962688
1258010077174382592
1258015823702212609
1258020443828731912
1258024006256656385
1258031601444884480
1258035455104253954
1258037249456963585
1258037464834420736
1258050533614653442
1258066185280794625
1258066354076364807
1258069085109342208
1258069427750305793
1258084551953350657
1258124207893798913
1258251766010916869
1258271570952405000
1258271657388642305
1258271871734341632
1258275856834674690
1258286984616796161
1258297786828800000
1258301220625752064
1258307145235345408
1258365942716760064
1258366994841317376
1258372598402101254
1258377375311704064
1258378456007692293
1258378509296316417
1258383065359044611
1258392025860321284
1258395466489835521
1258396073099329536
1258398934118129665
1258412094183084032
1258426136041848833
1258436666555015174
1258447503537684480
1258452917008445443
1258457159588872192
1258457554457411586
1258616676653940736
1258638043902128130
1258645572103389186
1258659730177888257
1258728359170699270
1258730947207475200
1258767089290088449
1258771294524526592
1258771294524526592
1258771517581688835
1258830706068934659
1258849458080505856
1258977012120793089
1259010191380619264
1259029941192138753
1259042041427886082
1259047555859709952
1259061374321176576
1259097993246060549
1259100767237144577
1259122100897538048
1259129131016519681
1259155684920307717
1259159174338002945
1259166363848859648
1259170192308961293
1259171150703271936
1259181603877765122
1259192189000863749
1259201085228691459
1259359418355011585
1259371112410034176
1259377826295418880
1259382519830634496
1259390673981235201
1259402044718317568
1259423268781481985
1259432973734117376
1259457260939599873
1259458220306960385
1259458366050643968
1259469571335098373
1259482073972211712
1259490794425192448
1259524029586837506
1259528791069622272
1259529093160284162
1259544370581102592
1259545139837632512
1259548908948160512
1259560980494893056
1259569519015735296
1259722908479479809
1259732049595969538
1259732955456368648
1259751056520744960
1259763022194589697
1259773319143882755
1259800796750725120
1259815663800954883
1259861701379448833
1259878402766536705
1259902143609425920
1259906657045352451
1259906768525766657
1259906902936498176
1259921531146137600
1259939287681957888
1259940197766017025
1259969372061392902
1260059064224157696
1260089867561611269
1260093208631050240
1260103495178432513
1260117854684237824
1260118827616088064
1260146828525342722
1260150765785513985
1260163140689383424
1260178232218808321
1260182319584940032
1260183083279626240
1260187405967077377
1260209351731679232
1260212048656502784
1260212164176027649
1260214011511148547
1260223966645489665
1260226197977513986
1260236694122573825
1260255575314763777
1260276926045921284
1260284129502826496
1260294752181850114
1260320256716869632
1260422699194765312
1260431521233735683
1260434913511329792
1260439932042166276
1260442356538576897
1260448255176998912
1260452372918276096
1260458956750807041
1260471664275525632
1260472851741716486
1260478744298508291
1260482504710119426
1260484525299294212
1260517798473658369
1260539986212007940
1260540316647448576
1260540796517986304
1260546963122147328
1260551398552408065
1260559067229102080
1260570496757891079
1260571573381140481
1260571946472951808
1260574129209696256
1260574226387546113
1260585915489169413
1260586040160550913
1260594301173710848
1260605025740632065
1260635185642700803
1260661173701054464
1260688392318259202
1260782490123411457
1260813013193330688
1260815599778910209
1260815720906178560
1260842541181628418
1260849086779011072
1260853293909184512
1260864467384127488
1260865254722023424
1260865567898116104
1260867399118729216
1260872650106306562
1260883026420137984
1260901674635403264
1260901927191302144
1260902636158476289
1260903107036356610
1260905740136521728
1260907070699831296
1260915266025816064
1260919331774500868
1260919690957815808
1260926801552928774
1260927209662935041
1260928730509111298
1260936815403556868
1260940106778771456
1260940842380001280
1260941546343579648
1260958502715080707
1260968140994945027
1260978990027665409
1260979881141297152
1260985541673332737
1261000339110723587
1261000418265620480
1261005617214500865
1261017300934811648
1261023621515886593
1261048177207246852
1261048518791368711
1261145097548201986
1261149197891493889
1261155813651025921
1261156906422468610
1261163254111404032
1261167336746299394
1261167834228498432
1261173809979240449
1261174194961874944
1261174764485271552
1261179306052661248
1261190732481789953
1261220135001419776
1261222354711187457
1261226784051339264
1261238648256843776
1261247520203853827
1261250067874406400
1261257169766363137
1261257861474037766
1261259108747030528
1261265087815278598
1261265611457429506
1261265885962080256
1261273676458197000
1261274163781787649
1261289807390609409
1261295479477936131
1261297004120080387
1261315227339100161
1261317892425031682
1261318942037024768
1261319323643232258
1261340445461770240
1261341658588876800
1261343294904250369
1261365160154783745
1261385919073902592
1261529491920302086
1261538573309874177
1261538573309874177
1261545203690807297
1261563480269828097
1261575043974410241
1261590167359574018
1261600235878580224
1261617747500445697
1261628979066269697
1261632796281487361
1261655362127699980
1261661989044129792
1261671732714393600
1261672475236204544
1261681507829194753
1261691940636168193
1261697702917804034
1261703028731604992
1261719082501636097
1261723371714359299
1261885483312971776
1261892649063272448
1261895500954992640
1261906015148220417
1261915813163999233
1261922894302642176
1261931888396075008
1261934608859443202
1261948708943511553
1261956182283034624
1261969785094647808
1261974149226024960
1261982951568486401
1261989918311505922
1262006938784747520
1262028271199404033
1262028372500193281
1262029036953403393
1262034314457427969
1262035699861258242
1262057077666693122
1262058727227654144
1262065422695718914
1262068769314287616
1262073351901794305
1262241952067735553
1262257585408937985
1262261560849821698
1262270629916618752
1262296477247954947
1262298588723453952
1262330693167788035
1262337002407591937
1262348067275243521
1262349363910713350
1262352298660913154
1262366284009914369
1262376872370978819
1262390099314180099
1262395661288460288
1262411267010109449
1262430201969086465
1262458021629681681
1262483332656480262
1262484913380605953
1262610546714689536
1262624252588515328
1262626446142574592
1262630714379567104
1262636581141336064
1262647915039698944
1262661827831488514
1262686344616312832
1262692664530460673
1262714681770143744
1262731878987169796
1262732445432131585
1262732887977271296
1262750110129065986
1262752188025036801
1262763159716196355
1262765632530997251
1262775115642781699
1262808199046008832
1262816808295424003
1262835487762350080
1262967694787305472
1262974355933454338
1263010155601354753
1263012383477379073
1263016237849817088
1263017731772817409
1263020276507381760
1263038497482571776
1263065384955060224
1263069401902804993
1263077230994849792
1263119741432012800
1263137939028090886
1263138066950164481
1263151776188059648
1263169864216252423
1263197861627392001
1263244214919364609
1263390445243162624
1263394147852939264
1263429198191960064
1263439557044973568
1263443257809342465
1263460050439462915
1263478294302928909
1263492455003029513
1263527730156535808
1263558221366730753
1263689424442925057
1263706229987250176
1263711598394273792
1263713562859655169
1263717626469122049
1263718020997885953
1263726750732869635
1263749160983056384
1263759188213276672
1263771321823121408
1263773207515090944
1263775770679394304
1263777274639323138
1263780490387038209
1263790114012045312
1263795759591325696
1263797884874633217
1263802161038753793
1263814911672700929
1263818787096334336
1263829036880531457
1263844753470349312
1263854827085365249
1263865636012384257
1263888329763946497
1263891020258959364
1263893402757861376
1263907849471746049
1263922713229275136
1264062400241811456
1264077231627866112
1264082728976289792
1264088987498618883
1264111488949800960
1264114588372676615
1264114673508646913
1264127626718973953
1264128983878246400
1264138014260944896
1264152891671093249
1264158679202398214
1264164544076591104
1264164555179143169
1264171628264636416
1264180135906938881
1264230539709612035
1264239550429163521
1264248337844363265
1264384269209808896
1264437007146770433
1264442409380982787
1264451254815727616
1264458929091854337
1264474241283522562
1264489350940762112
1264494705863254016
1264505064552611841
1264505465637126144
1264508735638159360
1264526970454327296
1264531843933786112
1264532256300859392
1264539031397859328
1264576722558767106
1264588919313760258
1264602186962485248
1264614361982738441
1264616484892037125
1264647543541112834
1264648765690044416
1264779313443897358
1264786165879767040
1264797173381771264
1264805265796407296
1264814554967498758
1264835042322366465
1264841844111945728
1264848954073714688
1264850633074659330
1264852331503464448
1264861403330105344
1264864421555437569
1264866642128855040
1264866830222581762
1264875743856726017
1264882236974915584
1264885743589171202
1264885743589171202
1264888537008177153
1264889022519717888
1264889499508760578
1264891968871686150
1264894143098208257
1264894402717196290
1264922012151164928
1264936496211152904
1264944215538221061
1264978949018472450
1264982691017097216
1264983130626236416
1264993349951422464
1264999553813659654
1265010823878946818
1265060563039723520
1265080884149071877
1265138815301300224
1265147638216830981
1265148701011595264
1265153549786394624
1265161199915655168
1265162716970389505
1265170756549435392
1265190658958151681
1265219378628485120
1265221680194039808
1265225074782732289
1265226645188808704
1265230312897904641
1265234921095942144
1265236617289101312
1265240817171681280
1265251354882211842
1265253568627593221
1265256612505292800
1265258554610651138
1265261117691121664
1265263031224725505
1265263649985376256
1265264007570743298
1265287433500995590
1265291060131123201
1265292707666317313
1265297074213416962
1265300403190747138
1265312583151685632
1265314271090683905
1265315874686349314
1265328128202866688
1265343458308509707
1265343919312777216
1265355418072764416
1265371998592462848
1265501898356019200
1265523539920257024
1265546284708114432
1265570221697490945
1265589048544018433
1265590017801572352
1265602337986535424
1265613738209505282
1265621659819614210
1265621965836075008
1265628517108195328
1265641395546718208
1265642223993073664
1265642566457966593
1265669198308671488
1265688463355019264
1265690728501575680
1265731392937365506
1265734925396799488
1265856946562830336
1265881026196377607
1265888174703693826
1265888420309676034
1265897082675748864
1265920071920234497
1265930333691805701
1265936363213520898
1265950277947006981
1265970793843961858
1265976147654762496
1265976557044224000
1265985035750051840
1265986031964295168
1265986247635472384
1265996098671448064
1266002174854733825
1266006473957613568
1266006836387471361
1266010853180166144
1266016514420981765
1266018616446681089
1266042748672466945
1266069642562412545
1266070148693266437
1266084453165776897
1266097994840936454
1266224432659550208
1266229630811291648
1266251195321991169
1266253213486903301
1266258060466483200
1266276759269330944
1266287236963655680
1266294299362095105
1266316341692096512
1266323578686828544
1266328005846188032
1266338331543007232
1266368542619791362
1266380769309732864
1266385830920228865
1266392617505472512
1266401732961189889
1266410083275149314
1266415300532199425
1266416767058030593
1266426934310944768
1266432064926121985
1266436197435482113
1266436968554082304
1266449347958517760
1266452153763278861
1266459393916203008
1266596792004751361
1266601028952174592
1266613580151042051
1266639428795195394
1266641394405453829
1266701606696910851
1266750400880877570
1266766110373928961
1266766336983777284
1266777368196034561
1266779945361125379
1266785070922305542
1266795206759854082
1266956033668366336
1266958964392067072
1267007619476193280
1267013514541096962
1267018278683066368
1267056010079993856
1267084978317332483
1267086442754277377
1267140434729431042
1267140707891937281
1267144853693124614
1267150387028557825
1267157374646849538
1267178557412966402
1267317448124125185
1267322533029781504
1267322850056249349
1267330112426512385
1267333518834774016
1267334974308528129
1267335285987139584
1267342128927178754
1267362721009369095
1267364051610460160
1267370164368130048
1267395807818534913
1267411575775866880
1267418257121673218
1267418800556855298
1267425554606592000
1267425860803366913
1267430844655902721
1267431045055553546
1267432647829094401
1267434140254851077
1267438334973849600
1267438727997071360
1267444809305907200
1267448584485482496
1267450454352551936
1267452188776960005
1267452337301458945
1267459326941302784
1267474581142585344
1267479621555150850
1267480673192947713
1267487785813934081
1267489911109754881
1267491288527618050
1267509132548100098
1267518639495950340
1267520104956342272
1267525586492231685
1267534068482269185
1267546336133435392
1267551047855280129
1267588019625832448
1267667615742341120
1267670196526989312
1267670196526989312
1267672604133011456
1267684143430844416
1267690846406742016
1267694931575013376
1267697659566886914
1267724510230392832
1267751128713879552
1267768780341620737
1267785158943481862
1267788064333520897
1267788335008952320
1267791650778120193
1267815340240592904
1267826710692548609
1267828334991310848
1267831256470806529
1267864422879506432
1267864506367127554
1267865901887639552
1267873547059331075
1267897842519154693
1267898403901538306
1267899692597248002
1267899727703617537
1267908742168735745
1268031828935487488
1268045546318704646
1268059927555174401
1268064277581246464
1268065586631892993
1268071560390180865
1268082790106456064
1268085431939346436
1268085607865163776
1268093911270113286
1268094397402546176
1268097629222813697
1268099733450559488
1268104490697269250
1268107221969309699
1268107657442926592
1268111711673991168
1268122182397411328
1268128629734637568
1268137227466477568
1268143430783426560
1268145132672598021
1268150460847808518
1268150824099864578
1268152768205914113
1268153046757974017
1268159306542854145
1268160934171860993
1268162665765101575
1268215199116472321
1268217607275986944
1268235502513205248
1268244625850064896
1268244736030146562
1268245688669941761
1268250881520218113
1268264907339894784
1268396483528863744
1268407165469016064
1268415513920778242
1268422400124899329
1268423345533419523
1268430007375888390
1268436347355889668
1268439657722896387
1268448137695371264
1268450794711519233
1268452845877170176
1268467701996904450
1268469833928245248
1268472338644860930
1268480084660367360
1268487069028024322
1268491515254517761
1268496204549312513
1268496698214506496
1268498056644907008
1268500251754803201
1268502875812048896
1268503978460901376
1268512817943949312
1268513775373684743
1268516995307384832
1268519769730416640
1268522663473033218
1268532886564560897
1268535240248655874
1268541853193961478
1268542166449770498
1268542601034117126
1268547595376439301
1268548566047481863
1268569559071707137
1268574155764572162
1268576228555948032
1268577489728790532
1268591744444219394
1268595553526525952
1268775391432527873
1268784648554811392
1268808493550600192
1268815644469985282
1268822807976148992
1268830007029379072
1268837643321819137
1268855025289363456
1268908153086885888
1268913353717661699
1268916038017695746
1268918308117643265
1268923445481439238
1268937188009533441
1268948547409457152
1268974990415867910
1268975095151767552
1268975194372177921
1268996094605668353
1269136955952037888
1269148335887257600
1269163263415197703
1269207692259753985
1269208595410767873
1269208816551411713
1269217469270380545
1269250531333201921
1269250907369340928
1269279308226473984
1269313182595796992
1269313198743642113
1269317428032475138
1269337268503949314
1269337439136624646
1269341029817290753
1269350101832663041
1269501194453626882
1269506365447450624
1269514393752125440
1269544400578850818
1269551259645771781
1269614138902196227
1269635497040785408
1269635632931803136
1269648202858446849
1269649492313288704
1269655901121794052
1269677645547147267
1269678886465482753
1269680650891771915
1269681266837815296
1269681890744819712
1269682472016584704
1269682644058624000
1269683338505105408
1269684763985666049
1269685176482902016
1269686314997362688
1269690506424061953
1269690775459311622
1269692466359414792
1269693448472403968
1269695154581049347
1269696409189658624
1269699175840694275
1269700538104414208
1269701123314782213
1269702291206086660
1269702740793589762
1269703273176539144
1269704430305398790
1269704888591757315
1269705495352209408
1269706251736317953
1269710075633033217
1269710541653762051
1269712608225001474
1269713488873693186
1269714804240871424
1269715570175418369
1269715907762434053
1269716304325414918
1269716427088502784
1269718300436594689
1269718542842281985
1269718746727415810
1269718878076260355
1269719594777939968
1269719942414454785
1269720463787339782
1269720768356720640
1269721822565666820
1269726982750773249
1269732189069094912
1269872488198086657
1269872527418855424
1269872527418855424
1269892301997903872
1269895642811297793
1269897712163586048
1269907407943151616
1269913255088197633
1269913562153193472
1269959608480804865
1269962492089823232
1269964762282110982
1269999711949328385
1270002284592869377
1270011688000065536
1270036040867287042
1270068250701955072
1270068535709126656
1270073177331372037
1270083548997758978
1270174921809965057
1270232678244245504
1270233229140819969
1270237006497447938
1270238540228513792
1270257011565965313
1270265940748439552
1270269745627979777
1270271352939917312
1270279750825570306
1270287771568046082
1270320227369312257
1270324914789089280
1270327185111474178
1270328404882096132
1270344410480476162
1270350769221505029
1270351934122274817
1270354270454288384
1270359956215271424
1270361287587958785
1270363850853023744
1270364147859980288
1270373949063393285
1270375686977585153
1270378085272125445
1270381109998768130
1270384635097186305
1270384709386874882
1270390808412393473
1270399045459234817
1270399311415738373
1270417213137342464
1270417905382031360
1270420533797171200
1270446181756231680
1270574298038767621
1270581997790990336
1270593128437776386
1270611932157038594
1270611955200356352
1270612524346548229
1270612738922942464
1270615233019752451
1270618154964787205
1270619606537953280
1270620377941770241
1270620775318523905
1270621739320578048
1270622505573679104
1270623763248398336
1270624945274359809
1270625565016567809
1270626041145561088
1270626934918184966
1270627250673717248
1270627831173787649
1270627894360977409
1270628871487066113
1270629342700322816
1270629737015193602
1270631218527318016
1270632850447126528
1270633699617443841
1270634910362087424
1270635685888888833
1270642087503986689
1270642637377359872
1270648520559726592
1270649140763131905
1270650450476441600
1270662255491928070
1270670106138415104
1270671967767736321
1270672271535816704
1270674970604187649
1270678758480056321
1270683711827333120
1270685835105533952
1270686745303097344
1270687395315429377
1270687601234776065
1270688928291422208
1270697823076524032
1270701774404562944
1270717933585494020
1270719259501400065
1270720503250956289
1270721624308715525
1270742330362953728
1270751872345935874
1270751994442059777
1270758124362911744
1270771196494217217
1270778165309452288
1270782278009004034
1270782424457383936
1270788040953380867
1270804616209465348
1270808452491665409
1270945309259108353
1270955374624071682
1270970399287701507
1270971725774274561
1270973342087106562
1270982236150460416
1270986977119211520
1270989233033932800
1270990584854044672
1270991038887403520
1270994153254662144
1270997945068867584
1271034621505835009
1271035313738125312
1271036599548235787
1271039381537726471
1271046562798538754
1271049450396368896
1271054808527654913
1271055406459215872
1271077266135683073
1271077661629190144
1271079727856406529
1271084065568022534
1271087233492299784
1271106257949163533
1271108021050097664
1271113007658131463
1271118554390310912
1271119873586978822
1271122480653049861
1271123719826673664
1271141816574803969
1271154508928860161
1271161271946227712
1271162594653622278
1271170541039190016
1271197558447144962
1271314177710125066
1271316047245631490
1271320097609576453
1271321455326683138
1271338305850945536
1271351976664629248
1271366777893609472
1271387380478607362
1271397224111435776
1271411459201908736
1271412213274644480
1271412676581888000
1271459022009499649
1271464250280677376
1271479561742671875
1271511591180271616
1271532961884594178
1271536633637228546
1271657927619883010
1271684890422018048
1271700499360866304
1271766816784859137
1271774428855062528
1271774917931958272
1271778976747356171
1271779781693059075
1271790398915166209
1271797180236476416
1271801616694480896
1271819557112553472
1271831616122507265
1271833360927776768
1271849933436366848
1271872967811706881
1271881107571687424
1271910873209110530
1272046808215281670
1272054097672376320
1272096409492258817
1272136797028401153
1272138381535952896
1272146976067465216
1272152950828404737
1272157906918617101
1272157906918617101
1272191693153017856
1272211250534121472
1272212300800221186
1272227220749197312
1272230746032349185
1272241292232347648
1272245269913128961
1272286810173997056
1272408963405901825
1272421676064468992
1272423236442128384
1272437100814766080
1272438989891547136
1272461839717117952
1272500205703671808
1272505440711127040
1272505707255009281
1272510345014317061
1272535096311062529
1272550426609672196
1272554083300368385
1272560425104744455
1272568469977018370
1272576661339463683
1272580198484054016
1272582092505972744
1272582200568012801
1272584701887250434
1272589017536704515
1272621156940394496
1272741104346071040
1272756411009826817
1272780873990123521
1272787410057912320
1272843327117778947
1272861508154691584
1272864215930454031
1272908049242558471
1272909746258018308
1272930228168523777
1272938042924417030
1272938144036466690
1272954131544707073
1272956605932408832
1272982387182276608
1273118621473157121
1273129834600939523
1273133421909475335
1273148793005973505
1273159697596645382
1273176364565356546
1273200237604192265
1273211071818608642
1273226264145473538
1273226412779077640
1273237573746544645
1273258786199871488
1273259168615616514
1273259398907994113
1273270747709018114
1273271577136828416
1273276006674153473
1273293723896557573
1273293822697648129
1273302163335380993
1273307611912384513
1273312590903599111
1273327404057071616
1273329543579938818
1273345176019234816
1273500049264259074
1273500673296883714
1273505854348804096
1273548817879781376
1273586247227719680
1273595905665572868
1273596368628715522
1273615340518473729
1273621998149808135
1273631373383827456
1273646456080138240
1273677913288818694
1273678012131786752
1273682286656065541
1273707202121875456
1273834914505543680
1273841038843686912
1273848867436539911
1273859809205460992
1273880175541981184
1273893917629526017
1273914746786512898
1273932094402637824
1273935160183054336
1273948820833882112
1273956459923963904
1273958453673852928
1273994026618847232
1274004697536442369
1274007859232231424
1274024212038995969
1274025211168423936
1274207622825156608
1274236601581760512
1274242283832049664
1274246610835378176
1274261381399875584
1274275108090195969
1274304379638689792
1274311362814996481
1274343551233638403
1274372196673224704
1274372361601589250
1274372618855079941
1274386035045212165
1274386575766347776
1274388374649032705
1274412630401220609
1274430300630716416
1274430623730589702
1274438958265630731
1274562133842432000
1274583221704032256
1274589750763151360
1274597237260267520
1274601787698405376
1274619372561145856
1274627895135272962
1274651242615189506
1274664077797842944
1274673472354959362
1274698159520956416
1274708517048537093
1274723910932668416
1274728601133383680
1274740010361794561
1274744816107216896
1274747934509355018
1274752780972900354
1274754761909325825
1274760830492577794
1274766538621534210
1274789114609614855
1274931856610336769
1274938110850236422
1274943140609261568
1274945366933114881
1274956339358437377
1274984411256283142
1275011010257182737
1275038488908398596
1275044925822959625
1275060383980507139
1275067055893393410
1275075294668288000
1275075458384531457
1275076565789863938
1275084468123041795
1275088649139478528
1275115208520994819
1275144840238501890
1275147291847004161
1275156633715265536
1275278115476926464
1275288716928585728
1275294399686213633
1275305126442434562
1275316147487940610
1275322957091540993
1275354804655722497
1275365790900989952
1275373863753441285
1275398213273415683
1275398825721704452
1275415126783516674
1275423966014963717
1275452629611511809
1275461782119886848
1275462110877822976
1275476141231529989
1275489429856178176
1275497143273472002
1275506570776936451
1275519006502293504
1275531067152269315
1275657067991306246
1275679481215307777
1275679521845456897
1275681802678603777
1275693289312829440
1275745327300194311
1275752538881605632
1275790341019512834
1275795344522194945
1275805145016799232
1275824286557765638
1275837842820788225
1275854948371173377
1275881507404439557
