1280986124702359555
1280986347558313984
1280986461647638528
1280986610671267844
1280986914493997056
1280987196074405891
1281014628831703042
1281014769839898624
1281218729167257600
1281218727103606785
1281227878198382594
1281299939025444864
1281317095893094400
1281329668877139970
1281329666738053120
1281335610788188165
1281361587245285377
1281361592559575040
1281361594803466240
1281591844367933441
1281598909987590145
1281598914723024898
1281598913137475584
1281638537784426496
1281643026406940672
1281643023009382402
1281665725237727232
1281681162264616962
1281685075856445447
1281688051899674624
1281688055460564992
1281703841159876609
1281722436845805569
1281930050309324800
1281930047545278466
1282020824078102528
1282020828100595713
1282049952206725121
1282049955260178432
1282315649872789505
1282315652922052608
1282382068639506432
1282382071877505030
1282413003548262401
1282413007591669769
1282413008883507204
1282667491404152832
1282667494017241089
1282729915998187522
1282729918950973440
1282743618839732226
1282743623004688384
1282761893707489284
1282761896425402368
1282776724095283203
1282776727303917571
1282778761247821830
1282790206278688780
1282790203493687296
1283031056850001924
1283031062365581322
1283031060964691975
1283092533896241152
1283092537692094465
1283110369108660226
1283110372887732234
1283123218707034116
1283123224356835329
1283123223056601089
1283124370567766018
1283139241061613569
1283139245243355143
1283144522344669187
1283153403674337280
1283153407650521095
1283198644238385152
1283213549029003266
1283213951476670464
1283214445800562688
1283214893538312198
1283215090582511618
1283215228319281152
1283215374557892608
1283215575540551680
1283215771192250368
1283215960044900353
1283393544380657664
1283393541230792710
1283393545630613504
1283397748163780608
1283424361366589446
1283424364822704129
1283454940803936258
1283454936798441479
1283482037177942019
1283484040159539202
1283486396271992832
1283486398977388544
1283490659576537090
1283499294591520769
1283499291735187457
1283499295694557184
1283514266931404804
1283514269808627719
