1278554163174146049
1278559064247713792
1278564185614491648
1278569322756046849
1278574353693712384
1278579706279997441
1278583805008379904
1278590748787687424
1278595161308741632
1278597082581008391
1278597457207836672
1278597690230800384
1278598011464138752
1278599366991896577
1278605272525746177
1278610743076798464
1278614616118112256
1278619315667943425
1278623175128109056
1278629962623352832
1278634469918941185
1278638738311184385
1278643219358777345
1278646939358236673
1278649760736587781
1278652611575664640
1278656169641480192
1278661825001934851
1278664812537544704
1278667492857085952
1278674176543526915
1278680431337054210
1278681993144930304
1278686047958904832
1278691218172579840
1278695655947591681
1278697037945614336
1278702039334338561
1278706431424856064
1278710049704161280
1278715396728721410
1278720637746450445
1278721312064708608
1278727817430290432
1278728990090506240
1278730556658855937
1278730961618944001
1278731181194907648
1278731395645558787
1278732906719051776
1278736299705413633
1278739930152423426
1278742358830481414
1278744006189617152
1278747824352567301
1278753220932714496
1278758996216811520
1278763235982872578
1278769985905623040
1278776846633623553
1278781450331054080
1278787346624897025
1278916615728439296
1278921481657999361
1278926647190794240
1278931771674017792
1278936620733956096
1278945986119901185
1278949841104756738
1278953913648119808
1278957932743442432
1278961788952948736
1278962864582205440
1278964269585965056
1278966735366995970
1278970669045350400
1278974322334367744
1278981159528148993
1278987023831965696
1278994487272931329
1278998795578224640
1279002574868361216
1279007847746080769
1279012440190193666
1279016577309032449
1279020925615255555
1279025780601884672
1279030209153576960
1279034565017952256
1279039052214341636
1279043199009505280
1279047322673000454
1279052114715529216
1279056638746427392
1279064795506003973
1279069142491049989
1279073702819356673
1279079270095224833
1279083885658284032
1279088914544852993
1279098075773112321
1279102632922173441
1279108835978985473
1279114039373844480
1279118862554992640
1279123446627282945
1279128477569093634
1279133322866831364
1279143039286546439
1279147994999332864
1279152994865610764
1279159256902746114
1279166654287679488
1279278970404507649
1279284046288367622
1279289040404185088
1279294140673646592
1279299001716785152
1279311858185494528
1279316945033220096
1279321895691829248
1279327229445574656
1279332280452952064
1279337611186900992
1279342777411780613
1279347485618704393
1279352933591797760
1279357238621110272
1279358088076820486
1279363497466507264
1279368863759638529
1279374805867868163
1279380964498644992
1279385961709940736
1279395204794064896
1279395519287230464
1279396619583205382
1279396620837289987
1279400398365827074
1279405814692941826
1279413596406059009
1279414922372317184
1279416407604826115
1279425958970155012
1279430665327579143
1279435678103855104
1279448454973046784
1279453129394794497
1279465483293659136
1279468596423516166
1279470096423976960
1279481468033675264
1279486066618228736
1279494550059433984
1279500329005076483
1279505392335302656
1279510982696501249
1279515458954244097
1279735515793821697
1279739467247562752
1279743638105468928
1279748898349821954
1279787312554151937
1279818806114820097
1279826154858467329
1279826805374038017
1279830789476229121
1279833568622116865
1279838258701238274
1279842288433270784
1279846230944817157
1279852237913837569
1279857980373155840
1280003733812916226
1280008711730343937
1280013879687483392
1280013879687483392
1280018916455206914
1280023898667573248
1280027486085136384
1280030883408482304
1280034379566321664
1280039601948803073
1280044634744512512
1280052298069217283
1280056008199622657
1280056093885022208
1280060513418973185
1280061223023849473
1280061386295558145
1280065223827881987
1280068845957414917
1280072776594964481
1280076406375022593
1280076447806259201
1280080000960602112
1280081326905966592
1280086382371897344
1280091447128207360
1280093872811577344
1280096005539745798
1280096992451088385
1280096993679900674
1280099534786437121
1280103628775317504
1280109788026867715
1280114501426253825
1280119475069747210
1280123100928114688
1280123397993881601
1280123406491561985
1280126886157455363
1280130922629738497
1280134564015493120
1280138108059750400
1280141848267423744
1280143979808522240
1280145728850067461
1280150906789560321
1280158792643117056
1280166111636570118
1280172185496227841
1280174724341993478
1280176694708572160
1280177887048499202
1280180692140339202
1280186546310782977
1280192281111416836
1280197308475412480
1280202419591426048
1280209795149152257
1280216321716817920
1280222821604560896
1280226635111968768
1280231210095128577
1280235073619537922
1280238958119727104
1280242556132098051
1280246204564201476
1280366135192543233
1280371191354732545
1280376211089350656
1280381297723084800
1280386172729073665
1280391718806962176
1280395349681635328
1280400087265562626
1280402643219865600
1280407379457302528
1280413675992514561
1280418957481185280
1280425003188715520
1280429114676121601
1280434664038117376
1280436303058874368
1280440660328407040
1280445059800981504
1280451242578378753
1280457050154315777
1280459132743581697
1280461281783406600
1280463161494310912
1280463710151213056
1280464238860013568
1280466082860498944
1280472189226139648
1280477284437299200
1280484519678795777
1280486211644198913
1280487329862483970
1280490101081083905
1280494048718053383
1280498031624892416
1280502371487973380
1280502387531276307
1280506676425129984
1280510678076395520
1280516081556258818
1280520083635417088
1280524379533774850
1280531464963096578
1280531473423106049
1280537014891397126
1280538061156290562
1280538965540581377
1280539548162949120
1280540475368366080
1280540958162067456
1280541658568962048
1280541681193046017
1280542307822026752
1280542452139429889
1280542652539252736
1280549116821585920
1280553156552900610
1280559459731898373
1280563974111625216
1280569501327790081
1280573381247676416
1280577610565681152
1280581199698722816
1280585030935420928
1280588959131860994
1280594758264635400
1280728536173760514
1280733442708312064
1280738644781867008
1280743571646283778
1280748535575609344
1280751526894604290
1280760632451751942
1280761329909972992
1280768764422885376
1280772470094671872
1280775282018996226
1280775571375566849
1280775829367271426
1280776478024781824
1280776715636224000
1280780041752907776
1280784632812843014
1280790112113229829
1280793855214981122
1280797513117810688
1280802579753172993
1280807105331712000
1280810735082364929
1280814410005651458
1280819161535516674
1280821950969974785
1280825369231339522
1280826750059057153
1280827939983065095
1280830007787601920
1280833604990402566
1280837932358778882
1280843328808980480
1280847140911222784
1280849311451041798
1280851502303719424
1280851668691824642
1280851807791714308
1280851912343064576
1280852049496813568
1280852165511254016
1280855575429935105
1280858981632794625
1280863650836885504
1280868768093294595
1280872019807088641
1280875577596162051
1280879297071325184
1280883022074646530
1280888322374729728
1280890611638427648
1280892475146731520
1280896860434161664
1280900029985718272
1280901585414107137
1280903219330387968
1280905093706121216
1280908554707390464
1280911950210367488
1280915724895227904
1280921079788310529
1280926362786725889
1280932031518605313
1280936286002589696
1280939865950035968
1280944164641935360
1280948548616499205
1280952140874354691
1280955941849104384
1280960604677775361
1280964874458275840
1280968627408326656
