1278584188732493824
1278614388551946241
1278637908245786625
1278644096324829184
1278669169496645632
1278683594169487361
1278708914629021696
1278721048565948416
1278740475613233152
1278933286459490304
1278933355514466305
1278954127528128512
1278976776052576256
1278981972426096641
1278994992317562880
1279002523584659458
1279016263424135168
1279017341523767296
1279017836468412416
1279040697086013440
1279051900789424129
1279057732553920515
1279063991990587396
1279067132001693700
1279084988957245440
1279319534168469504
1279347167241613312
1279354264016560128
1279384714084782081
1279433535573471234
1279671062364598273
1279686455711854593
1279715392685031429
1279730240428707841
1279744313946263553
1279807751669993473
1280019150375698432
1280033742434611200
1280079039416291329
1280087621348339714
1280088383369469954
1280108644235911168
1280113433803964416
1280116900664610818
1280134073688764416
1280147193740091394
1280154572632272896
1280161736818032640
1280167924884549633
1280173587937275904
1280178825041756163
1280184169818193920
1280184176977772544
1280399902988816386
1280438028549357568
1280445201606115330
1280471628602728449
1280502283629977602
1280529755482271745
1280538145965182976
1280558932130488322
1280562824067104768
1280752643812589568
1280786113544716289
1280788308063408128
1280813880911056896
1280827117878607873
1280851629823189000
1280865338511548416
1280884073154699266
1280909511000313862
