1278466301485293568
1278518638828498944
1278537758085177352
1278540410621759488
1278543135170322432
1278543222550212610
1278543290271502336
1278545478330834944
1278550949448073217
1278556795708092416
1278562624163241984
1278566710262538242
1278567369435164673
1278568004754735104
1278568274238803968
1278573373900161024
1278575916520792065
1278578663391453185
1278583833173114885
1278589202322591744
1278594301862215681
1278616803795775488
1278616839577313280
1278617152409518081
1278617185045360640
1278633480075739141
1278643709421268997
1278645094854332418
1278645358034325506
1278645870469275648
1278647321190977536
1278648026840600576
1278648324292255746
1278649106638999552
1278650509612716033
1278650645684326401
1278651036824207360
1278651598277926919
1278659976261775360
1278660021916704768
1278660107618877440
1278660166704082945
1278660730275999753
1278662660805009408
1278672884165218304
1278677216155631621
1278677859008217088
1278678025815633922
1278678085378998272
1278683680307806208
1278688988853927936
1278693258206621704
1278695065444134912
1278699619506159621
1278700515103322113
1278702375692271617
1278702489651548161
1278702970109079565
1278706170841235457
1278707543917891585
1278707585286373377
1278707670422257664
1278707786042486784
1278707820628762624
1278707846411157504
1278710297000325121
1278719724369711110
1278720603491622912
1278721184796991488
1278721250345529345
1278723638825496582
1278725071570382849
1278726931307999233
1278727294358519814
1278732602183204865
1278733197820469249
1278734044147200001
1278734710294937602
1278735092874121216
1278736241572413440
1278738831425093633
1278741870961623048
1278743014421258240
1278743942117367811
1278749834107854848
1278749963359485955
1278750681780887553
1278755365757345797
1278757752706338817
1278758498390740992
1278759450103484416
1278760697900474370
1278761478150066176
1278761800994078722
1278766192526790656
1278766976916230145
1278772339539357697
1278773835228237824
1278777889975152646
1278783849682657301
1278784360376938496
1278788154879860736
1278789639076274190
1278794797478825986
1278844982418341888
1278871575073361920
1278880229193285632
1278888018611441664
1278900195204517888
1278901678964723718
1278902617184374784
1278903157729439745
1278903408179720192
1278907098869481472
1278912371583594496
1278917651516047361
1278922223043166209
1278923286777380866
1278928526784299010
1278929439754194944
1278933897443790848
1278938307167244289
1278939538249912321
1278944625139560448
1278949787824422912
1278955233968783360
1278957242369355777
1278960743786872832
1278966278070419456
1278971340603744257
1278976419629064192
1278982121978241024
1278987234704855042
1278992465954066434
1278997618522238978
1278998284741246976
1278998503767891973
1279003604708397057
1279009186844684289
1279015285031346177
1279020710917296128
1279025829184524289
1279026764866560000
1279031426525036544
1279036702712004608
1279041535837982722
1279042256318738433
1279043340500185089
1279047371326984192
1279053977217359873
1279059958173179905
1279065242576850946
1279065551025946624
1279068957471801348
1279069533614100486
1279072324109709313
1279074231465230336
1279074773449027584
1279074773449027584
1279077442863468544
1279082610900205569
1279082829704462339
1279085776580608001
1279088663473913863
1279090815470637056
1279093951820111872
1279099366440144896
1279101561248067586
1279102777801703426
1279104703570337797
1279104953504673792
1279105415381504001
1279105801345470465
1279106800760037376
1279107906206654466
1279110547947106306
1279111147321536514
1279111657059430402
1279112795854946304
1279114175470546944
1279117693074001920
1279118295363452935
1279121052627582977
1279123627011723264
1279127653459669000
1279128665083785218
1279129092621828102
1279135014362525700
1279141776557854721
1279147615339372545
1279153502736879616
1279201562917822465
1279223178158575617
1279238420552966144
1279252414386843654
1279264453637398528
1279271400856051713
1279272002386354177
1279281247257313280
1279282702148087808
1279283370615361536
1279283571027517446
1279292159779385345
1279296684560912384
1279305546890444801
1279314060543234049
1279314906391687168
1279320512854986752
1279325633416499200
1279326801744011264
1279327786692468736
1279328692636876800
1279329706798649345
1279331199589257216
1279331242719272961
1279332171463999493
1279337262094921728
1279347193405677569
1279347778184007681
1279363353648009217
1279369410805932035
1279370365798682624
1279370929471135744
1279371106156150784
1279395314743549953
1279398730924466185
1279398755238903808
1279398857609220097
1279403803318661122
1279407335912419329
1279407596366110720
1279408894687817729
1279408956314714112
1279414489641820161
1279418713964453891
1279419904861573120
1279421408565768194
1279425035699175424
1279430566585212928
1279431384046743553
1279434698700263425
1279434756707532801
1279436547809517569
1279441446718840835
1279448839502659588
1279449074060742656
1279453637320814593
1279460246411501579
1279468478261592064
1279476241528225802
1279477380709584900
1279477537194881027
1279480491201245186
1279482978163478528
1279483876310683651
1279485837202411522
1279496116338339840
1279504432150056960
1279517902819950593
1279550473817796608
1279573618612154368
1279589999256756225
1279641525383835648
1279642147067699205
1279643989793177601
1279645546748182528
1279656198145544192
1279673388986966019
1279673514295951360
1279677633710755840
1279678796002664448
1279683564997574658
1279684052866433024
1279684456761233408
1279685231600119811
1279685845553995776
1279689797037109249
1279689845561049089
1279691587174481921
1279692432372903937
1279693709773279232
1279695481317318656
1279711035394588672
1279711947576016896
1279712953823039488
1279716892538798080
1279728219617402881
1279728832141025280
1279730807976996865
1279734675364360192
1279736242092072960
1279743625346387968
1279752793268592641
1279754513486929931
1279757917496004609
1279760907367788551
1279762722222194688
1279766637974106112
1279772153655648259
1279777282421338113
1279779834470809600
1279785562619117569
1279792045486419969
1279800573869555712
1279801195239018498
1279810631701585920
1279817035070013440
1279817923599753220
1279821691116535808
1279825391214112769
1279826017633304576
1279835609427775491
1279837356535746560
1279837946619846656
1279851248594890753
1279879204339961864
1279901245084520452
1279910849247838208
1279947687337562112
1279970823479181314
1279987290518048774
1279989304039821312
1279991344027578369
1280000549056806915
1280012232458469376
1280013075429625856
1280013223799009280
1280021830686867456
1280024105329319937
1280026887268577281
1280030183240671234
1280033747904204800
1280036006213885953
1280039334838747136
1280041255137873920
1280046429164224512
1280052035325435905
1280057324137254912
1280062646310576129
1280068429844799489
1280073798583300096
1280078950476255233
1280084760006733824
1280090167404101632
1280095267283492865
1280100915006111744
1280106127519289344
1280111437613010944
1280117416320786436
1280122837362147328
1280128460971802624
1280133779122765827
1280136092298235904
1280139035105771521
1280139938734968834
1280141425288634368
1280144728462430210
1280145486809350146
1280145486809350146
1280149891575152641
1280154979521769472
1280155638786600960
1280155908631400455
1280156830526734336
1280161884486893568
1280162834874273792
1280167257239322624
1280167697850957825
1280170884792270848
1280173673777967105
1280174167682359297
1280179030289977345
1280180472635629568
1280182334030057473
1280185414490435584
1280186198007451648
1280190742267342862
1280191426924601344
1280195764237541376
1280197544031682561
1280199455149416448
1280199668832632834
1280200647153942529
1280201585604341765
1280202208005545985
1280202907573538819
1280208750650023936
1280208928677285888
1280210451104751616
1280215235949887488
1280221234802892802
1280226636194099201
1280233030649384960
1280238865618477057
1280239226513219584
1280263779402616837
1280274815795019777
1280350706386587649
1280352355368779778
1280352881602945024
1280353131185033221
1280353297707261953
1280355118366498820
1280374016260427776
1280389951406911490
1280395360289112064
1280400647553191936
1280403296247840768
1280406793248800768
1280411993502101504
1280412183587950598
1280413224844832769
1280418915508801537
1280424169033924608
1280425749753868289
1280426149458391040
1280429565874241537
1280435753638600704
1280436485985091585
1280441993211117569
1280442675662073857
1280448343475453957
1280453909585235973
1280459360326627329
1280463286262169601
1280463838979203073
1280464532658360321
1280470235359952896
1280475773862903813
1280481672786522114
1280486905239547905
1280493339217977350
1280498719444647936
1280503989176537088
1280509244207489025
1280512733876817921
1280515148868968451
1280517001170034693
1280518091412209665
1280521251082194946
1280521325103235074
1280525005214961666
1280526798619652097
1280528055019151367
1280532407750443019
1280534821886967819
1280537872035184645
1280543409640521729
1280545031355609088
1280545118693588992
1280549001893462017
1280550267445030917
1280551800546918400
1280552687852032004
1280557926458036224
1280558962488889346
1280559337279234048
1280560223305043970
1280560808188141570
1280563435521146882
1280563473043292160
1280565203663495168
1280568550659362816
1280569832317095940
1280575302352154625
1280577024768253952
1280577584196182016
1280579761962713090
1280580534872276992
1280581736557162499
1280587339492925441
1280589843920191491
1280594114485067776
1280599624277950464
1280605815544692736
1280633175371395072
1280667534925201414
1280678148976381952
1280708768502894592
1280712495330623488
1280714002440622081
1280714340505698309
1280715948111155200
1280719201716535297
1280719271346221056
1280735641433669632
1280746509605183488
1280747389310074881
1280748997171449858
1280754843137781760
1280760075137810433
1280765635987898369
1280765691080126466
1280784838623191040
1280786406030356480
1280786869761040384
1280787358649061378
1280787749927256064
1280792445240909824
1280798217526001664
1280821158183612416
1280822039650217984
1280822967505686528
1280823023411609602
1280825253711826944
1280825465977085958
1280826005897306115
1280826815796428802
1280827282681221120
1280828182422224896
1280828632341123072
1280834286191611904
1280836356365746177
1280872225097289730
1280872822999523330
1280873081502945280
1280873735722016768
1280874149448204289
1280874183828934660
1280880150221975552
1280885734581428225
1280887006093082625
1280887599821926402
1280891393356058625
1280892266362609665
1280894430472556546
1280895215948247042
1280895743038029824
1280895996889911298
1280897855893442566
1280898436561350659
1280902810012434433
1280903856357023752
1280916455689801730
1280916726964801537
1280917077231054849
1280917127197843458
1280919317106905089
1280919424292323329
1280919696188084224
1280919733085384704
1280919806569562116
1280921269920247813
1280922158819049473
1280923439084318722
1280924133413584901
1280925558856179713
1280927384213032961
1280928327193280515
1280929485332848640
1280933731948249089
1280934744054792194
1280949684576673800
1280953211818475520
1280954896003538944
1280960950342955015
1280961494491029504
