1331744978859552774
1331761084873789440
1331768724282552326
1331778449338462208
1331962915033903108
1332064584740392960
1332152665107689475
1332356759994970113
1332407091953364996
1332460695015870470
1332493158882496512
1332730472351240192
1332783824716009472
1332855798272147457
1333088833806630913
1333186739448520705
1333198053499490304
1333418355185889282
1333418371141005313
1333427608659386369
1333466572913041408
1333563414850007048
1333570507699085313
1333586614065369089
1333602971582664704
1333833357004664832
1333856391841386498
1333879041074417664
1333915027821240323
1333957233948897287
1333957282502160384
1333960074650218496
1334156871393968134
1334213746013708293
1334234952058068993
1334269865947893760
