1278450918120460288
1278453446358839298
1278455696464453633
1278458231807975424
1278472080149938176
1278473056315310081
1278481260600365058
1278485802209681409
1278499665177165824
1278503909896716293
1278505231404331008
1278506187730739201
1278513312024707075
1278517499508580352
1278524475940667398
1278527049469251586
1278527565880111106
1278532096877830150
1278539268093366272
1278540388739891203
1278541777079844864
1278544016729092097
1278546028552216577
1278548052123561985
1278550287901474821
1278552129268068353
1278553416495534080
1278554170770022401
1278556549368164354
1278558819501715456
1278560906360827905
1278563190604009473
1278565296618573830
1278567524632838145
1278570503142363137
1278572329598148609
1278573977594728450
1278574789217734656
1278575129140719616
1278575762690453504
1278578077585506305
1278578087475773448
1278578149102686209
1278580602170748928
1278580646080905217
1278580798115983361
1278580839635456000
1278581168934391809
1278582188880146433
1278582205757915136
1278584133107822592
1278584996895379457
1278586937905905664
1278587201161486337
1278587208753188864
1278587208698597382
1278587417512095744
1278590228668669953
1278593248563326976
1278594749482635264
1278594766549192710
1278595000784355328
1278595352527081472
1278595366234083328
1278596130926997504
1278596280575549441
1278597154467168256
1278597202533928961
1278599293327142915
1278599338105634819
1278599353364549632
1278599363544186880
1278600061354737665
1278601460910043136
1278601948284018688
1278602308280938517
1278603585656414209
1278603593818521602
1278604363691446272
1278604392564916225
1278604805603295232
1278605328012189696
1278607155759853573
1278607164861538308
1278607177335406597
1278607692127494144
1278608348015996928
1278611368158076928
1278611967595425797
1278612051678629890
1278613505416073217
1278614390707716096
1278615952129757184
1278615964326809602
1278617152766042112
1278617407884427264
1278618598345527296
1278618711365242881
1278620427615637505
1278621022296604672
1278622402486951942
1278623313707884545
1278625025206161408
1278627040414089218
1278628662871539712
1278629488100880384
1278630013198389254
1278631600503349248
1278633262340993026
1278634125847642112
1278635124922466305
1278636774030483456
1278637037923549185
1278637897437102080
1278637914092646403
1278639722215215104
1278640057172193281
1278644317343678470
1278644586726985728
1278644652032299011
1278645085119406080
1278645085119406080
1278645731474264064
1278645835853697024
1278648361739063296
1278649501478195200
1278649522823081984
1278652137845727232
1278652996755349504
1278653528869941248
1278654757993881601
1278654875690315779
1278655911712694278
1278656021368647682
1278657388371947527
1278659686976421888
1278660105639256064
1278663461686308864
1278665104385609728
1278667236056629255
1278667514743062528
1278669147870806020
1278670061499277312
1278671010988867585
1278671374287097857
1278673179133857792
1278673847496126464
1278674785782939649
1278675222988763137
1278677939018706957
1278678560803303430
1278680932212453382
1278680942295556096
1278682335555117056
1278683730949951488
1278684868004757516
1278689775810117634
1278690912479203330
1278693660364730373
1278695729729593344
1278697435850665991
1278697506944307200
1278698947930927107
1278699189044682755
1278701210011348997
1278701522826801153
1278703977576759297
1278704990933192706
1278708143690788867
1278708168491745282
1278708759800492033
1278712536624279553
1278713802733883392
1278716309551722501
1278717220844077063
1278717461291024385
1278717533630140419
1278720087235715073
1278721771332677632
1278724110957363204
1278724955228770304
1278727460511678464
1278727635628154881
1278730315318669317
1278731409079713792
1278731713431179264
1278733476058083328
1278735186621071362
1278735918460010498
1278735931592323074
1278737320531963907
1278737342086492162
1278737755284144128
1278737961740382208
1278738958835429376
1278740572535230464
1278741677054853120
1278742735499952130
1278746508595257345
1278746602878967811
1278750284181733376
1278752927700697095
1278754058178908162
1278757834214092802
1278757833819992066
1278759196465532928
1278759757449437185
1278759768384045057
1278761608311955458
1278765388126248962
1278765409332846598
1278766583909945349
1278767846525472773
1278768328278974464
1278769157677314048
1278770007401431045
1278770447996329990
1278772932467208196
1278776708246630400
1278778872067231745
1278780483892129792
1278791806956650496
1278795582895730688
1278799356670459909
1278803543160434690
1278804752537714688
1278806906358820864
1278809706149093376
1278813534974103552
1278815774023573506
1278818611528962051
1278821086893875200
1278821429455224832
1278823808066113538
1278826097023635462
1278837402753290242
1278844004294111233
1278849108191608833
1278851017006878720
1278854445703368704
1278865010375213058
1278873105675325441
1278878865604124672
1278884276084387840
1278889130840203264
1278890101251047425
1278891391121317889
1278892680437694465
1278896552858320897
1278898345621237761
1278900364771803137
1278902395993456646
1278904398735904768
1278906543732412419
1278908655841280002
1278910176729403392
1278911839401840640
1278913315163574272
1278915340194414592
1278916378209275904
1278916607511838720
1278932436966084613
1278933517708165120
1278937078995320832
1278937517027233792
1278938499429924867
1278938543944077312
1278940536804499456
1278940948693692416
1278943556774719488
1278943940872417280
1278943968072531968
1278943985961238528
1278946578540232704
1278946731279998977
1278948068759609346
1278948088024047617
1278949596547383296
1278952616572174336
1278952813461147648
1278952827868626944
1278955636353622016
1278956333795086336
1278956343949504517
1278956375285149696
1278956952907898880
1278957722248110080
1278958656327843840
1278958831872114688
1278960062464131072
1278960985127206912
1278961416410664960
1278961679854903296
1278964484250484736
1278964821652836352
1278966991374745601
1278967696990916608
1278967716028784641
1278969884513353730
1278970735906549760
1278973755923083265
1278976777549824002
1278977543325077505
1278977634051993600
1278978636327124997
1278982442989359104
1278982815552544769
1278983746084114433
1278983774374592512
1278985050311274496
1278985793235795970
1278990844075421701
1278990859883745281
1278991877098872833
1278992796754599936
1278993304776998913
1278993397307629570
1278994895147954176
1278995156050608128
1278995960018976784
1278997914883407872
1278997914883407872
1279000879195136002
1279000903488503808
1279000934895562752
1279003507950071825
1279003522651086849
1279003954920243201
1279004897871003649
1279006171542716417
1279006539769053191
1279006975137738752
1279007688098287618
1279008385367670790
1279009134734696454
1279009994562629632
1279010446067064832
1279010496507711488
1279011803121569793
1279013014528802821
1279013822360158208
1279015808555982848
1279016034444423170
1279018345665310720
1279019054473379842
1279020253218029568
1279020991537127425
1279022077157269504
1279024009892499456
1279025094115897346
1279026978746703872
1279028024617381895
1279028365677088771
1279028984337006592
1279029720970133506
1279030766543011840
1279032013845073920
1279032140663934976
1279033276536172545
1279035915441065984
1279038641097052160
1279039907831459840
1279040193773723648
1279042625677516802
1279043465230209024
1279044847131938817
1279047690291208192
1279051014901862400
1279054790043897856
1279059873066614784
1279062861617205248
1279063356155080710
1279065570936307713
1279065568663003136
1279066114517946368
1279067163165364224
1279069889358159873
1279071493775921153
1279072235026894849
1279073311708897280
1279073664290435073
1279077438975180803
1279081213794365440
1279084988953051136
1279084988768681989
1279087305807089666
1279088763751337985
1279089735139504129
1279090221066436611
1279092538616565761
1279094194213212160
1279095553729724421
1279096313406083072
1279098118244622336
1279100088254595080
1279103863228731393
1279107638123520002
1279110728876769287
1279111412980355072
1279112043291967490
1279112667505078272
1279114190989524992
1279115187820339207
1279116010537332736
1279118962731692033
1279122652704182273
1279122737521451008
1279126512352944128
1279128863025569793
1279128906700816384
1279130068023992321
1279130207627116550
1279131545563852801
1279134062175637504
1279136344091082752
1279137836982099975
1279138186938257413
1279138568531836929
1279138943263485952
1279140205652516866
1279141611784593413
1279142872583770113
1279144915990126593
1279145386909659136
1279149161611317249
1279152936551997440
1279156711362908165
1279163495661973504
1279169294446678016
1279170049165541376
1279171453502578689
1279173527191654403
1279177145827446785
1279179634467311616
1279181863186247680
1279184299904950272
1279189386207297537
1279192110823063560
1279198234829664256
1279203250307313668
1279216480861724678
1279230078124208130
1279232214966943744
1279234732295847938
1279248791716139009
1279249574708666368
1279262662883500032
1279267214063996934
1279275641926492160
1279278719413223424
1279282561387311104
1279285282559401985
1279287548926464001
1279293866063966208
1279296381648166912
1279299244327927809
1279300141833506816
1279302169896738817
1279305441286250496
1279307500844724224
1279307534910861318
1279308712776282117
1279312236154982402
1279312619917250561
1279315507615805440
1279317370142679040
1279317382146805760
1279318779193950208
1279322050721648640
1279323347776610305
1279325574155173888
1279326164780187653
1279327920692121601
1279328153832480768
1279328845695340544
1279328871486238720
1279330451027615744
1279332368994562048
1279333639831109632
1279335640337809409
1279337986396688385
1279338782240768001
1279339667083558912
1279343447552544768
1279345595493335041
1279348978329415684
1279351232298135553
1279356910077202432
1279356944021626880
1279356962686283777
1279357187417157634
1279357282854285313
1279359481416220672
1279363103126405122
1279363378218184705
1279365052848640000
1279365486472560640
1279367600883916803
1279369879976632320
1279370722981396481
1279370872592175104
1279373653264785416
1279374144103231488
1279377415773368323
1279377428994043904
1279379603954548736
1279380938976137216
1279382525467598848
1279384210327965697
1279386330557014016
1279387733698330625
1279391256817348608
1279394276644880384
1279397799839309824
1279400626540199937
1279401323188781057
1279404846454620160
1279408621323825154
1279411363962662912
1279411892956479489
1279415416415064064
1279415416415064064
1279416792797061121
1279416814297133056
1279418687620034571
1279421061365456897
1279421785063272448
1279421959139397633
1279424590155038722
1279425482404970496
1279428195629125633
1279429005867769858
1279429646178754562
1279429669104889857
1279432528751968256
1279435800430686209
1279439826991960064
1279440027999711233
1279443230229172226
1279443601844387840
1279446469234380801
1279447376663474177
1279451151675449346
1279453482609754112
1279454786161709058
1279454926347726848
1279455544953262081
1279457716881305600
1279458701414486017
1279458797229088768
1279462476191608832
1279466251169882115
1279470025909436422
1279473800707481600
1279475681676713984
1279475927244779520
1279476317763842048
1279480092117303298
1279483867087290369
1279486557163003906
1279486573147566081
1279487641977647109
1279490092311117824
1279491417119830022
1279492474910789633
1279494635010875400
1279495191683117057
1279497041299804161
1279498966628012033
1279500452560805890
1279501884613632000
1279502741451100161
1279506108709842952
1279506516479885312
1279508753432350720
1279510291257024512
1279513448691490821
1279514066218889218
1279516449904693253
1279517841239269376
1279521824255213568
1279522874060009472
1279525154087985157
1279529663312904198
1279531682098487297
1279532027419787264
1279534628202840065
1279536896239194113
1279538874512007168
1279541111904710657
1279543589882736641
1279546771904086017
1279554077458870272
1279566413997518848
1279570613854711808
1279573708970110976
1279577107346194433
1279582858085105666
1279586050994851840
1279587828666679299
1279589755047591936
1279600055226417152
1279606772223954944
1279608667701116935
1279608691763884035
1279611491684098048
1279624016085606400
1279636487643049984
1279647764746514432
1279649995201880064
1279652221198704642
1279654423413886976
1279656420254846981
1279658521089454080
1279660027813429248
1279661268790661121
1279662657193291781
1279663469181243392
1279663802930417664
1279664463340285954
1279664964471607297
1279667577757659138
1279671352287518720
1279673193125613568
1279675127324487680
1279678902076674048
1279680345076572160
1279682677008994305
1279686037242023941
1279686452725465089
1279690226986778624
1279692017954623489
1279694001549930496
1279694449623347200
1279695911954907141
1279696658918498306
1279697449112801281
1279697689152798720
1279697776650018816
1279698191777247235
1279698304209747968
1279701555994750976
1279701884543160321
1279703117735526401
1279705326267203584
1279706496172011520
1279706656121794562
1279706869163069440
1279709101786714113
1279710470849642496
1279712189809598465
1279712876102475777
1279712876081471488
1279712876069076993
1279716655849857025
1279718051726929920
1279719237813243905
1279720101084827648
1279720425740734465
1279722602244837378
1279724200765411333
1279724776957923332
1279725646160318464
1279727975492202497
1279728346990096384
1279728560891183106
1279729238699061249
1279729440013066240
1279731104933699585
1279731752425132032
1279731869689528320
1279732289665105920
1279734867962531840
1279734898627153927
1279734978948014080
1279735525478486016
1279735525356605441
1279737451653877760
1279738563031113728
1279739301115224064
1279743075066101762
1279744027903082497
1279746851151831044
1279748637447401473
1279749854638505984
1279750473088733185
1279750624771485697
1279751421768929281
1279753046705295360
1279754399577976833
1279758028837978112
1279758174501982209
1279759572882857985
1279759585344131073
1279759600032636929
1279761952315592704
1279762165684211714
1279762530932527104
1279765724395974656
1279767913860300800
1279769500666249217
1279770540262252544
1279770550643183617
1279773274457600000
1279777050539077633
1279778994032971781
1279780823814692864
1279784484095885319
1279784599716061190
1279788241781211136
1279788373855498240
1279790056623017985
1279792148380966913
1279795923632238592
1279798477166383104
1279798526248136705
1279799446448910336
1279802969806929920
1279803042280476674
1279806493047455745
1279807193991327745
1279807193991327745
1279810016179105794
1279812312652808193
1279812358458748928
1279813791006384128
1279817565804490752
1279821074499285001
1279821340837588992
1279823670601490435
1279825115660849154
1279828890509127680
1279832665479315456
1279833611806670849
1279836440172601344
1279838534979989510
1279840215142559745
1279843990011928576
1279844676246405120
1279847764956983301
1279849861328797696
1279851539604086785
1279853539393769474
1279855314691485697
1279860285357031425
1279862352448499713
1279862864413470720
1279866639241093127
1279868448814792706
1279870414026493952
1279874188883324928
1279877963966754816
1279881738693443584
1279885513613291520
1279889288558239754
1279893063259709440
1279896838145896449
1279899437947641857
1279901508591669254
1279903797620420608
1279906024267407361
1279910545366409220
1279921654773186561
1279933047534759940
1279944042911072263
1279947739628032001
1279955696096854017
1279956641266520065
1279956753296371713
1279956768077029376
1279957783887126528
1279957979719180288
1279968210759057408
1279977509401104384
1279979733636337665
1279982227447783435
1279984701952884741
1279986929224876036
1279989423061569536
1279991432602886144
1279993555147161601
1279996294388465664
1279998527351947269
1280000998174527489
1280003473132662784
1280006196565544962
1280018865267904512
1280023104987836416
1280024429389627392
1280024460100321280
1280025134569586689
1280025311334338560
1280026030091239424
1280029416198934528
1280030046195982337
1280030642273767425
1280030701438611456
1280031628773949440
1280033005667602432
1280033742644338688
1280034387879485441
1280036227996139520
1280036760290910208
1280037320025149440
1280039389331103745
1280039503596576768
1280039523842494464
1280039640561528833
1280039780097519616
1280041242085244928
1280041260976345088
1280042519250731008
1280042690906918912
1280042799879118849
1280043223784869890
1280043629717979136
1280043670226513922
1280045345876185090
1280045359482515459
1280045819949772801
1280048839756525568
1280051317847871494
1280051356368359425
1280051667392700417
1280051859626119174
1280053006373879809
1280053282828881922
1280054879608729600
1280055824895836160
1280057322203746310
1280057337747771393
1280057899432259584
1280060919423221764
1280061084129529856
1280061098197233664
1280062023787831296
1280063230463926272
1280063943801593856
1280065521766055936
1280066959342796800
1280069185662603265
1280069979199565824
1280071462976618496
1280072119980822529
1280072999073386496
1280073669285498880
1280074625591005184
1280074636722679808
1280074779425472512
1280076018946994183
1280076410531524608
1280077175337766912
1280079038707425281
1280082058694410240
1280083227286388737
1280083248463450115
1280085078568304642
1280085327219249152
1280086837235769346
1280087423201001472
1280087475608793090
1280088098429272064
1280088484863250434
1280089207885701121
1280089279256047616
1280089563717931009
1280090897804378113
1280091118378639360
1280091160703381504
1280091821083889665
1280092086897950721
1280092472878813184
1280092739561029636
1280093218525364225
1280093253774258176
1280093853417115648
1280094140735381504
1280094138755616769
1280094748200534016
1280095359721705474
1280096395207344128
1280096781284622342
1280097140107292676
1280097158327238657
1280097404826640385
1280098095385190402
1280098236196405248
1280099562821169152
1280101628004249600
1280101959077429251
1280101969277960194
1280101983848988674
1280102004556169217
1280102041382248450
1280103198108377089
1280105186661449728
1280105663033737216
1280106217990492161
1280106217910571010
1280109031722541059
1280109237876727808
1280112257981050880
1280114005735063552
1280115277892632577
1280115500190744577
1280117584818507779
1280117607883046914
1280117659707879429
1280118297393016833
1280118922700820481
1280118932863672320
1280118950462984194
1280119107061518339
1280120346499260419
1280121317388193793
1280122400286392320
1280122428212105216
1280122659775315968
1280123727083167745
1280124338835017730
1280126526567133184
1280126526567133184
1280126700047794176
1280126710575517699
1280127357265809408
1280127517102428162
1280128204590776321
1280129269767835649
1280130249376833537
1280130377336537090
1280130603707437056
1280131759666081792
1280132064747180032
1280132581611233287
1280133175902113796
1280133397176868866
1280133917891272704
1280134989447823361
1280135885317685248
1280136920417304577
1280138203245223936
1280140535852908545
1280140695429414915
1280143951895449601
1280144470210760709
1280144556818825219
1280146033008353282
1280148245042180097
1280149509075599360
1280149696011476997
1280152019827736577
1280155113592696833
1280155795108196357
1280158061844365319
1280158193159671808
1280159569465892865
1280160681594163200
1280161350883454984
1280162327376134151
1280163344528191488
1280164070126227459
1280165218388250634
1280166867655471105
1280167790167670784
1280170633620590602
1280170894615175168
1280171220110127106
1280174389233889281
1280174417298022401
1280174862330408961
1280175549332303877
1280176560239247367
1280178425391702016
1280178444110708740
1280179994841538561
1280180166220828673
1280182218976100352
1280183731433680897
1280184514946490370
1280185966712557568
1280185994000707584
1280189768773574657
1280189768442281986
1280191198867730433
1280193543382765570
1280194526544564225
1280195892268728325
1280196935962501122
1280197318357245953
1280199201914224641
1280201093646094337
1280201107340431362
1280204868137951234
1280205586773221383
1280206378771066881
1280206650251583488
1280207989484523520
1280208643049193472
1280208642193657856
1280211652659556353
1280212354706391041
1280212417713025024
1280213967256911873
1280216192859373568
1280217643107053568
1280219967439335424
1280220021252337667
1280223274182549504
1280223742472249344
1280224136346898433
1280224584067952640
1280226028837888000
1280226463443189760
1280227517199048704
1280227982687207424
1280229699122315266
1280231292374847489
1280235066971566080
1280238841941471232
1280242616664092672
1280246391911198725
1280250166960721920
1280253892274552834
1280253941523963904
1280255802050326532
1280257132269572097
1280257716150128640
1280260430003351553
1280262617962078208
1280264832428707841
1280267068273811456
1280269310565453824
1280271560239128576
1280272995341254664
1280284380305526784
1280295789319933953
1280307038195716097
1280311658980802562
1280312393567031296
1280313998009917440
1280313994465722368
1280314659577434125
1280315066311684096
1280316097854611458
1280316095992397824
1280317029451472897
1280317031196381192
1280317517211340800
1280317515168710661
1280318018778693633
1280318016765464586
1280329232934109188
1280336727782064128
1280339555988750338
1280341551026143234
1280343300545880064
1280345272019832832
1280347056981319681
1280349294684405768
1280351774747103238
1280354184982941696
1280356944071532544
1280359422947098624
1280366128410304512
1280368887964499968
1280380271699922944
1280382417145073665
1280382581654069250
1280383052489936896
1280383533266198529
1280384658677673984
1280385961256538112
1280387319372144640
1280388584026050561
1280390394753286145
1280390449828712453
1280391167692111873
1280392554622726148
1280393722589519872
1280395624794304513
1280395917007433728
1280398644810862592
1280400472160063488
1280401236815118338
1280401470744145921
1280401664718114816
1280402194706116608
1280403679040942080
1280403883118952451
1280404684587413504
1280406993199661060
1280407704394240001
1280409476516978688
1280410724280553472
1280411289156812800
1280412393848389632
1280413552667475969
1280413580660178944
1280413658410094593
1280413744473034752
1280415378963824640
1280416764137017345
1280419784262217728
1280422803972304896
1280425823753965568
1280428302004555776
1280428327040438273
1280428363501404162
1280428407550103556
1280428454471766016
1280428843828834305
1280430847036973058
1280431527218876418
1280431863681540096
1280434883752534016
1280437761477140481
1280437903412416514
1280440116289441793
1280440320191332352
1280440923294490626
1280441657696149504
1280441657696149504
1280442513392832512
1280442644066447361
1280442662689165312
1280443943373754368
1280445944325169157
1280446406667493376
1280446514536595459
1280446963155111936
1280448981584302080
1280449511186407425
1280449804234108928
1280449900594020353
1280449954327207936
1280449983301382145
1280452354786103296
1280453003007451147
1280454109397766144
1280454122643369985
1280454578278936576
1280456022830841857
1280456898735673344
1280456932940185600
1280457815736410113
1280458595621048321
1280459042821988354
1280462062649475073
1280462715136413697
1280463394324316160
1280464963304337408
1280465082623893505
1280465422081556481
1280465495003717634
1280467317089087489
1280468102568787968
1280468714937294849
1280468935192776704
1280471122295705603
1280474142278594563
1280475783337783299
1280476228303171584
1280477162252861442
1280478566048808965
1280480182130917376
1280481311816368131
1280482659228176386
1280482964837720065
1280483202293993473
1280483774682324993
1280485976893206528
1280486221827825664
1280489241890435072
1280489655629160450
1280491420105703425
1280492042108522496
1280493016755712006
1280494920684445697
1280495281671413761
1280496275050332162
1280498178782044163
1280499308052111360
1280500899316666370
1280503083450224647
1280503931022475265
1280504556099698691
1280506306529562626
1280506858088751104
1280507776259821569
1280509692737978371
1280509983340351489
1280511104154849288
1280513292377763842
1280513746608304136
1280515038399381514
1280516134140293126
1280518027331735554
1280518182961176576
1280521957302140928
1280522452691492864
1280525165085016065
1280525250556542976
1280525732389588993
1280527763808694272
1280528903812120577
1280529507275771904
1280530203933097985
1280533282589937665
1280533338344820737
1280533823097384962
1280537056884797445
1280537840036823041
1280540547279515651
1280540831913517056
1280541735739891712
1280544606636183552
1280545508151476224
1280545691098644482
1280548381908033537
1280549186098905092
1280552156542582785
1280552374269022208
1280555192711340033
1280555713018728450
1280556607479459847
1280558056741494784
1280559706478538752
1280560244301664256
1280563011954982912
1280563481306161153
1280565479682252805
1280565561244688384
1280567255840034819
1280568830981480450
1280570821162012673
1280571030868758531
1280571899848921089
1280573043933413377
1280574805545086977
1280575672679895040
1280576793729269764
1280578580615921664
1280580555764051968
1280582355426709504
1280583308192219136
1280586130430160896
1280586724066955266
1280588405743800321
1280589905165516804
1280590827329388545
1280593378548289538
1280593680269750273
1280595940508868608
1280596885443575808
1280597454946254849
1280599216470069249
1280601481268219904
1280604309714079750
1280604319696502784
1280605004567441408
1280608779537534976
1280612240387903488
1280612275829776385
1280612317571551238
1280612352090611712
1280612554419527680
1280614315825999878
1280616329192419328
1280620103944622080
1280622909849993225
1280624832791613446
1280626786150334464
1280629042828513287
1280630775055081475
1280632189349253121
1280632223285358593
1280634488431747072
1280636520962101249
1280638558743691264
1280644025540804614
1280652876411473920
1280662672497934338
1280671944732545024
1280680567261069321
1280687509824036864
1280689566203199491
1280691598616125441
1280701351832555521
1280706461329428480
1280708187256217600
1280712912018030593
1280714918975672320
1280724734536298497
1280734821308825602
1280741428747001856
1280746483357286402
1280749078373117952
1280751973084442630
1280752942677622784
1280752963384999936
1280753037137584128
1280756040355721219
1280756112745287680
1280758976058208256
1280759288911163397
1280761032630251522
1280761466564550657
1280764052583510016
1280765235780112384
1280767072541085696
1280768105858416640
1280768117543776256
1280768159281283072
1280768168861085697
1280769983325356032
1280770092293222400
1280771380435464192
1280771421480914947
1280771451033878529
1280771505379565568
1280773112221577218
1280773112221577218
1280773340253360129
1280773350210654208
1280776132296617986
1280776389315170309
1280779152027717633
1280780788028649472
1280781656132067328
1280781752072638469
1280782172010545152
1280784578467291138
1280784612600487937
1280784733383909377
1280785192001495041
1280788211824857088
1280789632540708870
1280790041791549447
1280791231690309633
1280791942847217664
1280792671007752192
1280793997229907968
1280794251538956288
1280795048834195456
1280796036475355136
1280796057467830273
1280796619202584576
1280797266333310976
1280797271475359745
1280799265154097153
1280800291416309762
1280803087993778178
1280803178431287297
1280803203530055681
1280803311126536192
1280804633359929346
1280804664729047040
1280804688280064000
1280805485013274624
1280805781152153601
1280806331234971650
1280806752594919430
1280807945320771584
1280808086459101185
1280808506002681858
1280808878549225472
1280809122385068032
1280809351083520001
1280810064459321344
1280812371049680898
1280812670116077568
1280813276268564480
1280813943271890945
1280814031343935488
1280815212925464576
1280815390914785285
1280818694818615296
1280819391983226880
1280819587718811648
1280819826890551296
1280821430612037632
1280823156140388353
1280824450586259456
1280825172212269058
1280826261242294272
1280827470720069632
1280830308103999488
1280830380786909184
1280830490371477504
1280832169112416256
1280832640191512576
1280833510329049090
1280833741338882050
1280834061330767873
1280834730980761602
1280834976901103616
1280836530106335233
1280839549933850625
1280839861520551936
1280840490649354241
1280840557015810055
1280841337349312517
1280842077912391680
1280842570218778624
1280843493653479425
1280844487313457152
1280845506890149889
1280845527459024897
1280845589954117632
1280848158407495681
1280848609630728192
1280849147546009601
1280851023700135936
1280851629676179458
1280853240536543233
1280855404755349506
1280856247638593538
1280856347567947778
1280856751932346369
1280858486147100673
1280859179515666433
1280860573169782793
1280861743259037698
1280862954204753922
1280864433405820929
1280864689539465216
1280865471227670528
1280866619896594434
1280869245929357313
1280869301042450432
1280870941095088129
1280871906959392769
1280872129764999168
1280873020689653760
1280873751513620480
1280874127927193604
1280876795500232705
1280878766013722626
1280880570789134337
1280882130235596808
1280883340812443648
1280884069715382276
1280884345364901888
1280884846857015296
1280885228131803136
1280885989108600832
1280887219616612353
1280888120209104896
1280888557603864577
1280889552853438464
1280891895124819973
1280893279400333313
1280894545144811521
1280895418734444544
1280895818472570880
1280896498784501760
1280898776392249344
1280899444662288387
1280900725057507329
1280901262507216896
1280903219699425280
1280904027555999744
1280906994614808576
1280908605978533889
1280910004485316613
1280910769845141504
1280914544194457601
1280916794295963648
1280918319118217218
1280918371366776833
1280919709265920004
1280921134372970496
1280922093991931908
1280922145737125888
1280923949610778624
1280925869045805056
1280927463447703552
1280930147009511432
1280933016269926400
1280933418608414720
1280935678046539777
1280936967446781953
1280937193427492865
1280937954576384002
1280939340198301697
1280939695862677509
1280939731107397633
1280940067566092291
1280940968481439749
1280942288089341952
1280944743233417217
1280945907446538240
1280948518220333063
1280950280260116480
1280951326596386818
1280952292905279494
1280953044251934722
1280956068047224832
1280958034626347008
1280959842786648064
1280963617685270529
1280967392462430208
1280971167562698752
1280974942272663558
1280978717221834755
1280982491986305024
1280983205085016064
1280983785224286210
