1278590357777911809
1278615094918877185
1278647423527763973
1278661815212412930
1278694870694141953
1278695023849209858
1278947688281669632
1278964128619642880
1278975641698865159
1278982736150179846
1279066881178185735
1279069778443935744
1279078363957792768
1279487076736675842
1280034192210956288
1280042078085484546
1280061884054622211
1280081989048111106
1280090094297403395
1280133059984199681
1280155275182424066
1280410633809334272
1280436914961645569
1280450168454856704
1280469204563615744
1280528808395919360
1280759276567433216
1280802337397882880
1280809902408163330
1280816399011794945
1280876694455402496
1280892501000425480
1280897614020579333
