1288595199896297473
1288598935188189184
1288602724251193355
1288604711264964608
1288606488437690370
1288610305703055360
1288611492280119299
1288614039933902850
1288617946529529858
1288621591434338304
1288625353942958080
1288625439632756737
1288636817105985537
1288640513885843456
1288651803274379266
1288655588117884935
1288656723520217089
1288670652451315712
1288685806459260930
1288693497911009280
1288697116857073664
1288708420602912768
1288715952700391425
1288723512912490496
1288734824111300609
1288738553544036352
1288749239443640320
1288753161377914880
1288757977718173697
1288761116319985665
1288765022995275781
1288768797751615490
1288772597644222465
1288776348165578752
1288780122485596163
1288783940262801409
1288787688007639040
1288791514370514944
1288795233778569217
1288798996941742081
1288802740697796608
1288806579727409157
1288810348208951296
1288814132519731201
1288817871209009152
1288820965087084544
1288821647487700996
1288825434872979456
1288829196802732035
1288831930239258624
1288835815943086080
1288840521029267457
1288844296490086400
1288849651194630146
1288857815809953792
1288864018195795969
1288867363547492352
1288870767992635392
1288874551380779010
1288878304863440898
1288882568968966145
1288892810821861377
1288893399614083077
1288897196075749378
1288900918855884800
1288905009506193409
1288913149249196032
1288917175336611840
1288920847084859393
1288927093179535369
1288931163789316098
1288935825292644354
1288939797134938117
1288946218383618048
1288950189949165572
1288953768319619072
1288957558766567427
1288957672537108482
1288961525441495043
1288965235949342720
1288968886054944770
1288972659120902145
1288972892655570946
1288976426939686914
1288980354527834114
1288983982122639365
1288987742014242817
1288987746933960707
1288989180429848581
1288991519811284997
1288995455347589121
1288999076235743233
1289006617703395328
1289018005607907328
1289025512678084608
1289033043848515584
1289048139551461382
1289048190839332865
1289051922805264384
1289063240387846144
1289070813925212160
1289078341320888321
1289086173642739712
1289100871125606400
1289109016279318528
1289114837222600704
1289118653024272385
1289122212168044551
1289126152607420417
1289131201337470978
1289134960595542016
1289139287095758853
1289139724309979138
1289140200862560256
1289140640698294272
1289141416371912705
1289149257765847041
1289152805769375749
1289156675371294720
1289162651507933184
1289170570798600195
1289171040313044992
1289175056258461696
1289180259770720256
1289184375263735817
1289187841088483334
1289191633154711552
1289195466190721025
1289199200689741824
1289202928587284480
1289206205961863169
1289207063248162816
1289207063248162816
1289207483521613824
1289209015541485568
1289214270643740673
1289218008062341122
1289221833309532160
1289229337644867584
1289233107820969985
1289237327559024644
1289240692452020229
1289250080910802944
1289251982352547841
1289259923814199296
1289270410840813570
1289273232617402368
1289276465045856258
1289280934920019969
1289287784574758912
1289296196729626629
1289300723151249408
1289306406059831296
1289308610309185536
1289309289618608129
1289312514086514690
1289316159322329088
1289319932682010624
1289319952160133121
1289323831329341440
1289327632350187520
1289331258003279872
1289335067936841728
1289335099226382336
1289338805904801792
1289342625674178560
1289346357052858369
1289350129346965505
1289350138155032576
1289353937514987520
1289357703295500289
1289361475195170818
1289365276329308160
1289369315452563457
1289380399106232320
1289384151817183232
1289395430418198530
1289399225201987587
1289410615706939393
1289425627469295617
1289433192848596998
1289440726216896513
1289448297564782592
1289459735427600394
1289463420971102210
1289470980511817729
1289477829730607104
1289478983067762688
1289485837533495302
1289493613186097154
1289497938503163905
1289501125599666179
1289508674419847169
1289512010397265920
1289512313368621058
1289522545067094016
1289527947649413120
1289531338408648705
1289537522045825024
1289544398250766336
1289545619871326208
1289552117670137857
1289557771462021123
1289570240532082688
1289577644238020608
1289581360160489472
1289589201848033281
1289592555785527298
1289596004136652802
1289601008826368000
1289605815935016960
1289611372750200835
1289624406143012865
1289628173764681728
1289639761536196608
1289650320512032768
1289660325944414208
1289665308639338496
1289671007981068288
1289671445753163777
1289674813796016128
1289678549054627845
1289682342999728128
1289686093583941634
1289689892952260608
1289697183113986048
1289716301422723074
1289727638211194881
1289729643533148160
1289742746366939137
1289754043632541697
1289757815951818752
1289772949130694662
1289788013749231619
1289795599609470977
1289803115135410176
1289810704036442112
1289823584790016003
1289826008707735552
1289835537738555393
1289846330089603072
1289851906286706689
1289852228711448576
1289853824782409728
1289859768253849600
1289866155369402370
1289870214184570881
1289876298588778496
1289878656228057089
1289881772168101889
1289889935390957568
1289893712873394176
1289897492037824512
1289901295726292998
1289905054145818624
1289919441577414657
1289932198687072260
1289934652614967299
1289937385757609984
1289939050430779393
1289947412241555457
1289950322069143556
1289958094794100741
1289965335190241281
1289973788088516608
1289978624422993921
1289981790589865984
1289984697213153284
1289994471996784645
1290000335331762177
1290006931017326592
1290010665655115776
1290010828305965058
1290016518936248322
1290021231643697153
1290027917058007041
1290027951304503296
1290033412737294342
1290037220053667840
1290041020458192896
1290044796283707393
1290048005538820096
1290048481726328832
1290052340771258368
1290059560250683392
1290078719172677632
1290082695452663808
1290090043462152193
1290101394943295488
1290105124828745728
1290120205717237760
1290135335633129475
1290150402168627201
1290157990083993600
1290165502858461186
1290173087825059842
1290182612707729412
1290185548997578752
1290188150162124800
1290191929741684738
1290195708272730112
1290200270371082241
1290203654717411329
1290207050274766848
1290211232784347137
1290218291147886592
1290222155247095808
1290226461467525120
1290229719703592960
1290233494765834241
1290237257304035329
1290243022362271744
1290247182646308864
1290248575146848257
1290254583042682881
1290256574984998912
1290262540501397504
1290266843110875141
1290271154796625920
1290278758503428096
1290288852620328961
1290297258110603266
1290301466318475264
1290308716554670081
1290316945112412161
1290317491420434432
1290323537408950282
1290328853584453634
1290333026812076033
1290338598844346370
1290344855424638977
1290352877068836868
1290352877068836868
1290360539437305857
1290371419910660098
1290371431432441858
1290371547207815168
1290373909498548225
1290378003197853696
1290382064139800577
1290386900872769538
1290392767231860744
1290395774610812928
1290399550642049024
1290403320201453568
1290407095028928513
1290410868740698112
1290414653609304066
1290418419704176640
1290421968584531968
1290423631819005953
1290424130244878337
1290425969094856704
1290429772804370438
1290433520465317888
1290437291853242370
1290437301131186179
1290441078164860932
1290444846247936000
1290448622371430407
1290452395198230529
1290452474151796737
1290456174882623490
1290467575466471425
1290475047908339719
1290482593524326402
1290497780419420164
1290512791233650688
1290520371985293314
1290527889306386432
1290543783684210694
1290551340209451009
1290555097848647681
1290558115881123840
1290561862715703296
1290565666785964033
1290569426568466432
1290573198661169152
1290576973669040129
1290580774039756800
1290584512011804673
1290588289142071296
1290592061855600640
1290595847638519808
1290597933390483456
1290598824709369857
1290602830802366464
1290607188529094656
1290610936483475456
1290614711223029762
1290619113849708544
1290623974704119809
1290626065581383681
1290633585297362948
1290641197120344065
1290645376559652864
1290650298831306761
1290662566348435468
1290663839135039490
1290668587552837636
1290673710605783041
1290675001641840640
1290676100872445953
1290685044022009857
1290688451533320203
1290690306736889856
1290695520411955200
1290703250665209859
1290708363777658881
1290718021036707840
1290722357838053380
1290731414560952320
1290734919187136513
1290740895327965185
1290748301478891525
1290749498944294924
1290758333356552199
1290759799026716672
1290761987077672963
1290765719563632642
1290769524501950465
1290769533876293632
1290772687019814914
1290773257055014913
1290776814072270856
1290777070914633730
1290777381905543169
1290778682076868609
1290780808983334913
1290784354432688128
1290784725657948160
1290788355966476289
1290792137739698181
1290795924822937600
1290799682919120896
1290799706675777544
1290803471369764865
1290807292691197954
1290811006877405184
1290814832636243970
1290816425788145667
1290829963088793601
1290829962157727744
1290844979405914118
1290852544785321984
1290860127634042880
1290871432537427968
1290875179590008832
1290890277461217283
1290897826499584000
1290909982058315779
1290915102573690881
1290927624424960001
1290929130285006851
1290931383985111040
1290935895877713920
1290940174667522050
1290944467231481857
1290947027636027393
1290960413144866818
1290965731979517952
1290969549127299072
1290973337632595980
1290977132638801920
1290982567815127042
1290987729279426560
1290991378370101249
1290996745112035331
1290999760095248385
1291008381524807680
1291008512131309569
1291008725436817409
1291008950008262657
1291009137061629952
1291009272306978819
1291016592315359233
1291025709402664960
1291026206155051009
1291031371377512449
1291040953122394120
1291052031793410048
1291058373450969088
1291063908007129090
1291070125966229506
1291075502850093056
1291080892790775813
1291090498048884737
1291094960545173504
1291102997754281991
1291105972442865664
1291110690145669123
1291120558516690950
1291120912306245632
1291124364759445505
1291128134474043394
1291131465984626690
