1293788426228162560
1293796946440855553
1293817760305250305
1293827598087262209
1293835556997214208
1293840668360679424
1293875000747995138
1293892381813682176
1293894130758832129
1293894437584678919
1293913102048665602
1293941007847960577
1293977267169898497
1293988704755875841
1294154278534340609
1294161694302916608
1294165047699222538
1294165212711575552
1294166753438826496
1294173228601090048
1294188714239852548
1294189969808990210
1294189985629904899
1294190019721211905
1294190048175435777
1294207798121766913
1294212966120906754
1294242349955067904
1294247483669975042
1294265586189512705
1294271321912868866
1294284016158375937
1294284821062197250
1294289336339505155
1294289652921270273
1294290296566677507
1294404534794625026
1294404584685867009
1294518429161082882
1294518789577547781
1294528132943425537
1294533275944460288
1294539924830654464
1294574461556072448
1294597765654360067
1294666003205545985
1294699654924439552
1294930868050501632
1294947066842685441
1294947744885485568
1294947834123386882
1295021231310241792
1295023688702722049
1295035159515996162
1295040416346243074
1295045706844176389
1295051443662184451
1295060627124375553
1295240238646931456
1295272590232170496
1295291503070400512
1295330226986254338
1295357830027935744
1295375893142134788
1295382523606978564
1295412958785413123
1295413298456911872
1295419375885987841
1295421568340959233
1295599912143458304
1295606510219923456
1295615098011123713
1295615269709262848
1295620055938609153
1295622338814390282
1295622364135391233
1295625270691536898
1295654545276764160
1295663564628406272
1295665597385265153
1295671201663275009
1295683424070635525
1295716931400540162
1295722483547602949
1295763962907308032
1295944303202762752
1295944348861976576
1295994846147158017
1296001534803816448
1296009980135579649
1296010379982704640
1296014767304441856
1296025325504167937
1296027553233346560
1296042677797101568
1296077169299464195
1296081584421048320
1296087051448791040
1296093479769120768
1296099338163113985
1296107127329763328
1296111236782989313
