1354610224460668929
1354625323409809408
1354645459311198210
1354651508411920384
1354654023375331331
1354654023375331331
1354654273523613697
1354655536134959105
1354655619568062466
1354656203280953345
1354656793226588161
1354660566514675712
1354661823312748546
1354662330810978307
1354662409697325060
1354665600812011520
1354680702009278466
1354683211738177537
1354689510261608449
1354689678885138436
1354698234808184832
1354698318618767360
1354703270741237764
1354708305118191617
1354710822623338497
1354724162691080192
1354725924470710273
1354729783322701824
1354737250542751744
1354741026343280642
1354751426115809283
1354752347789025283
1354761412460077059
1354761494475513856
1354765184888414210
1354769716938682370
1354769969565872131
1354770805251596290
1354773743860641796
1354776344316563458
1354778781769211908
1354781296724205568
1354790103298826247
1354795896643477510
1354798664066150400
1354801434475130883
1354818224542474241
1354819064883941377
1354821586193268744
1354821662915457030
1354826616522887168
1354829137924530177
1354832665787162629
1354839204845547520
1354850537364201475
1354853057159454723
1354855570235416578
1354860603966435332
1354868917886459905
1354880744947068928
1354880827579101187
1354894087544049672
1354897110576017410
1354900885734891524
1354910954455261184
1354941163791409154
1354973880193003520
1354987639397617666
1355015326405111808
1355015409502728195
1355016586571214851
1355018435479138305
1355018931409461250
1355019939309088775
1355026485892026368
1355033197642395651
1355035546293301249
1355038064406634500
1355039239990337539
1355040497144918018
1355045527675662340
1355046787946569728
1355049557172899840
1355053080824438785
1355055596802871296
1355056351425286146
1355056856679522304
1355061721497530370
1355063147921596416
1355063485550485504
1355066918638649345
1355068180943810562
1355069521472663553
1355075733853507584
1355078255607488516
1355088319613464578
1355097134715047937
1355098390590324736
1355098892442988552
1355103424140947456
1355108466218696706
1355110981618311168
1355117028714151937
1355118292478947329
1355121059989749762
1355126094740000769
1355126688254988288
1355138431769325574
1355143722984501248
1355144982190039043
1355151276766539776
1355154300478107648
1355156308547276803
1355156392169111560
1355157652297363465
1355157734317039617
1355161347869310978
1355162938210922499
1355166377309560832
1355171414266032134
1355171496428187654
1355178207268532227
1355179716194545667
1355180228004478983
1355182741239848967
1355186513135476742
1355190291372929025
1355201367607017474
1355201614806720516
1355211679324377091
1355214201132896262
1355218227715076098
1355222257774297088
1355224269484142592
1355224353940635652
1355232834030624769
1355234089373151236
1355236357002715145
1355240884338614280
1355241896310878209
1355246168440266762
1355259008899293184
1355262028479418369
1355270332232458240
1355322348078059521
1355336191277756417
1355350032329961483
1355350115196788736
1355376466553409544
1355381245438545920
1355416729212620801
1355425793179078656
1355467067164684289
1355479651041345539
1355483428666355712
1355492239292715012
1355496012887023616
1355504329659195393
1355504831763533827
1355516158263382020
1355516240211673092
1355522205275344898
1355532522474655745
1355538572649095174
1355540840245047299
1355543856222265347
1355546375077974023
1355548639247151104
1355559714310991873
1355567770876968960
1355567848823934985
1355594710539235332
1355626915059683331
1355698656540811265
1355718789430652930
1355741364743450625
1355743212980350979
1355743965325242368
1355774838623907844
1355776684436443139
1355787928224616453
1355797991974690816
1355803781817131009
1355805548164370434
1355833981103706114
1355842031495614471
1355846065837244419
1355847069832015873
1355856886084591617
1355878617511845889
1355881046471012359
1355884074385158146
1355884821692747782
1355886591118610432
1355892373570678787
1355894136105283586
1355897491326164994
1355904211641380864
1355909988619870213
1355926351996473346
1355930126266073094
1355938933436280838
1355943722681331712
1355949519654047745
1355952279476711424
1355952279476711424
1355952777634209792
1355955048962994177
1355956810264535040
1355981729090187268
1356000606507454474
1356020746678636558
1356076119385141249
1356098771877298176
1356103799807614977
1356105063492702209
1356105815430721539
1356130234656051211
1356132500846866432
1356145340399951872
1356145590837641216
1356152892248436736
1356155415197868033
1356158938002190337
1356161709283696640
1356170515749232640
1356176220422074369
1356176807628779522
1356181842433609729
1356183100699639808
1356185197050552321
1356203154388508673
1356208190816456706
1356208269086306308
1356213220810387457
1356215066769707016
1356218253039828995
1356227399994789888
1356228322171244544
1356237131639894017
1356244681911390208
1356245939611172865
1356253493485568000
1356258524125294593
1356259279322427393
1356259782253027333
1356263556963061760
1356264814725705728
1356266071930646528
1356274885375496194
1356283696576397312
1356286968074743808
1356293763086299137
1356305089489760269
1356317684611346436
1356320198320656392
1356335300738428931
1356339081131790339
1356345122233974792
1356360733781536769
1356383139673894913
1356423422511882242
1356449854071963652
1356460176593858560
1356462441631219713
1356467984232050695
1356468148715847686
1356468732332236800
1356469988522090499
1356473762762350592
1356473851660677121
1356475280307666946
1356478719179829248
1356479975705182208
1356483582953459714
1356483666894086145
1356488786654470144
1356491303211720706
1356495076797665280
1356498851188858880
1356502706622500864
1356502962160435200
1356506404820045824
1356511440488845313
1356515471831531522
1356517821413523460
1356529406811000832
1356546685464432640
1356552309916991493
1356555494433947648
1356557520492503040
1356563058026496004
1356566837908094977
1356566921139924992
1356574723845545985
1356575647238389765
1356576161233526785
1356579003050692612
1356589490144428034
1356589572654833669
1356590751849807873
1356593264456044545
1356593346240794626
1356607108649783299
1356609633205563394
1356623311766183936
1356628262005448704
1356632292865826818
1356633547520491520
1356644879246458881
1356654942958870529
1356656202743185409
1356659981903405057
1356664266280083463
1356666270016503808
1356675081947217923
1356676343589658633
1356682637977542656
1356696482146111489
1356704292380565506
1356706560261697537
1356719896055468039
1356721574393618435
1356771910495985665
1356788268872970246
1356800852263120903
1356822252147335171
1356826022914703361
1356829803798790150
1356830046531575811
1356830636531712001
1356833576256495618
1356833658141827073
1356837349410430976
1356841124309200903
1356848674895183872
1356851191418736642
1356856224696971265
1356861008166481920
1356865029723852801
1356868557351628801
1356872584474853376
1356877620835741696
1356885181555163136
1356890216972374017
1356895078669811713
1356896510672310273
1356899027963543554
1356901544340426752
1356920419526279169
1356921680275374080
1356926691524939779
1356931028510769152
1356932807038238721
1356934234838081537
1356934318829035523
1356940556421763075
1356941811722432514
1356941899274334210
1356944303327764480
1356953739022782470
1356953819402362881
1356956108892626951
1356961026890153984
1356962445261168642
1356964222056493056
1356969982811398144
1356981355868024839
1356984836188168194
1356986364248678408
1356989435150221313
1356989773215318021
1356992644879167494
1356993679060254721
1356993931486101505
1356995276813201410
1357012796232396800
1357029169884987398
1357039699978772482
1357051612670414857
1357056792392568834
1357059593868881922
1357063132120821762
1357077573512085505
1357080508614770691
