1263509044968542211
1263570920565858306
1263743094484275200
1263770165101178881
1263770814622638080
1263788364563656705
1263805051585388544
1263814955444441089
1263827349214240776
1264121442360332288
1264208833448218626
1264580632488935433
1264838792860651524
1264838962826432517
1264914195092516871
1265229665599459328
1265229967266402305
1265252702101164032
1265258448566063104
1265326439886393344
1265536327480680454
1265644857634283522
1265661714558849024
1265666446224429059
1265709236211851264
