1293804982567866370
1293806314439741440
1293806376230236161
1293811452697083904
1293821174644977664
1293823922618728448
1293843143683641344
1293860446001340416
1293860485016825856
1293863268700823552
1293884371645214720
1293892863487627268
1293892890339549184
1293896838525878274
1293913099754287116
1293938876235554817
1293938930501521409
1293938989074964483
1293941633432657920
1293953022196883456
1293963186937516034
1294167119857422336
1294179624231018496
1294182546893307904
1294189646465949697
1294200939876954112
1294208155199713280
1294213929644826624
1294246439367905280
1294246629055385602
1294251627004780546
1294251656385826818
1294271829419466752
1294278258993766402
1294303547023130627
1294307148571324416
1294322140205002755
1294342612724457472
1294343910974791682
1294343910970527745
1294343910936973312
1294348131035947008
1294530766672744450
1294546178193883137
1294549871459008513
1294549943483604992
1294576315048263681
1294597190694961152
1294608214730985473
1294621110642683911
1294627228643401730
1294667163786072070
1294893155284918273
1294908698586996737
1294909242785370119
1294909276700508160
1294909290864611328
1294909343373103106
1294938704142893056
1294982995179315202
1294992369901645824
1295028042012807168
1295051341145014278
1295051398967701507
1295249469651529733
1295249503239524352
1295254283705819136
1295258518317129728
1295258688714944512
1295258709497716736
1295291000454287362
1295291045278875648
1295298312833204224
1295300335884525568
1295302080111026176
1295327848169963522
1295345131965550593
1295381311662809089
1295381774722375680
1295390178148675590
1295391808659300352
1295391855799144450
1295416934662627331
1295417062223941632
1295417408065351680
1295417481545252866
1295417508489461761
1295417803592404992
1295425777639608320
1295428321258483712
1295430498664222721
1295433002412122113
1295438509461905413
1295438537836437504
1295438555276288003
1295438564285648897
1295438574897319942
1295446237433470979
1295474241970806785
1295617679429120001
1295621076794343424
1295621094888615937
1295626235930910720
1295626528236146689
1295631676568150018
1295635390783725569
1295662220697796609
1295672104281669633
1295672145855619073
1295672196346585088
1295672228806369282
1295672257050746881
1295672565726404608
1295672582683930624
1295697972416610304
1295708022837149696
1295709251101437953
1295729335886848000
1295729618088005632
1295730572904497152
1295736582704701440
1295736908182622208
1295740211696144384
1295748453767819269
1295748897202221056
1295748926377779201
1295754075850436609
1295756053573971968
1295760532553764864
1295765021801275392
1295772752297766914
1295772791170650123
1295772809956921346
1295776436821819392
1295778903781453825
1295781697351569409
1295798847734796291
1295817464392101889
1295826229858361346
1295826377627893762
1295826530401226752
1295978504828399616
1295987228787834883
1295994278771077123
1296024356859138048
1296031757708525568
1296071165186674691
1296082475895214080
1296082598364614658
1296082623584927744
1296082648029433856
1296082735149326337
1296114953879986178
1296139741767905282
1296139788819537920
1296139927936262144
1296146331036155904
1296146347184267264
1296146403102687233
1296146418156089347
1296146437428989952
1296146445435895810
1296146457679089670
1296146465312497664
1296150916660441088
1296157058610466816
1296175704703459328
1296175714023202816
1296175777243967493
1296176567069138944
1296183696794550273
1296187988381138944
1296190305897795585
1296190974486511617
