1275911787041509379
1275919541122600972
1275919545937559552
1275919544289198080
1275919542724763653
1275919547497951237
1275934433040834565
1275936125199228929
1275936129846566912
1275936128407949312
1275936126868623369
1275936134535811075
1275936132837097475
1275936131331297282
1275949506648039425
1276107963812454400
1276123091157037056
1276138192887037952
1276160785409073157
1276160838076940289
1276175987810734082
1276183618075930624
1276190455357677574
1276198780661116931
1276204719153860608
1276213854045908995
1276221995408068609
1276236439534133249
1276244065256906753
1276247373426155521
1276253156029194242
1276259129414352896
1276266508520435712
1276274071655911424
1276280823789076480
1276281647823048705
1276289405825794054
1276289405825794054
1276291131207188485
1276291129445621763
1276291134780776451
1276291132973080577
1276291136940904448
1276296679763972100
1276302208611627008
1276302206770315265
1276302213166530561
1276302211694419968
1276302210180227078
1276302216224276480
1276302214756282368
1276470407714013191
1276485554209726464
1276501230919933953
1276513206660464640
1276523388064890882
1276530909395718145
1276538265747800065
1276545942179778566
1276553494531657728
1276560921603846145
1276568670295244800
1276576074068090882
1276584941481058313
1276591363593777155
1276606389826326528
1276606781930852352
1276613819213787136
1276629883649699840
1276636326322794496
1276640027326414853
1276640030421852161
1276640028807045120
1276640035157291008
1276640033605328896
1276640031944433665
1276640039523487744
1276640038097498115
1276640036675608583
1276640041020817415
1276643194680291329
1276648025272836100
1276648023242792965
1276648029030924289
1276648027147599876
1276648033971822592
1276648032289927170
1276648030872178689
1276648037264343042
1276648035624398851
1276648042108719104
1276648040527474688
1276648038937788416
1276659215218675712
1276674291971563526
1276840433457532933
1276855558478475265
1276878037603270661
1276893229670154248
1276908377663254529
1276923363064197120
1276938562819293184
1276953653367234563
1276976164180054016
1276998881545523201
1277021459001626625
1277036539323826178
1277202742302425088
1277217819659304960
1277227714659917824
1277240419810672642
1277255664218394626
1277270614164848640
1277285853228908545
1277300899828957187
1277316087068098563
1277330989665128451
1277346247431593994
1277361298087559168
1277383981512757248
1277557510803722245
1277587769209077760
1277587774082859008
1277610569391104002
1277618065971314689
1277625525973004289
1277633282503520257
1277641884077260800
1277648222295674880
1277655779630292996
1277663376093691906
1277670797210005506
1277678293421088771
1277685934968864773
1277693460141785088
1277708638447120386
1277710228046430209
1277715029853458432
1277715027986911235
1277715034123243520
1277715032294469638
1277715037902249986
1277715036035846153
1277715043803684864
1277715042067193857
1277715040293052416
1277715045963751424
1277717351748841472
1277717899814240257
1277731183955259392
1277733544811548675
1277733543192530946
1277733548255055877
1277733546552184833
1277733550209609728
1277746002057969664
1277746000501800960
1277745998660612107
1277746005094682633
1277746003584651265
1277746010140356610
1277746008458498050
1277746006789107713
1277746011742580742
1277747232733880320
1277919972157722625
1277935081471033344
1277950335240278016
1277952876887891969
1277965303394099203
1277972910175469568
1277980555250786304
1277987967836073986
1277995490261364737
1278002980671946753
1278003085672136704
1278010596462657539
1278014010026311680
1278018021802553348
1278033191950041088
1278040880373477382
1278048414664622080
1278050542175076359
1278051668438011911
1278052461555732481
1278055900817883136
1278063457066201088
1278082495402127360
1278085980264771594
1278093605371084800
1278106162827857921
1278106161326297088
1278106166053285891
1278106164396535808
1278106167613538306
1278108714386554882
1278114781929635841
1278114780134477825
1278114778473529345
1278114785268322304
1278114783707922436
1278114786706939910
1278123913575370752
1278282491267252242
1278297608944058370
1278312666034028549
1278327746872164352
1278335254466625538
1278350432977420288
1278358041751150594
1278366405767901189
1278372963964915713
1278376686854246401
1278387972174417927
1278395716751286273
1278403221485125634
1278409092965502978
1278410713170612231
1278425644095860736
1278433499561820162
1278440832241217537
