1346970722942521344
1346971726295539716
1346971725049815042
1346971723724435456
1346971730917650436
1346971729571229696
1346971728044429315
1346971734998716419
1346971733732052994
1346971732150792193
1346971738719068166
1346971737481740288
1346971736286384130
1346971741495713792
1346971740031901696
1346983584280797184
1346983581520838663
1346984978630930435
1347135985725763584
1347151167889965057
1347158707965071362
1347166106444648449
1347210631624142848
1347237003855847426
1347243040121884673
1347249320760909824
1347263490105503745
1347284432466698244
1347284430432428033
1347284437181095936
1347289857400438791
1347289862572023810
1347308073673756674
1347333648136118273
1347333777991766016
1347342258891198464
1347357051748495361
1347498348966670336
1347520679038443523
1347528654415269888
1347558715847794689
1347604284611862529
1347670893380599810
1347671120170807299
1347687183876907008
1347707677195915266
1347875950122344453
1347906020782215168
1347933598939140097
1347961490561667073
1347996623763238913
1348034551839248384
1348223281699065856
1348253283480186882
1348343935475716097
1348389400816701440
1348595377168117762
1348596681529561089
1348600568500011008
1348627183418404864
1348697193524260864
1348739871712505856
1348759161094295552
1348774334509195264
1348796956403896322
1349015911148228612
1349023364292227073
1349122830990864385
1349138638601211904
1349151683524272129
1349159477111476225
1349310454309351433
1349325364112236550
1349360573021106182
1349367204542873606
1349367211576745992
1349367215800385536
1349367214055559175
1349367219625598976
1349367217884946432
1349367224381878273
1349367222888763392
1349367221311692801
1349367225992544257
1349418855559360512
1349433194358009856
1349461438042165255
1349473405767217155
