1336811002965471233
1336818322919337989
1336820133235482630
1336820161077276673
1336820197680930819
1336820237455527939
1336820277393678343
1336820315759009792
1336823430734352386
1336823561042989063
1336824859377233923
1336826433960816645
1336829488135606274
1336829527914385409
1336829556171354112
1336832542461341696
1336834082563624960
1336834542464864256
1336834559888003073
1336835149783248900
1336836372657823746
1336838757467754502
1336840475605610497
1336841586353836034
1336845895820828675
1336847409712914435
1336849362861821952
1336850483244388353
1336851503118757889
1336852951311265794
1336978545533464579
1336979234548576256
1336979323731980288
1336979808601968641
1336979861693468672
1336979938298224640
1336980258126405632
1336980320755855360
1336980559831179273
1336980626138869767
1336980689208696833
1336980722297561088
1336980943865860097
1336981007405375489
1336981056520675329
1336981146274590722
1336981186703450116
1336981296258703361
1336981436289708032
1336981501028798465
1336981573191819264
1336981610881748994
1336982021344800769
1336982128630894595
1336982179960803328
1336984734258360321
1336991654247534592
1336995357331492864
1337009491947245568
1337012092843520000
1337012886850457601
1337017084316950534
1337017122816397314
1337018926253957120
1337025029008191490
1337033706515652616
1337033749469540359
1337037313302466561
1337037313302466561
1337039855998672903
1337042527652876294
1337042726458679300
1337046406230642691
1337051716286550026
1337051752676388877
1337054940959739905
1337056683751845890
1337058777795874818
1337059404827537409
1337059440378474499
1337062621237944321
1337069407617552386
1337071561585647617
1337073411185664007
1337073433239298051
1337073468769230849
1337075855948845059
1337076703580000257
1337077780861825028
1337079638758060033
1337082747807014914
1337082778161176576
1337084226475319298
1337087432043470853
1337090070818516994
1337090229837160451
1337093251434737667
1337094737094819840
1337094851935023105
1337094950484324356
1337096137195577346
1337096165876264965
1337096758397202436
1337098097567076354
1337099291475709955
1337100125659926542
1337100409178087424
1337101210172665859
1337101227528740867
1337101287603777548
1337103417852956672
1337106985582465030
1337107859025367044
1337107913463230464
1337107993209483265
1337108630324260868
1337109331486052356
1337110927146176516
1337112671578181634
1337113801070620674
1337113833949687809
1337113878220640256
1337113932612374535
1337117231784861697
1337117320452464640
1337117350223638531
1337117768186015745
1337117969298710529
1337120019961024512
1337121340000788491
1337121917787103232
1337122383547817984
1337122739451203586
1337124056785686529
1337124468255313922
1337124475742150670
1337124496172601347
1337125234395258885
1337126398415269890
1337126964273049610
1337126990520967169
1337127178438369282
1337128280940572680
1337130928624295940
1337132093697093633
1337132105541832704
1337132439077052418
1337132453522264065
1337132500464898050
1337132982348476422
1337134933198909440
1337135064224817161
1337136134695038978
1337136161945432064
1337137230222135298
1337137256507838464
1337137874018459654
1337138381768323080
1337139156498214923
1337140077575745540
1337143476287401989
1337144145035603974
1337144177168175105
1337147855014866945
1337147882995150851
1337147981074735110
1337149605805481987
1337149623010533379
1337149731231895552
1337149765381971975
1337150210376667138
1337152991909072897
1337155812821708800
1337155831226376192
1337160467370938369
1337160500250075136
1337160531078230020
1337160568755654656
1337160599394979841
1337160632337133568
1337160691350986752
1337160712704184321
1337162652313907201
1337163070431506433
1337164313207975936
1337166241790894085
1337166284635705344
1337166397760278530
1337166432757559296
1337169342509813763
1337169508302249984
1337170007722250240
1337170016878342146
1337170033093566466
1337172636615512067
1337172648510562305
1337173344471441408
1337176163924455425
1337176203791360004
1337176235403857920
1337176294795128834
1337179093016645633
1337182038592512001
1337183316286566401
1337183383739387905
1337186783210205185
1337190003546484737
1337191758040608769
1337192876384522240
1337193754663542785
1337194674231140353
1337196456667705344
1337196758682755074
1337196783072587776
1337198042525691904
1337198060380762112
1337198082652565507
1337198104018382852
1337200089211736064
1337202942626160642
1337207631564451840
1337208356747026433
1337209037381840899
1337211431536750601
1337216743211753474
1337223266004512769
1337228770583982080
1337229151154147328
1337229961292374016
1337230297465843712
1337234127347621888
1337234401072205826
1337234588524015618
1337339275625508864
1337339464570564609
1337339601820770305
1337339789662711809
1337340770345422849
1337340893809020928
1337341160092786688
1337341229193900033
1337341272382722048
1337341376736976896
1337341513366441990
1337341842078183428
1337341975389986819
1337342097662291970
1337342194269696004
1337342484633047040
1337342688174235650
1337342814682832896
1337342858806898688
1337342950171430912
1337343057465847812
1337352983911297024
1337353056539865090
1337355261464473601
1337359324797132800
1337365836600913921
1337366827723333633
1337369400178057216
1337372148927787010
1337372158981517314
1337374429605662724
1337379410136141825
1337382404655288320
1337382424280502272
1337386339285733380
1337386339285733380
1337389034943950848
1337389084562612230
1337390029795192833
1337391020686839808
1337391261741932544
1337398960890253312
1337399919016030208
1337401495491375106
1337403158025400320
1337405074671362049
1337405511067529221
1337405855084515328
1337407870766354433
1337411151097958400
1337414530301911041
1337414606038429696
1337414928857243654
1337418038526799876
1337420374049492992
1337421023499735044
1337422168876077059
1337424900898885633
1337426927540264960
1337428232342298626
1337428307902685189
1337433598404784129
1337433824121270275
1337434470878769156
1337435550656114690
1337437859545014273
1337438314169819136
1337439090913013764
1337442029190533122
1337444978277163009
1337445112251637763
1337445121617498113
1337447683464847366
1337448869626580996
1337455685815119874
1337458163055030272
1337459649931599873
1337460269002481665
1337461456808382464
1337462423582871554
1337465018829467653
1337465042590117888
1337465715465596930
1337469054165151747
1337469080375336961
1337472585567711232
1337473029014777856
1337474133769261067
1337474174189711361
1337474203965075461
1337474236663951362
1337476426971422781
1337476602196873217
1337479257442955265
1337479255438094339
1337479766786510848
1337481713979678722
1337481909887246336
1337482626668646409
1337483541702184963
1337486025698971651
1337486077968470023
1337487178692169729
1337487203308625921
1337488248634036231
1337490997895450627
1337491091608768513
1337491091289821189
1337492299140509698
1337492383727017986
1337493879256457220
1337493894653759491
1337494866952134658
1337494978453512199
1337495008308506628
1337495125644226560
1337495187619246082
1337495743008006149
1337498123481075712
1337498143320141824
1337499672479461379
1337499774048755717
1337501132885790721
1337501234039820288
1337501267929739264
1337503204997804034
1337503743017951237
1337507218963505153
1337508961034129414
1337508995456757762
1337512705700270080
1337513390143643651
1337513467163668482
1337515329287823360
1337515792481591308
1337516472843821058
1337516497963524097
1337517521235226624
1337518448813944832
1337518479600201728
1337518526391873536
1337518547594043394
1337518599192317953
1337520321751085063
1337520449278922757
1337523442757869568
1337523473929949185
1337526100893773826
1337526184108756998
1337527413971030016
1337530683024150532
1337533833135198210
1337534250946605058
1337534297843052545
1337534724668055555
1337537013961142273
1337539161218232321
1337539174296129539
1337540686594387974
1337540718529835013
1337541636176420868
1337541820063035392
1337545756815863809
1337547390581084160
1337549847449186305
1337549894668709888
1337549982086389763
1337550015334670341
1337551120688959493
1337551178666799106
1337554018487382017
1337554998113275905
1337562202195304450
1337562865839071233
1337570913722769413
1337573444788105221
1337574853537304578
1337576988681318400
1337587331658887170
1337587546918936581
1337594589805424641
1337595931177398273
1337596189202665472
1337703478953713665
1337704005506625536
1337704042047426560
1337704177917714434
1337704398303191040
1337704467903426562
1337704583645290496
1337704709759578112
1337704833353134080
1337705291232776192
1337705431611871233
1337705792431140865
1337705903538245634
1337706575901896706
1337731252393271296
1337736834038771718
1337747634250002439
1337762318646702082
1337768244770459649
1337768502384611328
1337770358196359169
1337776295917334529
1337777149588201473
1337791329431064578
1337791343406542848
1337800582023815171
1337800722201669639
1337807138966614018
1337807228548608001
1337811913976274944
1337815237156892673
1337822490421317632
1337831240796344322
1337848202637283328
1337852313109733378
1337853249047703555
1337854885077934083
1337864212392120322
1337864600583352320
1337864649480474625
1337882201283846144
1337882300290392068
1337887609377476610
1337891099482988544
1337897837720444928
1337900948698652672
1337904304724832257
1337904795009638404
1337914059593822210
1337914071635677184
1337914086957461510
1337917375635742721
1337917375635742721
1337917697523392512
1337923613354291207
1337934484285558786
1337936294882783235
1337936578199556096
1338065728495292416
1338065921173303297
1338066111078731776
1338066542056140800
1338066616815394819
1338066726123163649
1338066899851153408
1338067109369278465
1338067213832613888
1338067606998282241
1338067738670067712
1338068130288050183
1338068288333549570
1338068488225759232
1338068829415600128
1338068943848808450
1338096072716132362
1338096145290158085
1338118320772538368
1338131217078693896
1338154435659390984
1338162407206739970
1338167285232627712
1338182192955060224
1338194352670171141
1338194377081020424
1338199974220328960
1338205477805711361
1338205877757767680
1338206084385878016
1338206384538742784
1338206671458414595
1338206926027546627
1338209761968459781
1338209769052643329
1338209773955723267
1338210355349172226
1338211187570454535
1338211491099578369
1338217326693527555
1338220164341501952
1338220209954549760
1338241937594347525
1338242387290820612
1338256941244702728
1338275370148225028
1338279906241818625
1338289868158414848
1338340164272353282
1338425612000759814
1338425770667077634
1338426050292969482
1338426177007087617
1338426269390745607
1338426380581789698
1338426436227624962
1338426487033237504
1338426629870194690
1338426637382283265
1338426695217451013
1338426719556997121
1338426746132164608
1338426822250344449
1338426849681141763
1338426975359217667
1338427102446686208
1338427208445145089
1338427302682763264
1338436283752984577
1338436413457620992
1338436475503996933
1338436700960403457
1338436706568183808
1338436789418266624
1338436845424795648
1338436874185084929
1338436922709053440
1338436987255222272
1338439103931625474
1338439252930138113
1338440360570351618
1338440373874667520
1338444892440322054
1338446923259375619
1338448375998517248
1338450058069610498
1338456566417252356
1338459563956314113
1338460965935976456
1338463101784641539
1338464325372157952
1338465055562739712
1338466105669660672
1338478168915795971
1338485197726248960
1338485285823377410
1338485910653038595
1338486880321593354
1338488005540139008
1338493466519756800
1338494290650132481
1338494583911686146
1338494888468484096
1338498047639252992
1338500353806004228
1338500457707220992
1338502808484581378
1338505118703083521
1338507436106407937
1338507454959775746
1338508640957960195
1338512081201598465
1338513502579908608
1338514787718864901
1338518808370311174
1338524375268667393
1338527048105648129
1338528326701510665
1338529185615245313
1338530092297940994
1338531580915183623
1338533111689342976
1338534301181374464
1338534542538395650
1338536733282099200
1338537089906991107
1338537140137963524
1338538807726120963
1338539357523873799
1338539488683954176
1338540473405812737
1338541601518473220
1338542030805495817
1338544283054469120
1338544817702391810
1338545347350704128
1338546955438485508
1338548039745728513
1338550366225494018
1338552335186993160
1338553656480837635
1338554141476605953
1338557779582267392
1338557802835550212
1338557869592088578
1338557903385530371
1338560093743419393
1338560369103679488
1338560509021466631
1338561805933801477
1338562979646873602
1338563021925474307
1338563266348535808
1338564507908657153
1338566594465828867
1338568659422367744
1338569940421447681
1338571599549779971
1338571965855133698
1338572541766610944
1338572556413046790
1338576069436301315
1338576089753464832
1338580677592231938
1338581419149455365
1338581736914100227
1338581752726638594
1338581832678432776
1338585648706576390
1338591162815410179
1338591195392565258
1338591243832528899
1338591286878724098
1338592819167055879
1338593165117448198
1338594791974727687
1338597130034765825
1338598424535584771
1338598492583948290
1338598704610238470
1338600904887578629
1338600956003577856
1338602568210132996
1338604284498292738
1338605748885082113
1338608562923253760
1338609314685128706
1338611147675676672
1338612966745403393
1338614733478440963
1338614809357676545
1338615209292914696
1338622556174229505
1338623426605568000
1338623426605568000
1338624570203525126
1338626915373113350
1338626968791683073
1338627002404904961
1338629052358422530
1338630633829134336
1338633168161792000
1338634623807590403
1338634633798414342
1338634703646109698
1338636987482447873
1338638818497490944
1338638991579631616
1338643918091595777
1338644942827220992
1338647025253015555
1338647089799159812
1338648844612022272
1338650334613417985
1338650900768960512
1338651654288183297
1338652058950508551
1338660905073127427
1338662119533928448
1338662755927252994
1338663934342074368
1338788614126317568
1338788775451889664
1338788945103085568
1338789057678209024
1338789146341597184
1338789338004459520
1338789408976363520
1338789504161878017
1338789569525932039
1338789701105410049
1338789827144249344
1338789905510576130
1338790038696570881
1338790117469773824
1338790195634827264
1338790310353268738
1338790341839908869
1338790354699624449
1338790377067868160
1338790440238272512
1338790450984062979
1338790483838062592
1338790577928876037
1338790774603980801
1338790850994835456
1338790964094246914
1338791066242347010
1338798400582672384
1338801687511904257
1338808121758781440
1338808157544570884
1338812030489403398
1338815353938440194
1338822505625219072
1338822606439518208
1338823933169180677
1338825046056431617
1338828715657224192
1338832521769979904
1338833487516889090
1338835289561837570
1338838772126015490
1338838917672525826
1338839009708158976
1338839651604443137
1338843078493401089
1338843315173732353
1338845314246172672
1338847821613699073
1338848392190046208
1338850350279880706
1338852905797955585
1338855023359430656
1338855887088259072
1338857013124583432
1338857506358038528
1338857510971744259
1338857707248492544
1338858264776216581
1338858767320903682
1338859040357580800
1338862026446102530
1338866656219602949
1338867885817663490
1338868851136610312
1338868886687653889
1338868925216546816
1338869560615854080
1338874740115705857
1338874899029504000
1338875686669447170
1338877186078609413
1338878945765298179
1338879051629473795
1338884021615427585
1338887133696823301
1338889113194401793
1338891792712916993
1338893065331896321
1338894786867159042
1338894892542603266
1338897333292032000
1338898908244807681
1338899814831058953
1338903291883876353
1338903981016440836
1338906694345248768
1338906763748397057
1338906823097798656
1338908658709778440
1338913004977614848
1338914612448796674
1338914847766024192
1338915028712435719
1338915107859034116
1338916594345537541
1338916619771289600
1338916812059193349
1338919546783223811
1338921081646804992
1338921122084106242
1338924427589857281
1338925601458184197
1338927095423111168
1338928291630215177
1338928433687130112
1338928467447046147
1338931260375379971
1338931280541528066
1338931434963279875
1338932366413271040
1338934282589528064
1338934353603260416
1338934542829228037
1338935935568924673
1338938418512932864
1338938507050541058
1338940126911754241
1338941463938408451
1338941527754764288
1338945729457434626
1338945768934273025
1338947555028307969
1338949179054448641
1338949252077203459
1338949281307365378
1338951951355146243
1338953041429622785
1338953078423379970
1338954547931262991
1338955294253178890
1338957456760860677
1338959518433124352
1338959951729987585
1338960833804636160
1338961781922926593
1338966559864352770
1338966607381614592
1338968867524186117
1338968904434143240
1338971613824430080
1338972993276481537
1338974585685995523
1338975635054731271
1338976434858156039
1338977206517837828
1338978738302820363
1338979149457797123
1338979308476522497
1338980772489912321
1338982453621518342
1338983257770242052
1338987616952348674
1338987679422279680
1338987920649297920
1338988018997321728
1338988296597352448
1338988923532562433
1338993591553830912
1338993621178134534
1338993649368113153
1338996112728993792
1338996153724121088
1339000228503019520
1339000388662538245
1339000446900428801
1339006087387897856
1339006169600454656
1339006186776039424
1339007289596973059
1339007356408111110
1339010363464052742
1339011131910873090
1339011131910873090
1339013898889011201
1339013952630644737
1339019291262394372
1339019394278707203
1339020724191850497
1339021064966451201
1339052540466507776
1339053444582268929
1339053852289626112
1339149993219944448
1339150066494402563
1339150161554124800
1339150200288538625
1339150475543912448
1339150546071154689
1339150626945687552
1339150687712780289
1339150705903476747
1339150729735512064
1339150743803146240
1339150831048921088
1339150914117115906
1339151002528849920
1339151094660915201
1339151159274078209
1339151182821007360
1339151246863851522
1339151273321492481
1339151334537371648
1339151429026582529
1339157054871760899
1339157136522285056
1339160996745711618
1339163121408204800
1339163995006177282
1339164057899765760
1339165151497424896
1339170475453374465
1339174704192557056
1339175343832363008
1339183411186053121
1339183477107920899
1339183536159535104
1339188213215354880
1339189695188709379
1339189813317165065
1339190690060918789
1339193794282086405
1339195695392239625
1339195703562805249
1339196966216101888
1339197033463369731
1339201170439614464
1339201889506914307
1339203337514835968
1339205546042404864
1339207712182296585
1339208665157558275
1339210230140444673
1339210268098895874
1339217638971551747
1339218409079377920
1339218594157178880
1339221920118525953
1339223755676119040
1339225715833786371
1339226637964021761
1339227628360921089
1339227765246218242
1339229179942998019
1339231278617473025
1339234869088546837
1339236179963678720
1339237968616321025
1339240705634562057
1339243134941876228
1339244497235030021
1339246013538832388
1339246122448027648
1339246841200844801
1339253578750435346
1339254073980235776
1339254365249474560
1339254686579384323
1339257215623028744
1339257289098846208
1339258142115434501
1339259287944777732
1339260652699987968
1339263068879151104
1339263631494668291
1339264833187876864
1339266139189342209
1339269098493120513
1339271446296731649
1339271453288656906
1339271533513109507
1339274307223117826
1339274778570534915
1339275536217100288
1339276606603489282
1339278421906558977
1339281856123039745
1339282877347991552
1339283660177104899
1339286350919561223
1339286502975676416
1339291824737935360
1339293328966299655
1339295131250397192
1339296714726010881
1339297536536932354
1339299559193931792
1339300781414100993
1339300849668009985
1339302434129240065
1339302599510659072
1339306068409769988
1339307250045890561
1339308274693398528
1339309546754420737
1339309569294675973
1339310451096686593
1339312690217562112
1339312757859082240
1339312780621606914
1339315110733615105
1339315546177875976
1339315599785275395
1339317505584730112
1339317545472561152
1339318130221305857
1339318234533810178
1339320733252673536
1339321856021700609
1339321940390129665
1339321982517710851
1339323994168848385
1339324036338364416
1339325653573902339
1339328329581797379
1339328409848193030
1339328493453185027
1339328514533838849
1339328752187297793
1339329706940899328
1339331752649760770
1339333676115562496
1339333732981825537
1339337526457356288
1339337541724594176
1339337556408889344
1339340718733660166
1339342461404123136
