1319035744912957440
1319035748373282816
1319035753175740417
1319035758682894338
1319036258912448512
1319036492262629376
1319036637355986946
1319038505016823808
1319039509724647424
1319040268633591810
1319044041422626821
1319047816518508546
1319049578969223169
1319051591132086273
1319053604309880834
1319055366718717952
1319058635356397569
1319059141298618368
1319062915471867905
1319064678144696321
1319066689426817026
1319068706069241856
1319070032521949184
1319070465344888832
1319070544717725696
1319073529674010624
1319074243175436289
1319076720767623168
1319077857218514945
1319078017419956225
1319079776078974977
1319080909862277122
1319081790729035777
1319083159120740359
1319083592740462592
1319083806834438150
1319084353511718912
1319084355449458690
1319084354509934592
1319085565132890112
1319085726915493889
1319085936706203648
1319089279813980160
1319089340212019203
1319090578106339329
1319093113701437440
1319094876265472000
1319095323357229057
1319096889665638401
1319097105923846144
1319098914813915136
1319098991733362693
1319100666212716544
1319102844193153025
1319103822434869249
1319104440264282113
1319108214810607616
1319108558655492097
1319109557256409088
1319109976229662720
1319111809786433538
1319112054784012289
1319114002576871425
1319115764943683584
1319118681276846080
1319119539452477440
1319123314451927046
1319124920111157249
1319125077594722304
1319127088365002752
1319129101307883520
1319130862437490689
1319133505348009984
1319133522607534080
1319134638095335424
1319138415108083712
1319140177902710784
1319141157465542657
1319142186773057538
1319143486977835014
1319143486977835014
1319146468180185090
1319149740316086272
1319157289807450112
1319161568781881345
1319164838933876737
1319182454100549634
1319197554358222850
1319217686317060096
1319222719469277184
1319225249163104261
1319229012955271169
1319229012133163008
1319231527939657729
1319232787216519168
1319234047026122752
1319236560995450881
1319237818036649986
1319239078118891520
1319242851729969152
1319246471867281410
1319246626481983489
1319246694714933249
1319247734189314049
1319247888195768321
1319249565971812353
1319249681340354561
1319249744103936000
1319249901637783552
1319249926115786753
1319250094877773830
1319251658409476096
1319255432947523584
1319259209301659648
1319260974260641792
1319262985626570753
1319264997890007041
1319266761821294592
1319270535336022016
1319274309383315456
1319276069111754752
1319278083975700481
1319280098449653761
1319281858195017730
1319284725437984775
1319284738851368972
1319284792794312706
1319284883068338185
1319285093106528259
1319285199360815105
1319285293803999233
1319285634180083712
1319286239011336198
1319289407996768265
1319290206986485764
1319291171701616640
1319293196929617922
1319295197780508674
1319296960898228224
1319300733875912704
1319301169550798849
1319301172700667905
1319301171496939520
1319301177519951873
1319301181458427905
1319301185992495105
1319301184675401729
1319301183387807745
1319302843837403136
1319303798431465472
1319304508166541312
1319305224218202112
1319305223303737347
1319305228555112448
1319305227661692928
1319305226495660032
1319306270650863616
1319306943123517441
1319308283224690688
1319309193665499136
1319310294817165319
1319312059214028802
1319315832078585858
1319317148183842816
1319317230916546560
1319319609560977408
1319321377942405120
1319322707796738049
1319322913145839619
1319323406190452739
1319325396043694086
1319327158150496256
1319329590351777793
1319329594420256768
1319329592566378501
1319329600447545344
1319329605069647873
1319329611340132353
1319329609477861376
1319329607380656130
1319329613290483715
1319330932361408512
1319332422727528448
1319334707222413313
1319336467655700480
1319337350900559873
1319338029291606016
1319338484591697921
1319340497945694208
1319342123339010050
1319342168633266176
1319342259591127041
1319346033583861761
1319347778133217280
1319347826984251392
1319348134636515328
1319349805446057985
1319351567485685760
1319353582232231937
1319355596152442880
1319356749984395265
1319356769601155072
1319356839893426176
1319357356594110471
1319358049736220673
1319358268997709825
1319361133858476032
1319364905053622272
1319365187032346624
1319365985820835840
1319366669437968386
1319368057026940929
1319368071245664256
1319368680094969858
1319370154526998528
1319370694355025922
1319372456600178688
1319373821506252801
1319374594948493313
1319376102876311552
1319376101932556289
1319376232618856462
1319380005877633025
1319381767317557258
1319383782097604614
1319385793174118410
1319387556820156416
1319388729019039744
1319388833650126848
1319389026554576896
1319389360102371329
1319389725241663488
1319389988543344640
1319391145948921856
1319391144686448640
1319391150185144320
1319391153712590849
1319391157462331393
1319391161828585473
1319391164580065285
1319391163372036097
1319391332138450944
1319391500837400576
1319393247219757057
1319395104948408321
1319396277139001344
1319396865994067969
1319397484406304768
1319398882242138114
1319400893440233473
1319402655400284162
1319406431880216577
1319409234468098048
1319410203385827328
1319411283163291648
1319411967682056193
1319413134512173057
1319413979324796928
1319415992150183936
1319417018936864768
1319417755301498880
1319418603544993792
1319421531752173568
1319424887732105217
1319424886809346048
1319424885844701184
1319424890470948865
1319425305019404291
1319426358422851584
1319426655857922048
1319427067809771520
1319427671516868608
1319429081822363648
1319431091116277760
1319431400236457985
1319432854552588288
1319433795750129665
1319434039510577152
1319434336907776002
1319434576582877184
1319434576582877184
1319436627673030656
1319438014192340992
1319440402953474055
1319442164015861760
1319442760013959168
1319443814755385344
1319444176874897411
1319445169561866240
1319446191667634178
1319447184329289733
1319447549976207367
1319447870949498881
1319447955884134400
1319448644999806976
1319448697269309442
1319450126843260932
1319450696861835265
1319451727435829248
1319452027290832898
1319452250218127363
1319452448415752192
1319453398970761221
1319454963903401984
1319455502556946432
1319455554822090754
1319455711651352577
1319456246513209344
1319456467859230721
1319457263782891521
1319457284939014146
1319457465415561218
1319458641481588736
1319459278105776128
1319459399593824259
1319459433668173825
1319460159932989440
1319461289572372487
1319463054854205440
1319463212484456455
1319463211628855297
1319463215932174336
1319463213419786241
1319463217182035970
1319464464098394113
1319465409662300161
1319465570732040194
1319466828201152512
1319468196945137664
1319468539250692098
1319468848786132993
1319468853282263046
1319470603401912321
1319472365118652416
1319474375817678848
1319476391604326405
1319477844393820162
1319478153727954944
1319479595586838531
1319480162954612737
1319481439130316800
1319481555153108992
1319481926848307201
1319485701965156354
1319487464562696193
1319487844801376261
1319487843689918465
1319487849595457536
1319487848219770880
1319487845845798914
1319487853387157505
1319487852141367296
1319488559133327360
1319489479279841281
1319491490121474050
1319493253931171847
1319497028825735168
1319500800939479040
1319502564820475906
1319504578589708288
1319508857224417282
1319512126793408512
1319519676020498433
1319523954076323840
1319527224391905280
1319534777658204160
1319544844310745088
1319559940986556421
1319580127643242496
1319585109624918016
1319587623179005953
1319591401483603969
1319593917319446531
1319596430068240384
1319598947577593856
1319600205201801217
1319609016390197249
1319610273867640832
1319612288027054081
1319614047856300032
1319615268562309121
1319616914373607424
1319617834293563395
1319618702040510464
1319621597184098304
1319623360754688000
1319625374137987072
1319627384316985348
1319629146755158016
1319632924715765760
1319636699694202880
1319638468767645696
1319640473460477953
1319642487275880450
1319644246010449920
1319648023102849027
1319649540589424642
1319649795162726401
1319651799083745281
1319651814095028225
1319653557835042816
1319654606163460097
1319654640800026624
1319654653315801090
1319657356108697600
1319657584815673346
1319658061951160320
1319658065872891907
1319658064174219265
1319658075054239744
1319658072546054144
1319658077344288769
1319658198123442176
1319658653255823361
1319659348105306113
1319659607069880321
1319660857178075136
1319663121125003265
1319663515238502400
1319664124884783105
1319664169373691910
1319664192048123906
1319664211497156608
1319664223706730497
1319666895923138560
1319667564767629314
1319668188360048640
1319668658864607232
1319668658763870208
1319670671706890241
1319670704678170624
1319672452511899648
1319675957880422404
1319676765518741505
1319678220833296384
1319679980754915328
1319681687458988035
1319681730597416963
1319681760955822081
1319681998504546306
1319683759525023746
1319683758954631169
1319685785780654088
1319687154113548288
1319687549951090690
1319687784538529792
1319687858433634305
1319687857162784768
1319687862002929664
1319687860899860480
1319687859608014848
1319688284495212544
1319688330154364928
1319688709961256961
1319689544103546887
1319691053784584193
1319691712256569344
1319693321200111616
1319695081847296002
1319697095289458690
1319698856955809800
1319698856666345472
1319699258757447680
1319700870771113985
1319700994981130240
1319702883118493696
1319704646076739586
1319707675475791874
1319708418211446784
1319711082361966597
1319711080344477697
1319711086686343168
1319711089911713792
1319711088489820160
1319711093963419648
1319712164484059138
1319712194603470851
1319713128481894400
1319713147507200001
1319713959478439939
1319713959478439939
1319715387597082625
1319715653994033154
1319715970127155202
1319717984483540999
1319719746359742464
1319723520683892736
1319724974572064768
1319725909981659138
1319725908912209921
1319725910942228482
1319726065846112256
1319726138332041216
1319727179559804929
1319727292919197697
1319729057383272449
1319730962276573184
1319731069424459782
1319731159840870400
1319731618655862784
1319733082849792007
1319734845359140875
1319735136045334528
1319737262989471744
1319738620375388162
1319740348655087617
1319742392786915329
1319742642259955714
1319744156235927552
1319746168285499392
1319748180372869120
1319749945650446341
1319752287670194176
1319753214644899842
1319753719882354689
1319753970894725122
1319755728563982337
1319757494865006593
1319759253343789062
1319759506964873217
1319762042551586816
1319764899225083904
1319765042166988803
1319766963485171712
1319768819796234243
1319770184211599360
1319772593872949249
1319774352989130752
1319776281215393794
1319776367186149377
1319778383933460483
1319780142261149697
1319780312436465665
1319781343132307456
1319782087537401856
1319782880671899653
1319782893636493316
1319782897763688448
1319782896958308352
1319782896060846083
1319783647730405376
1319783917617106944
1319787432892575746
1319787572990758912
1319787732286296064
1319788806388809734
1319789456640086017
1319791467741782022
1319793481909493760
1319795240883113984
1319798261750861825
1319799017103044609
1319799582126010371
1319799830676426758
1319802792828174337
1319804552774901762
1319806130818789377
1319806568293171200
1319808580124594183
1319810343393165316
1319813358263087106
1319813921600098306
1319813950863794178
1319814116090011650
1319814729444020225
1319815878322671616
1319817892322476037
1319818790989946882
1319819654689394688
1319819995346501636
1319821664784404486
1319821685428801549
1319822819149205505
1319822885809197062
1319823678687817728
1319823825748545537
1319824296416608256
1319825187249020928
1319825287492882433
1319825440257810432
1319827721875312642
1319829215366303744
1319832989707227136
1319834754418724864
1319836765876850688
1319838410538913792
1319838847153410048
1319839861885394946
1319840542499524608
1319842060145446913
1319845680517701632
1319848088459202561
1319853877034946560
1319871243479339008
1319877608733986816
1319882066000072704
1319886343921672194
1319889614820106246
1319897162164150272
1319912261843099648
1319927362046300161
1319942471959388160
1319947496479727616
1319960081333628934
1319965111453437952
1319972661762674695
1319976435210199040
1319980211778236417
1319983984244305920
1319987759298301952
1319991533668630528
1319995308068229127
1319999083667476482
1320002858712854528
1320003661062352897
1320004136449019904
1320004247149215744
1320004339474309120
1320006634815561728
1320010411593371648
1320014184361414661
1320017963576119297
1320021732758065158
1320031045874552832
1320033060008710145
1320040607654576133
1320041381738369024
1320046146006454276
1320048158915940352
1320055710940618754
1320063256644456450
1320065739340955648
1320065746773266434
1320065756017508354
1320065760945786880
1320065758563422209
1320069472783200261
1320070809327706114
1320073796959621121
1320074987361890304
1320076346224234500
1320077321974345734
1320078358118543364
1320085906632704000
1320091445525684224
1320093455071252482
1320101009448931328
1320105846555111424
1320105849608491008
1320105848815775744
1320105847972786176
1320106219122479104
1320108558516707335
1320116106942697472
1320119936291794946
1320123656589201408
1320131204142739456
1320138757723611136
1320146304576737282
1320152879655682050
1320153640917749760
1320153857381584897
1320158795201449985
1320161406734434304
1320168953570787328
1320170369886683137
1320176551133089792
1320184053526560769
1320186070013796374
1320187826886107137
1320191605786148864
1320192864224161792
1320195378885558275
1320201274416107520
1320206703653212160
1320207616220532742
1320212931049639936
1320219133875789824
1320219887856459777
1320226021048832000
1320226021048832000
1320229269977636864
1320229356782977024
1320234016696655874
1320236900817555456
1320240678224482309
1320244453609738240
1320248731783102465
1320252000823578624
1320259551300603904
1320304852187205633
1320309885108686848
1320322467974578177
1320327501005062147
1320335047103270913
1320338824078237696
1320342601137086464
1320346371522781184
1320350147092545537
1320353925124493313
1320357699993960448
1320361474351562753
1320365248336068609
1320367009713082369
1320369022626635778
1320372798838157312
1320376571040071681
1320380349818540034
1320383174199758848
1320383181128753152
1320383184526143488
1320383188867268608
1320384124465577984
1320387897292410880
1320393434742640645
1320395446590767108
1320399724718002176
1320402354793971712
1320402506774581248
1320402610206044160
1320402922413252608
1320402963232292865
1320402996581289986
1320406305064898560
1320408535742713863
1320410548316610565
1320413393958981632
1320414088267067397
1320414087247876096
1320418094867750917
1320419387648561152
1320419390588735488
1320419389649244160
1320419388655194112
1320423672465690626
1320424534118465536
1320424686572847106
1320424903196037121
1320425682351149059
1320426503142715392
1320426502203207680
1320430176744984580
1320430394966044672
1320433195393912835
1320433441519718400
1320433590006542337
1320434358352687104
1320436973111287816
1320438730453385216
1320439822830321664
1320440746042941441
1320441497574088707
1320448297287491585
1320452071485833217
1320453295073234944
1320453867755106305
1320454538285858816
1320454576475041793
1320454611535163392
1320454625296707584
1320454640660459520
1320454654413553664
1320455844400607232
1320457257985830912
1320457256870105088
1320457255980920832
1320457254915563520
1320457258942164994
1320457278827368448
1320457857763020802
1320463396379234309
1320470945358880771
1320478494791471104
1320484033059528704
1320486043439800328
1320493592042000384
1320499130746216448
1320501142539915266
1320510515580456960
1320510947706896384
1320510955436994560
1320512466091167745
1320516244295077896
1320516628660981761
1320516631664103424
1320516636500086788
1320516635023691776
1320516633794805760
1320516637624201218
1320523632427323394
1320523793333395456
1320525665138024451
1320526445870043136
1320527410006265856
1320527569658273793
1320531345282617344
1320537751603785731
1320538897563222016
1320542666304688129
1320543980510171138
1320545129288110081
1320546388887961604
1320546441601994752
1320546788043034625
1320548394906112000
1320548479744282630
1320548948025724928
1320549210815606786
1320549358270664704
1320549377291812869
1320550388056100864
1320551384144633857
1320552269423747072
1320553992003424257
1320557765123821574
1320561543965192197
1320565246285680641
1320565911556890629
1320566470389256192
1320569092676427776
1320572486086467584
1320572770963644416
1320572865452871680
1320575080028610561
1320575485835943936
1320576641110822912
1320578653164548102
1320580417620221955
1320580916733976576
1320584192904876032
1320587966549544960
1320589728480169984
1320591090047541248
1320591740512980992
1320595514270883842
1320596018090676225
1320599288897044480
1320603063187611648
1320606840128942080
1320611119787057153
1320614390224343043
1320621940034441218
1320632007064489984
1320637038991941633
1320647104159748096
1320652140340252672
1320662202823696384
1320672271556583424
1320674786914279424
1320678561443946503
1320678561276153856
1320681080668696576
1320682338813124611
1320683597460885510
1320686110822092800
1320687372141535233
1320689886962343938
1320692404744261632
1320693664197337088
1320696180926459905
1320697435233148930
1320699448994025473
1320704986532241408
1320708762064355341
1320710522979946496
1320712534509367296
1320713733820289029
1320714548576423936
1320714794509443073
1320720085082845188
1320723861931962370
1320725622709231616
1320727637564772353
1320729649064849410
1320731410748026880
1320731956758355969
1320731968187883520
1320735184757628928
1320738960415608834
1320740722090364928
1320740722090364928
1320742747192627201
1320743249221332992
1320743248055332870
1320743252778119173
1320743259006627847
1320743263809122304
1320743266350895110
1320743265100943366
1320744748035035138
1320746510418616320
1320750284822482946
1320754058941079554
1320754310335000578
1320755820733353984
1320757852299026435
1320759849798553601
1320760650650451970
1320761612278636547
1320762883265843200
1320763111888932864
1320763287995256837
1320763291854016520
1320763299588272128
1320763295956004869
1320763303551930374
1320763306374696965
1320763304952803328
1320763431759179776
1320763823553351682
1320764461221773312
1320764493626920966
1320765384866353158
1320766141770338304
1320766432976596992
1320766637746827266
1320766639089033218
1320768318685376513
1320769160130027523
1320769386496442368
1320769896884699142
1320770669957705728
1320770725091835910
1320770921737687042
1320770933079105548
1320771210658123777
1320771510504620032
1320771569145286657
1320771688993333250
1320771810410061825
1320771940190224384
1320772336975552518
1320772944449122304
1320774948139507714
1320775064967499777
1320775063520460800
1320775066573885440
1320775071032508417
1320775077340741632
1320775075566530561
1320775872853405699
1320776223857885185
1320776332171620353
1320776643955183616
1320776711047389184
1320776936654663680
1320777128607035393
1320777127789088768
1320777126753173505
1320777129433288704
1320778813383471107
1320780121125445632
1320780486810259457
1320782974401433600
1320784302993526784
1320786020615540738
1320786472602079232
1320786626377822208
1320787284048764928
1320788032807731207
1320788390107906049
1320789412024778753
1320789410565091328
1320790049055801350
1320790516699680768
1320791808813793280
1320792292316172288
1320792299006095360
1320792298028888064
1320792296057524224
1320793139544690688
1320795584433971200
1320796618833186817
1320799356233142273
1320799631362514945
1320801071111917568
1320801119162032128
1320801638982938624
1320801798660091904
1320801973948477440
1320802186163482624
1320802453042974723
1320802714952044550
1320803134218866699
1320803690501021699
1320805145026961408
1320806794885844992
1320806877446328321
1320806908899590147
1320807164672413697
1320807575932329985
1320810682825232386
1320811326017470464
1320814458856419330
1320816218031431686
1320817223364005888
1320817988312854530
1320818232169779201
1320818878671278080
1320820248115924992
1320821634203295747
1320822009551589377
1320822797317279744
1320822796390256640
1320825782894252033
1320829558640312320
1320831321862713344
1320833333295800327
1320833814159998976
1320833815296655361
1320833910666792961
1320834769094021120
1320834995636744195
1320835345341157377
1320837107334717441
1320839786404470800
1320840882669658113
1320844657610366976
1320846292394725376
1320846419763277824
1320848432664367114
1320849592603217920
1320850445678641160
1320850949661814784
1320852208028655617
1320855890275176448
1320855983409811457
1320859757348093952
1320861519589085185
1320861745976610816
1320863533169582081
1320865624856383488
1320865919476772864
1320867305946030085
1320869464804503553
1320871081352286208
1320871167788371968
1320871241503289345
1320872691973320704
1320873234003226624
1320874861439438854
1320876618940907522
1320877101663223808
1320878643745300480
1320879418026283009
1320880592779538432
1320880798816325633
1320880891170680833
1320881339843792896
1320881338841354240
1320881342935044096
1320881341819334656
1320881340791746563
1320882408229605379
1320882656217829377
1320885461171249153
1320886183321325568
1320888169382989825
1320889955279929344
1320890446760083456
1320891715994136585
1320893119349411845
1320893728895152128
1320893748692152320
1320893809576689664
1320893837980491776
1320895746720342016
1320897505173843969
1320898512058535936
1320898969627725824
1320901278923448320
1320905054111543297
1320905232000299008
1320905281581113344
1320906815492755456
1320908023427194881
1320908420489248768
1320908829945712648
1320910845719752715
1320912604840284165
1320912604840284165
1320916380586283016
1320920154683920386
1320921917424107520
1320923380296679428
1320923929410719748
1320925940659163136
1320927238036963328
1320927238863269889
1320927489133195264
1320927748844642305
1320929323960946688
1320931479485091842
1320935254857785344
1320936753952247808
1320936786676256768
1320936883547860993
1320937015807016960
1320939029752385536
1320941040161927168
1320942806085632001
1320946579642163201
1320950352221478913
1320952115146203137
1320954128928034818
1320958406946131971
1320961676670308354
1320962684439973889
1320969226279149568
1320973504737615872
1320976779704705024
1320984328608845824
1320986339924496384
1320994392287727617
1320999427017003008
1321004460869623809
1321009492130177024
1321014528512040961
1321024592278900736
1321029628157460481
1321037176554049537
1321039691769171971
1321040949959688192
1321040949338845184
1321043469553553409
1321044726657724416
1321045982495330304
1321049759759609858
1321051022140284928
1321052273427046402
1321054790667931651
1321056050821402625
1321058567521247232
1321059885832982531
1321061837115449345
1321063597808779264
1321066650544865282
1321066761215713283
1321067232785584129
1321067375819710466
1321071147975430144
1321071492524724225
1321072911160102924
1321074939600998400
1321076936492404742
1321078697932238848
1321079808529367040
1321082472319324161
1321086251055915010
1321088011568881667
1321088983271694343
1321088986710904832
1321088989068218372
1321088988187246592
1321090037480591362
1321090511357313026
1321091526353629185
1321092038184570885
1321093798072619009
1321097572530925569
1321101350386782209
1321105122991198211
1321107137884524547
1321108145457012736
1321112672281255937
1321114774030090240
1321116449386221570
1321118207944646656
1321118382213664770
1321118695557492736
1321118709147004929
1321118725697798145
1321119493679099906
1321119572221661188
1321119609236393984
1321121744665522180
1321122237513113600
1321122906408038401
1321123995496964097
1321125758677487621
1321127772757045250
1321130551013564419
1321130665329438723
1321131545374216193
1321133311306203141
1321134753073008643
1321136875638312966
1321137333991858177
1321137809915318273
1321138178229735427
1321139096228605958
1321140089901076480
1321140093260754944
1321140098721665024
1321140102240743426
1321140104778317824
1321140103830384642
1321142126302892034
1321142873719558149
1321145117990887426
1321146648010149890
1321148409580052483
1321150438583009281
1321150485366067201
1321151604540620800
1321152359263805441
1321152436581638144
1321152841604567042
1321152840442806276
1321152842753843204
1321154194259193856
1321155166679097345
1321157970504355840
1321161745348657152
1321162114988269568
1321162630141128704
1321163130676768770
1321163509405749249
1321164820712955904
1321165521925115904
1321165698278719488
1321167534138249216
1321169296177987584
1321169849482121217
1321169926288220162
1321173070942527490
1321176844901769222
1321178606924681222
1321179985365946368
1321180619347578884
1321181641176330240
1321182100649750528
1321182478816612352
1321182636031774722
1321185101808463872
1321187533993185280
1321187959450693632
1321188170780807173
1321191945839005696
1321192103410421761
1321192105188864000
1321192111736172545
1321192117109096449
1321192121324351488
1321192119432695809
1321193639003844608
1321193706238738435
1321195720783921155
1321195728769708034
1321195836215156736
1321197731206017025
1321198398792413184
1321198817815842817
1321199494323752960
1321203270594035717
1321204249972281346
1321205962187759617
1321205960426180609
1321205967602679808
1321205972023402496
1321205978881167362
1321205976746242053
1321205981309644800
1321206591123787777
1321206595045511168
1321206593669730317
1321206592608546820
1321206598472245251
1321206597545299973
1321206596324777984
1321207043227877377
1321207445276913664
1321208806517387267
1321209117118087169
1321209926430019585
1321210102318325765
1321210188171415553
1321210616242003968
1321210821486252040
1321211789594353664
1321211789594353664
1321212507243999233
1321212835339395072
1321212931221147651
1321214072826675202
1321217377757900800
1321217380781965312
1321217387492880386
1321217386138066944
1321217384766566400
1321217388453351424
1321217675188596736
1321218369174020102
1321219158923636736
1321220443513106432
1321221291991470085
1321221802383659010
1321222144529960961
1321222797272596481
1321223904816488455
1321224853614063618
1321224852716449797
1321224855807619073
1321224854553546752
1321225180635488257
1321225422831415297
1321225921714655232
1321226287373955072
1321226891676635136
1321227347027083264
1321227932518567939
1321228925805031425
1321229144508657665
1321229693832601601
1321230727527055360
1321231561413390336
1321233471495352320
1321234233277456385
1321234254060085248
1321236464349265920
1321237242174689287
1321237620387581955
1321239004017283080
1321240503845818384
1321240831454519296
1321241019355193345
1321243033279627265
1321244798691561472
1321245906382082049
1321246839564283912
1321247549039194112
1321247550230310913
1321247554525249536
1321247560263028736
1321247558346231809
1321247562439929856
1321247957505617921
1321248304517189633
1321248570721402882
1321250328835198976
1321250373953155072
1321250463233142784
1321251847064055810
1321251863149211649
1321252311830654977
1321252342185005056
1321252866674233345
1321254103520038913
1321254223766454272
1321254412346560512
1321256073349611525
1321256118321094660
1321258572437614592
1321259403597598721
1321259892271943680
1321260100934266882
1321262934086066183
1321263668194103297
1321266258336083970
1321266257191038978
1321266261754433537
1321266267777421313
1321266266795954176
1321266265659338753
1321267445072601089
1321267583580991488
1321269204662816769
1321270868341784576
1321271217874210816
1321272280194822145
1321273230620041216
1321274990491295744
1321277980216352770
1321278186785832961
1321278769299099657
1321282165800378376
1321282541618372608
1321283531117481984
1321284302752108546
1321284678654087175
1321284732773163011
1321286316559126530
1321288331796320257
1321290090925228035
1321290550432157698
1321293868634169350
1321295935742353408
1321296031326363656
1321297125213437956
1321297128128471041
1321297127163744256
1321297126207430657
1321297610897035264
1321298551222263817
1321298822044225539
1321301417127301123
1321302484573429767
1321302570128805889
1321302980541427715
1321303430275751938
1321303571195957248
1321305190130163718
1321305323894964224
1321305843569250305
1321307129777655809
1321307150031949825
1321309201243791360
1321310397744427009
1321311925112852480
1321312559417405440
1321312739734757377
1321313851317649410
1321314504731406337
1321314866959769602
1321314871963721728
1321316517074685953
1321317004914155521
1321319669039550466
1321319803928403969
1321320090986516482
1321321368202420224
1321321739972972545
1321322346138030080
1321323481389277184
1321324064435261441
1321325587114434560
1321326978293592069
1321327002285039617
1321329994346369024
1321330028945104903
1321330683281747968
1321330745214967810
1321330824784924673
1321331614945783808
1321334780173209600
1321339164680486913
1321339883462426625
1321340606422155264
1321345507856388097
1321346717862813699
1321350795602911239
1321358005376614400
1321358102051147778
1321358744329048064
1321361813871726593
1321369323131293696
1321371879014359041
1321376914133684226
1321381948997079040
1321386980236763136
1321392015490404352
1321394532429320192
1321397046579003393
1321399564008566784
1321403337292566529
1321405854973939712
1321407111704829952
1321410889011154945
1321412145733685250
1321413404075139072
1321414661946957824
1321417180701986820
1321418436262744065
1321420954308911104
1321422224914612226
1321424225547264001
1321425989621190657
1321426488193880068
1321429762343141376
1321431520972808192
1321432213012041728
1321433536868634627
1321435299512307713
1321437311129817088
1321439324034998273
1321441086062104577
1321444545813487616
1321444610263187457
1321444862152101897
1321448206937587712
1321448206937587712
1321448636291665921
1321450396569796609
1321452410565545985
1321454424607383552
1321456189188833283
1321459206164303874
1321459960711122944
1321461997762801664
1321461996601053184
1321462001483198464
1321462006268919808
1321462012027654145
1321462010375106561
1321462016054194177
1321462017572564992
1321463043000201217
1321463737593847808
1321465497167319042
1321466782302015488
1321467346029072386
1321467524723154945
1321469525070647296
1321471284077826050
1321473053591625728
1321474135810174977
1321474303028645889
1321475058536271872
1321478833887916032
1321479874872111104
1321480600113602562
1321480867806547979
1321480922844155906
1321480927843790848
1321480936693747712
1321480934491746304
1321480939101282305
1321480941819236353
1321480947628306433
1321480952783142913
1321480951604465664
1321481546105114626
1321482609139027969
1321484622669193216
1321486385631711239
1321490047128928257
1321490162371731458
1321491044060422144
1321491050393841664
1321491055900913665
1321491054424510465
1321493934028238856
1321495047880101888
1321495701889703937
1321497729537892359
1321499721530224641
1321501486522748928
1321503694567792640
1321505040981356550
1321505039588880385
1321505038091522049
1321505044395487233
1321505042994655232
1321505049940381698
1321505047839039488
1321505046085820417
1321505259580231680
1321505930740035585
1321505958745419777
1321509033644335104
1321509904780304385
1321510806283014145
1321510837236965379
1321511382278287361
1321514236460158978
1321514431159832576
1321514484662292481
1321516745706758144
1321517398621474816
1321520222012993536
1321520361620516869
1321523639531921408
1321524135722426371
1321524755397185536
1321525897858551810
1321525940871073792
1321527908842819589
1321529922112966657
1321531682504249345
1321535993262997505
1321538927413489664
1321539829528776704
1321540075016970240
1321540187843747842
1321542244143226880
1321545021175304192
1321546784456531969
1321549553636536320
1321550557551775745
1321550693522571266
1321553578058764291
1321554333297709061
1321556093504528384
1321556465979551746
1321558106975993857
1321560024703889409
1321560023776944130
1321560022636130304
1321560025559523328
1321560059340468224
1321561085770567680
1321562809516265472
1321565660057653249
1321569430799867905
1321571196132012039
1321571524717916162
1321573209070862340
1321578441565753349
1321578510675304453
1321580757228363776
1321583919196590080
1321583923852316672
1321583922610757632
1321583920165515264
1321583925634891782
1321583924783448064
1321584532282351618
1321585809879896066
1321586293709672448
1321587235188330497
