1319035781948837894
1319040804271362053
1319045840665780226
1319050884760875010
1319055901253390337
1319060923588485120
1319063445854130176
1319065968493154305
1319070981990846464
1319076026153160705
1319079785637740545
1319082316065538048
1319086084429651969
1319091127497216001
1319096184720576512
1319101187799613440
1319106216304533506
1319111273775304705
1319116271644979200
1319118829369368576
1319121327769477121
1319126356123332608
1319131379171471363
1319136423992283136
1319141462957752321
1319148999639785472
1319156551089881089
1319164114699210752
1319171648881364992
1319194305496535045
1319201895114735617
1319216952443895808
1319230845044051968
1319239631221772296
1319247140904980481
1319254733505351681
1319258468730228746
1319262263753191426
1319263514268209152
1319269796677144576
1319271813046743042
1319277374521831424
1319281134807625734
1319283541188907011
1319284913711898626
1319287960945131525
1319288684466728963
1319296251909779462
1319298667245936640
1319300041316700162
1319302509345837057
1319303134221602816
1319307839563812864
1319311335100981252
1319315133676531718
1319316355389263872
1319319372213747713
1319322228610170881
1319324254681354242
1319326418749300740
1319327853822042113
1319330236425773056
1319333990977970176
1319334283522297858
1319334654252638208
1319334834125275136
1319334926056128515
1319335025700184065
1319335233792126977
1319337759543336963
1319341545183727617
1319345305565990913
1319349077193183233
1319350583229353984
1319352921956515841
1319354857975894017
1319356633907142659
1319360441345331200
1319364503675568130
1319365494386888706
1319365612318187522
1319367953020817414
1319370476087631875
1319372143155699729
1319373902758531072
1319373909163204608
1319373913823084545
1319373920106123272
1319373918378070026
1319373922824015879
1319373921381158915
1319375499555123201
1319379266363133968
1319379716969795597
1319380532627705862
1319383100900724737
1319383344224796672
1319384882087419906
1319386826008920064
1319388329322942470
1319390598143631360
1319394373306638337
1319395618561888256
1319396275087937539
1319396272021831680
1319396278795669504
1319396280385343490
1319398179238981639
1319400236264153089
1319401921409634305
1319405689790410752
1319409525905031172
1319409535044538368
1319409543634440192
1319409553126076417
1319409563163123712
1319409561426644992
1319413249809448961
1319417042588602368
1319420855902965765
1319423669014319104
1319426252630097921
1319428384552898561
1319433376722489350
1319435898296074242
1319436216824176641
1319437167635070976
1319438405282005000
1319439697815478272
1319442186585473024
1319444692421980160
1319444853462269953
1319446220084051969
1319447491725623297
1319449440932024321
1319450494843146243
1319450753535279105
1319451810185314305
1319453109438074880
1319453753511116801
1319454534461214722
1319454770994814976
1319455303839121408
1319457198611832834
1319457291968614401
1319457740067135490
1319458545964863489
1319459251950071808
1319459897260576768
1319460628193476608
1319462319303348226
1319463051972759552
1319465462472769543
1319467414401187840
1319468605579419648
1319468622461476865
1319470852841373698
1319471641416601600
1319472384731217920
1319473633601949698
1319474571834200069
1319476835269464064
1319478607987834880
1319480180319096834
1319481210230460416
1319483289367908353
1319483715442122752
1319488250260717568
1319488757528219649
1319491285762379777
1319493781809451008
1319494806280785920
1319496162580246529
1319498829486579713
1319500060170899456
1319501324732534785
1319502081519243264
1319506779600977920
1319508860588228608
1319511415380639744
1319518937583845376
1319534037329973248
1319541607889240064
1319584224148656128
1319587516043923456
1319594471642771457
1319601996417110018
1319604510390669314
1319609578083000320
1319611119653236739
1319617102710439937
1319617102710439937
1319624663937523712
1319632199411519490
1319635960997531648
1319639720377393153
1319643514557353985
1319647299501543428
1319649810383802368
1319651074991599616
1319652307248840705
1319653587325169666
1319654851970846720
1319657355714453504
1319658607407976455
1319661394908897282
1319662441781919746
1319663893103431680
1319666985454735360
1319669962815000577
1319673724031930368
1319674973527703556
1319675130134540293
1319675362272595969
1319675645904015360
1319675707916779521
1319677483415982085
1319679999536996353
1319681240530812928
1319685093288480774
1319685725546336256
1319688833676550146
1319692588115513344
1319693903201697794
1319696360594198528
1319700132498231298
1319702105666555904
1319702149849296900
1319703918423777282
1319705924118904833
1319706248049266690
1319706441683435520
1319706564945711106
1319706669715214336
1319706829040066566
1319707036440027136
1319707297959071744
1319708332337385474
1319708964435742727
1319711467839643655
1319712962450423808
1319715243648536576
1319716489214255104
1319719023882493952
1319721517614235648
1319722817332649985
1319725921935437825
1319726435767078912
1319727297679773699
1319730417147219968
1319730609946808332
1319734122881945602
1319737900838301697
1319741678559891460
1319745482323787776
1319749206534508545
1319753003608453120
1319754411401482240
1319754418993221632
1319754414844989442
1319754426144477184
1319754428572983296
1319758001721528320
1319759067309625348
1319759524362936326
1319760013913706496
1319760581637918721
1319764318469185536
1319768109440520192
1319770596012658689
1319775663059075074
1319780671397781506
1319785692440952832
1319787463758516224
1319790753241993216
1319795756837048325
1319800801653555200
1319805854573625344
1319810855819685888
1319815899449262081
1319820929510375424
1319825948167069696
1319830979486285825
1319836072147361795
1319841068138057729
1319846091567845377
1319851160552034305
1319858674278477829
1319866230698876928
1319881348669112320
1319896451644858368
1319911569430581249
1319926648410689536
1319941760731254785
1319956852881412097
1319971975318720513
1319987081330950144
1319989544721260544
1319994588606713856
1319997096079052801
1319997309669834754
1319997462975840256
1319997601425641479
1319997724830408707
1319998096722583554
1320002145509429252
1320004627312660495
1320007168960172032
1320012194659041287
1320014712264925185
1320017244538142721
1320019739838697473
1320022258946134016
1320027293310455810
1320032335300014080
1320034837227503616
1320037352534921217
1320038274702999552
1320040634334515206
1320042383577387011
1320044907654950914
1320047410673057799
1320048624185888769
1320049930707283968
1320052698499194880
1320057482060988418
1320060000954425347
1320062518920884224
1320065034899390471
1320067564731535360
1320068818476142592
1320070086611357706
1320072597195939847
1320077626069962754
1320080135584874503
1320085164857446400
1320087680353447936
1320092720891834368
1320095231631556609
1320097753754644481
1320100265463336968
1320102785178914821
1320107852107841536
1320110345998995457
1320112588047474693
1320117876469174274
1320122916302917639
1320138071715778561
1320153143674654723
1320168215511707648
1320176022524919808
1320178626512420872
1320183338578137088
1320190876019294209
1320198425355472896
1320206560862273537
1320213514687041541
1320228642866274304
1320238847268184066
1320243726053216257
1320251266652622848
1320258808103473152
1320266377291333632
1320273911234297856
1320281471765123072
1320289022191828992
1320304124810899456
1320319203455414277
1320326778175500291
1320334378568978432
1320347151042564096
1320349445465190401
1320354384929239041
1320356982260453377
1320359468706693120
1320361985289191424
1320364509609984002
1320369538987339778
1320374567286734850
1320379629300027393
1320382125003124736
1320384662020247557
1320384863812333571
1320387189650456576
1320389669767569409
1320394728257576962
1320395215811842055
1320395332275064841
1320395597598306305
1320395710018277377
1320399739104485376
1320399739104485376
1320404783048556544
1320409863030251526
1320414841325129728
1320417391902380032
1320417969378308096
1320418303005904896
1320419881825849346
1320422401939804161
1320424947383238659
1320429934620409862
1320432463534018562
1320434984700792833
1320440027583811589
1320442523081465858
1320445032898433026
1320447554677579776
1320450076997726212
1320452587989180416
1320455138616791042
1320458778698010627
1320460149333647369
1320460511251701765
1320462697968898049
1320465162265108482
1320467700729188354
1320470234873159682
1320472740638429187
1320475235049754625
1320477776244256769
1320480274283724801
1320485332408827904
1320492885079445507
1320496933899804674
1320500460982292481
1320501415542968320
1320507975484739590
1320515547122061318
1320530606619459584
1320545722027200512
1320575914825125891
1320591014743232512
1320606147594932224
1320621214700888064
1320636320553861121
1320651426134110208
1320656432996454400
1320661478610030592
1320666525964161024
1320674073291214850
1320677839348342787
1320681625097773058
1320689158822789121
1320696710365122565
1320700475826708480
1320704270963015681
1320707370792722432
1320708025418682368
1320711829664993285
1320719380301361155
1320723121666772993
1320726919017541633
1320730668326887431
1320734485776896000
1320738232670261248
1320740652209086464
1320742069896445953
1320745771944284160
1320749578996584453
1320753328578592769
1320758544619216898
1320758877193969668
1320760895706963969
1320762379731390466
1320762877226135553
1320764658425495554
1320768427259252736
1320770925663576065
1320772258718240768
1320776003858452480
1320779781726679047
1320782507034497030
1320783241935228931
1320783608366403584
1320783606709653509
1320783613194129409
1320783618382405634
1320787295193255937
1320792647582289920
1320792646412050432
1320792644944044037
1320792643639615495
1320792648689590273
1320792652829364231
1320796104900988929
1320798626742964225
1320802403571163141
1320806176653717505
1320809962206089222
1320813730955988992
1320817505351467008
1320818760450793474
1320821280174710785
1320825039550357510
1320826013769715714
1320826096770818050
1320826207395586049
1320826515156860929
1320827320190513153
1320827439522713603
1320827532137123841
1320830074866860032
1320832619081355264
1320836384752586752
1320838888106110979
1320840168010665986
1320843910965547008
1320845163548315653
1320847758413176835
1320852740575272963
1320857760741937152
1320862826861338627
1320867824051593217
1320872883850268673
1320877909209468928
1320879913587585026
1320881123136839682
1320882926423314434
1320883066676629507
1320887960305324040
1320893022310117378
1320898030221053952
1320903067655688192
1320907336479854596
1320911862821695489
1320918156140007424
1320923219667406848
1320928229939662848
1320933262727020544
1320938319304425472
1320943317903958017
1320948359767728128
1320953402898157569
1320960949403176961
1320968488480051202
1320976048125812736
1320983591178960896
1320991164942659584
1320998710260731904
1321004436685246466
1321013822803640325
1321021372139769856
1321028880132640768
1321036423995281408
1321044001445842944
1321051558184947713
1321059089779220480
1321066638679093248
1321070429084229632
1321074193220423681
1321077951811723264
1321081747765972999
1321085509679173635
1321085612640919553
1321089282786893826
1321093061565362177
1321096882844782595
1321100612650631169
1321104423851040768
1321105103085047811
1321108183834873857
1321111939595067393
1321115726908956677
1321117897360613377
1321119535915827206
1321121110004539392
1321123290111451136
1321124521378799617
1321127049826881536
1321129555395006465
1321134637415059460
1321136539154501634
1321138358626693125
1321139940894363649
1321142160612315137
1321143061104177153
1321145918528303109
1321149731951837184
1321152558837174273
1321153965027954690
1321157251755814914
1321160010148306949
1321161012746293250
1321162284006318081
1321164837104295937
1321165562765074432
1321166609801687042
1321166795684880384
1321166868741263361
1321172346745610245
1321172346745610245
1321174842608156673
1321177372390002692
1321179892952825856
1321180521230196740
1321180637643055111
1321180850084585474
1321181023275782146
1321182789182590976
1321184929158471681
1321186453091684353
1321187697642344448
1321189418351419393
1321189945839669254
1321192459028877319
1321195018472837122
1321197508035596292
1321200022705364997
1321202571030257666
1321203088867414022
1321205046831403008
1321207566005866497
1321210118722195457
1321212590811435011
1321215104025792517
1321220153451945985
1321221429786914816
1321221556043804675
1321222662207774728
1321225202701897734
1321230213485912069
1321235233417633792
1321240283623862276
1321245325093412864
1321250333658619904
1321253621489651719
1321255395420213249
1321260406514601987
1321265459182948352
1321270496630132739
1321275503324598272
1321281545743831045
1321285599765159938
1321290617419403274
1321293155778678785
1321295638823358468
1321297320533762054
1321300692775112704
1321303204718694406
1321305709414408192
1321310746857398272
1321315786858909696
1321323326434955264
1321330909459685376
1321345980353155078
1321361098344435713
1321376189609578496
1321383739902070784
1321387488192114688
1321391283013885952
1321398855057944576
1321402592992350209
1321406369174532096
1321410142735392769
1321413928430247944
1321419565738397697
1321421492689768449
1321429030051131395
1321434874633486337
1321436590191902721
1321440347910668292
1321440522054094849
1321444132636839936
1321449167210881024
1321450929703555075
1321451009454100482
1321451186617200640
1321451248646823939
1321451413587853323
1321451618823528449
1321451755964649472
1321451915264331777
1321452025742319618
1321452216818012160
1321452328550060032
1321454021148901382
1321454176170319872
1321454268327612425
1321455456418750464
1321459240859504640
1321461743919505416
1321463007302553600
1321466849478037510
1321470550846427136
1321474369282052099
1321476830239576071
1321479365004300288
1321481546193379329
1321483117165711363
1321483121548820481
1321483120030396416
1321483124480630784
1321483128280670209
1321483133481603074
1321483132130988032
1321484315176427521
1321485678505582597
1321489438640381953
1321493200046088192
1321495098606133252
1321496998374199296
1321498760753676289
1321499974652334086
1321502002107613184
1321503276769095680
1321504561853616135
1321508292267511811
1321509558536310789
1321513096821833728
1321513829264728066
1321514111595851778
1321514456338305026
1321514627956658176
1321514773230608385
1321514990780747778
1321515139716308992
1321515244208955394
1321515353495797760
1321515501164601352
1321515607272153089
1321515655552794626
1321515778122960896
1321517598480224256
1321519660391636994
1321519878436724738
1321521386691637248
1321522372097310721
1321523408102973440
1321527200441634818
1321528920508928000
1321530943245553667
1321532719134855169
1321534719952117763
1321535536713052161
1321537239256567809
1321538531815292928
1321539922365353984
1321541008665006083
1321542318806237187
1321542793521778694
1321542797535727617
1321542801180549129
1321542804817006593
1321542810135416833
1321542808583491585
1321544794204708868
1321545284141330434
1321547548360847361
1321549818200772613
1321552337018724352
1321554861968687104
1321557447916617732
1321559880843612160
1321560260109369347
1321562402928889856
1321564960615522304
1321571075705180161
1321572475034095623
1321574992333721600
1321576331461550080
1321576332518547456
1321577495565606912
1321580047409520640
1321581307978108928
1321585058428424194
