1278502830966370304
1278503768212955136
1278507610375745536
1278516264177033217
1278522916435460096
1278593335381258240
1278601245574328320
1278623687659278337
1278855711070420992
1278856655833186305
1278864392843485184
1278870877774331906
1278874200376143873
1278880104383311872
1278982652356259840
1279016596627795968
1279312881662586880
1279425628261867523
1279590122107711490
1279683430263820290
1279685371932991489
1279718380203732993
1279759552183848965
1279776686750314498
1279943776186724353
1279945036449234945
1279946751743418368
1279955148618362881
1279960092868141057
1279967647455563776
1280142297632366592
1280297981921628162
1280315910251671554
1280318294663196679
1280319231821623296
1280326795644899329
1280343220547805184
1280388610282283008
1280389988627083264
1280401134708879360
1280661513376690177
1280664101258063872
1280674343391879168
1280690278291001349
1280703571676106752
1280715872022102017
1280746573538848768
