1278660588281958400
1278667562251964416
1278670396179570689
1278684102753947649
1278689886539784192
1278708204147560449
1278708266542010368
1278708320887549952
1278708636584476679
1278710211084259331
1278720157859356672
1279055083943137280
1279068735077330944
1279081973118533632
1279085393346998272
1279093461090627584
1279339164496953345
1279376912696012800
1279485949932638213
1279753937105584128
1279806031049228289
1279808606695718916
1279834770025992193
1280095665448771584
1280153056362012673
1280159816493731841
1280173822063378433
1280198295856590848
1280225764210769933
1280231542602727424
1280419002133745664
1280422676616687619
1280450632122609665
1280460622526926848
1280462408620953600
1280462411653398535
1280462410365702146
1280462416518709253
1280462415319240704
1280496796356222977
1280504425958772737
1280511514739388435
1280546251008696322
1280548598040662016
1280573859171893248
1280609222892322826
1280609280698265600
1280817665892847619
1280822265039519744
1280822339073081350
1280834621362581504
1280835191955755008
1280886070457090048
1280901719782838278
1280907335431487491
