1245502373704990722
1245502409318846464
1245502426746097671
1245502465564344328
1245502481720848388
1245502497160073217
1245502525693923328
1245502540533379074
1245502558795444229
1245502569172086784
1245502605079560194
1245502630824116225
1245502646733148167
1245506303541248002
1245514752220160000
1245514768888315905
1245515369357414401
1245516995807842304
1245517009997176838
1245517028485709824
1245517050757472256
1245519294525366273
1245519323013226496
1245519832914767872
1245520422130585600
1245521030011072513
1245521043596414979
1245521059585146880
1245521076353892354
1245521659139891201
1245521688378380288
1245582550069735430
1245582587407421442
1245582620760485889
1245582642667380743
1245582666214174726
1245582693728804872
1245582707356139521
1245582729434914817
1245582734744899584
1245583312959066112
1245583332844244994
1245583353115365376
1245583435265007617
1245585597210624003
1245587926391476225
1245589745486323715
1245589781645414405
1245590347884855296
1245590893526048768
1245591826934812673
1245591836451680257
1245591845846974464
1245591855300894723
1245591864775868416
1245591874158526468
1245591883562147843
1245591893053853696
1245591902453239809
1245591912007909385
1245591921570934786
1245591931565928455
1245591941024059398
1245591950427734016
1245591959852335111
1245591969285296128
1245591978701516803
1245591988121944068
1245591997475217410
1245592263620624384
1245592281773527041
1245592308877164551
1245592335984898054
1245592376816500738
1245596991414886400
1245597052278456321
1245597080682262529
1245597107043491847
1245599987389456384
1245600006842642432
1245600034516635650
1245603651751563264
1245603747335516160
1245603773008887809
1245603788754259970
1245603814779916290
1245603830214979584
1245603843204722688
1245605812287893510
1245605821737623552
1245605821737623552
1245606464497971202
1245608274830868480
1245611929671839746
1245612095363637251
1245612721908793346
1245613237460058118
1245613256795774977
1245613808724271104
1245615356518916096
1245616147342356480
1245616777112899590
1245618536166252545
1245620505748504577
1245621368575516672
1245622338890002432
1245622920501530628
1245624953401004039
1245625888240054275
1245627939548352512
1245628655541170176
1245630878820126720
1245631878356328451
1245631891849367552
1245631940197154819
1245632141808898049
1245632869155790853
1245634010442649600
1245634239036395520
1245634756575776771
1245635333510684673
1245635768225169408
1245636198703329280
1245639311396974596
1245639371178438657
1245640147636326402
1245641139442483200
1245642503212040196
1245642521192968202
1245643348741742595
1245643372754169857
1245643384758231042
1245643726879223809
1245645138522566658
1245645185255493639
1245645496720314373
1245646698245836800
1245647877356916737
1245651184846655489
1245653826868109313
1245655972627931138
1245657403653115916
1245657452709732352
1245657505570512896
1245660530972356611
1245661001950744579
1245662584356909056
1245663040038723584
1245663247304441858
1245664650663952391
1245665119222345729
1245665318598475777
1245665390534983680
1245665403516436481
1245665581849874434
1245666136403980289
1245667574991540224
1245667978097688577
1245670403806199808
1245671178662019077
1245671256856412160
1245671990771560449
1245672202198044673
1245672615492100096
1245672776238804995
1245673725221011458
1245674620495290370
1245674987199123456
1245675983706951681
1245676192113537026
1245678982302969857
1245681661439807488
1245682798905737217
1245684112167403520
1245684799215415297
1245685323989991424
1245686237740089345
1245687879608741888
1245688394203770880
1245689262512771073
1245689288592932869
1245689317424533505
1245690181925122054
1245690855593324545
1245695000513519616
1245697047807877122
1245698713575665664
1245698783050170368
1245700261974335488
1245701567191437314
1245702082985963520
1245702398259142663
1245703176034156545
1245703419807047681
1245703427595927552
1245703840063774726
1245704782481952776
1245707966889840642
1245708586522681344
1245709529444212736
1245710608709943297
1245710792101675008
1245711605809197063
1245713644287033344
1245720684476731392
1245727641958842368
1245728667654860800
1245730097929375745
1245730597781278721
1245730626193498112
1245730887620231171
1245731509543358466
1245731536864935937
1245731558763442176
1245731617898934272
1245732343928758273
1245732492767907840
1245733317795876866
1245733662651568129
1245734051127996431
1245734998323453952
1245736503545823232
1245741688171216905
1245742710327296000
1245746942874988544
1245747927462658050
1245747953299578881
1245748570478841856
1245751642944913417
1245752072190001152
1245753997757165569
1245754060537565186
1245754954641477632
1245762723167850502
1245763578239619076
1245765669917995009
1245769492703125517
1245784002495156229
1245784470042574848
1245785158013378563
1245790192595881988
1245791020010409992
1245794794275831808
1245796318792032260
1245802303455727619
1245804918079963136
1245813011727687686
1245816809439334401
1245825842237689858
1245827949481340928
1245845399207895040
1245853770635808774
1245853785068433408
1245853799375237120
1245853814609129479
1245853834179514369
1245853847819444227
1245853877854810112
1245853904140521472
1245853917876871168
1245853931567067136
1245853950844080129
1245853960109322240
1245853991101059077
1245854009111371776
1245854920210649088
1245856306549776384
1245873570305249281
1245873598021107715
1245873614861238272
1245873638856953857
1245873653935415305
1245873668829437952
1245873689939279872
1245874246481575943
1245874721780043777
1245874750259421185
1245874775328731143
1245875988522729472
1245876014640705537
1245876037285789700
1245876670546001920
1245876689621659649
1245876709641027585
1245877815372910595
1245877837262999554
1245878430228455426
1245878459450212354
1245899541750185988
1245931749697150977
1245931749697150977
1245932312572780544
1245939606769590272
1245948761836224512
1245948781201326082
1245950404078317568
1245950432205250563
1245950454112157697
1245950471279382528
1245950507455262725
1245950522454130693
1245951933447311361
1245952514702409729
1245953662008135685
1245954206466482176
1245954215656161280
1245954224787243008
1245954233901473794
1245954242998931458
1245954252050255872
1245954261143498752
1245954270211592193
1245954279262879744
1245954288364421125
1245954297571008512
1245954306660093954
1245954315753271297
1245954324829782017
1245954333918793728
1245954343062458369
1245954352176603136
1245954361290821633
1245954370434465792
1245954379519332353
1245954388646133760
1245954397772877825
1245954990356803585
1245955090948685824
1245955118626897920
1245955154228191232
1245955838105264132
1245955863413755904
1245957039081361408
1245957122187296768
1245957137806827520
1245958670200045568
1245960072020348928
1245960733634035713
1245960762096594946
1245960783198117888
1245966575645216769
1245966988607922177
1245967239565770757
1245967481459683329
1245967829242953728
1245968530455048193
1245968820084318208
1245969755997122560
1245970725221040130
1245971105493528577
1245971209445150721
1245972016513122304
1245972027040837632
1245974379730788353
1245975542547054592
1245976043506348032
1245976131678994433
1245976555517612034
1245976862087659520
1245977443556560897
1245977656274935814
1245978113273737217
1245978146463199232
1245978192529297409
1245979022020018176
1245979742102306817
1245981216400191488
1245981303025041409
1245981956803891200
1245982418093383681
1245982599413194753
1245982812647424001
1245987263881850880
1245987874392211456
1245988239082692611
1245989101842685952
1245989128627458050
1245989327647236096
1245990096421228547
1245990420242485248
1245990490778087424
1245990977719984130
1245993748858798080
1245994401257664514
1245995061239853057
1245995954802655234
1245999948421832705
1246002018608709632
1246005544982372352
1246005591635628032
1246006599900114949
1246008793298882562
1246011310845956097
1246012069385768960
1246015051238191104
1246015625371287554
1246017086650023936
1246017242078367745
1246017437293780992
1246018913416208389
1246021420607471616
1246022046204780544
1246022128744509441
1246022177369075712
1246022459117244418
1246022893458403329
1246024217520455686
1246024289729552384
1246024345933225985
1246026249488732162
1246026967813623808
1246027580387573760
1246028163324534787
1246028916927737856
1246030226951372800
1246030833942749184
1246030846278205441
1246031668059701248
1246032955522322434
1246036622522683392
1246040719321686019
1246045300873142273
1246048971568619520
1246048971124080642
1246049469679927296
1246050509594808320
1246052971894452226
1246058186802630656
1246060707080273921
1246063334903943169
1246064776490319875
1246064875647844354
1246064908686503937
1246064936666763265
1246066732675952642
1246068548046213120
1246071565445300227
1246076941234507776
1246078267544801280
1246078404664995846
1246079354569883648
1246080356190695426
1246080409248686081
1246083965854920704
1246084815209861125
1246084833845088257
1246085574152409089
1246086788382416897
1246087393763041280
1246087406958379012
1246087441611661313
1246088501923385344
1246088522718740493
1246089113700380672
1246092596457410560
1246093569875677184
1246094446086815744
1246094470795481095
1246095396394487811
1246095412848721920
1246095852525010944
1246096387957231617
1246097252835299335
1246099826305052672
1246100858187780101
1246101728057069568
1246102395899314179
1246111770722394113
1246114652339273730
1246116201429950474
1246118201865449474
1246118280508649472
1246124852693676033
1246125859083292676
1246130292475211776
1246134415601930242
1246137760844562437
1246140025525370880
1246149018088026115
1246150891486486528
1246155678353424384
1246159934502436864
1246179838819524609
1246183433379946502
1246185649578954753
1246190572458647554
1246198366935101441
1246198385872375810
1246204567265726465
1246221511075270656
1246221511075270656
1246221532491382785
1246221551118188544
1246221577815023618
1246221602494263298
1246221622878580736
1246221645079076866
1246221659289370627
1246222853890023424
1246230149642752007
1246230175295197184
1246230192600858624
1246230215585562629
1246230247600795649
1246230264818413569
1246230280127549440
1246230294732169218
1246230309433155584
1246230331180580869
1246230347467100162
1246230415465230341
1246230429184688133
1246232976121303040
1246233539382841345
1246233565752365057
1246235357605236737
1246235379306561536
1246302626624557056
1246302642491609089
1246302668726861825
1246302709831081984
1246302764784914432
1246302802177134592
1246303403749318657
1246303451736346625
1246303488256233473
1246303564583981057
1246303590525947905
1246308110890926080
1246308129152872448
1246308142545158144
1246308155946139649
1246309312575791104
1246316031016132608
1246316088561975297
1246316610912235520
1246316620026347520
1246316629128024064
1246316638229725185
1246316647356534793
1246316656483348481
1246316665605931008
1246316674741161984
1246316683813433344
1246316692894031872
1246316702012526594
1246316711193776128
1246316720270213121
1246316729359269888
1246316738481979392
1246316747587760128
1246316756681048066
1246316765807874048
1246317199331135488
1246318986922463233
1246319041209405442
1246319072956100608
1246321378082672641
1246324767768141826
1246325195461349377
1246325223575760902
1246325257100759040
1246325880231690240
1246328759252377606
1246336855064354816
1246354166341140480
1246356726649180160
1246358219687186437
1246360958932582400
1246361115799453696
1246361510118645761
1246362038210887680
1246362753092194304
1246365390911025152
1246365493591789568
1246366080098078724
1246367689213444097
1246370697695371267
1246375607304404993
1246376486401081346
1246376521343864832
1246380558424379393
1246382871847321600
1246384466853068801
1246386131786178562
1246386969434865665
1246386995108216834
1246389150431002625
1246390572262268930
1246392066826842114
1246392139971428353
1246393510208638976
1246395167722164226
1246397053552508930
1246397921492447232
1246398384002531328
1246398631256735744
1246399830672498691
1246399865644515328
1246400689800122375
1246402646770176000
1246405364117053440
1246406710966845440
1246407275583082497
1246408983528775680
1246409792383586304
1246412096088276993
1246413869054152704
1246422844675969024
1246423693905080321
1246423711252533250
1246426969572626432
1246434597073604608
1246435015615021056
1246436996396056577
1246438099351191554
1246438401659805696
1246442560354242561
1246442581241757697
1246445953084805120
1246446227354464257
1246447560367255552
1246448114963304449
1246448188590096386
1246449913795403782
1246450999902044160
1246456954844852224
1246458304194371584
1246459155310919682
1246459210449203201
1246459881143574530
1246461605350723584
1246465047813140480
1246468041325633540
1246468078617145345
1246470721859129345
1246470796316467201
1246471648116715526
1246471768589709314
1246481018485342210
1246481040543277056
1246481139876990977
1246482359844823042
1246484595819909120
1246492869747249152
1246492966555987970
1246493860106207232
1246499548354183169
1246505076409225218
1246513121864359937
1246514335326879744
1246517550709723148
1246530484877889536
1246537431169536001
1246547229168582661
1246549635851747331
1246550770008428545
1246560111901933569
1246563798787465229
1246563827526914048
1246564425160671232
1246583149422940163
1246597828400513024
1246597850861113349
1246597870196850689
1246597888882495497
1246597905315762178
1246597917743382528
1246597937184026624
1246597972302934018
1246597988769726474
1246598007606345737
1246598022080978944
1246598039021785088
1246598056176504832
1246603033858977792
1246603061868613632
1246603079669161984
1246603131661795328
1246603155200192513
1246603183549530114
1246603198057635841
1246604369618927616
1246604433921839106
1246608899446386689
1246608953016016898
1246608983395270656
1246610542946639872
1246611777191841802
1246611801086873600
1246611801086873600
1246611822846894083
1246613796749225985
1246614535831785473
1246616227251990528
1246616262035288064
1246616287322791936
1246616318901698567
1246616349041987585
1246616418575175681
1246657379980230656
1246663368733347840
1246665651948838913
1246666234457993218
1246667375031791618
1246670808610680832
1246673485356728321
1246673600997982208
1246675760850624514
1246676361508503553
1246676412565782534
1246677150977138689
1246678268775972865
1246678863838613504
1246678994709340161
1246679003810979840
1246679012925222912
1246679022064537600
1246679031161982976
1246679040267898880
1246679049331761152
1246679058458513409
1246679067581132801
1246679076716400640
1246679085822152710
1246679094911217666
1246679104012914689
1246679113097764864
1246679122283282432
1246679131401654272
1246679140528422913
1246679149693014016
1246679158803005446
1246679167934103559
1246679431516688387
1246679470041378816
1246680050570797058
1246680111027494914
1246681206051221504
1246685347704115205
1246685363667644421
1246685393199693825
1246691588237123584
1246695100610207744
1246696292778160129
1246697494647582721
1246697549781753856
1246697579322146817
1246698385211621377
1246699959371661312
1246700676492726272
1246703699738722306
1246704877134401536
1246707572389928960
1246707628559994882
1246713499432214528
1246713503110639616
1246718956687306752
1246722242966413312
1246722785914892288
1246723084129886208
1246723619033620480
1246727301892648963
1246727329604304896
1246728280260173825
1246731033606868992
1246733749930385411
1246737507452170240
1246738096693141506
1246738308316758016
1246738888795832320
1246741958938238977
1246743732248084480
1246744576263585792
1246746406955728897
1246747380973809664
1246747428855971841
1246752296693911552
1246753563197550593
1246759931493191680
1246759992700669952
1246760673071300608
1246762193288343553
1246769127936663552
1246770001031434241
1246772289200422912
1246773842300882944
1246775147798953984
1246775238173642752
1246776080897368064
1246778409264521216
1246778893492727814
1246779041920831489
1246781006822195202
1246788406669164546
1246793734802587654
1246796406007959553
1246798433110896646
1246799471473831939
1246799501580365825
1246803408943792129
1246809423412068353
1246811091054800896
1246813150030245890
1246814230793379840
1246814251756523520
1246816359004151808
1246816504068399104
1246817474953261057
1246818280494465027
1246834890005532673
1246838530762067973
1246840103131103236
1246843093007118337
1246844918796034049
1246846532583899146
1246847169925189632
1246848054357000192
1246850430983864323
1246850661163155458
1246862442262605827
1246865033688231940
1246874336042115073
1246884888537632770
1246885456932999170
1246887217890459653
1246894243223920640
1246901582098300934
1246904667012988928
1246906283917217795
1246911193081659395
1246917088016568329
1246919043778568194
1246924032550875138
1246930471541444608
1246951647974211584
1246951674159271938
1246951702076567554
1246951729599516673
1246951746682916865
1246951783521550337
1246951797731794944
1246951826664153089
1246951844544417794
1246951865859923969
1246951877520035847
1246951896599969800
1246954425995968517
1246964166033838085
1246964187210924032
1246964201043697664
1246964226914226178
1246964250519707650
1246964272862724097
1246964317112631296
1246964342345646081
1246965563940917250
1246965589140275202
1246966705353564164
1246966746097082368
1246966764744912896
1246969471018860545
1246969496071536642
1246969521266659328
1246969559502016518
1246971369985900545
1246971445202296833
1246972555371728898
1246972606974251012
1246972629598326784
1246972647637991424
1246972676431896586
1246978240159375360
1246978264960303105
1246978289157242880
1247033506741604352
1247033602552061954
1247038350772576258
1247040778989436930
1247040823906242565
1247041382394494982
1247041391487848449
1247041400576892928
1247041409695322112
1247041418775924737
1247041427902734338
1247041437021212672
1247041446168928256
1247041455266414592
1247041464389062656
1247041464389062656
1247041473499017216
1247041482617499649
1247041491672891393
1247041500795604993
1247041509993693184
1247041519078592512
1247041528201203715
1247041537340555272
1247041546467319809
1247041555640311810
1247041698963902466
1247041739266932737
1247044693927608320
1247044707416498181
1247044731420409856
1247045237941383171
1247046014671953920
1247047677797433344
1247047731702611968
1247051987822264325
1247059068122009602
1247059953698906112
1247060931726782464
1247061523635322880
1247063126190821377
1247065286303506432
1247066264402563072
1247066292332486656
1247066340529242113
1247066735351644161
1247068094910156801
1247068739390013441
1247069594986086400
1247070380629602306
1247071221902192641
1247071257809629192
1247072266946596865
1247073378198061056
1247074166110588928
1247074421648568321
1247074639739748352
1247074648241602560
1247074771285745670
1247075249843306506
1247075784734453760
1247075813524209665
1247075847443558401
1247075954146586624
1247078581467045888
1247078592623886337
1247078811465809921
1247079972017242112
1247080232898777090
1247081327813447686
1247081354384285696
1247081688087363584
1247082073602613248
1247082289349173248
1247082549538627584
1247083316764868609
1247083449762144257
1247083486135099392
1247085635736829953
1247086316250169344
1247086393811181570
1247086420851863553
1247086430997950464
1247086443480190981
1247086627878588416
1247087356320067584
1247087363882455041
1247088288172838912
1247089049816502272
1247090211730972672
1247091716412387328
1247092758134865921
1247093431429627911
1247093460454252544
1247093546055655424
1247093586535034881
1247093649785176064
1247093729225330689
1247093777644359680
1247095629429555201
1247098247212142593
1247098475013197827
1247099714216099841
1247099812576743425
1247101154967912449
1247102605769277447
1247103240065482753
1247104335177224199
1247104402147639296
1247105124201304064
1247105218740989952
1247105502699544576
1247105983501000704
1247106051901665280
1247107600539320321
1247108603066138625
1247109520750510081
1247110833286582272
1247111133993013251
1247112016604606465
1247112952144068609
1247114049936068610
1247117513588170753
1247117531434885120
1247120672863801344
1247123272426274822
1247124654478766080
1247125110370295810
1247125595735146505
1247126343696908290
1247127599790338049
1247127602344660992
1247128454572789761
1247128648609607681
1247128698962300928
1247129865456943107
1247129956930539520
1247131683012382720
1247132818402152448
1247133673750704128
1247135815777599490
1247139870314770433
1247142011800600576
1247144429317689352
1247145471791022082
1247146672779649025
1247146915017482246
1247146939696787457
1247147862175223809
1247149420958941184
1247149647728123905
1247151135347159043
1247152687688200193
1247153924370362376
1247156024412229633
1247160441530249218
1247161411475628042
1247161516190650370
1247162773265477634
1247163309654020098
1247164480368214017
1247165720787472386
1247165939356852225
1247166763973767172
1247167812075794433
1247169389197213698
1247169709839130625
1247170909569507329
1247173563926396929
1247173941929656320
1247174940165578755
1247176109633961984
1247178367146823686
1247181306116673538
1247182804313653250
1247183106014089216
1247184007537864704
1247186816509382658
1247186855482834944
1247188960142667777
1247190466413629442
1247194305292374018
1247194353086455811
1247194392605196289
1247196345636737024
1247197204848181248
1247198831852355584
1247205864102072321
1247205911174799360
1247205971279126539
1247207017292468224
1247213478693277697
1247215368126574596
1247224543665676291
1247226315226451974
1247227941861408772
1247231202576211972
1247237202398019584
1247238235312570368
1247243405152919553
1247243561726349312
1247247425330438144
1247247680088215552
1247248981647937536
1247251818259849218
1247252575419842560
1247252588933853190
1247253957757591554
1247256094310891520
1247256879866183688
1247259804608933888
1247269734397161473
1247273139702243330
1247291797908467712
1247296600696815618
1247296600696815618
1247302317415727105
1247307697030082561
1247307707327090693
1247307741695217664
1247307765342777344
1247307785450242058
1247307811731668992
1247307829209378816
1247307841947516929
1247307859567640576
1247307871282442241
1247307890924363776
1247307911795281924
1247311051672162307
1247316944002441216
1247316955578720256
1247316976608980992
1247318731530870785
1247318757124575232
1247318786765660160
1247318836791201798
1247320268248358920
1247320302696218629
1247320347864694785
1247320378671869953
1247321658186137606
1247322236077240320
1247322257468329984
1247322274958540800
1247323509371670528
1247323543194525697
1247323560592490506
1247323585095532557
1247323602594168839
1247324826173419521
1247324842191474693
1247324913666588673
1247326393974784008
1247390399389478913
1247390433992376320
1247390457295974400
1247390490938482689
1247390527626121217
1247390558915624961
1247390637722345472
1247390676049944577
1247390702398472192
1247390714914316291
1247390762490265600
1247390785462468610
1247391408169893889
1247394861168369664
1247394957041766402
1247398886525865989
1247401213555093504
1247401241937936384
1247401269683204097
1247401288352088064
1247401304923742210
1247403766065827841
1247403775171715077
1247403784344657921
1247403793471483904
1247403802598178817
1247403811741859841
1247403820889620481
1247403830016454656
1247403839143190530
1247403848311934976
1247403857426165760
1247403866624229376
1247403875759534080
1247403884827598848
1247403908240158726
1247405973821689857
1247406583434416128
1247409117209284608
1247409149190770688
1247409493983592448
1247409571385270274
1247410374997159937
1247410410275450880
1247411235366330373
1247411266857193474
1247411351112372224
1247411409220177920
1247411462198431745
1247412278204522496
1247412321506508802
1247413245050327042
1247413306618413056
1247413361610051586
1247413383906852865
1247414362052218880
1247416318875271168
1247417125356154883
1247417369435295744
1247417954179915776
1247418987115397120
1247419571621056515
1247420311378767872
1247421070468091904
1247421825749078016
1247422512432111616
1247423010677587968
1247424421134061568
1247426262639030273
1247427396522868741
1247428288135520257
1247428388047945728
1247429045903556610
1247429614466674689
1247430390173913088
1247430885663801345
1247430999866331137
1247431553036292096
1247431648762900481
1247431679918120960
1247431726617559041
1247432603038334976
1247435144769744896
1247436222013865985
1247437396020473857
1247437711788703745
1247439955758059520
1247441366680055810
1247441577217273856
1247443331812032512
1247444418556297216
1247449062443548673
1247449985916026881
1247451046886158337
1247451428584476673
1247451780105097217
1247452493401010177
1247452692911468549
1247454285576757249
1247455696964239361
1247456430329905152
1247459108950769664
1247459523050250240
1247461863656488961
1247464261758128129
1247464608786526208
1247465001281093633
1247465012756656141
1247466408742707200
1247466579723419648
1247467404982190080
1247469997812785153
1247470155233452032
1247470915119730688
1247471856573177857
1247472629793030144
1247472846680592386
1247472922807144448
1247472956814561287
1247474945552252928
1247477375404847106
1247477435807010816
1247479796310958082
1247479977521614848
1247480556343963649
1247480576262758400
1247480633804369920
1247480667073626114
1247480694940610560
1247481722406658048
1247481808012357632
1247483910835011584
1247484483181465604
1247485320620318720
1247485763622768642
1247486841877680129
1247486994697068545
1247487053966819329
1247487067250180096
1247489800078266368
1247490316741021696
1247491315614482432
1247491948996440064
1247492094387785728
1247492316601954304
1247493333171265537
1247497432100978691
1247497631762395140
1247497653350469633
1247498592698478592
1247500812575805441
1247500946621501445
1247500986224173062
1247501783540338689
1247502662943244290
1247503444878991360
1247503568686534659
1247507230964015106
1247508641852403717
1247510382341734401
1247514570941444096
1247514570941444096
1247516294074765313
1247517065851875328
1247517435764158467
1247517716841259017
1247519694170382337
1247520120575946753
1247520539100336145
1247521194330357761
1247521468440666113
1247523403206021122
1247524999935569920
1247525021800476674
1247525672794259456
1247525894568042497
1247526178375651329
1247528979143090183
1247528996587188226
1247529111783755779
1247534667399434243
1247535764956516353
1247536124391641089
1247539302575132676
1247541198706724870
1247543121572962305
1247544193934753793
1247545170368892929
1247546613985411078
1247547773257424896
1247550644304711680
1247550726810882051
1247553504429912068
1247554590100410368
1247555253341478912
1247555859108020225
1247557404595834880
1247559806480777224
1247561613051342849
1247561631774711814
1247562466416046080
1247563194576617472
1247567445814018048
1247567648696799232
1247570769191763973
1247572442840735744
1247576405900251138
1247584856130887681
1247585703476822016
1247586466282307585
1247587138864021504
1247587320817164289
1247590127087562752
1247592561281302533
1247593714110926849
1247595826513350656
1247598263827681283
1247600958437236749
1247616431878963204
1247617406559817730
1247617523689938950
1247618195491631105
1247627679983194113
1247628345459773442
1247641614115377153
1247647253130592256
1247647376589946881
1247658003345682432
1247671605427351557
1247671624498888705
1247671642127503363
1247671658653106176
1247671668664938497
1247671686385762307
1247671702051528706
1247671733454340102
1247671773618987009
1247671812156260352
1247671873443377154
1247675132958707713
1247683558765969410
1247683583231299592
1247683602999017473
1247683649656557568
1247683667494928389
1247684252176654338
1247686008403046400
1247687143553667072
1247687175325573122
1247687196817215488
1247687218057142273
1247687233861226504
1247687783357046784
1247689559439282184
1247689583271313410
1247689600618856450
1247689630578860033
1247689648320712705
1247689663445336065
1247690292783955968
1247690881571962881
1247690901960392705
1247695395414835201
1247695419964116996
1247695433801109505
1247695452683874304
1247698183150424064
1247701109063520258
1247701144576700416
1247701167699886081
1247701863358660609
1247702941194162181
1247750433377898497
1247750457365164034
1247750475111260163
1247750551556608003
1247750603729584135
1247750642661068801
1247751804084875266
1247752288958988290
1247757398690762752
1247757411785388035
1247757437559386113
1247760396330471424
1247761774843068416
1247761814995103745
1247761835836583936
1247761870246662144
1247766162382848005
1247766172121960450
1247766181370421250
1247766190698532867
1247766200005713922
1247766209287688192
1247766218603286528
1247766227935617026
1247766237255360515
1247766246663147533
1247766255995506690
1247766265541693440
1247766274823708673
1247766284151873538
1247766293459042308
1247766302778744837
1247766797002006531
1247768161002205184
1247768261321568258
1247768314211794944
1247769098630492161
1247769205585227777
1247769324305047552
1247771561873911808
1247771698004287492
1247771752538595329
1247773546190782472
1247775320272330752
1247775356641107971
1247776298782478336
1247776372941979654
1247777741363011585
1247777839228702724
1247778491593928706
1247779493671915520
1247779603638190087
1247779686349824000
1247780470005194752
1247781536348262413
1247781545437323264
1247782931533185030
1247783435403321344
1247783885653422085
1247784226629402624
1247785429870370822
1247785552679559179
1247786420732702725
1247787403147800576
1247788947628937222
1247789721935212545
1247790545784590336
1247791761851682821
1247793907762483203
1247794682718859264
1247795053751238658
1247795860785618951
1247797136936194048
1247798461023436800
1247799217550024706
1247799265822306305
1247800155601924101
1247800212690624514
1247800271050178560
1247800289584799745
1247801390182744074
1247801956929695745
1247802332571504640
1247803750397276162
1247804861887856641
1247805289639755776
1247805679043096576
1247806182795776001
1247806523494944770
1247806523494944770
1247806562095136769
1247807627699974147
1247807989810991104
1247809372849205256
1247809547961380864
1247812988280680450
1247813456616722432
1247821929505009666
1247823989659107330
1247826171481346049
1247826204201230336
1247833870281703424
1247834835567116288
1247834863450890240
1247836581454581761
1247838003491454976
1247838053638471681
1247841557358817280
1247843794822856704
1247848118437269509
1247849302455656449
1247853772895858689
1247856719016820737
1247857569386938368
1247858517215711232
1247861150257201152
1247861172658978816
1247861531339100165
1247862603390562304
1247862922119806983
1247863617619361792
1247864115374231555
1247864144453423112
1247864158390976513
1247866118548717568
1247866665414660096
1247866664143728642
1247866730237624325
1247866804942372865
1247866813628760064
1247866847304826885
1247867483232579584
1247867737776558082
1247867786912768007
1247867804587569153
1247867898900762626
1247868830698868742
1247869993221586945
1247874071867555840
1247874173826891776
1247876145497997314
1247876922291425280
1247878840736595968
1247879412411813897
1247880265831051266
1247880312278773763
1247880402116546561
1247885659441774600
1247886673574129667
1247887923891933184
1247887949116534786
1247891300021440519
1247891329771692032
1247895209532215297
1247896196506501120
1247897009324871682
1247897446149046277
1247898985731207172
1247900538504491008
1247901529937285123
1247904743709540352
1247906188043227137
1247906225074753537
1247907590799085575
1247911114387730434
1247911279454552064
1247911835430502401
1247913331207409665
1247914055697870848
1247915114805813251
1247919038455521281
1247921190997540865
1247922851132432389
1247924150133501957
1247925524292403200
1247926952297730048
1247927702386024448
1247928072256606210
1247928128569315330
1247928842607607809
1247930099254669313
1247932106774401027
1247934275426684929
1247935118662139904
1247936328446205957
1247937577631580161
1247940919963324417
1247949117067853825
1247952125059125249
1247954816703311874
1247956570555719680
1247957300159090688
1247958234398408705
1247958238550769664
1247959390524760064
1247959413333377026
1247961931035611139
1247963029146415107
1247963809718943745
1247963831864786946
1247965529006059520
1247966458451296262
1247973371767394304
1247973455838003200
1247976424666996736
1247981233335873538
1247982412518379520
1247982522371313665
1247997885553262593
1247997897150349312
