1263228003787694080
1263235556353458177
1263235556147965959
1263236399802863618
1263243102250315781
1263250655277441025
1263250709643960322
1263258202545807362
1263265751798071297
1263273302883282945
1263280852395589633
1263288400532078594
1263295951747325960
1263303503109332993
1263311052009361408
1263318599986446337
1263326153118531586
1263333700999274496
1263337475654778887
1263341251140730880
1263345028199600128
1263346524576264192
1263348799080206336
1263351317680082944
1263352576721981442
1263353835050930176
1263356350509309952
1263358865183211521
1263360124632129536
1263361384634445825
1263362640128217089
1263363899862257664
1263365157800927232
1263366416205561856
1263367674677137408
1263368933127737344
1263369832575258624
1263370192312307712
1263371450129559552
1263372708215238656
1263373965436870656
1263375225388965888
1263376482036060160
1263377741417766912
1263379001365626881
1263380256309813249
1263381519076331520
1263382773223567361
1263382773223567361
1263384031972012032
1263385292347707393
1263385979630608384
1263386548327899136
1263387805511712768
1263389065799520256
1263390322144555011
1263391584076419072
1263392838831738880
1263394098423136256
1263395356148150272
1263396616016445443
1263397872877342725
1263399132271644675
1263399201230159873
1263400392567775232
1263401647872630786
1263402909103947777
1263404165407158273
1263404876576497664
1263405425350803456
1263406681343561729
1263407940314243072
1263409201235320833
1263409334068936704
1263410457596981248
1263411714403586049
1263412974871613441
1263414230352564227
1263414341577117696
1263415487968481280
1263415740570505217
1263416746498822145
1263418007415599105
1263419264943489030
1263420523180064768
1263421497986744325
1263421780808564740
1263423038000893952
1263424297462366209
1263425053057744897
1263425556286234624
1263426813092560896
1263427984222031872
1263428071304171522
1263429329352089600
1263430588733718529
1263431846345543680
1263432830924840962
1263433104645120004
1263434364945412096
1263435623232344072
1263436881485803523
1263438139265290240
1263439398693146626
1263439400131801089
1263440419641339904
1263440653813460993
1263441914499436544
1263443172895719424
1263443822375305216
1263444428754206720
1263445688869928965
1263446948998193154
1263448204424732672
1263449033869340672
1263449371863023617
1263449464624287745
1263450722651246592
1263451980657287170
1263452491015958528
1263453236968775682
1263453446562287616
1263454237188554759
1263454497394876417
1263455755845410817
1263457012890906626
1263457431167926272
1263458273493159936
1263459531687952384
1263460787231895558
1263462048203145217
1263463303268962320
1263464563430883328
1263465822951014403
1263467078553612290
1263468336500871170
1263469597107408896
1263470856430379008
1263472112842440706
1263473373318983680
1263474631815593986
1263475887107911688
1263477147487866886
1263478564038545414
1263479665009836032
1263480089196535809
1263482178354151424
1263484696832466945
1263486819724922882
1263487214526365697
1263489729242238982
1263492170260123648
1263494760670650368
1263495633400365056
1263496019620384768
1263497028908257281
1263497278125412352
1263499262815502336
1263499794472976394
1263502312280129537
1263503591639339011
1263504829164462080
1263507343410675713
1263507947612749827
1263508604369408002
1263509859774992384
1263511024591933441
1263511119785799684
1263512376428638208
1263514896890761222
1263517412114280451
1263519928205881345
1263521187243741192
1263522443794296833
1263522951695130624
1263524961026744320
1263526625905434624
1263527477940490242
1263529995558887424
1263532511319203842
1263535028417560576
1263536287539175425
1263537546249867270
1263538186569031680
1263538891879075840
1263540062161174529
1263540613724635137
1263540612105678848
1263542575782400002
1263545093333618688
1263546353772363779
1263547610771709953
1263547841575862274
1263548056642994178
1263548743296712706
1263550128331333632
1263550679534243840
1263552644209090560
1263555161194205186
1263556539266347009
1263557677306851329
1263560194178658306
1263561452553752580
1263562708630286347
1263563969878507522
1263564716196212737
1263565226978525185
1263567744588529664
1263570257999990787
1263571362985267200
1263572777086435335
1263573753163898892
1263575294771974151
1263577808749592579
1263579687521062913
1263580328318210049
1263582841348083712
1263585359775977479
1263587876077367297
1263588275983278081
1263590391401418759
1263597943795245058
1263597940641165313
1263605489960615937
1263607355805249539
1263613040009887754
1263617107096412162
1263620593364226050
1263628139449720834
1263635690002227200
1263643241397784577
1263650790301929472
1263658338711220227
1263665891335684097
1263673438834774018
1263680990372864000
1263683173340372992
1263688540753399808
1263690578241388549
1263696088202182656
1263703638884655105
1263706157149040641
1263708670774448128
1263711189130973185
1263713705960800257
1263716222304227328
1263718737611538432
1263719994807984128
1263719994807984128
1263721256454676485
1263722514062196736
1263723769799028736
1263726288075980801
1263727546077777920
1263728804905746432
1263730062387527682
1263731323186937856
1263735096785453056
1263736355592515585
1263737507465834497
1263738872531496961
1263740130382303232
1263741388891590661
1263742647790899201
1263743902844141568
1263745163807031301
1263746418923233280
1263748460068683776
1263748937208528896
1263750196544122880
1263750513583153152
1263751455078563842
1263752713550036992
1263753968737550336
1263754236799713280
1263755227049668610
1263756487630954498
1263757745221701633
1263759005131907073
1263760262626250754
1263761519189331968
1263762777233031174
1263764036845518853
1263765296512405504
1263766165526118400
1263766552362602496
1263767812608266240
1263769068944965633
1263770329391992833
1263771587288989696
1263772844024049667
1263774102206263296
1263775361244049408
1263776618293665794
1263777876224151553
1263778848954552320
1263779135417192448
1263779889699713026
1263780394765373440
1263781650963578880
1263782909577699328
1263784170180018176
1263785428542423041
1263786640524402688
1263786685697077249
1263787829018140672
1263787942276931584
1263789203609059328
1263790461241655296
1263791720346660864
1263792977727676418
1263794235461033986
1263795494712680448
1263796753939288064
1263798009135013888
1263799271008198656
1263800528359895040
1263800527936241664
1263801785103368194
1263803043516239874
1263804300851122179
1263804575800332289
1263805561902161926
1263806816879808514
1263807708853125120
1263808078115373056
1263808580995682305
1263809336549179392
1263810091234603008
1263810299569876992
1263810592642609153
1263811849876836354
1263813111003430914
1263814366366969859
1263814426609803264
1263815626281422852
1263816057560731648
1263816357352800256
1263816886086774785
1263818142247256065
1263818932118577152
1263819399670173697
1263820660821852160
1263820805554782209
1263821918567829504
1263822847253889024
1263823177291108358
1263824433929760773
1263825691201732610
1263826953192312834
1263828210090942464
1263828637272485890
1263829469355261953
1263830725205336069
1263831984020893697
1263834501911896066
1263837017760239619
1263839533889728513
1263842050363064324
1263844567142539264
1263847084731633664
1263848973951029250
1263849602467401728
1263852116944265217
1263852411178844163
1263854633530929152
1263857148452315137
1263858684867891206
1263859667689787393
1263860345027858433
1263862182518968320
1263864698447036417
1263864880605663233
1263867215557820419
1263868437165756418
1263869732383600640
1263872250366898178
1263874766756368384
1263877282961281028
1263879801368084480
1263881011684835328
1263882317237534728
1263884590277627905
1263884832402219008
1263885034957746176
1263887306701901824
1263887351476113408
1263888182745104390
1263889365392150529
1263889865684463620
1263891459947876352
1263892381163761668
1263893157877559298
1263894900099121163
1263895067862990849
1263897413653233664
1263899931678556160
1263902448521003008
1263904964063252480
1263907324319731718
1263907480821805056
1263908517305618432
1263908739884756992
1263908852040433664
1263909999987875840
1263910673328885763
1263912216849518592
1263912515924353025
1263914455781593088
1263915032892620802
1263917548015239169
1263918805870403584
1263919084544155648
1263920063373082627
1263922579397578755
1263923838343094273
1263924358034198540
1263925097309581317
1263927613740986369
1263930130591866881
1263932646259855361
1263935166457827329
1263937681526067203
1263938816567623681
1263940197366018050
1263942712266575872
1263945231722053632
1263947748711305216
1263950264983314433
1263952779145555970
1263956554375626754
1263960331354767368
1263960332135006219
1263965670125043714
1263967881043365889
1263975429695832069
1263982979333984256
1263983663206879237
1263990529563516928
1263998077272285184
1264005627543724032
1264013179962691584
1264020727583424514
1264028279411027968
1264035826037665794
1264043377856851968
1264050928434515976
1264058477623889922
1264058477623889922
1264066024967680000
1264073576157777920
1264081127645601792
1264086160328069121
1264088674242899969
1264092448948707328
1264096227572015104
1264100002105888769
1264103777029718016
1264106290936262657
1264108808038764544
1264111323367047168
1264113843543949313
1264116356909338626
1264118873911111680
1264121389788868608
1264123907746996225
1264126426346897408
1264128939523530752
1264131456311406592
1264132853744500737
1264133975683014656
1264136490239614979
1264137598966140934
1264139007556038656
1264139758395146241
1264141524889190400
1264141566320484352
1264144041186414594
1264144990793588738
1264146556967694336
1264147469996306434
1264148525350359040
1264149074338512897
1264149386277330945
1264151589733965824
1264154085290278913
1264156622085029891
1264159142001938432
1264161655870586880
1264164176571883521
1264166691338100736
1264166747210473472
1264167448783224832
1264168699050762240
1264169208688058368
1264170221696319488
1264171722409902081
1264171728210726912
1264173405273763840
1264174237792821248
1264176755637706752
1264179272945733633
1264184304676077568
1264186824022544384
1264189340508446721
1264191854733602818
1264194371236364288
1264199406905106433
1264201920228528128
1264204436978745344
1264206953259110401
1264209472622297088
1264211989297061888
1264214504440762368
1264217020855455750
1264219536561254401
1264222055337254912
1264223949963038725
1264224570896252930
1264227087122157568
1264229604723736576
1264230652003696647
1264232120593125376
1264234635661320193
1264237155834114049
1264239670549901312
1264242186096390144
1264244704947953666
1264247220817334274
1264249738335059975
1264252254825185280
1264254482466168834
1264254770140807170
1264257285406294018
1264259804102524928
1264262318155849742
1264264837447716866
1264267352255926273
1264269870306295808
1264272385701826569
1264274901764050945
1264277417738342400
1264279935293829120
1264282450831818752
1264284969997930501
1264287287917060097
1264287483988250624
1264290003523338241
1264292519497605121
1264295036163891201
1264297550460456960
1264300069441941504
1264302585512632321
1264305100954230785
1264307620418138114
1264310134693670913
1264312652337119232
1264315168248467457
1264316912055566345
1264322720311005187
1264322720252207104
1264330267667415042
1264337818937147411
1264345368168484864
1264347670530965504
1264352915570995201
1264355493885227009
1264360465687330817
1264368017833689091
1264375566414811136
1264382944300470273
1264383114073210882
1264390665749872640
1264398214565965825
1264405765776793600
1264413314735656961
1264420865493655552
1264428416050364416
1264435965382270976
1264443515846701056
1264451063555461121
1264454837640458243
1264458614279938049
1264462387962351617
1264466163305721857
1264468679275798528
1264471197896585216
1264473713505898502
1264476230579036160
1264478747127922688
1264481261017608194
1264483779160289280
1264486298036973568
1264488811289075713
1264491327602950146
1264493846681059330
1264496362936324097
1264498879946469376
1264501393970380806
1264503912238891008
1264506429349810176
1264508944027877377
1264511463043076096
1264513977062653953
1264516492974010368
1264519010764414984
1264521528479232001
1264524045057433601
1264526561430167552
1264529077983162376
1264531595463098368
1264531767140245504
1264534111269662720
1264536628116230147
1264539144132464642
1264540721522118656
1264541659464970240
1264542827247218689
1264544177490100224
1264545823993532418
1264546694131261441
1264549209056989184
1264551306418683907
1264551725324795904
1264554245031972864
1264556762306433024
1264556841570271233
1264559276695203840
1264561793361416194
1264564308601704452
1264565149911994369
1264566825616105475
1264569344631148550
1264571859766587393
1264574378043486208
1264576892335722496
1264578150685569025
1264578283422781443
1264579408163201031
1264581926070956032
1264584441135054848
1264586960108236801
1264587108653633537
1264589475054792704
1264590732930793473
1264591993298092035
1264594511109525504
1264595767228010496
1264595766158524417
1264595766158524417
1264597024135163912
1264599541124419584
1264602059254501376
1264604574247198727
1264607091001569280
1264608349053689857
1264609607391076355
1264612124191531015
1264614640274849792
1264617157960351745
1264618416545112064
1264619673607376907
1264622192312139777
1264623449458331649
1264624707237707778
1264627222482206724
1264629740469616643
1264632258092249090
1264634773550575621
1264637291651305478
1264638551150428165
1264639805931094020
1264640017638600704
1264642325453721602
1264644842103201792
1264647357611872263
1264649872931725316
1264651133391376385
1264652390248128512
1264653648723927041
1264654908336242692
1264657422737641474
1264659939622035465
1264662456766550018
1264664973172781063
1264667285282840577
1264667491822944256
1264670006840905729
1264672522966126600
1264675040865538049
1264675398895513601
1264677555044581377
1264685107639615490
1264686774497968130
1264692656170557441
1264697677612298240
1264700203900309504
1264703891675000838
1264707755752988673
1264712231121453056
1264715303587581952
1264722852672086018
1264730404134817809
1264737952460136449
1264745503964696576
1264753053850353670
1264760601831604224
1264768152199667719
1264775703553327105
1264782773442744320
1264783252067409920
1264787025456218112
1264790802447904773
1264794576168124416
1264798353960964097
1264800867825463296
1264803386353946625
1264804645605646341
1264805900730195968
1264808417316745216
1264810932968075264
1264812192794390528
1264813449999257600
1264814709003505665
1264815967877677056
1264817113405030400
1264818483050811393
1264819741153210368
1264821002925682689
1264822257957904389
1264823519759785984
1264826034261803011
1264827292389380096
1264828552035414016
1264831067003015168
1264833585401528321
1264834434404167681
1264836099505078272
1264838618520092672
1264839874965917696
1264841134494318592
1264842056213676033
1264843649310961664
1264844909644787712
1264845406166532098
1264846166040215552
1264847424151072768
1264848683872464897
1264849943732387845
1264851201197252608
1264852459480104960
1264853716500451328
1264854976897208324
1264856234349510656
1264857490426073088
1264858748213882881
1264859900783534080
1264860006974984194
1264861266851610624
1264862522919792649
1264862698887667713
1264863784927137792
1264865043256049666
1264866299521511425
1264867558219558913
1264868818138120194
1264870074483200000
1264870360756912128
1264871332321386496
1264871758638743553
1264872590214074375
1264873140561346560
1264873850074009600
1264874980598300673
1264875105877983238
1264876366165663745
1264877625060790273
1264878884606095361
1264879683948208129
1264880142125539328
1264881398017593344
1264881826885242880
1264882655713284096
1264882674239524866
1264883915656966144
1264885174304747522
1264886431140511744
1264886463432470528
1264887689419149312
1264888949341933576
1264890206974590977
1264891463785201666
1264892351165665281
1264892725356302337
1264893980275363842
1264895240533655557
1264896499126865922
1264896928585834498
1264897755308326912
1264899014346059777
1264900275728453633
1264901533872934912
1264902788397649920
1264904050740531201
1264904870668177415
1264905306280206337
1264906563787071492
1264907824372559873
1264908614797602816
1264909081241927680
1264910340439105537
1264911597601947652
1264912856002289664
1264914115509850113
1264915375348682757
1264916632264216580
1264916968232103939
1264919146481025024
1264920406118596608
1264921665185681408
1264922923695067136
1264924179712925697
1264925438528323585
1264926697708814339
1264929212613431298
1264930470678192134
1264930817526112257
1264931730588401669
1264934248345227264
1264936763048497155
1264938024330317825
1264938727920582664
1264939279752597505
1264940539692097538
1264940766373253120
1264941796372733956
1264944311910707203
1264944698189381637
1264944978813505536
1264945571028185093
1264946830560854017
1264948087270899720
1264949348250640385
1264951861884456960
1264952999836819458
1264953121425457152
1264954378617790466
1264956895191842816
1264956895191842816
1264959412764016643
1264960671755776000
1264961929136738308
1264962682333077511
1264964444871942145
1264965037954756608
1264966961173274624
1264968421760028674
1264969478330355717
1264971995969716225
1264974513986469888
1264975082948100100
1264977031135100931
1264979544483692546
1264980805392175104
1264982063494594563
1264982891513118721
1264984577480765442
1264987097087332352
1264989610754572288
1264990871293964296
1264992128217886728
1264994645949517824
1264995902047092736
1264997161177157632
1264998421645099008
1264999677692346369
1265000937657114630
1265002196241956867
1265004713281536000
1265007230275006464
1265007495417868294
1265008486712332289
1265009745913577473
1265011004381040641
1265012260860301315
1265013517985472512
1265014780269559808
1265017293161017344
1265019810758434818
1265022330062942213
1265024846209130503
1265027361696817152
1265027874144354304
1265029878996443136
1265032394798764032
1265034911716696065
1265037426881413121
1265039943048577025
1265045436970213376
1265047494666465280
1265047494595088385
1265055043364978690
1265055820141731842
1265062592206209032
1265066568863617025
1265070143589277697
1265074260734873601
1265077690803126277
1265085244555886593
1265092790704377856
1265100342573912066
1265107893541638144
1265115441485185030
1265122993048600578
1265130542367899649
1265132914435555328
1265138089120403456
1265145638699884546
1265148156536389637
1265150672653225984
1265153188593840128
1265155705117556737
1265158221569933312
1265160741541351424
1265162218167033856
1265163254583767040
1265165771572903936
1265168291590549506
1265170808277794817
1265173323270537216
1265174579858878466
1265175839697776641
1265177098911653888
1265178354392711168
1265179613380124673
1265180872837398528
1265182131824852993
1265183387456868356
1265184645806804992
1265185907352666112
1265187164276563968
1265188420336463873
1265189681618173955
1265190937535414275
1265192199190347777
1265193456407896064
1265194714208272384
1265195973212401666
1265197228630687744
1265197847693209600
1265198490608701443
1265199748501377024
1265201004934561792
1265202263045390336
1265202393140080641
1265203112014483458
1265203523488186369
1265204779808104448
1265206040511033347
1265207294863835137
1265208553738063872
1265209256900468742
1265209813887324165
1265211069611618304
1265211841246105601
1265212329249120256
1265213586248552448
1265214844615249922
1265216105754161152
1265216169574834177
1265218624236785669
1265219879835238400
1265221138260639746
1265222394769215489
1265223653790285824
1265224367539138560
1265224643046191104
1265224913977257984
1265226170271969280
1265227289702391809
1265227430849118209
1265227697564893184
1265228688272080897
1265229946823286784
1265230129824804864
1265231203604533248
1265232462453657600
1265233719046156289
1265234981162450944
1265235230576828417
1265236238317039616
1265237493936521217
1265238754446491649
1265240012695785473
1265241270789853185
1265242528850358273
1265243653192200193
1265244858865913856
1265245045923500038
1265246305691074562
1265247561134342146
1265248719060033536
1265248820117585920
1265250078970859521
1265250638042034176
1265250918838263813
1265251337392082944
1265252597050589185
1265253301005824001
1265253852602863616
1265254110519005185
1265255111493812225
1265256368283541506
1265256436319256576
1265257162860789762
1265257584279392259
1265257629833666561
1265258885415342081
1265259134447992838
1265260146273509382
1265260649191481345
1265261023101161478
1265261401649696771
1265262660154769410
1265262709370761217
1265263069413998597
1265263918173339649
1265264511726039040
1265265177378856962
1265265250208751616
1265266187841273856
1265266436177608704
1265267480899063810
1265267695659945984
1265268286092165127
1265268953397571587
1265270014262808578
1265270209490935814
1265271470529314816
1265271823048024064
1265272982630354944
1265273377725353987
1265273986964811779
1265275243175661569
1265276339671584768
1265276504436379648
1265277761871949827
1265279019789848576
1265279019789848576
1265280277947002880
1265281536422633474
1265282793225031680
1265284051478462464
1265284927920263169
1265285310528847873
1265286567003856897
1265287826503094272
1265288892741271559
1265289085922545664
1265290344557674496
1265291603427627008
1265294117665492992
1265294857028997120
1265297893348511745
1265299151648100353
1265301281276641282
1265301670558339074
1265304185505005578
1265305441485160448
1265306701630234629
1265307977654861826
1265308531948953607
1265309220334862337
1265310477019643905
1265311309140197379
1265311735550017537
1265312994092875778
1265314158901432325
1265314253193519104
1265316769830506497
1265318024527130625
1265319286006046725
1265321799769829378
1265323058895753218
1265323491282345988
1265324318470426626
1265325330002296836
1265326836512362499
1265328091095859200
1265329350880231425
1265330607258820608
1265331867428978691
1265334151399563264
1265334382379896837
1265336902590308352
1265338160302764035
1265339417494986754
1265341933834158088
1265342177728659457
1265343190934175744
1265344452576661509
1265346965002424320
1265349224977268742
1265349485183598592
1265351999891165188
1265354007368916993
1265354518646214656
1265356806395658240
1265357035400503296
1265358289631666184
1265359547990003712
1265362067898449920
1265363326315507712
1265364280142180356
1265364582111076352
1265365841836683264
1265367100908019715
1265369615405854725
1265372132348919810
1265373392666087428
1265373777476665346
1265374649539538950
1265377164255526913
1265378425637830656
1265379683002191872
1265382200016547848
1265384716611584003
1265387234368380928
1265388490595938309
1265388595931746304
1265389750552342539
1265392265448620033
1265393345947467777
1265394783956209665
1265397299666190339
1265399817280327681
1265402332088619009
1265409881533792256
1265409879998640131
1265417431209652224
1265424982923935746
1265431005470605312
1265432532813840385
1265440079868309507
1265447632383737856
1265455180914610176
1265462731513253888
1265470279691710465
1265471500179693570
1265477829426393089
1265485379345494022
1265492930850062342
1265500476675690501
1265508026812895234
1265511802022105090
1265515580632817668
1265518092924473352
1265520612744798210
1265523129864118273
1265525645548847113
1265526903273861127
1265528159547645957
1265530678780866560
1265531936237387776
1265533192284626944
1265534450856865797
1265535711488487428
1265536970165489664
1265538225705189379
1265539486227804160
1265540741914415108
1265542000234967040
1265543261998985217
1265544519518478337
1265545258013790208
1265545776106819585
1265547036478377984
1265548294710796288
1265549550950940673
1265550054930231300
1265550810932445186
1265552067017531398
1265553299123691521
1265553326072107008
1265554273506648073
1265555384154165248
1265555845179457536
1265556013010345986
1265557412674768897
1265557855773560833
1265558361740894208
1265559168280387584
1265560876981137414
1265561243395424261
1265562135599501312
1265562328826818561
1265562836132134912
1265563394687541257
1265563788675293184
1265565292257849348
1265565756235841544
1265565908438827009
1265566583885307905
1265567217732780032
1265567957255626752
1265568427520991235
1265568997157855239
1265569487060901895
1265570942845104129
1265573279785463808
1265573460841021440
1265575334507937793
1265575977234685957
1265577233198059520
1265577582147272704
1265578490939744257
1265581010319740928
1265582189401473024
1265582266379632643
1265583526419861504
1265584785872863232
1265585146167771136
1265586041546846209
1265587300542668800
1265588557583986696
1265589818442080259
1265591076234108928
1265592334865051649
1265593593449910272
1265593696931676162
1265594848670867457
1265595778027925506
1265596107339501568
1265597366557642752
1265597488674811905
1265598623544479747
1265599884251578371
1265601063106809856
1265601141875847169
1265602402692075520
1265603657061601280
1265604252233326592
1265604916661432326
1265606176517038081
1265607431230496770
1265608596357885952
1265608692801683456
1265609951524925441
1265609951524925441
1265610234485182464
1265611208343924736
1265612464923738114
1265613723152142337
1265614981493600256
1265615070274486274
1265616240279773184
1265617301849677824
1265617499636170752
1265618756551745541
1265620015958589441
1265621276015693824
1265622534290104320
1265623793009143809
1265625047370289152
1265626309159464962
1265627565135446018
1265628825192464386
1265630083789795329
1265630229478989825
1265631342894686208
1265632415176941568
1265632598472212481
1265633856687935490
1265635114379329537
1265636373601619969
1265637630357667842
1265638601993396226
1265638890356068352
1265640148408176642
1265641408809009153
1265642243664293889
1265642664906588167
1265643921704734720
1265645181392601089
1265646438878457856
1265647697144483847
1265648955104387074
1265650213240406023
1265651474870210561
1265652731966042112
1265653363615694848
1265653978743943173
1265653990290853889
1265655099600355331
1265655249798389764
1265655784161062914
1265656506076352513
1265657764992483328
1265659024109981697
1265660279783907328
1265660934745440258
1265661539618619392
1265662459681087488
1265662797909839872
1265664056289091585
1265665312688672768
1265666573437722626
1265667830743261184
1265669090351480838
1265671481494831107
1265673195866198018
1265674121637175298
1265674150603116550
1265675381794881538
1265676637934403585
1265679154957234177
1265681672697241600
1265682543568924673
1265682925716111360
1265684132396490764
1265684189589929987
1265685447365320705
1265685740735868931
1265686706503725058
1265689221760798721
1265690479590625281
1265691739672719363
1265692999180341256
1265694254460010496
1265694265277104128
1265695318903083010
1265695515645280260
1265696772116135937
1265698183348465665
1265699288555847681
1265700547178442753
1265701806094630913
1265703386252541953
1265703851535015939
1265704321322291200
1265705579479171072
1265706836306669570
1265708098687307776
1265709355405586432
1265711872629714944
1265713768463564806
1265714387026874371
1265714809254883329
1265715644940591104
1265716903651270657
1265719420871213056
1265720678390497280
1265721939307487236
1265723500221927424
1265724456258985987
1265726969053921286
1265728230394396675
1265728885242634240
1265729487083393027
1265730747912110081
1265731551628853249
1265732002604617728
1265734518859862026
1265734676599226368
1265735144352239618
1265735777213992965
1265737037182885888
1265737195408719873
1265738126556790784
1265739554562224128
1265739919760244742
1265742071094272002
1265744588007968774
1265747102266806273
1265749620900204544
1265752135297306624
1265754652550803456
1265754827117772800
1265755912888815617
1265757167916908544
1265759685514276864
1265760474156720129
1265762203535376387
1265764718289006592
