1263228003728756738
1263228098776006658
1263232807662489604
1263237777317126144
1263241263136026626
1263243249894002688
1263246228613206016
1263248586701254656
1263248586701254656
1263249163397017600
1263251128545955840
1263251642041929728
1263252122507915264
1263345024080785408
1263347288916680706
1263348800384458753
1263350972522340354
1263351995672510465
1263353110526857216
1263355468765892608
1263356493367255042
1263357749028696064
1263359098210353153
1263362352134500352
1263362827848466432
1263364401815367681
1263366889482444801
1263367925022556162
1263370327951900673
1263370962378129408
1263373853549527041
1263377099701850117
1263377666301968384
1263381096198279173
1263384242425417728
1263385289721999360
1263387254367682560
1263389032043745280
1263390580643635200
1263390671064489986
1263392476091555840
1263394622421831681
1263395144998563840
1263396014116999169
1263396553156440065
1263397242758668290
1263400231527464960
1263400380534226944
1263401515605254144
1263401950940483584
1263402795010490369
1263404163855052800
1263405422100328448
1263405950288965632
1263408907625603080
1263409595290181633
1263410029899776001
1263412070592241665
1263413279206051841
1263417012447051776
1263417263765557248
1263419134941020160
1263420484064067584
1263422162381258754
1263423786084446208
1263424302562660356
1263424308040421377
1263424306429779968
1263424304479379456
1263424311223869440
1263424309500022784
1263424316299005952
1263424314512154624
1263424312805076992
1263424328999276544
1263424326931492865
1263424332291809281
1263424330513502209
1263424334137188359
1263426987487567872
1263429151345782784
1263430228002693120
1263434806328606720
1263435444164931586
1263437316758163456
1263438206210641921
1263440654602047490
1263443099428229121
1263445473916059649
1263446308247023617
1263447768078712832
1263448748438536193
1263450396791619585
1263451981059960832
1263452811536326668
1263453784019283973
1263455592376459265
1263457230663421954
1263458606109855744
1263459343841853441
1263460361233141765
1263461814911864832
1263463769906298881
1263467169062572033
1263469365472759810
1263470985262612481
1263471846315495424
1263473875532361730
1263474628355411970
1263476216176300033
1263477391449640960
1263479859990446087
1263480388900524032
1263482428489859073
1263483804578168832
1263485463760982016
1263487087841607680
1263489628981641216
1263490722340253696
1263493638740475904
1263494947006791680
1263496339851227139
1263497628509245440
1263498129422323713
1263499362480644100
1263499831705772032
1263500819292446720
1263502062328975361
1263503400093782022
1263505771771371526
1263506718459400193
1263508038260068353
1263508050515812355
1263509427669344257
1263511254980796416
1263512056252313601
1263513867608559620
1263516250623401984
1263517509484974086
1263519119506378757
1263520142035746819
1263522695045697536
1263522821713657856
1263525211552378881
1263526034491744256
1263526328130834438
1263528042489688068
1263529994355171333
1263530731571220480
1263534473427255307
1263537290942406659
1263539297107480595
1263540111779692544
1263541121361248257
1263541249283325952
1263543875207147520
1263545315027812352
1263545899160043521
1263548119901405187
1263549652043010048
1263552642413805569
1263553875300286468
1263558720413466630
1263560296473518081
1263563966858645508
1263564015139201027
1263567742608609280
1263567856354168832
1263570490121207816
1263571516572045313
1263572841544527873
1263572912021389314
1263575291802333185
1263575689221099521
1263579066353045504
1263579224054480896
1263582589371236357
1263585036596506624
1263586616158781445
1263586681292087300
1263590139286167552
1263591339419070467
1263710234847195137
1263711951877742594
1263712948502978561
1263714513712484355
1263716219422638082
1263718736470646784
1263720082909388800
1263721731388313602
1263724609813258240
1263728286955376640
1263729806551724037
1263730948220354560
1263732999964643328
1263733836002852867
1263736897634959365
1263737948358545408
1263740138359861249
1263741387125784576
1263741386722951171
1263742895988727808
1263743903628496896
1263745574467141637
1263745922527367168
1263746345409617921
1263748709881393157
1263752772782100480
1263752772782100480
1263753968628322304
1263755732866027523
1263758064412393472
1263758579200376834
1263760737245298688
1263762737374601217
1263762771306516480
1263763016312598528
1263766171192606720
1263767325876064257
1263767627660431360
1263770197627895809
1263770656346378241
1263771672223592449
1263772728827564032
1263774510999797761
1263775611362988034
1263779023290859520
1263780883233898498
1263781018668085249
1263783549607518210
1263785678875303936
1263787212304461826
1263787549560012801
1263791543976165376
1263792493524668416
1263793868656586752
1263796439114809344
1263798349439938566
1263800864634023938
1263802607597993986
1263803076227596293
1263803157047586818
1263804535379841030
1263805873744482305
1263806558217154560
1263808924874145792
1263809971034238976
1263810175330324481
1263810432818655232
1263810506781065216
1263810681062805508
1263810945102594049
1263811231531614209
1263811262036795392
1263811691743252480
1263813108759441408
1263813220256698369
1263813626084851714
1263813644749594628
1263815525702012930
1263816642385055745
1263816718406860801
1263817678181093382
1263818539741388802
1263819961014915073
1263820021534470144
1263820446476222464
1263820501434208257
1263821283139227648
1263821351326035971
1263821468477149184
1263822548934037504
1263822711635226624
1263822720367812609
1263823684629925893
1263825879748227072
1263825911595614208
1263826760938016769
1263828605580140544
1263829356608184322
1263831122011619330
1263831987715887105
1263833386721951745
1263836012222054401
1263836453655773185
1263837375463112704
1263839282801844232
1263842786153050112
1263845396960419841
1263848130484801546
1263850603484262400
1263850749748019200
1263851791478853633
1263852726871523330
1263854958933393412
1263855953012801536
1263857727530586113
1263857762502656000
1263859273454542848
1263860372420919296
1263860901045776385
1263861318739771392
1263862817918246912
1263863700160643072
1263864526858002433
1263866173483110403
1263867215129927681
1263868926108274688
1263869731485990913
1263872248265371648
1263874764722110464
1263875603654160387
1263878325254193153
1263879483607658499
1263881087048187904
1263884868729126913
1263885479180673027
1263887609513869315
1263890686220349442
1263891641309499393
1263892383869153280
1263893435129438210
1263893507456057346
1263894897410502656
1263897413967728641
1263897610957586436
1263899932311814144
1263901098403913731
1263902447363395592
1263904132345335808
1263904504690466817
1263905075879124993
1263905839687008261
1263907481186562048
1263908542651793410
1263910303626035202
1263910485948280832
1263911801588199426
1263911822714908673
1263912990446886914
1263913054691119106
1263915030027702272
1263918917707272197
1263922583918895104
1263922670581829632
1263926354627747848
1263927033752694786
1263929626251849728
1263930549317578753
1263933904333004803
1263934570572984326
1263937680745943042
1263939789537062912
1263941454210138114
1263941744149889031
1263945230367088640
1263945363695820801
1263949003944873984
1263950773454606336
1263952527084716041
1263952605337829377
1263953865214513152
1264088674800525312
1264092448990597121
1264093421821661185
1264094237190238209
1264096223994077185
1264097426513764355
1264098740434014214
1264099998729269249
1264101257125359616
1264103774639046656
1264104183025864705
1264104201191211008
1264104684844978176
1264106307684052993
1264107548493393920
1264108806851698688
1264111390215847936
1264111774749675521
1264113014325862400
1264113986485858305
1264115332983205897
1264118928688787456
1264120271499395073
1264121358826573825
1264122648121864194
1264122774664159233
1264122816330432512
1264124843764711425
1264126423825911813
1264126961846300672
1264131152501264384
1264131255576264706
1264134507109797892
1264137531467214848
1264141960698363904
1264143166049042433
1264144730704818176
1264147158573424640
1264148576726368256
1264149504141529089
1264151183113027584
1264151992039071745
1264155627938611202
1264158679747739648
1264160753587806208
1264162284735287301
1264162284735287301
1264163450365906944
1264164559461515265
1264165772907159560
1264166553681002497
1264167311453364232
1264168483304214528
1264169737690533888
1264170282719346688
1264170637549096960
1264171925464645632
1264173291117445121
1264173801178386432
1264174962430160897
1264175807590805504
1264176412719820800
1264177590912327681
1264178656915619842
1264179727717335041
1264181057928249344
1264183218351333376
1264183445955190784
1264185104647303168
1264186799963942912
1264188140442583041
1264188524925984769
1264189681727672326
1264190356427542529
1264191557621743617
1264191950640558082
1264192829250772993
1264196635036463105
1264196843661135877
1264197934448611328
1264198224237166592
1264202183643475969
1264204562895966210
1264205695274176515
1264208573380386816
1264209781407076352
1264209800654663680
1264210396552052736
1264213069397401606
1264213318283247616
1264213423241527297
1264214048054415363
1264217572389670914
1264218049575608320
1264221868745207808
1264222234421460995
1264225232556097536
1264226979823435780
1264227716016062466
1264227920832270336
1264228411851059206
1264228457627684864
1264231065163530240
1264234230890016769
1264235853645299713
1264237320221442048
1264239526396002305
1264240826919653377
1264241637234016257
1264244140717604864
1264244702011895810
1264246482598838273
1264247455685763080
1264247578574688256
1264250315618103302
1264253250662010888
1264255401882779650
1264256294057390080
1264257358638825474
1264259139397697537
1264263058467237888
1264263270384484354
1264268018839949313
1264270818722398214
1264271869424939013
1264274225973641216
1264275224255700999
1264276837632524288
1264279151936245765
1264279426885398528
1264281193060528130
1264284968886382595
1264289034781761537
1264292711814873091
1264296224137662464
1264300067348938755
1264300408626954245
1264303842101002243
1264307617335144448
1264311391743143936
1264314915042373632
1264445147980468224
1264446662103257088
1264450802212536320
1264451061953298432
1264452280142700546
1264454423205621765
1264455086043992069
1264456077841764353
1264457556988178432
1264458803598237698
1264458899589038080
1264460116625104896
1264462497882537985
1264466215222874118
1264468226110611457
1264468445837606914
1264469968176984064
1264470002088005632
1264472958610833408
1264475763421646849
1264475863581691906
1264476772948684806
1264478737774661633
1264480490821693441
1264480524632031232
1264480558865960960
1264482625298878466
1264483777562030080
1264485094678507522
1264486665894191105
1264489015450927105
1264494567728054273
1264495973016973312
1264496145797169152
1264498436180713472
1264498752972132360
1264500295977054214
1264500757757378560
1264503335060746240
1264504315705688065
1264507141202882560
1264507390378065920
1264507760135286784
1264509274727821312
1264511244108783618
1264514931099082752
1264516468739239936
1264517751512748034
1264519165420986368
1264519197171888129
1264519677037993984
1264522854219071488
1264523154266996742
1264524359823175686
1264527754919370752
1264530308235485184
1264531003751702529
1264534608575594497
1264538542732165120
1264539516863426561
1264540631688511488
1264541405743104001
1264542066102743042
1264542560766373892
1264543211667828736
1264543905569267720
1264544162269089794
1264545983154790401
1264546047696781317
1264546363284561925
1264547725837828097
1264547924299722754
1264549146905784322
1264549278065795072
1264549528721666048
1264550293938868225
1264550606074777601
1264552359000264704
1264552898144489473
1264554277441343488
1264556504771899400
1264558904689729536
1264558989716656128
1264560533459656705
1264563125896036355
1264563522417184768
1264564398435315712
1264566204125061125
1264567993109020673
1264569593143496705
1264572530045661189
1264576699951349761
1264578714693746688
1264579539193278465
1264580142543839232
1264583182600429568
1264584304493027329
1264585072667222016
1264587082439241728
1264588615629385729
1264589474182434818
1264590786655641602
1264591383685365761
1264593068843577346
1264595327270768641
1264595327270768641
1264597842385043465
1264600692729229313
1264602119467872256
1264602532426534914
1264604299096719367
1264604316200992770
1264605684840136704
1264605880848453633
1264607640304463873
1264608276945219588
1264609298035998726
1264612227459538944
1264614096038776832
1264615091716206593
1264615135479545856
1264617157134036992
1264620023433306113
1264621695274491905
1264621745513824258
1264625428536479751
1264629005602471942
1264630262350184449
1264630920423837705
1264633221117022208
1264634753002733571
1264635460799860742
1264636608554336257
1264639899065556997
1264639981190029314
1264640098999689222
1264643580523667456
1264644264337825792
1264647430760550403
1264651130249924610
1264655295126569045
1264656305836433410
1264658804689506315
1264662455512416266
1264666229848985601
1264667691148816385
1264670005271998464
1264673779797508096
1264677302761336834
1264796557012078597
1264797847209140226
1264800398835146752
1264801578978021376
1264802377124597761
1264806174836305921
1264807538215829510
1264808523516514304
1264810400165625856
1264812269508202496
1264812663886024704
1264815138969960451
1264815788478906368
1264818927311499268
1264819012627828737
1264822388610469889
1264822546563837953
1264824608319995904
1264824792546455553
1264825925566414848
1264827088533684224
1264827944201007104
1264828337450606592
1264829807914881024
1264831820971094016
1264832294822518784
1264832971934240769
1264833722349760513
1264834221392232448
1264835325962194949
1264836184255205376
1264838774099492864
1264839622355374080
1264840906554957829
1264841398668464128
1264844590605045760
1264845194970697730
1264846417274814465
1264847927131820032
1264848615052378112
1264850917016428545
1264853893466525696
1264854873901805569
1264856231996350464
1264858451840303105
1264858607646056453
1264859877979160578
1264860568797745154
1264861125990064128
1264862906325315584
1264863667742523393
1264863847602696194
1264866571673108480
1264870165126225921
1264870398753230848
1264871512043069440
1264871834907860994
1264873848190599168
1264876364521451527
1264877180041003009
1264878981398102016
1264880261264805888
1264880884374802432
1264881500824178694
1264881714377232385
1264882279144398854
1264883914293706752
1264884267638816770
1264886571599384576
1264888018269278208
1264888661599977472
1264891836868579329
1264893980866678790
1264894852841574400
1264896498011197441
1264897328365948928
1264898882733039616
1264901081890533376
1264901669583835136
1264902669124153348
1264905139086819328
1264905480062865408
1264907026003566595
1264908328980942848
1264909656415252480
1264910962387189763
1264911239752318976
1264911481004593153
1264912776943882240
1264914371697872897
1264916190805331969
1264918303341977600
1264918864070090758
1264920529498234886
1264920616358027264
1264923843145207811
1264924143927078914
1264926442900652033
1264927986563919872
1264930482443223041
1264932032502730753
1264933763504537600
1264934866640134144
1264937310157787136
1264939372325060614
1264939881324830720
1264942301970862081
1264942733329907712
1264943325334908930
1264944815889735680
1264946971250511873
1264947548541849600
1264949720503537669
1264952392434552833
1264953899175247873
1264955087119618048
1264956843136364544
1264957652385267716
1264958716643811328
1264959360993804290
1264959921692565504
1264960932112928773
1264961703537713155
1264962061173510149
1264962798616031234
1264965296349237249
1264965414720876547
1264967087275020295
1264968192151166978
1264969168757182465
1264970970780930067
1264971533962936321
1264973311676727297
1264974722258948096
1264975850933497856
1264977423550087169
1264978951153352706
1264979547990220801
1264981734224998400
1264982060998983681
1264984656719552513
1264985017815572485
1264987357025120256
1264987897758920706
1264990137106063362
1264990365901156352
1264993017263468544
1264993260696674309
1264995559275925510
1264997624576344064
1264999302012772352
1265002290949349378
1265005849497477120
1265006472221655040
1265009239916818432
1265012365386489867
1265012365386489867
1265013518287253504
1265014426048102401
1265014709809545217
1265017293777616897
1265018049427628033
1265021068168716290
1265021360142790659
1265022240367706113
1265023732533395460
1265026710124351489
1265027741423894529
1265028618008195072
1265030811369312256
1265032392617725953
1265033776515747842
1265035334271803394
1265036167600148481
1265037415477121024
1265039690639519745
1265040899379249153
1265044734243999744
1265052364278505473
1265060673668726785
1265065196965462016
1265157744291651584
1265158681978601472
1265160338808373250
1265162507808890881
1265163416890757123
1265167361998557186
1265168791396405248
1265170936157831169
1265172425555279873
1265175958417477633
1265178354413699072
1265179335817924608
1265180862511013888
1265182436922732545
1265184282034802688
1265184862396461056
1265187847985864704
1265189014182731776
1265193041511550977
1265193839159128064
1265196238967910400
1265197486639140865
1265198863012507651
1265199596302721024
1265201012685619201
1265203120558260225
1265203785405784064
1265204026712494080
1265206238687768577
1265207862239866880
1265207888664047621
1265210136408326145
1265212374694408194
1265214269962027008
1265215648000618496
1265217361331630080
1265217901260419072
1265219991646986240
1265222394949459968
1265223127048601600
1265227213873577984
1265228832019304448
1265230942811103232
1265231305865863169
1265231684552843270
1265232712622882818
1265233034430812160
1265238330565955584
1265238399998443520
1265240010707447809
1265240643493912576
1265244029802950657
1265244237605584896
1265245182250962945
1265246626819563523
1265247414119739392
1265250235372232705
1265250702542155776
1265251388000518146
1265252928866131968
1265253640283066370
1265256454463852546
1265258885683740673
1265259796250443785
1265260852803964933
1265261524911820801
1265263517202071552
1265264601127583746
1265266061894705152
1265267592454963201
1265268125630640128
1265270186577465344
1265271053334589440
1265271725903810560
1265272388066971649
1265273054998876161
1265274942829940743
1265275900506980360
1265276489487933445
1265278884141887489
1265279771132309505
1265280126998114306
1265280664443801602
1265282097821945857
1265282525494161414
1265285137861939206
1265285213569024000
1265288213805006853
1265288257262301184
1265289839311642625
1265290940576563200
1265293891747688448
1265294050078396418
1265298167526035456
1265300215822761984
1265301116977283072
1265302976249376773
1265305074609373184
1265305919593873411
1265306879800029184
1265307923409928194
1265308426311172102
1265308957624713219
1265310978373115905
1265312427094261760
1265313622596648962
1265314824516521989
1265316452585922562
1265318089111015424
1265319283376230402
1265320737268740096
1265322998967476225
1265323162524418054
1265325114066944001
1265326834721456129
1265328074792546306
1265329349525471233
1265330802549764104
1265331866183307266
1265333608543391748
1265334459257274371
1265336392189710336
1265337402501091329
1265341936518311936
1265342517702209536
1265344448994697216
1265345053335175170
1265349483161780225
1265350837615890434
1265351144768966660
1265351998544719872
1265353608620650497
1265354289159028737
1265357032909135872
1265357866082410497
1265358252277149696
1265358795833737222
1265363069573771266
1265364582584979457
1265365153324859394
1265368356326121472
1265369013145735176
1265372133309526017
1265372234748776449
1265375699680010243
1265375906178179077
1265376329647755275
1265379681303498754
1265380582793646081
1265381833879040000
1265382622739472384
1265382975887245313
1265383455912837121
1265384236539838466
1265387233017823233
1265387380149751810
1265391005655879689
1265394781859057664
1265395316297269248
1265398555411222528
1265400123779166209
1265402078689660928
1265402537148125186
1265411473540513792
1265415326990249991
1265417681643220994
1265420449871101953
1265422787994365959
1265425016621056000
1265427259290157062
1265435774088077312
1265521877067411458
1265524373873725441
1265525391025995778
1265525391025995778
1265528813926187014
1265533669634162690
1265535709059874822
1265541245394456576
1265543476579631104
1265544105570033664
1265545656485261312
1265546661276893184
1265550171393449984
1265551747793240064
1265552211251286019
1265553199236349953
1265554504885383168
1265555595626717185
1265556174214172673
1265557468467396615
1265558115686191105
1265559555100065801
1265559570006581249
1265560652707479554
1265561303499902978
1265562475648503809
1265564745509351427
1265565504300896257
1265566264573014017
1265568800595984386
1265569961092829185
1265572873005129739
1265572937396105216
1265574550881947657
1265578244608339968
1265579722215428098
1265580451281932288
1265581160048005120
1265582673277390850
1265583580991930369
1265584935051694085
1265585298869805061
1265585967446077440
1265588696704864257
1265589436823240705
1265591074497724416
1265591647414468608
1265592332273016835
1265592551333138432
1265594413700517890
1265595425362448384
1265596903804280832
1265597639409754113
1265600174853890048
1265602511798521856
1265604134763401216
1265604517384654849
1265607384543698944
1265607421956894723
1265609206029332480
1265610064221659140
1265610085004447745
1265613356251189248
1265615378916552704
1265616455384645640
1265617733284216833
1265620834430922752
1265623977675886592
1265625317433106438
1265626390667448320
1265629354467512320
1265630152786096129
1265632608190369793
1265633175864250372
1265634094416900096
1265635348874498048
1265635869597335553
1265637234398633984
1265639109260967939
1265639949052841984
1265643108345294849
1265644336794030080
1265645858940428288
1265647143869730816
1265648402248933380
1265649797563912193
1265651677647994881
1265652785527259137
1265654558027587585
1265656476963659777
1265657911709220869
1265659404608835585
1265661123342278659
1265662946564333568
1265663472265768960
1265664355250638849
1265666459797204993
1265666572082974720
1265668513106198528
1265668900404035585
1265671376448425989
1265673563245330432
1265674436956557313
1265676495307096065
1265678247632797704
1265679486248509440
1265679954710233093
1265682094832918534
1265682880983859201
1265683544208289792
1265686064959836163
1265686436700962819
1265687807009439753
1265687810448723969
1265689743943229442
1265690931837140997
1265691260184117248
1265693298682970114
1265694002864627714
1265696141749993473
1265696770740322305
1265699079931166720
1265699511810260992
1265702023279902720
1265702055185801216
1265702774391681026
1265704571990654977
1265704651720142851
1265707088476606467
1265707291594182656
1265710529655508993
1265712617382871040
1265714959322931200
1265716929991507968
1265718735328993287
1265721629491056647
1265724989216567298
1265725993853095936
1265728319804379136
1265731215837089794
1265734431664373762
1265734522349293569
1265735261872422920
1265735319170748416
1265737864949661703
1265738293984948224
1265740406840602635
1265742069663805440
1265742534887825409
1265745152733253632
1265745346254209024
1265745843774054400
1265749621910892545
1265749986517671943
1265754520967151617
1265754527598346240
1265754651808477191
1265757168256647175
1265758291268964354
1265758678314967040
1265760943461617669
1265762015836082177
1265763131458019330
1265764466437664768
