1283563248349052930
1283564545315921921
1283567778071564290
1283570230825037825
1283576584901926913
1283584135492239360
1283589672824983554
1283592439597588480
1283599487320064002
1283606280830095362
1283612823696941058
1283616096675864576
1283619870840676353
1283622638628282368
1283635325538099202
1283650069913313280
1283669424629784578
1283680269124476929
1283695369025736705
1283696163221364737
1283702921075490816
1283704938770636802
1283707173655240704
1283710468452950016
1283718019982786561
1283721792184623105
1283722863573454848
1283724034748805120
1283725567955804160
1283726387443044353
1283726440928890881
1283729341864706054
1283733120630624256
1283736892014551040
1283740667395678212
1283742422065979393
1283744441438740481
1283745644797190144
1283748220137607169
1283750114155040770
1283751197074059264
1283751991240536065
1283755499259752451
1283757642045894656
1283757694000812032
1283757773961007104
1283758136998821888
1283758930129301505
1283760547670962176
1283767090634272768
1283770866019504135
1283774730517065730
1283775673816023040
1283778417142505475
1283778856831397888
1283781183516610562
1283786720455135232
1283792184416886784
1283793890592555009
1283794269946490881
1283796534547501056
1283800990437842947
1283802070617919489
1283809620784549888
1283812640792498176
1283816670180585472
1283820190115991553
1283823459311788034
1283827739942944769
1283832269858373635
1283832818745974784
1283835315988332545
1283840071720992772
1283840071720992772
1283845254513393664
1283847123134488576
1283854416492273664
1283857939288260610
1283861965543223299
1283868257150275585
1283869684560023555
1283874548270731264
1283876461888372741
1283878826582278145
1283883356342620160
1283889128237527040
1283889189650493441
1283890906245079041
1283892611682570241
1283899967971762182
1283903740093718528
1283904747657887744
1283905250626330625
1283908875515764737
1283909536072347648
1283922866891718656
1283925636130709504
1283927161079050240
1283932178129334272
1283938469564186624
1283939476612448256
1283944509319962624
1283945768089456640
1283953820750381057
1283954576232722432
1283963385646850048
1283968920311881729
1283968920140107779
1283974205172789253
1283975967086649344
1283983768227917831
1283989808881324032
1283997359366713345
1284012457250508806
1284027556862271490
1284042656667054082
1284054183054909440
1284056017953857536
1284056815571996673
1284057756006322177
1284065308148469761
1284066023302410240
1284072855907508226
1284080908136591360
1284088458575831041
1284094983432273921
1284096008302059520
1284103809321455617
1284107332574744576
1284111613025554432
1284111710002065409
1284118908874756102
1284120889068576769
1284121556214583298
1284126458970017792
1284129236555620353
1284129481570033667
1284134513380077568
1284137280190525440
1284141306894266371
1284144582012407808
1284148857434263552
1284152379265490946
1284155920398921729
1284156155053379584
1284159679006945281
1284163956228202498
1284166715618799619
1284167478764019713
1284168531060363266
1284171254975664131
1284175031321464832
1284179558875398145
1284182145683070976
1284183847933026304
1284186606233096192
1284189876112392192
1284194407907033095
1284197001291337736
1284197678004436992
1284198897938837504
1284198967962677255
1284201956559540231
1284209505912356866
1284216804395581442
1284224393015701507
1284224606300143619
1284230142563426310
1284239452974411777
1284245492709367809
1284252586262970368
1284252661483634688
1284253042687332352
1284255066703237120
1284262102841122816
1284267638613520384
1284274435017629696
1284282990541991936
1284291043433816064
1284298340901900288
1284305890473017345
1284313440283168774
1284320738242113537
1284327281452896256
1284331434900152321
1284335082799603712
1284339612748517376
1284344647129726976
1284374845212495872
1284408892722761730
1284420143712542720
1284446071662555137
1284450593893998594
1284465442803908608
1284469216993738755
1284470726703984641
1284480542562562048
1284482922419048448
1284488096441081856
1284493124308553734
1284496938742710273
1284498157309747205
1284500405129445377
1284502291811381249
1284502289835864064
1284502288996982784
1284502296114724864
1284502294374088706
1284502293111611392
1284502299189170179
1284502297817632770
1284502300661362690
1284503693975523329
1284508324260716544
1284512551884267520
1284513256934170627
1284514287873134594
1284516361834827776
1284517686941306881
1284519045438607360
1284521413894971393
1284524699410628610
1284525089699004417
1284530873354924032
1284533763922436096
1284536409337008129
1284537164487770113
1284541193565679616
1284541694319431686
1284545692845867013
1284546224792768513
1284548502551486464
1284555366282547205
1284560065220026368
1284564595148034055
1284573906402189312
1284582985321373696
1284588460112830470
1284590264317882369
1284593415867572225
1284599827398037506
1284606621910478849
1284617191707615240
1284626251425120258
1284632542805667851
1284650158983184384
1284657962192195586
1284667775370375168
1284675072976969728
1284682119386734594
1284689920787976192
1284697218893709312
1284707034068393986
1284722133537640448
1284736982426554369
1284767432259837952
1284782531594911747
1284797631227662336
1284812731833626627
1284816759586004992
1284824957474701318
1284824973115301888
1284827370109706240
1284834624489873414
1284838399304704001
1284841138789154821
1284850982170570753
1284856015297683458
1284858014999207937
1284858029729406976
1284860545175347203
1284872203448782848
1284872396072202240
1284872396072202240
1284874737433358337
1284876045032869890
1284878664677691392
1284886214374494209
1284888479479070726
1284893260952023042
1284897286691131395
1284898797534023684
1284898994884349952
1284899804187889664
1284904082440945665
1284906346928906240
1284908039947063297
1284913005839503360
1284916413388464128
1284924718244671488
1284934281496854528
1284939565954936835
1284944095841079297
1284952652175020032
1284958188740112384
1284959446796566534
1284966241925500928
1284967248537571331
1284975301467017218
1284978827328970754
1284982600017350657
1284989897716183046
1284997699402702848
1284997950763143169
1284998280787587072
1285004493889863681
1285013553498533889
1285020096822480896
1285030415879884803
1285032679600267264
1285035919180009472
1285039224039890950
1285049540547092480
1285050293403684865
1285059355587551232
1285065647106543616
1285080243099893760
1285087037691965443
1285097104512356353
1285104653907238914
1285109687126503424
1285117236907323393
1285126548023128064
1285133594621620229
1285152470826733568
1285156243917733889
1285159549809369090
1285160782767038465
1285163992575610880
1285166287551893506
1285167570262331392
1285175119195836416
1285182671421923328
1285185436500070400
1285188293240467456
1285190219260669954
1285190839623233536
1285197770408841217
1285199277581651968
1285200284147302401
1285201441393704967
1285205319619170311
1285209263816667136
1285209488450965504
1285212871295631362
1285218644587413504
1285220418098470912
1285224192561106950
1285228218165927938
1285233251326582786
1285235661952425985
1285236019462311938
1285239542543515660
1285243317865848832
1285245066307686401
1285245079096000518
1285248099376652291
1285249105724416000
1285251370480742402
1285253887004422144
1285254390903738370
1285255690584576001
1285258167904079872
1285258790879858691
1285259927091585024
1285261940600840193
1285265966692261898
1285269741708484608
1285273516384845825
1285274878057250817
1285277040355221509
1285281317932998660
1285283331299512320
1285284841722982400
1285288867856371714
1285292390929117186
1285296669119123457
1285300443954819072
1285304218786594817
1285304471459962883
1285307238752628750
1285311517282443270
1285311834657042433
1285318974406889472
1285324493515259904
1285333664537219073
1285342472109948929
1285349769263669253
1285359835182235650
1285368895134748674
1285375186779373568
1285382232794898438
1285389027865133058
1285397837078044678
1285405385587818497
1285412431712456704
1285419478243635200
1285425014733524992
1285433288602144768
1285434074467835905
1285437826289397763
1285439551649927169
1285439610756182016
1285448418861682688
1285454459468951553
1285462009061015552
1285467310459768832
1285469559034699776
1285481279916511233
1285484657262436352
1285492589290979328
1285497496903593985
1285497538955448322
1285507307477053441
1285514858163843072
1285518030290788354
1285522407923634177
1285527977174937601
1285529963089793030
1285531954104991745
1285533731378388992
1285534750099361792
1285536926905270272
1285537050423255040
1285537506860072962
1285539342488748033
1285539506465247232
1285541901991415814
1285545058914250752
1285548830965063680
1285551437146185728
1285552606924996608
1285556380611620864
1285558120958369795
1285560158953910279
1285561309073899524
1285567707455336449
1285572234707382273
1285575758052720640
1285589423837655042
1285592513949118468
1285593079924301824
1285595890917548032
1285596089081630720
1285598658751275010
1285601426966810627
1285604195408674817
1285605956945088512
1285611241780674560
1285614010004537344
1285617281482076160
1285621056682827777
1285624328877486080
1285628606069301256
1285631535866163201
1285632129423089665
1285636407642460163
1285638909771251717
1285639679107313664
1285643705874108419
1285651255839399937
1285652136496332802
1285655281985257472
1285658805402042368
1285665761076432901
1285666355002343424
1285674156244316162
1285674592183386120
1285683215919980555
1285683753709301765
1285687210092756999
1285688240201175041
1285689507606671362
1285689507606671362
1285691605605920774
1285692416763277321
1285694422936690688
1285696554234458112
1285703852101120000
1285707123683323904
1285710646949163008
1285716435059318785
1285722632982167552
1285724739890282497
1285725111673327622
1285727059248111616
1285729270078341130
1285730779633291264
1285743865962598406
1285753177111855105
1285758965700231168
1285759468458967040
1285763746682621953
1285765256761896960
1285771296794726401
1285774819661881344
1285778594514509825
1285783376071450625
1285786144483966978
1285787151242846210
1285793693945999360
1285797468895141894
1285800427964051456
1285805773554057216
1285806267383066626
1285809297209864193
1285812316769050624
1285816847460376577
1285817349992521729
1285820621612625920
1285823356739162112
1285823411969810432
1285825151356080128
1285829429718061056
1285831694348673024
1285833652547522560
1285839496186146816
1285843270904483841
1285846862260469760
1285847046767939585
1285850820727246850
1285851245849325568
1285854597328900096
1285859628555866112
1285859998472568832
1285862146983825408
1285863328447819776
1285869695573393410
1285872666017243136
1285875840950173696
1285877246956273669
1285880552718045186
1285880594983981056
1285884795797540864
1285888569698144261
1285892348136894464
1285894445607657472
1285899064274497536
1285899895573041155
1285900536735293440
1285903669293088768
1285904969187700741
1285905026855182336
1285907446280720385
1285913548745564161
1285914994559909891
1285922546681090049
1285924930085949443
1285925814593355776
1285928921360367616
1285930094247149570
1285934622786727936
1285935880734212098
1285938145859702784
1285945947302825985
1285948792395780097
1285949722432344068
1285952993872027649
1285955510198513665
1285958278544011265
1285959445181280259
1285961046788919301
1285963814899535877
1285963884759863296
1285968848198533122
1285970861598691334
1285971912733200385
1285974973815889927
1285976901320937474
1285978023947378689
1285979166660268038
1285983192818884608
1285984945140359170
1285996148776407040
1285998544793600009
1286000902026006530
1286005591379509249
1286005597448613888
1286007315880128514
1286013144033308673
1286020692220157953
1286027376317485058
1286030001184407552
1286030569458016264
1286036293990875136
1286043842324631558
1286049882088890369
1286054382493147140
1286055660224839681
1286058186949238786
