1276033277388820480
1276048090882101248
1276087835892895744
1276111484104425472
1276143537831247873
1276177856909979649
1276246454202490899
1276247535007477760
1276467502483210242
1276474025263464448
1276475606486695936
1276489196035870720
1276516425675481088
1276549684773994496
1276793331675213824
1276816404357005312
1276851133923950594
1276857970069037057
1276861211611627520
1276861319342428160
1276861387009122304
1276862880181301249
1276884489185054721
1276916985595662337
1276936249455136768
1277134254259003392
1277146378741993474
1277164315309756417
1277176827996450816
1277205408386560005
1277209275945947137
1277240297282568192
1277245444364603392
1277348816690319360
1277599347874639880
1277887970998194176
1277908872989233156
1277911807508742149
1277917991137673217
1277934582604718081
1277960190709526529
1277962267326177281
1277991450257604609
1278013342553182215
1278036883944153089
1278051186705338368
1278055544029360128
1278073343116292096
1278246052454445056
1278267274206593033
1278298945752567808
1278298948512382976
1278422430923599876
