1331735364457930755
1331739450678898688
1331744576600748033
1331749650177679360
1331754826284339201
1331760005037625344
1331765173783289857
1331769649709658114
1331774750897680386
1331779856858800130
1331784963809796097
1331790049222995968
1331795200423981057
1331799847716974592
1331805094531174400
1331810259812409346
1331815385629384706
1331850434722619393
1331851479498579975
1331855206456434693
1331856119757746176
1331858377694212098
1331861482640990208
1331864381374738432
1331864557820710913
1331867623613665280
1331870429703778307
1331870689515741184
1331873787357392896
1331875593101733889
1331876884490166272
1331879973720907777
1331883097332264960
1331883171378565120
1331886340011646976
1331889536637558785
1331892758529839107
1331894861465866241
1331896235570171904
1331898878661111808
1331901724978769921
1331904955658145792
1331908182457917440
1331908631017754626
1331911790276571137
1331914823014166529
1331917901830496256
1331920213596663809
1331921059717767170
1331924063963451392
1331927289446211584
1331930424038350848
1331933498660311040
1331935189090623489
1331936709735575552
1331939761133641728
1331942415909969920
1331943035635179522
1331943182205120514
1331946936384057345
1331949475150123012
1331952571934773249
1331955681780510721
1331958898622935040
1331962106888024074
1331965898618507267
1331968450844123137
1331971182070009858
1331971597087944715
1331974780334067712
1331976976752586752
1331980038007386112
1331983142824054788
1331986288321458178
1331989407042252802
1331991093571940352
1331993114362384391
1331995692026503171
1331998657680470017
1332001790838108160
1332004843926544385
1332005759102672898
1332007931420823555
1332009390967316481
1332013042406748169
1332013825143545856
1332017065415356417
1332020147855429642
1332020930260897794
1332025911991013378
1332028800352329729
1332030114842939393
1332033216518238209
1332036083614437377
1332036438490304512
1332037440446590978
1332040566578798600
1332041806167629824
1332044885977919493
1332048079642562560
1332051290139095044
1332052649856864256
1332055794876100609
1332058894999416833
1332062279177818113
1332065264276475908
1332068409664737283
1332072083988377603
1332074071408971778
1332074147351044098
1332077244731297793
1332079869493129224
1332088056728461312
1332093263789101058
1332098467339132928
1332104352228651010
1332109488938213377
1332114612079226881
1332119452448657409
1332124537018847233
1332129684990070785
1332134854339784707
1332140046460268544
1332145219475791872
1332149653480091648
1332154742164877314
1332159931731075072
1332164972760223747
1332170185185366016
1332175358653833217
1332179849998454795
1332185025283043328
1332210076896161794
1332215129702850561
1332215833746083841
1332218461548900352
1332219707315904514
1332222803895087105
1332224077663232002
1332225970649051136
1332229135217946624
1332232256551854080
1332233045399793665
1332236101717782528
1332237497993203713
1332239161114456070
1332240983061389314
1332242225045106688
1332243878540402688
1332244041421959168
1332247071399809025
1332249373317750784
1332250163948232704
1332251403268526085
1332253077534085123
1332253625096278016
1332256280744955904
1332259447037710341
1332261222205579264
1332261222205579264
1332262665163583488
1332265897587843072
1332267531051130881
1332269092301119493
1332272138523451392
1332275357844639744
1332278488494186496
1332281643072151552
1332284817841541128
1332286717139841024
1332288043730997249
1332289240919642114
1332291253808066565
1332294891704098817
1332296557216063488
1332297666924072962
1332297859920752641
1332300868738158597
1332303921386319875
1332307378549760000
1332310547707138050
1332312667776831491
1332317199827161089
1332320952408006656
1332323449885372416
1332324988905533441
1332326648830627850
1332328630492557312
1332331856952520709
1332334957377843203
1332338028283629568
1332341097008402434
1332347655121477635
1332350860458946560
1332354011685679107
1332354040529907712
1332357521168887809
1332360439259402241
1332363672186986497
1332366741545086978
1332369821061832705
1332371655734202368
1332372406745313286
1332375297564561408
1332377938239639552
1332381035766706180
1332384234389037059
1332384403796922370
1332387452770725895
1332390626839703553
1332393783720337409
1332396830441811969
1332399868988551169
1332402569394655234
1332406228266475521
1332409223452516353
1332412060538445824
1332415636149047298
1332418288521973760
1332421505037316100
1332424663591489537
1332427928999694345
1332431152259493889
1332434250545639426
1332436905745592320
1332438419021160448
1332441658357583877
1332446792873635842
1332451859974529028
1332457074337472524
1332462308476542976
1332467467554349063
1332472589839720449
1332474293045899269
1332479401167122432
1332484496659189764
1332489392385044480
1332494491161407488
1332499596573020162
1332504489971085312
1332509667684196358
1332514883758395392
1332519588911788033
1332524681556074496
1332529812813045761
1332534686686601217
1332539795336204290
1332549789477728260
1332564886329679872
1332606354423500801
1332610183541960704
1332610607233839105
1332610889044938753
1332615579866435585
1332615982221824000
1332621015361449986
1332621046407704576
1332626556066344961
1332627089674153984
1332628003210334209
1332633134932881410
1332634867889221639
1332638237123293185
1332643360977399808
1332648518570348544
1332649979417145345
1332653873312493568
1332658598153834498
1332663723245367297
1332665098574450691
1332668767697072135
1332673165366005760
1332673207615299585
1332675187062530048
1332678388822253569
1332683560914923522
1332688676732755968
1332690811008454657
1332693807893270530
1332697116813234176
1332698967201751044
1332704168847486976
1332704169954844678
1332709438214508544
1332714686010290176
1332719745817260034
1332724799324434433
1332727057588101120
1332732273217724416
1332736156715331587
1332737378126008320
1332740283944067073
1332745408628580353
1332750631048794112
1332752367536771073
1332753789447770113
1332755803963609093
1332757723381977088
1332760085571973125
1332762225002622977
1332766767563812869
1332770920847564800
1332771957708886019
1332772008225099776
1332777533763411969
1332777533343936513
1332777533226569729
1332777533226553344
1332777532349960198
1332777540377776131
1332782727347785730
1332786038679490563
1332788313640546306
1332793067938705409
1332796017687867394
1332798931550539776
1332801147762057218
1332802910590291970
1332804161415548928
1332806478718242818
1332811679680311298
1332813075150462977
1332818146525388803
1332822837741105161
1332828071456595972
1332833184195678208
1332836675790254082
1332841800793550848
1332846977659383815
1332852153887690755
1332857341545492487
1332862388006248450
1332867622858321927
1332872851687399425
1332877893249216519
1332883065518100481
1332888233332584449
1332893395661025284
1332931180182777856
1332949637469265925
1332963912090873856
1332965023875018752
1332967266300858369
1332972574666526721
1332977776345968641
1332980124891934722
1332981242472624129
1332981367995510787
1332986486132764672
1332989975185547264
1332991603162681344
1332993061341831168
1332998310177730561
1332998789108555777
1333003542660001794
1333004836149882880
1333006265153368064
1333011349341954054
1333016594419736579
1333016594419736579
1333018714963316736
1333019947744817154
1333024468244041728
1333026059017662466
1333031293727158273
1333035068424675328
1333036159186952193
1333037235185332226
1333042307541725184
1333047442674233346
1333048097904222208
1333053179097985025
1333056874963480576
1333061922602835970
1333065298937778180
1333067074504171523
1333072226313244679
1333073976277528577
1333079199767269377
1333084417506635779
1333087532599414790
1333092747490824192
1333094629454082048
1333098648280977409
1333103712181612544
1333107830719721472
1333108784252792833
1333113907142070272
1333116052679643137
1333121216677339144
1333126387339829252
1333131064710230018
1333131475823292417
1333132072496541701
1333136573702025216
1333138668790300672
1333143794338967554
1333147211803348996
1333148879144050690
1333154033247383564
1333159219047096323
1333164325591273477
1333169429983727616
1333173214806220803
1333178353260572673
1333182758668169216
1333183445518921729
1333188549366181896
1333193655025356808
1333198789209886720
1333203912531324930
1333209038784520193
1333220469655400450
1333225591022247937
1333230695066578944
1333235816882180097
1333240985250357256
1333246168860651527
1333251250989785098
1333256379189096451
1333261561511731202
1333298530434347009
1333303757053054977
1333306715098505216
1333307380881387521
1333310510251565056
1333313638984273925
1333316748154707968
1333319859623563268
1333323062587109377
1333324511756869633
1333326204812873728
1333329416429199361
1333329800103157765
1333332507396345856
1333333331421913089
1333335551408287746
1333338775125172224
1333339634764455939
1333342011018121216
1333343414482571265
1333345212270338048
1333348265895604224
1333351382649331713
1333354552091881472
1333357747144941568
1333360898505912320
1333364139725639681
1333367178813435905
1333370305318957061
1333373370625380353
1333376918054461441
1333380082388316161
1333381456756953088
1333383323306045441
1333383453455290369
1333386369784307712
1333389515738722304
1333392563131330562
1333395718632058880
1333398813487353857
1333401993457659905
1333405796227559424
1333408427503214593
1333411662238523393
1333414750529736704
1333414846835138563
1333417891644006400
1333421118758285312
1333424151663702018
1333427247840174082
1333430369870368768
1333433912622804997
1333436537179172864
1333439595334217729
1333442650431741955
1333444484286255105
1333445709924864000
1333448940826599426
1333451064906018817
1333452168645529607
1333453720097583104
1333456951246721026
1333459532685651969
1333459531158974465
1333461644597489665
1333462652232855556
1333464059233128451
1333464855106490368
1333467966864809986
1333470923429646341
1333471136420597760
1333474224997011460
1333476768725037056
1333477454061707264
1333480678160273409
1333483903034806276
1333486187181453313
1333488468606021642
1333491865769873409
1333491893800493056
1333494751216234498
1333496955868221441
1333497971367927809
1333501015245643778
1333504832829861895
1333507464235536384
1333510513289023490
1333513572698058752
1333514973381881857
1333518112696774657
1333521191018094597
1333524274666201088
1333527368502292480
1333530249062215687
1333535474909147138
1333540669701447680
1333545837050425344
1333554240724348930
1333559402683637761
1333576553221992448
1333582936076115970
1333588094830989315
1333591654729703424
1333596782165635073
1333601835211427841
1333606751657209856
1333611803465682946
1333616935288836097
1333621854536392704
1333626987626237952
1333636950666977281
1333659648956780546
1333664869825064961
1333666468827951105
1333669414441537537
1333670237498126338
1333673267115253761
1333676494208585729
1333678341992411138
1333681549880004608
1333682819747508224
1333686042055102464
1333687051888291840
1333689285049012226
1333692371817689088
1333695494678343681
1333695555856437248
1333698577374306304
1333701176731242496
1333701430964793345
1333701703103901701
1333704830762807297
1333707964927053831
1333708115154509824
1333709494908489729
1333710733633351680
1333710928332861441
1333713838647234560
1333713838647234560
1333716562445000704
1333716873616236544
1333717088293294080
1333720251645751296
1333723410665451520
1333726660269645830
1333729709109219330
1333733067924647937
1333735868998295552
1333739109249134598
1333742175889338369
1333743177052917761
1333744950882799616
1333745265568788483
1333746650515460097
1333748977309716481
1333751766043725824
1333752050711228416
1333753026973208576
1333755115929538561
1333758176110522370
1333761787385274369
1333764599125057538
1333767691065298944
1333770785379520514
1333771979170705410
1333775124844191745
1333778159179870209
1333781215959261185
1333782415207088131
1333785500872708101
1333786683385339904
1333789831743242240
1333793045150457858
1333796104995946502
1333799014072926213
1333799835288256512
1333802273923768322
1333804690417414144
1333807876951961602
1333809358224887810
1333812605685731328
1333815767901630465
1333817544487165953
1333818889382354947
1333822013572603908
1333825690437885952
1333828912154091520
1333832109371379712
1333833032751583233
1333834091884589056
1333836148553232386
1333839785031569408
1333840788359409668
1333843846980104193
1333846977436585993
1333849400670564357
1333849937554124803
1333852295134580738
1333853134565896194
1333857524274114564
1333859148769980419
1333862297308172292
1333863438779641856
1333863475593048066
1333866107820797953
1333866500978053120
1333869564938113032
1333871833695850496
1333875063859388420
1333877125162676226
1333880309767663624
1333887093546729472
1333890198627905539
1333892766598881281
1333896617863352321
1333901187624497154
1333906386720321541
1333911486255783945
1333916627558076416
1333921784740065280
1333923844030156802
1333940244660563969
1333945414828105730
1333950584823685121
1333954041425092608
1333959205703835652
1333964335962525698
1333969140445540352
1333974295266144256
1333979461587509248
1333984242011951106
1333989367640182784
1334020811720716288
1334031761714647040
1334033372352557056
1334033937103015936
1334037010152124416
1334037689600008192
1334040067581612034
1334042452282445826
1334043118258294786
1334045738062503936
1334048858704384005
1334049772601184257
1334051732553338883
1334052849924395008
1334056021858390016
1334058031986970625
1334059250813980672
1334061811176443905
1334062295811579906
1334065482815598593
1334066304760864771
1334068114095562758
1334068578077827072
1334071635335319553
1334074854702804996
1334075321776279554
1334075679927898112
1334078459879038976
1334081547314585600
1334082737293189120
1334084888753020928
1334088061051932679
1334091242926469120
1334093713094680577
1334096944923353092
1334098107060072449
1334100515815305218
1334102512954208259
1334105618333003778
1334108413039620098
1334110958055284737
1334114185282772994
1334114805079302144
1334118226121412611
1334121125291364353
1334124235099398145
1334128087420837891
1334130509287464961
1334133569443213313
1334136654089646082
1334137732294189056
1334140134757949440
1334142881389551626
1334146068121083904
1334149279812816897
1334151252322775053
1334154430195916802
1334157593468678145
1334160810462093312
1334163954898186242
1334167080350998532
1334170140519374848
1334173259202514947
1334176591245611009
1334179494039597061
1334182663368941568
1334188891188899843
1334192144270176258
1334192221730594829
1334192888238931968
1334195982821707784
1334199042524532737
1334200702227320837
1334202879922622472
1334203853999321088
1334206965241659394
1334210389819711490
1334213545173585928
1334216301552803843
1334219377751822341
1334222492689453060
1334225554418098177
1334225687876603911
1334226215985672196
1334228887304286212
1334231955353841673
1334235057691779075
1334238017381392384
1334238188974518276
1334241155882627073
1334241239600930816
1334244713893941248
1334247553643274240
1334250779734061056
1334253860035190792
1334254228630622210
1334254263602655236
1334257091150815238
1334260987537616901
1334266053086601221
