1301293838300925953
1301305414231883776
1301343667009978368
1301354621802131456
1301383435529805825
1301398659058135040
1301403785051475969
1301404951294353408
1301418287113203712
1301422442074824704
1301425087044677633
1301428101327454210
1301431320783073282
1301444336777719809
1301445764015681543
1301445966617145345
1301448163748962304
1301450500613664769
1301458049605881859
1301461323524399104
1301462235810799616
1301462593027149825
1301465131344371714
1301468751183794179
1301473792108175361
1301474405978046465
1301477498832723968
1301482338367332353
1301483510780305408
1301499275273269248
1301502733179146242
1301503361750102018
1301506443166834688
1301511601074438149
1301515534270332931
1301517614901080066
1301518187821924365
1301520838064128002
1301522316833234944
1301537713435283456
1301539086167994368
1301550033297444865
1301551806942568448
1301552589914476546
1301553036721086466
1301553705217675266
1301555935400296450
1301555999904600066
1301557672085524482
1301557765345882113
1301560030483943425
1301563584489697281
1301563875880435713
1301565000503365633
1301566177425195012
1301569592096100355
1301572261749628934
1301572352065576961
1301572455220248576
1301572517728079875
1301572621318926337
1301572687748161536
1301573236745011200
1301573330059898885
1301573485693734912
1301574061957419008
1301574665677176833
1301574884271837185
1301575077067186178
1301575957598232577
1301576275862192128
1301576417491197952
1301578831183204355
1301585764849868800
1301594335025049600
1301599225629696000
1301611940318310402
1301624897358057473
1301639493691219968
1301641390141571072
1301657362189615104
1301694359838941184
1301751986325352448
1301753625052508161
1301763562046537728
1301807475872555009
1301809477394542593
1301815403992117248
1301816277355372544
1301816485401198593
1301820562914729987
1301828370288705537
1301829999083753472
1301831648137285632
1301835032235896832
1301835670399451138
1301838555048599558
1301840192836304896
1301841023082147842
1301841958814412800
1301842982245732353
1301843465802719237
1301844015571243008
1301849240851841026
1301849635426795520
1301851872299495427
1301859144966770688
1301862335682736128
1301864109164568577
1301866112003399681
1301867243106570243
1301867616747782148
1301871234343481344
1301873966047526912
1301874934218665984
1301875551758553088
1301877023770660865
1301880935634350082
1301881110230691840
1301881614100828164
1301883869336154115
1301884108260487169
1301884736466452485
1301885679522242561
1301885915326021632
1301887579873214466
1301893211682734084
1301894415263444994
1301897688171020291
1301897896690933761
1301898032330440704
1301899460201443328
1301902448072822785
1301903481876484097
1301907692370505729
1301908480538877952
1301910472892047367
1301911791635697667
1301914854996037638
1301915805681098753
1301918762556436484
1301923539126190080
1301929180146343936
1301930867678482434
1301937002343002112
1301937480531406850
1301942132417101824
1301942616078995458
1301969668601606144
1302115003256901633
1302116760724762624
1302124558258810880
1302155281422454786
1302160861918826496
1302161611914989569
1302161820074102785
1302162109405503490
1302162320643297280
1302162512222265345
1302162604555751424
1302162953727336448
1302163188474150912
1302163266785992704
1302163394192179200
1302163552397033472
1302164541359493125
1302164622473080832
1302165562966052866
1302165940621193216
1302167107044548608
1302167446552485889
1302167593768214529
1302167660319383552
1302167778925916160
1302167894822920192
1302168009923088385
1302169195749216257
1302173252899483648
1302176523810725888
1302177644738469888
1302180296385757185
1302180401381806080
1302184330295422978
1302185339805556736
1302187566825975809
1302187566825975809
1302189353771376640
1302200299130585089
1302200482233016320
1302203930919796738
1302214531813261314
1302217806448975872
1302218533573623808
1302220573964001280
1302221259623854080
1302221517212745729
1302230045952536578
1302231182499872770
1302231939269697538
1302232049592434690
1302246882710818818
1302250375051911168
1302252113087655937
1302252205463015424
1302255521920176129
1302256952051818497
1302260337039667202
1302261620316528640
1302262529285140481
1302263735348731904
1302272339313340419
1302280471259176962
1302289026955661313
1302295317166006273
1302298585048858624
1302344008471965698
1302479277942693893
1302502178578292737
1302530613254057984
1302544082879700992
1302550242651336704
1302563077146030080
1302567985656201222
1302598437792174080
1302605108044210178
1302635438281170944
1302640466354040833
1302645499082678280
1302649170487058434
1302658342414815232
1302708538364420096
1302776608990715904
1302834997217259521
1302842296103124997
1302847958208016390
1302860704664481792
1302860820804759552
1302862548710993920
1302867334252511233
1302886275570192384
1302893133852676096
1302904720600653825
1302908171732897792
1302908605847482369
1302908661719855104
1302909654679384065
1302915665918070785
1302928237035577344
1302940569426034690
1302952088314548225
1302974124617281539
1302975672827039744
1302991652064169984
1302994800807829504
1302997693510238208
1302998951310712833
1303028520679956480
1303033308998070272
1303047772333985792
1303059348600418305
1303080615575613440
1303124165906501634
1303199523393531905
1303204120728395776
1303204682643378177
1303206198548639746
1303213362646413314
1303220035083616256
1303225784010780672
1303226253542121472
1303226328540299264
1303240415345221632
1303257910705704960
1303261321715212290
1303261430406209536
1303262814941798401
1303264448946163712
1303273416406036487
1303277287928864769
1303282317029384193
1303282900943724545
1303285718781845505
1303290881018007553
1303297544122847233
1303301822262591490
1303315763755876353
1303338438683316226
1303346492124459008
1303348141282869250
1303360446578257920
1303361141435965441
1303362344689442816
1303368136268238848
1303370061651103744
1303387903997800448
1303389525180211201
1303394190802317312
1303397827591024640
1303400987462307841
1303402740240900096
1303416086654676993
1303424005555146753
1303427275711545346
1303432191729307649
1303446653190443010
1303449543036600326
1303456469153587200
1303477353864019968
1303485026403717126
1303506418272620544
1303564297235304448
1303565380552663041
1303596895231602689
1303609863734308864
1303613035932577792
1303618160982016000
1303624957734264832
1303631622588125191
1303642819328798720
1303648614875627522
1303648663902785536
1303656282549702657
1303657373677031425
1303657870433701889
1303658062411112449
1303659935532642305
1303662627583819778
1303666097896353793
1303671385122721793
1303672064436572161
1303672546739527680
1303677675362381827
1303680614806294531
1303681054637797377
1303681196975685633
1303685935486431233
1303688534478458887
1303689002252414978
1303692268747067392
1303694788344991751
1303699048210333696
1303701582236676096
1303702495793950720
1303703090801987584
1303706486653112320
1303710028411535361
1303712563121860609
1303712775693365249
1303717824184033280
1303723474888790017
1303725104858378243
1303725368336097287
1303727852370698255
1303727952262295553
1303730059329576960
1303731879997313028
1303733108701908992
1303733439397539846
1303733540794675200
1303734824121896968
1303736558407675906
1303738166315307011
1303738257218449408
1303738392665038850
1303738713973891073
1303738857373011971
1303739788638539776
1303742996102303744
1303743374613250048
1303746041754386432
1303746746254843905
1303747007425675264
1303752305007898629
1303752487816622080
1303752588597366785
1303752697015922692
1303771435400228864
1303776210405658624
1303783001612926982
1303786390828625920
1303792300615593984
1303813321489936384
