1301282914576084992
1301294411763126276
1301300936325976064
1301305250322829313
1301341094450524163
1301364179346042880
1301364441372651520
1301377284562186240
1301378453405663232
1301379549846962176
1301381063005163520
1301382199929962496
1301383318471090177
1301384457534963712
1301385392478978049
1301385967291465730
1301390511962497025
1301391486165176322
1301392401832042496
1301392499865513984
1301393512794075139
1301394002210627584
1301395515276435456
1301396288123088897
1301397282680692736
1301397999663407105
1301399574414753792
1301399624985522176
1301400547958890497
1301401084750159873
1301402060513050624
1301402241149140997
1301402240851357697
1301402653310758913
1301403751270567936
1301405269830893568
1301408145495994368
1301408683457470465
1301409221850923008
1301409762861514753
1301410689005821952
1301411616001531904
1301412384750346240
1301414714585604098
1301414905954930689
1301418089049923584
1301419688006684672
1301420172994117632
1301421124132261888
1301421699133591552
1301422134284242944
1301424509874995200
1301424958715965440
1301425277956960257
1301426804444536832
1301427986865041408
1301428673682329601
1301429437431508993
1301431065568055300
1301433203954200577
1301434338492514304
1301441920309358592
1301442618493206528
1301443060673507328
1301443519048036352
1301445691571671042
1301448244019556352
1301451938316406789
1301453144719863808
1301453251406106625
1301454143178059776
1301458526569746433
1301459184475672583
1301460205453086720
1301461701078986752
1301464946165903361
1301465418578694144
1301466392483463168
1301468836135424001
1301477103196610561
1301478048928276480
1301478568573181952
1301479092039102464
1301480070272430092
1301481974561943554
1301482271283658752
1301483087050805251
1301483599263412225
1301484867469930497
1301486365843038210
1301487131416817667
1301487645105754112
1301489535856128009
1301492955413393408
1301497929925091329
1301501620413440000
1301501982683860992
1301503237787455491
1301503995454853123
1301504642170355722
1301505241129644033
1301508801225461761
1301511428550152197
1301513708280123393
1301516084646940674
1301516831996416004
1301517499599597569
1301518062823276544
1301519337384218630
1301519825999745025
1301521347558944770
1301522109865373696
1301522749433745408
1301523337521385473
1301524142643183616
1301524875035770880
1301528091051859968
1301530353035890688
1301532616366198786
1301534774025236480
1301535388742361089
1301536029283844096
1301536649059479554
1301537267731832833
1301537858730233856
1301539422589128705
1301540932983103488
1301540941589811201
1301541680890421248
1301543125316505601
1301551156196507648
1301553031977132032
1301554177701810177
1301557404170149888
1301558038474690561
1301558718325284864
1301559394023464965
1301560063400837120
1301564358896619524
1301568151239487493
1301569344837758981
1301570090215903240
1301570843529613312
1301571595480240131
1301577612360388610
1301589431581843459
1301589727624167426
1301590822463381506
1301592336032559104
1301593068416700417
1301593086456455170
1301593473620029440
1301593819222364161
1301594564017483776
1301595856173498368
1301597102116679681
1301597859909783552
1301598781197234177
1301599112459157506
1301600896074362882
1301601869341634564
1301603145362149377
1301604406660681728
1301609377598713856
1301642986871291904
1301648597491109888
1301649418878320645
1301650235630985217
1301651060508028928
1301667619364319239
1301667619364319239
1301669058719485962
1301669817599041537
1301672078719016973
1301692410108489728
1301730924065947649
1301736360525656065
1301745027362807808
1301748072213610496
1301749193728552962
1301749572474220547
1301750335858507776
1301751098991169537
1301755750881153024
1301756386947280897
1301757409313148929
1301758161389596672
1301759409186582529
1301760178237460483
1301760668341764096
1301761175823233024
1301761979896430592
1301762700867969025
1301763438029529089
1301764189510402048
1301764950126399489
1301765955383709696
1301766599679111170
1301767781491376133
1301772640106033152
1301774188483616768
1301775739797344257
1301775772080918528
1301777916343259137
1301778336981676032
1301779821136089088
1301786988564144128
1301790026905378821
1301791894851256325
1301793811920809984
1301793880132681728
1301794034436931584
1301795143805218817
1301798138836025345
1301799068449099776
1301799673888411648
1301801444698476545
1301801952410566661
1301803472468291585
1301803847107649536
1301811178214248450
1301811186401411072
1301813066066284544
1301813869342580741
1301817227985944578
1301817567594590208
1301818352403390465
1301820240012156928
1301820879437885441
1301821804462436354
1301822755126603777
1301824213297303553
1301831599496081409
1301832549233233921
1301833113539170304
1301833492393754625
1301836892762234881
1301837671363477505
1301838694421278720
1301840788305989632
1301843376468381696
1301843719398846464
1301853164535193602
1301855182821756929
1301856200984875010
1301856365569347584
1301859548513394693
1301861466715435013
1301861468959375360
1301861895314518017
1301862954636320768
1301864470382342156
1301871743666196481
1301874673840517123
1301876268712054786
1301886390070923264
1301894701889527808
1301895168434548737
1301899426252951552
1301899994723749888
1301901546309980160
1301902250382708738
1301902978778050564
1301903679751151617
1301904190235725825
1301904399875354624
1301905123627675649
1301905877587419138
1301906656830328835
1301907399473684482
1301908325743947776
1301916624014979072
1301920068767490054
1301923427448741896
1301929104334356480
1301929491233677312
1301935924360744963
1301936714634625026
1301938189033263105
1301943516008976389
1301960288166608897
1301960489598160897
1301961233084616710
1301962364112252930
1301962793223163910
1301963161592115206
1301964671411519495
1301965406182273024
1301981897317326853
1301992610236690433
1301993398761644032
1301995069076103170
1302008485471760385
1302021515689562113
1302026913133858816
1302027685380661249
1302038179466354689
1302038901087928320
1302084579327643648
1302100607197741061
1302115862342701056
1302116984625287169
1302118141124849664
1302118913925435393
1302119660347887618
1302120793028075520
1302121950030987264
1302123410072494080
1302124546208813056
1302127192353243136
1302130056098127877
1302135514309558272
1302138157744492544
1302153674957811714
1302161217495105536
1302164706329853953
1302165236565389313
1302177462030397441
1302186861931225088
1302189472252125189
1302190992347594753
1302192600745680896
1302192780895232013
1302195533977706496
1302197869408129024
1302198296677699584
1302199493530734593
1302201833243504640
1302203613847183360
1302206215351668736
1302210436557942793
1302212412666458113
1302214509571051521
1302217952310239232
1302221632254218242
1302222170601517056
1302222737243545607
1302223867436503040
1302224413778214914
1302228917475061760
1302230759340732416
1302237826218590208
1302242485977182208
1302244087001763840
1302248514597126144
1302249314136326149
1302254327290097666
1302255843132534784
1302256468339625984
1302257709107097602
1302265949463216131
1302266325398585344
1302267836920979463
1302268951825731584
1302269714551443456
1302275788566417408
1302278757554761729
1302279160036044803
1302281756666728448
1302286726984019970
1302290146600026117
1302303536575926273
1302313158892285952
1302313544889835521
1302316593406455810
1302324834370809863
1302333208982425602
1302334208900296705
1302335743742935041
1302337719448875008
1302337719448875008
1302337740617519105
1302339234964086786
1302354011732029440
1302359406907187202
1302363080115060737
1302390138153111553
1302404355669340162
1302436540535255041
1302438285348921344
1302461344982216704
1302465537759416321
1302483540056170496
1302485236551479296
1302486701458194432
1302487055352705025
1302487953223155712
1302488170735570944
1302489321790992385
1302489490578169856
1302490482463956992
1302490825549582342
1302490824639422464
1302491946183778306
1302491982133166080
1302492743634235394
1302493105262923776
1302493836988612608
1302494260340678656
1302498373346439168
1302505583476699136
1302506326476689408
1302507611917611009
1302508824587374592
1302510493253464064
1302515402136793089
1302519562043305984
1302520307207606273
1302520434198482944
1302522206728134657
1302528454240473089
1302530476171833345
1302531503566589953
1302532064764481540
1302534301389656064
1302542279001993217
1302542598213709824
1302557180663599106
1302560455148343297
1302563010586836993
1302565553018744833
1302566232344924160
1302567239707758592
1302568000617406472
1302569253489565697
1302569817241780224
1302575280641507329
1302576182752350208
1302577170984898567
1302578214418681856
1302578738052444162
1302580074487648256
1302584095327879169
1302590480648200193
1302593163471749120
1302593268111282176
1302598545866973187
1302598951087071232
1302600402995679236
1302600965619671040
1302601959724253184
1302604873612120065
1302607249177706496
1302607956089987074
1302609236489318410
1302609762379595776
1302610955122159617
1302612002817421313
1302613537219584002
1302616831098859521
1302618086693011456
1302618836043272193
1302622401335787524
1302623281409818626
1302623872399953925
1302624261253758981
1302624418175291393
1302625376309518337
1302626059188346880
1302634460983287815
1302634613559492608
1302643537813663747
1302645531206971392
1302646116157206531
1302649289387147264
1302654811846914050
1302663291219644423
1302669257659101185
1302670430013132820
1302679834833948674
1302681103556399107
1302681721255661570
1302682353332973568
1302683000476520448
1302687538239373313
1302688607342387202
1302689306692255744
1302690291200266245
1302692073079017474
1302693312961413120
1302694564243922944
1302695345391108100
1302695679991656449
1302695839543025666
1302697099012853760
1302697946434150402
1302699129345277953
1302699363861495809
1302700220438982663
1302701728215846922
1302702493433028621
1302703375897833473
1302704144067825669
1302708566776852491
1302710799581040646
1302711700420993025
1302715696095408136
1302750320435564544
1302806471621709825
1302826469266255872
1302828005111324672
1302829126747926528
1302830252847239169
1302831755993509893
1302831761441927168
1302832892259819526
1302834004522131456
1302834033949319168
1302839379669520386
1302841906062393344
1302842807523082240
1302843823287136256
1302845076402515969
1302847345818828801
1302850360340602882
1302852887266156545
1302855558584819712
1302856334040338432
1302856657475600386
1302856700228141058
1302856699343261696
1302858211238858757
1302859344594300928
1302859659552923649
1302859728456945664
1302859912674979840
1302860420903043072
1302860483716816897
1302860483217838080
1302861179942043648
1302862010317713408
1302864964487651329
1302865775779340293
1302867682656759813
1302868409441546240
1302868449337790464
1302869422684672001
1302869735198130176
1302872604089475072
1302872604043288578
1302874022586310662
1302874835308154882
1302874877951700992
1302875224598368256
1302877780527513600
1302882423517188098
1302886172981686272
1302886502612062208
1302888352207835136
1302891093437100033
1302896045865807874
1302896377035395073
1302897451548971008
1302898376808247296
1302898853730025472
1302899020424253440
1302899713331662854
1302900600565387264
1302901424850898950
1302902060116062209
1302903938040188928
1302905449235255296
1302905447595356170
1302908096063438848
1302908974291922946
1302909858606448640
1302913006851051522
1302914145277353984
1302919248646414337
1302920556451373056
1302920556451373056
1302921697369239552
1302924731792920576
1302925847842770945
1302928231037796352
1302931048351911941
1302931986303135744
1302932641415598081
1302933709092540417
1302937209549586433
1302940975996825600
1302949136480849920
1302953965479436294
1302954791539273728
1302956063474544642
1302956879795105794
1302957106606333953
1302957324152209408
1302957606714183682
1302958582426726400
1302959817514835976
1302961083121045504
1302962353781301248
1302963103680823299
1302963600743690241
1302964858070204418
1302965175159529474
1302966124351557633
1302967823250190337
1302968943309721603
1302971836825772040
1302972740325060608
1302973160413966337
1302973864490795008
1302974996336312320
1302975389187428359
1302978699604758529
1302980751353417729
1302984843756818432
1302985593861943296
1302988144887959552
1302988473398431744
1302988991487184897
1302989729948995589
1302990260784300032
1302990783016992768
1302991333905379333
1302994274892513280
1302996942436347906
1303002234372984840
1303004113563774979
1303007397175332866
1303018478098620416
1303022681214857216
1303023225367126016
1303029060520550400
1303034713859338242
1303045906279825408
1303046508858802194
1303047114348548098
1303047615911735296
1303047714813476864
1303048297679126528
1303050557821718530
1303051092465520640
1303051652597981186
1303066467458576384
1303067641557454853
1303068337799389187
1303068421630955525
1303068928005025792
1303069500074582017
1303070087138734080
1303070659707273217
1303071225032388609
1303071784284098560
1303083493589766145
1303088574137597958
1303089535694315520
1303102587688964099
1303126732569038848
1303174586616422400
1303188556173717504
1303188964581539840
1303190442931085314
1303191575397371905
1303192708954173440
1303194274297765888
1303195357460004864
1303196498860093440
1303198386447962117
1303201421395988485
1303202948567248896
1303205526482882560
1303206387053457408
1303207245396705280
1303208415326605312
1303208963505360901
1303209726516301825
1303210473840693248
1303211227959775232
1303211985211883522
1303212748017405952
1303213127698391040
1303213500857278465
1303213880798310400
1303214259535568896
1303214997418508289
1303215776866930688
1303216513097367553
1303217273130356739
1303218044961947648
1303218781712506882
1303219179261222913
1303219786420281345
1303220314747416576
1303220551209701377
1303220551205478400
1303221291370139648
1303221290938118149
1303221822150848513
1303225559233765376
1303225610840559616
1303225861462777857
1303226572523147264
1303226740223942656
1303229617801756672
1303236332257505281
1303236939856961537
1303240735819542530
1303247149673705473
1303251301187416065
1303252081348947968
1303253943607320577
1303253988226273280
1303256036204335112
1303262557877174272
1303268178076803072
1303269359247384576
1303270609602961414
1303271711308230662
1303273140014010368
1303274627674898432
1303275676162830337
1303276923318153217
1303278171970768896
1303279451950723072
1303280692730753024
1303281954159308800
1303283920750997504
1303286015285760002
1303287282330464257
1303288624230936578
1303289991838289925
1303290780707106817
1303292011064295425
1303293268663427074
1303294557170343936
1303297410786041857
1303297956477579269
1303299788037914624
1303304036192583680
1303305864376455168
1303307132142583808
1303309630991368195
1303313727987556355
1303314672846860289
1303317197109039105
1303318447405891589
1303319718489739264
1303323517543473152
1303329287857152003
1303332021012508672
1303333550771580929
1303334253137137665
1303334806927945728
1303335356432080896
1303337535196794881
1303337705972137985
1303337779565387778
1303337844379922432
1303340389072547841
1303341969570177025
1303342015195774977
1303342038516105218
1303342097534193664
1303342158993293318
1303345136722677763
1303345874987253761
1303346653890453504
1303348157665947648
1303350293023928321
1303352215994859523
1303354823094538240
1303355112518291465
1303355671711227904
1303357608573702145
1303366298865471492
1303373641304989700
1303377273651965955
1303377273651965955
1303378060776017923
1303378676499845121
1303379277581348871
1303379896979394563
1303380516297682944
1303382928886509568
1303389233852411905
1303390871711363074
1303400921125343234
1303401078977974278
1303401594793451520
1303405617122627585
1303412385064067074
1303413175157772288
1303413939355738115
1303416211884175367
1303417337085861890
1303417754565959680
1303418502599106561
1303420355982372865
1303421866099576834
1303422631719440384
1303435565719842817
1303446723029803008
1303447498997071875
1303448250809188355
1303448988620906498
1303454762638209025
1303458557111738375
1303466477375361025
1303470253322760192
1303493724350099456
1303539112935391234
1303551549319376903
1303552680988733442
1303553818592972800
1303555321730924544
1303556452964020224
1303557602048184320
1303561188723351552
1303565146112094208
1303569754570006531
1303570691934031872
1303571353656791042
1303572100381380610
1303572862507388928
1303573608720105473
1303574363652882432
1303575146976903168
1303575877171769344
1303576651742273536
1303577396419887106
1303577626540478464
1303578152409726976
1303578899058692097
1303579666532511746
1303580409066909696
1303581169427021826
1303581914587160576
1303582689363193856
1303582918489575426
1303583432509923330
1303584195470602241
1303584941356322816
1303585704321191936
1303586468787621888
1303587205059936256
1303587966581977089
1303588717827940353
1303589467169660928
1303590229832601601
1303591482859937799
1303592748902223873
1303593995864600581
1303594645662978049
1303595269645389824
1303596531346485248
1303597785380466688
1303598789081681920
1303599034763014145
1303599225561907200
1303599573680689152
1303599923028529152
1303600320455606273
1303601544869355521
1303602819908464642
1303604090505756672
1303604488859717632
1303605343784755200
1303607238754553859
1303608058212503552
1303608211782721537
1303609101952393217
1303610375989006337
1303610566892810240
1303610895650742279
1303611264124493825
1303615706580357120
1303615813895835654
1303616663577821184
1303616944155885568
1303621613225742337
1303621942470152192
1303622957932183553
1303624206442270720
1303625361549295618
1303626384397471744
1303626982937296897
1303627907898716160
1303627978694447104
1303628655189463040
1303629789778116609
1303638795867357185
1303640072567357441
1303641827371880449
1303642344466657280
1303643279313993728
1303645303275425792
1303645699272253442
1303646851627978752
1303648121487065088
1303657720462147585
1303658148549603330
1303660693502283780
1303661552218894338
1303661961264201729
1303662301447426050
1303663211753943040
1303664490123276294
1303665734736842753
1303666316126171137
1303666995796172800
1303668265797984265
1303668781676474370
1303669499976192007
1303670757214564352
1303672030605258753
1303673295510921217
1303674537205211142
1303675788726734851
1303677065716289536
1303678319595057153
1303678942008815619
1303679583229800448
1303680846667317250
1303682726734835712
1303683087444971520
1303683859888959488
1303684109865308160
1303685344739688449
1303686122891964416
1303686357185945600
1303687184453640194
1303687273561698305
1303688391175950340
1303689156233576449
1303690147653976066
1303690911558270982
1303693914323509249
1303698613957259267
1303699181270380549
1303699746817814529
1303707758236180480
1303709008574939136
1303709184001703936
1303709942705205251
1303710332758753280
1303712297588789248
1303713731881455620
1303715546848997377
1303718262228815873
1303719035197153280
1303719392321196032
1303719770165055494
1303720073778139137
1303720167390797827
1303721674299322372
1303725436871024642
1303726225794445316
1303729612183220226
1303731874745987073
1303742470795206658
1303742479615889410
1303752300486373376
1303757958816378882
1303781791631921154
1303788256954380288
1303788975207915522
1303789750759890946
