1341890595002806272
1341901919405580289
1341904182622658560
1341922804208267266
1341924441110933504
1341932620305760256
1341939169946308610
1341945331349504001
1341956527645573120
1341979051708219393
1341984211494825989
1341987484473778177
1341995156661104640
1342000315814477824
1342003591230283777
1342011389984948229
1342012799019573248
1342012879470526465
1342012919731654657
1342012941047107586
1342012963595681793
1342025481546158080
1342030174594936832
1342030194849284096
1342030215552360448
1342032149805854720
1342037789462945793
1342037863198822400
1342038823241306112
1342046745493032960
1342049013386760192
1342050650750820353
1342051655127187456
1342053289592942593
1342055556723298304
1342055562221998085
1342056688682057729
1342061599910211586
1342061647058370561
1342066628003995648
1342068138687361026
1342070149306699776
1342071159588749313
1342074556199137281
1342075017765548032
1342075217527648256
1342076049841135623
1342077566480334848
1342077894445719553
1342084373978304513
1342086723120099328
1342089154453106689
1342091507340292097
1342091594133069827
1342092783021129730
1342097208259178497
1342098595437273088
1342100780124413954
1342101744273145856
1342107650306162688
1342109536392368132
1342112564436586498
1342113689562873856
1342119388795838465
1342119426045464576
1342119451513286657
1342119520354369536
1342122628522250244
1342123252399923200
1342130802000232448
1342132445093666817
1342138228262879232
1342140491723227137
1342149815321423872
1342150037036556301
1342150263931613185
1342150431783325696
1342155265022570508
1342155283146137602
1342158230869327875
1342166284453101574
1342169418273607682
1342170942563262464
1342183143978123264
1342183143978123264
1342188306453303297
1342191576362061824
1342213222988845056
1342218000397582338
1342225803564597250
1342238887687585793
1342242031469379584
1342263173613723648
1342272483664093185
1342286452923584514
1342288087804592128
1342289475745898497
1342295888484397056
1342311870695272449
1342319924958560256
1342342194061971457
1342351882379907075
1342361698074644483
1342366228535341056
1342368114206416896
1342372645317165056
1342390889969197057
1342397057747709955
1342400204113281024
1342402203789754368
1342406241818013696
1342408002918223872
1342408380900503553
1342417189400268807
1342421851620876288
1342424738241527809
1342428009010085888
1342429399824494594
1342429406573199361
1342430903851573248
1342431027285774342
1342432288978550784
1342433796285550599
1342443867505713152
1342456078148091904
1342457706334941185
1342462361253265409
1342464251382796289
1342465887924711424
1342470161899479042
1342476705823256579
1342479475989102599
1342482755527950336
1342492313461825536
1342492319350575110
1342496710069645312
1342501494499655680
1342514453296930821
1342515454426886149
1342520745415471104
1342537985535877121
1342541134019534848
1342543018751008770
1342547798198165504
1342560259072610305
1342571077675859973
1342577747407749120
1342590958374801409
1342605558583455744
1342614740590186497
1342630721957945345
1342653243281735680
1342661428029710336
1342669477645668352
1342674262264410113
1342683191241392128
1342699043894427649
1342718300216692737
1342719805984370688
1342727362140463104
1342728743198937088
1342734415458230274
1342737550088183808
1342750132501061633
1342756550905974787
1342763343560372224
1342766362905640961
1342767746627457024
1342779074888888326
1342782092346703873
1342788521275183104
1342795302357532673
1342830540366331904
1342833558549741569
1342836703795396609
1342847906827517954
1342851299843297280
1342862372432560128
1342867155621068803
1342870330885328896
1342877839566065664
1342910184864169985
1342924535276863489
1342926165502136320
1342934092539576320
1342935856307347456
1342937493499334656
1342951084428443649
1342991596883611648
1343006069103071232
1343021921290489856
1343033375460757505
1343039034877100032
1343045956309188610
1343062064646868993
1343064076398686208
1343073642406498304
1343080056898244609
1343082068083757057
1343103964238073856
1343108745350402048
1343113401120145408
1343122969589993473
1343124979785744385
1343129761652994048
1343134554895261696
1343139073783840777
1343150149552414720
1343157948516724738
1343166124142161925
1343185124905504769
1343193935120723968
1343198585916014592
1343209535985516546
1343224136366080001
1343232058601078791
1343240225334710273
1343243633386917895
1343253949504077825
1343266416682651650
1343269680992022528
1343274714551078912
1343286918222516224
1343288558392467456
1343295352468721664
1343296734202454016
1343299887761301504
1343312585991409664
1343322149100998656
1343323789904367617
1343339139471560709
1343361793796653056
1343367699586433024
1343372231196307457
1343375381038952449
1343382926457667586
1343390981861699585
1343415013726244864
1343418033843269633
1343436906575499264
1343440305089966081
1343446340274016256
1343449613487853568
1343467484372824064
1343468740789239809
1343469177227644928
1343469274485174274
1343469307796332544
1343474906160193538
1343486114548441091
1343489504028491781
1343491267582251009
1343499442570182657
1343501082333310980
1343507501770162177
1343515548689166336
1343518826323963905
1343521843710369797
1343533169035776000
1343533173439832065
1343536313421557760
1343548016410513410
1343551294649208834
1343557578505109504
1343560094282174464
1343563743746093059
1343565317843415040
1343568144439250944
1343569908404158466
1343578844096122882
1343582867452878848
1343592555221450759
1343594193986338816
1343599108204851204
1343602614185963520
1343603635280756739
1343618352283979776
1343623259099594752
1343631317905227776
1343633201302913024
1343637230376558593
1343640882268934144
1343644152739680257
1343645660122210304
1343645660122210304
1343653836120936449
1343663649232064513
1343668182423224320
1343675378406203393
1343680514025091072
1343690204800929793
1343694856007286786
1343699388250484736
1343704166825218048
1343717635687546880
1343719270325264387
1343725559705083905
1343759785083109376
1343767838050250756
1343787090593476608
1343788601738313728
1343802562818887680
1343804328595709955
1343815150218797059
1343826097742352385
1343833770596605954
1343839667733540865
1343839748650135552
1343843084136718336
1343843956975665152
1343846235925401601
1343848360164384768
1343857807171284994
1343860951406166016
1343862589097316352
1343864097369026560
1343864348570132481
1343867496105877505
1343869048149471232
1343869134195412992
1343870545297879048
1343878317649215490
1343884924470906881
1343884987548889089
1343885264582815744
1343885688639512577
1343885795518787585
1343886394410872834
1343886726155153408
1343886745058725888
1343890648877830145
1343892911444750336
1343894547449872385
1343896054815621123
1343902423505629190
1343902421173608448
1343902427444088837
1343902425263038465
1343902429314740226
1343910023324291074
1343913662197755905
1343916192151392256
1343917959056519168
1343919128915148801
1343920845882724352
1343930534758510594
1343941733780840448
1343949657647403008
1343958971938295810
1343960259845566465
1343963503078436864
1343966522390114304
1343968033203605504
1343974070702940160
1343982250807894017
1343993450564218881
1343997223089053702
1343997227677544448
1343998609058979840
1343999997180661767
1344002129833279488
1344004649376870400
1344012703493287938
1344014335585075201
1344028179208400897
1344029689233358848
1344031324445687809
1344040887634939904
1344050325955567616
1344051329073782785
1344056619739430912
1344069449419083776
1344109210447925248
1344115500238819328
1344117137242116096
1344126703241609216
1344128338810478592
1344128345416454145
1344129848537538562
1344131482286084098
1344132992248115201
1344134754799501317
1344147966425137152
1344148344260595712
1344149476605194240
1344151242050686977
1344152746572713984
1344159165170663424
1344162563123134465
1344164331697541126
1344167345774710784
1344170619852578816
1344177287126663168
1344180557006061568
1344185464790478848
1344188864030621699
1344200438833270786
1344200442935328769
1344210377639268352
1344211070051897345
1344211259076485120
1344220196836237312
1344224851901308928
1344231140828225539
1344237434481963008
1344238942254632960
1344240076658622466
1344243519758749697
1344243694799630337
1344244978176778241
1344249973727240192
1344250719944253440
1344250868854616070
1344251521467363328
1344253927307534338
1344254924230512640
1344266123366203393
1344269272437014529
1344270651683586051
1344271548031635460
1344272411730956288
1344276942288158721
1344280595833098241
1344281471830278144
1344284317678247937
1344287261861376000
1344290656441700353
1344300472077697024
1344302235853807616
1344303619470811137
1344306562232442881
1344310288477163522
1344312049057234948
1344316451126013955
1344325891984265217
1344342626900738048
1344344137936510983
1344347287837843456
1344350802853330944
1344353573971189763
1344353949868953600
1344357346890326017
1344370055123881984
1344380377918394368
1344391560356511744
1344391697841569792
1344399874591137793
