1306527499069906945
1306579623111725058
1306583731675762689
1306871252401913862
1306881155703214080
1306881153824108548
1306881159570305025
1306881157984931843
1306894625953779713
1306902988598980608
1306959683756883972
1306960781368528897
1306960799265628160
1307255919466754049
1307258262681722880
1307262056769490945
1307285475296673792
1307738646565523461
1307963610300325888
1307984990630801408
1307989234884792322
1307994130048524288
1308000800527056898
1308028053843595264
1308032883823706112
1308040892331298816
1308048342933438464
1308318141903245312
1308333985085431809
1308364562308255746
1308366709464719361
1308367005439979522
1308677509651804160
1308746432296480768
1308746689898049541
1308746726489161730
1308776595809808384
1308779149818028032
1308815641714003975
