1281023993055592448
1281030991683829762
1281031984588877824
1281036849973039104
1281045407397625856
1281047352560640002
1281052452809134080
1281063165447397376
1281068055544631296
1281071830414082048
1281090705843081218
1281098254554476544
1281105804268101634
1281113605916643328
1281120906144886785
1281128453782331392
1281136005425192965
1281140124890263553
1281143553968635906
1281151103929733122
1281166203273306112
1281181302889177088
1281182902647218179
1281196403369185280
1281207298749345793
1281215024250318849
1281222825714634753
1281230375272906754
1281237925066240001
1281245157577371654
1281253024552194049
1281254909338423296
1281260574337314817
1281275673835786240
1281283223696203776
1281290773326032896
1281298323035619332
1281305872837246976
1281313422433349632
1281320972340076551
1281328521953017857
1281347396702740489
1281362497958752264
1281381783041273856
1281384049798512646
1281392946630270976
1281400245478240257
1281407794185334784
1281415343940886529
1281422894099136512
1281426691705847809
1281430444118925312
1281447053118197762
1281453094157471744
1281460642558476288
1281468194755096576
1281477881479098376
1281483590702788609
1281490841727496193
1281498396956561408
1281502029215526913
1281505940965953536
1281513492105895936
1281518020624625666
1281528590232743936
1281543696148598788
1281558790953934850
1281569103912865794
1281577664080261121
1281585213714264066
1281592763889225728
1281600313019883521
1281607862775496704
1281607862775496704
1281615412829069313
1281634160508108804
1281642340008914945
1281650644827480066
1281658194503376897
1281665744367804416
1281673545387573249
1281682101721395200
1281689651472928777
1281698459762991104
1281709788125110278
1281756560692088832
1281762632865738753
1281770184508870656
1281777731865399305
1281785284753932288
1281797864641802241
1281815481393938432
1281824792027500545
1281830582520033287
1281838129821782016
1281845683415203840
1281853229219938304
1281860781546582016
1281870041126809600
1281875878482284551
1281932502182105089
1281947601605021698
1281962701065990144
1281971297241780225
1281981578567135235
1281996675423309824
1282011776893120512
1282026621923282944
1282041974506356738
1282057076441784320
1282064622799839232
1282072174837153792
1282088520719437826
1282091881057460224
1282096916868759552
1282119068078747658
1282125435908829185
1282132573133692937
1282140120565547009
1282147904128507904
1282155219392925697
1282177869544853505
1282180891972972544
1282186304164368384
1282193718179749888
1282200960102805505
1282208067510317057
1282217256097849344
1282223912030527488
1282232842760720386
1282238270185799681
1282293098752729088
1282306214307586050
1282321315245051904
1282336413661507585
1282351512631615488
1282366612742578176
1282381711595249664
1282396811915927552
1282411911615778819
1282427010095050752
1282442110277505027
1282467939984130048
1282478788211662850
1282482136272928769
1282487408307494912
1282495086215884800
1282502508406087681
1282510060564905985
1282517607170506752
1282532706581016578
1282540257829810177
1282547806457257985
1282555357072461825
1282562905494507521
1282570455769989122
1282579263456260096
1282585558628220928
1282589338493059073
1282592266154983424
1282593105888399366
1282600906421415936
1282605401431654400
1282615757164040193
1282624922750038016
1282629770929266688
1282630858835255296
1282645958237368322
1282656552575533059
1282664827605979139
1282672476099665921
1282679926840266752
1282687476583129088
1282695026292785153
1282702576014831619
1282710125724098567
1282725225411608576
1282732775393517568
1282740324696301569
1282747874506207232
1282755424219836416
1282762974034186241
1282770524020436992
1282778073520173056
1282785623477288966
1282832518656299008
1282837213106057216
1282840266282463232
1282849796819230727
1282857345635299328
1282864896636358656
1282866604334706690
1282872449567264768
1282879994939744257
1282902644210581508
1282910119383072768
1282917743642247169
1282925293448179712
1282932845338660864
1282940392871206912
1282947943385858050
1282955493703589890
1282963046676086784
1282966468527747073
1282970593860567040
1282975708810104834
1282978142869749762
1282993244297666562
1283008346317033491
1283018407076651008
1283023555551207425
1283030992068808709
1283038542160109568
1283046091982700544
1283053644040990720
1283061191074476032
1283067480705921025
1283083843990286338
1283091387811012611
1283098944378003456
1283106488135806976
1283114038579171328
1283121587634556929
1283129140216918017
1283134169959333888
1283144739823525890
1283193785757732866
1283201900108673024
1283207150748106753
1283213902990344192
1283219985481953280
1283223870485393409
1283234836321169410
1283242383321100288
1283265033967788032
1283269858675716096
1283277057196089344
1283281390122020865
1283287681217126400
1283295234726780928
1283302781672017920
1283310582506991617
1283317880721862656
1283321339789471744
1283325430032936960
1283332980094775296
1283340533432279041
1283342350475878400
1283343613229858818
1283355632377069568
1283370734501474305
1283383176090587137
1283390232054947841
1283398411190800385
1283405961177128960
1283413510584774657
1283421060432490496
1283422904512925697
1283428610162950146
1283446226004910081
1283453777601757184
1283461326921072640
1283468876727156738
1283476429506670593
1283483976997339137
1283491524441866241
1283499075598454785
1283506626104721410
1283521725100101633
