1306453701201137665
1306466194086600704
1306482397664481282
1306511905004179456
1306524448208695296
1306532743703035907
1306540063203958784
1306561522898890755
1306563834245795843
1306585172465287168
1306604367156596737
1306609151708147712
1306632212935323655
1306644690989731840
1306656160771121154
1306666052307353600
1306675051987709952
1306685161514455050
1306689611104690183
1306693797372407816
1306717567944470528
1306813888248393728
1306821870726062081
1306855736086016000
1306871622956130304
1306894928937713667
1306908424895188994
1306919566250049537
1306986999530827779
1307017953565724673
1307025260718559233
1307032455065542656
1307041702524395520
1307051993022816257
1307058524451635201
1307064463401639941
1307088818013642752
1307167160553418753
1307209512076664832
1307219831696101376
1307225508900483072
1307231103271436297
1307272784255610880
1307280153148567552
1307295498441719808
1307301009753083905
1307317837548187649
1307398280213680146
1307411329888800771
1307423740205109249
1307423822593896448
1307443394172645376
1307555785308811265
1307604357618302976
1307626019751428101
1307648459164577792
1307678241575010304
1307709671541821442
1307732452870369280
1307753641177214977
1307760922027593728
1307776285926723590
1307776860105961472
1307905090607607809
1307911789603155968
1307924606125301761
1307925315185004546
1308012588492566528
1308012930701635585
1308018156871483394
1308027822422794243
1308029328790257666
1308029789782126592
1308040770755198977
1308062479453499393
1308074464467464192
1308113026684510208
1308123546535833601
1308143634634674179
1308280737355845633
1308294229827809280
1308311906726408193
1308340298876178432
1308369654482702336
1308372449206075392
1308408292302098434
1308420995213033472
1308421148791771140
1308432743106334724
1308452608001142784
1308463827336519680
1308475446758170628
1308478256555978753
1308509067963518976
1308517644484718596
1308628480813412357
1308641101839040517
1308679673237438464
1308687989858594817
1308729402893701121
1308736465829060609
1308738168842342400
1308738474070216704
1308739075407581186
1308741774387576832
1308742232388907009
1308742290396114944
1308773499281047565
1308800514302320645
1308836793928896512
1308862507768057858
