1306461589520998400
1306461618780475394
1306467059711324162
1306470420372221953
1306505121786998784
1306508801844097024
1306523613219229696
1306523622484455424
1306607417837449217
1306628128320696320
1306672959042486279
1306672983537340417
1306830428133875712
1306836529311035392
1306837250853003266
1306845903584550912
1306868915570606080
1306875018035560448
1306877732299698176
1306889145038581762
1306929390270459904
1306971078061940738
1307035899679703042
1307044156104216576
1307183438529781765
1307208544186503169
1307209517218902016
1307211031123505158
1307213484879474688
1307215793772523520
1307242134047784962
1307246306776305664
1307247293603745793
1307553328897970177
1307564474803642369
1307570445886074881
1307571342489858048
1307593981056954371
1307615039789109248
1307627691651325953
1307647132690796546
1307710643508740096
1307732518431588354
1307749697172516866
1307757003855589377
1307922264332079109
1307924864066609152
1307964622113312768
1308003799102107649
1308042782972485633
1308042795253460999
1308061049292234762
1308083689755217920
1308103798766866433
1308134999963709447
1308285401983889411
1308302919775657984
1308358936484028417
1308374857072234503
1308379779486429186
1308383239342616576
1308386034510684161
1308391220050309126
1308415524355833857
1308440581627088899
1308482111922491393
1308498037677985794
1308651783980544001
1308685741216628737
1308706332363706369
1308707732216778752
1308754089174536195
1308788677091430400
1308806860426940416
1308824878057811968
1308846685465047040
