1313964510198272001
1314180745892634624
1314198615540281345
1314215214645116928
1314227112719638528
1314238877088051202
1314251279716225024
1314262580244951040
1314275629903294475
1314287951879319554
1314301294962712586
1314549176894664704
1314565278529916928
1314582647759396868
1314599504163811328
1314616116426219520
1314629702691287041
1314632201615613952
1314665411816951808
1314922135530414083
1314944027112898561
1314968688710348802
1314993114319392769
1314995637558153218
1315027830082764802
1315292864000282632
1315320260833226753
1315352216014913536
1315386438830247940
1315640368684249088
1315661784867631104
1315680627958706179
1315700513573351424
1315722180320268290
1315744300286840832
1315985643407896577
1316010303759540225
1316024651819048961
1316046789770907648
1316052830155927554
1316066420275531781
1316071991938555904
1316081773588164608
1316094856842956805
1316101147879526401
1316115492822749190
1316122539047952385
1316359642650415105
1316372546330210310
1316376462761619458
1316397380296736768
1316399705623089161
1316402072103915520
1316411694709645312
1316422515238080513
1316427548608417792
1316435857709170688
1316441389652205569
1316447736468852748
1316448473173168134
1316459509808799745
1316466556147245056
1316470330920251393
