1341881274877657089
1341886085220114432
1341888819671396354
1341896370354069507
1341896737594638336
1341903119983149057
1341903920176615425
1341904681618919424
1341909506825932800
1341911244735827968
1341911469194174469
1341916501427687426
1341918111990083584
1341921534697304067
1341926351788408833
1341926568239669251
1341931601047908352
1341934833350496256
1341936634087022593
1341941670020050947
1341945115787464704
1341946700584251393
1341951733690368003
1341956768822304768
1341961799952957440
1341967013955084290
1341970819837091840
1341971867498913794
1341976899472527362
1341979416285614082
1341981932545056768
1341986968088039424
1341991998857781249
1341996394215665664
1341996443532361730
1341997032240648194
1342002070325440513
1342002580373733377
1342007098641502208
1342009254081744896
1342009615018389504
1342012131529666560
1342017170562109440
1342018180894523393
1342022198081572870
1342027231090995200
1342032265648463872
1342037297424977920
1342042330690424832
1342045068438491138
1342047366896095233
1342052397036662788
1342057430100762624
1342058004804300801
1342062467912970241
1342067496522809344
1342072529771323392
1342077565490651136
1342082596210049027
1342087629169422336
1342092662246010880
1342097695641661440
1342102728554786817
1342107772314296320
1342115314490867713
1342117828409880579
1342120024991965185
1342120024991965185
1342120344971137024
1342122185515626497
1342125157675102208
1342125697175875589
1342126919064629250
1342128147291111424
1342128233895104512
1342130060359323650
1342131238132461571
1342132470972608518
1342132927719739394
1342138752723021827
1342140178736041985
1342142376115122176
1342142993663467522
1342144814511509504
1342145544903421954
1342148180683726856
1342149306606891008
1342149941830021121
1342152248550416385
1342153841714860032
1342154837404876800
1342155686269120514
1342157049073987585
1342157064890687490
1342157091683840001
1342157101112717312
1342159680106278913
1342161632869437442
1342167216754745349
1342169101951782914
1342169116485038082
1342170500672466944
1342171106304786434
1342171981714743298
1342175116772470784
1342177830600368128
1342178358759747584
1342195360677171203
1342198973369618434
1342198984295804929
1342202625220087808
1342207407053811727
1342207478495326215
1342214433490276358
1342214755294048257
1342215350398689282
1342221284852326402
1342224120075980807
1342224130792419330
1342224152170786817
1342229076191420422
1342230031624450050
1342234118344613888
1342234169603203078
1342242145336438785
1342242882237952001
1342243664819412993
1342251207918637057
1342258754264379392
1342258761553960960
1342259980574089216
1342260198132436992
1342266306343690242
1342268348722151425
1342268756068716544
1342270704486555648
1342273857625833472
1342281405829681153
1342288958718439424
1342296548978249729
1342299022086688770
1342304055607975939
1342307240548524032
1342309088324182018
1342309524913278977
1342314121660751873
1342314121388302338
1342319159787577345
1342324187868835842
1342329220979187713
1342334254429007873
1342341929799827457
1342349343764824065
1342349357052530688
1342351458168000512
1342354386807242755
1342359419925884929
1342364454374297602
1342369486222061569
1342374519424442368
1342379558369165313
1342384585930231808
1342389619069894657
1342394661470691329
1342399685537873920
1342404718518157316
1342409761493458945
1342413798066454529
1342414785040695296
1342419818297741313
1342424855795429376
1342429884274987008
1342431303384223744
1342434917452447744
1342439954673233920
1342446974067331075
1342450017089380352
1342455059041366016
1342460083414982661
1342464762551013377
1342465116449558529
1342470158787379201
1342473219442282496
1342475182993268740
1342477994917433344
1342480216011247617
1342485255056314373
1342490144897597441
1342490168993804293
1342492890761580545
1342492967655845889
1342495981468856322
1342496994955243520
1342498576405057536
1342500089080799237
1342503185739624450
1342503200251908098
1342503252009562112
1342509502474629120
1342510991880433669
1342513303633977344
1342518930565435394
1342518944389885953
1342520812973285378
1342521511635259392
1342524198376394753
1342524792147218434
1342528139642220546
1342528425727315968
1342529725584068614
1342533564349485061
1342534577244561409
1342537935938322433
1342537954389069831
1342537966128869376
1342541058312445953
1342545217086513152
1342548020961959937
1342551891612467205
1342554160391213059
1342558452242116610
1342559424720867329
1342564279560642560
1342569056625418240
1342569094508376064
1342571199856046081
1342571380748017664
1342573835963527169
1342577081826353152
1342578456916275203
1342578497181650946
1342580286433996801
1342582721948876801
1342583635547983872
1342583785813106696
1342585540378570754
1342590335940239360
1342590516337274880
1342595489515106304
1342596315415523329
1342600720294547458
1342606050210402304
1342613594991575040
1342618671751938048
1342621148035633154
1342621570993246209
1342628696377729030
1342634093201084416
1342635413513506816
1342636245550133248
1342643794358001670
1342651345984090112
1342656376770740224
1342661409901957121
1342666446409768963
1342671476177166337
1342672748611452928
1342676509337780226
1342686575705149440
1342691608811036673
1342696643804581890
1342699687757770752
1342701675136638976
1342706708347547650
1342711743517093888
1342711919992434690
1342716774626676737
1342716774626676737
1342721807711875077
1342725948576165888
1342726842432724993
1342731874192547841
1342735667038543874
1342736907269255168
1342741943114067969
1342745736602025985
1342746973665980417
1342749145421910019
1342749457092202496
1342752006717513728
1342757044596588544
1342762073072263169
1342767106551500800
1342772145533808640
1342777172541505536
1342782205987147779
1342787243161735173
1342792272207818752
1342797305318150144
1342802344908443648
1342803544999567362
1342807371698098179
1342812404896288769
1342816680339128320
1342817438249828355
1342821180290392064
1342822471272071169
1342827504319475713
1342832541716393985
1342837570858676225
1342842604019273729
1342845120501014529
1342847643899215875
1342852628607332352
1342855346398834690
1342858487144079361
1342870068691165185
1342870839214153728
1342871454480814081
1342871788020236289
1342876904752369664
1342877070020501504
1342878403956011014
1342879677740949505
1342884866891911170
1342886818509971456
1342888959282728963
1342890741853544449
1342892671828942849
1342893510496833536
1342910510853988359
1342913881161793537
1342914012573523968
1342923976025190406
1342924027166416902
1342927549664522250
1342930725260169217
1342935302395097088
1342935353561411585
1342936049832570881
1342945142454554627
1342946018518847489
1342947284292661249
1342947500156727296
1342947548902920195
1342950119092715524
1342954559086473222
1342957108229066753
1342968241891766272
1342968437513932800
1342968959180689408
1342975982618066944
1342983533011329024
1342984039062388737
1342986309279776769
1342991082171199489
1342993889888673792
1342998633688395777
1343003665062391809
1343008698185211904
1343012686804570112
1343013731328905217
1343018764665647104
1343022470287089664
1343023797742358531
1343028832601841667
1343033863984066564
1343038685701308417
1343038897165484032
1343043930254880771
1343048963595780098
1343051499669053441
1343053996785868801
1343059032697925633
1343064063035772930
1343069096162684929
1343079162572140545
1343084195711750147
1343088413684113408
1343089989827973120
1343094262188032007
1343099295185002498
1343099515964772353
1343101811704561664
1343104332233801728
1343109361514647552
1343114394675384320
1343119429312372741
1343124461122412544
1343128724808454144
1343129494220021760
1343134532619415552
1343139560583270401
1343144593798270976
1343149628582031365
1343154660165771268
1343159693171027974
1343164726675693568
1343169759643377666
1343174792770445313
1343177621970907139
1343179830683176960
1343184598679908352
1343184858978381824
1343187063974232065
1343189892096872450
1343194928378073088
1343199958619410432
1343204992052686849
1343210025167192071
1343214412975370242
1343214919458549761
1343219244750827520
1343227205892116483
1343227227580882945
1343227251886845960
1343231153139015681
1343232398725689345
1343237993176432649
1343238883585224707
1343239932899426306
1343244110476546050
1343244140075773955
1343244591030562816
1343245392004198402
1343245641594580993
1343249309739999232
1343251667471446019
1343253987617812482
1343257077851041795
1343257165050613761
1343257407875497984
1343258765852868609
1343260330907103232
1343260927173550080
1343261737949274113
1343263615848239105
1343263897919348737
1343264813644972032
1343264839842619392
1343266634719485953
1343268474815197187
1343270926255878150
1343271426808274950
1343271436203548674
1343271446114656256
1343271476456267777
1343271486916853764
1343271550364102658
1343272349710348289
1343277577633484800
1343279648420069379
1343283081990569984
1343287316325003271
1343288071819821057
1343303324582490112
1343312387206754304
1343316643385139205
1343321283090657283
1343325482058657794
1343327043111555073
1343327143380602880
1343330822452105216
1343330903880331266
1343333359024562182
1343338370471223305
1343345923422875648
1343350143584616453
1343353255871442944
1343353471291060224
1343354977301884928
1343361022107643905
1343365802053931008
1343365946254086144
1343366053049602048
1343371086067429376
1343373369543028736
1343373369543028736
1343376120226439169
1343381152539750401
1343383937347829760
1343383986282713088
1343386185654300672
1343391220303851521
1343396251899994113
1343401285199011841
1343411351381811201
1343416384630480896
1343421418260869127
1343426107182260224
1343428211724623878
1343431484015665153
1343436517750915072
1343441550391578624
1343446583552192512
1343451617786429440
1343456649860808705
1343461683109441537
1343466719822548993
1343471749577359360
1343476782599696384
1343481821057720320
1343486429309980672
1343489366182817794
1343493140636790787
1343496917150359552
1343501948637462528
1343506981647249411
1343517047905538048
1343517519970123776
1343518542373666819
1343522081078652928
1343527115757596672
1343532147429224449
1343537180681981952
1343542217093181441
1343545995511009281
1343547247150071811
1343552280159772677
1343557315186843651
1343557313165099011
1343563617845669889
1343563754122878976
1343567887403913217
1343572418082734081
1343583375060295689
1343584690985381897
1343584716662972418
1343586371882147843
1343586950456995842
1343588161285480448
1343590591209353217
1343590841676423168
1343592039380869122
1343592065507209216
1343595163390779392
1343596071373713408
1343596479072579587
1343598754134372358
1343599144657694722
1343601242753425408
1343605791048216577
1343608265410797568
1343608815212785669
1343608982334812160
1343609303329087496
1343609602148093957
1343609761292554242
1343609953311985667
1343610467512709122
1343614069518041088
1343614196970369030
1343617659754196993
1343618393711243264
1343620384558637058
1343623465656586242
1343625925242580994
1343629540854280193
1343630462946836486
1343650572038189059
1343650614128103424
1343650674215690242
1343659045014614017
1343659055982792707
1343659101147033605
1343674972968005632
1343684354632019968
1343684394326896644
1343685400834015237
1343689093906128896
1343689271836893186
1343689365705338881
1343693208828616705
1343697813381599233
1343700758655471621
1343708311380750339
1343712412923412480
1343713229076238336
1343715857856307200
1343721177722679296
1343721238967975937
1343723407532298241
1343730957375967234
1343732185350557697
1343738511825006592
1343746056794693633
1343753608861519877
1343758639786414080
1343763341596971011
1343763672871690240
1343766189517008898
1343768707676430343
1343770286923993089
1343771222769807361
1343772481018974208
1343776256702046214
1343780030728392704
1343783806310998017
1343787864354480129
1343788838725017600
1343793871889838086
1343798907453599746
1343803938341072897
1343808481959137281
1343808971321331712
1343814005253681152
1343819037772455936
1343824070979153921
1343829106396459008
1343834137417797632
1343839170494689281
1343844211515383808
1343849236727701507
1343854269854867461
1343859303678140418
1343864336427569152
1343869369604927488
1343877069831360512
1343879435976462337
1343880014241046534
1343884469158080514
1343889507255418880
1343889667993731072
1343891368121257986
1343894535265419264
1343899568421761024
1343904601540612098
1343909634906591233
1343912151702929408
1343913917790052353
1343914667987628032
1343917184595054593
1343919703538900992
1343924734543634435
1343929767532359681
1343934813145878528
1343939833878687747
1343942350939312135
1343944324413861890
1343948678374031360
1343948689782558723
1343948789837672453
1343957251351060483
1343957757356077057
1343959169821503491
1343961201106157568
1343961271855706113
1343963352670810114
1343965345560846336
1343966361937178624
1343966513078951938
1343966654154350595
1343971882035458051
1343973039814418433
1343973665118027778
1343973685196169217
1343976407039434752
1343977966183849984
1343981624292204550
1343984207413059585
1343996033945268225
1343996043688603650
1343996055839506433
1343996076198686721
1344001049464631296
1344001836429303809
1344001854255099904
1344005555413803008
1344015461642452992
1344015539425980418
1344015697270157314
1344018610679930882
1344018629336174596
1344018712517636103
1344019475256008705
1344019835110514689
1344019875728125953
1344019875728125953
1344023270568435714
1344034872717926405
1344040690909671432
1344040731460120579
1344041627413868547
1344050273413693441
1344050339666919424
1344050401767804930
1344050466666242048
1344050883718504452
1344055597336059904
1344057285153329153
1344063148765036545
1344075743928578048
1344077178766389248
1344078245793202176
1344081085865422849
1344085799709466626
1344093346545983488
1344094265182310400
1344100895257227264
1344105301901885441
1344108445679534082
1344114511289040898
1344116000078389248
1344121027719266317
1344129882918252544
1344131097857286146
1344133400748195842
1344134083861868544
1344136127293214725
1344141160214740992
1344146196038733824
1344151226569666560
1344156259864473602
1344158776434319363
1344161296116310017
1344161946757545984
1344166326206652417
1344168842969288706
1344171359182712834
1344172166930079744
1344176394285195264
1344176572303994886
1344181425763885056
1344181703867211777
1344185325678018561
1344186458668593152
1344191494090067968
1344195130119491584
1344195293391200256
1344196525170290689
1344198720041041920
1344199695283834880
1344201558423175174
1344206594016301056
1344211624974905348
1344216657774841858
1344221699579887616
1344226724146417664
1344233779515146241
1344236795651739649
1344239905270972417
1344241823779344384
1344246856734355459
1344248767906607105
1344251896102531072
1344252055943225351
1344256637066829824
1344256923470757890
1344257788164198401
1344261956362936321
1344266992161849347
1344270728799997953
1344271484605251585
1344272022797316098
1344277055878406144
1344282092356718593
1344287628472975361
1344292155469168641
1344293782272045056
1344294453050183681
1344294578610819077
1344297194895994880
1344302222197157891
1344306392086302720
1344308095942582274
1344309208678879232
1344312650361167874
1344312840543473664
1344317540395327489
1344320251639566338
1344322177840148480
1344328048699695104
1344329086622179329
1344329837037686790
1344330285752713217
1344333843738845185
1344338848193642498
1344347463143092224
1344347489688817664
1344347601244741636
1344347610115665920
1344347624971894787
1344347639203160064
1344352184092291075
1344353294173560834
1344353326566150144
1344356363238076417
1344356582881185792
1344357466490986498
1344357604726865926
1344366112205647873
1344368707519324160
1344369850739789826
1344370666221539328
1344371261175197696
1344372956911312896
1344377074065272833
1344378118027534338
1344382735977218054
1344384679215038466
1344385851153920003
1344394184644567040
1344398951638855686
1344398992420057088
1344399062414589952
1344399402513952771
1344399562522439680
1344399673910566912
1344400318273122306
1344400437001248768
1344406552191651848
1344412916410421249
1344414756590006273
1344414836386619402
1344414997762486273
1344415076007227398
1344416375998185472
1344417984706531330
