1341901769127784448
1341910284743499777
1341911765915824129
1341919018618220547
1341926315973173248
1341934118594957312
1341941673237078017
1341949217678499841
1341971866248867841
1341977443586899968
1341986967341256704
1341994515398152193
1342003323860180993
1342009615911817216
1342012743117799424
1342017167026397186
1342024714655436800
1342025793698897920
1342032895695699973
1342047366011002880
1342059471539941376
1342062464318377989
1342077571748528130
1342103987143655427
1342119086403112962
1342125330941833216
1342137971546284034
1342153070780694528
1342168165900382208
1342183263784169477
1342198359835123712
1342213465109360640
1342228559490916362
1342243658532270082
1342264566160347136
1342273856048779264
1342281405909270531
1342288957514653698
1342296507068936192
1342304039812300807
1342315379914276864
1342326706082877442
1342334257746735105
1342342193411883008
1342349354426916865
1342356904429797377
1342364705482936320
1342372002775130112
1342379557412691968
1342387102290472967
1342396024824815616
1342402202732814338
1342405821620080640
1342409758163263488
1342424859494789121
1342439956711579648
1342468379861520384
1342483235821928448
1342499090479771650
1342512910329913346
1342529289510649858
1342544388673609735
1342559488155369472
1342574587884822529
1342590949201903616
1342606045936553984
1342639309128486917
1342643794563502080
1342653741510479879
1342658893256650753
1342667462068736000
1342667462068736000
1342674912335433732
1342689093008969731
1342696641913085953
1342704192905875458
1342711743332687873
1342721427821064194
1342726840939552769
1342734390967873537
1342741943550357505
1342749490109886464
1342758298630586370
1342831722895962113
1342846378750275596
1342861478244872193
1342876577701490689
1342906776774176770
1342921876151132161
1342936975712673797
1342952075144134659
1342968434158497792
1343000813501759488
1343006303820546049
1343013351543033857
1343019642659299333
1343027572666376192
1343036381090762754
1343059533397164033
1343066580154867712
1343074129302286336
1343081679280361473
1343085454204096513
1343093758666170373
1343104330312765440
1343111878046842880
1343117672624443392
1343119428204908544
1343188389382782983
1343199958606835713
1343214977033904129
1343227640920981505
1343237707426885638
1343244290508656651
1343255328524292097
1343270425342615553
1343285524187009028
1343300623471665152
1343323271630966787
1343349868626997250
1343360682951995392
1343371537856925696
1343376122436792320
1343383669205913600
1343391458758328320
1343398519168634880
1343406319705989121
1343413868236734466
1343424159804653568
1343436517444788224
1343444067804303360
1343451617023029249
1343459166443036674
1343466719680016384
1343481273965105153
1343489366409183234
1343496922959474689
1343499431853903872
1343512016376496129
1343527119914196993
1343551408419840004
1343559829894344705
1343567379595485184
1343574929631932422
1343582479198859266
1343590028778344451
1343597578970009600
1343605128323072005
1343621486163193856
1343629036216406017
1343636585544183808
1343644135417253888
1343651684992479232
1343659486548901888
1343666784579117056
1343674334246797313
1343712458335158275
1343717116306866176
1343727614817492992
1343730958336405504
1343738510012895234
1343745805119848448
1343753610103033857
1343761156515631104
1343766441246375936
1343783806268891137
1343792477107486727
1343798908707885057
1343806454889926657
1343814007589769218
1343821554392580096
1343829441558900737
1343836654105083904
1343844204951191552
1343851213679292417
1343859306245087233
1343869829334196229
1343874408134430721
1343889509012840454
1343913409910362113
1343920959737225217
1343928509341835266
1343936059743285248
1343944866984824833
1343952416962560000
1343959966663770112
1343967516528283649
1343982616010223617
1343990165711314952
1343997715076673536
1344005264781950976
1344012814579425281
1344020364461015046
1344027914178764807
1344035463817003009
1344044271934951424
1344075488629641216
1344079792199503872
1344086945962491905
1344093345484845057
1344100897354362882
1344108238078238725
1344113974975942656
1344116000174829571
1344123544561614848
1344146196240224256
1344150169541996549
1344154618989711360
1344161297894674433
1344168843585863680
1344180695355150336
1344183942363164673
1344191494215839745
1344199043556253696
1344204060782592000
1344206592950996999
1344211860040548353
1344221698657284097
1344236795521888258
1344243962786140160
1344247762880090112
1344251893141311488
1344258150204014592
1344259618315198466
1344277253866323973
1344284605491236864
1344292658651361282
1344299705442844674
1344307254879604736
1344314804685692928
1344322354395009025
1344342489637875712
1344350037556518913
1344358845041135618
1344367652886745090
1344375202445049856
1344384010680553472
1344391560289423361
1344399110216904707
1344410436687556612
