1301278730262700032
1301293829711179776
1301308931390738438
1301324027974135808
1301339129721106433
1301354227860533248
1301369326599991296
1301373826383609857
1301376361018331136
1301377878312079360
1301379392187191296
1301379655832940546
1301380639745245186
1301381908970962944
1301384426891419650
1301384645251076096
1301386941955485696
1301387118112014342
1301389458684751872
1301391976017932288
1301394491568459776
1301395059691130881
1301397008138342401
1301398877250125826
1301399525958057984
1301400991707942913
1301401856606957568
1301401981546909696
1301402041462390784
1301402107342397440
1301403204157165568
1301403866009931776
1301404557956665345
1301405133918568448
1301406088508702721
1301406609474813952
1301407075587809281
1301407183964340224
1301407459547009025
1301407883746332672
1301408624762327041
1301408966275194880
1301409493683761153
1301409591096479745
1301409837989982209
1301411028044046337
1301412107779485699
1301412262117289984
1301413481741275136
1301413581678940160
1301413829755142144
1301414629118078979
1301415087060783104
1301416170004848640
1301417140981919745
1301417312684322817
1301419422675021824
1301419657459621890
1301421953857789952
1301422174268514304
1301423076249305088
1301424690737500160
1301425604114472960
1301426433433243648
1301427207227813891
1301429661101154308
1301429724900589568
1301430684066762753
1301430862840463360
1301432047467147264
1301432206318071814
1301432240497336320
1301434757029429256
1301436180223885315
1301437275574681600
1301438026502025218
1301438364881649664
1301438628854460417
1301439443048574978
1301439790286385153
1301442306956955648
1301442789167816706
1301442789167816706
1301444359301332993
1301444826702000128
1301445886543831041
1301447390839308288
1301447793450590209
1301449856683302912
1301450532758974465
1301450963358806019
1301451518621646850
1301452373110345731
1301452503045865472
1301453349217357825
1301454889768251393
1301456145597566976
1301456937956053002
1301457406262607872
1301457456250449920
1301459419440570368
1301461415002333185
1301462439477866497
1301462568742027264
1301464265086447618
1301464955976167429
1301467472588017664
1301467669334552576
1301467799970344961
1301468084478390272
1301469989208113153
1301471098320674818
1301471586353020928
1301472505752817665
1301473155815485442
1301475027532087297
1301477224848162817
1301477538938658816
1301477918326099968
1301478420929482760
1301479025551069185
1301480055810514952
1301480289533915136
1301481620176695296
1301482574791892994
1301484411070939141
1301485088576864256
1301486614372286469
1301487605377167360
1301487704845230085
1301489154212212739
1301492638735126529
1301493943952199681
1301496820716261377
1301497673963335680
1301499340712747012
1301500188171919360
1301500476337393665
1301500704499142656
1301502704993398784
1301504136228352001
1301504516840398849
1301505230316564485
1301505786066227201
1301507025860427778
1301507738267054080
1301512215921655808
1301512772568715266
1301513227663298563
1301514215036014594
1301514900154585088
1301515287582273536
1301517534722748416
1301517804374458368
1301517941394071552
1301519960141946881
1301520326900289540
1301522317059805186
1301522837446909953
1301523308433768450
1301525354415304705
1301527873141043204
1301528787113381890
1301530387236245504
1301530702169636865
1301531866030317575
1301532903709519872
1301535424448532480
1301537937021005825
1301539195786113024
1301540453632954377
1301542880264237057
1301542973012733953
1301545486600400896
1301547393129893891
1301548003585478656
1301549415216418817
1301550084232970241
1301553036737810432
1301553618047426560
1301555087848992769
1301555516607549441
1301557547430817796
1301559893539917824
1301562232984174598
1301563857693859840
1301565622422134785
1301565624632537089
1301565912529633281
1301568136219701248
1301570652470607873
1301570951839182848
1301573118654328834
1301575685740224513
1301576722446512129
1301578846765015041
1301580725238587392
1301582447428206598
1301585752090963968
1301589275474104322
1301590785150705664
1301592188292390915
1301594138299817986
1301595818495860736
1301596825368121350
1301598334931603458
1301600851572723716
1301603368192876547
1301603756577091584
1301604442035421190
1301605884863246336
1301610917759651843
1301611845317537799
1301615951054434305
1301616305204875270
1301619843473473536
1301620229227728896
1301622630890573830
1301625653779927043
1301641122620600320
1301656218293788672
1301671316181794816
1301686417039306752
1301701515527229442
1301716615222956034
1301731717128941568
1301735235831435264
1301737270010150914
1301739263390867464
1301741610099765248
1301741780027822080
1301744296584904704
1301746814648020993
1301748388929601536
1301748719130472448
1301749329724669952
1301751846420254720
1301752285647732736
1301754364055269376
1301756879580745728
1301759317704667138
1301759396079259650
1301761437229035521
1301761913471340545
1301763117718876162
1301763143081832449
1301764235844825089
1301764429252616199
1301765695961812998
1301766496721481728
1301766534734532608
1301766945960845312
1301768161608560640
1301768988574314497
1301769462417293312
1301769947165716480
1301770562147057664
1301771098921590789
1301771979108704257
1301772433654001664
1301773099952635906
1301774422857089024
1301774495615598592
1301775372636258304
1301777015700369413
1301779528822345728
1301780372565393408
1301781223665209346
1301782045560049664
1301782379569184769
1301784562406576128
1301786230049452032
1301787078498238464
1301789595185508353
1301791863633063936
1301792111705030656
1301792228772319232
1301794749997821952
1301795362538172416
1301795956309008384
1301797144941166593
1301797383009861632
1301797383009861632
1301799909620940800
1301800581770682370
1301802177988526081
1301803641624580096
1301804694596128770
1301807215465111553
1301809293855989761
1301809727798730754
1301811804713213953
1301812244720881664
1301813241283260418
1301814493870202880
1301814761550565376
1301817277910626304
1301819794316955648
1301820601259175936
1301822314959396864
1301822629796601857
1301824042404581376
1301824827355992064
1301827343921623042
1301829794800300033
1301829862206787586
1301831566994407426
1301832376969035777
1301833902240288768
1301834031248617472
1301834893580808192
1301836414955515904
1301836535474552832
1301837411731648513
1301838183576088576
1301839926820966403
1301840213677871105
1301842443462037504
1301842765702103040
1301843321988546567
1301843436719558656
1301844959927074816
1301847476538753024
1301849993326792705
1301851651838562305
1301852515525373955
1301855026386591750
1301856360422875142
1301857542918660096
1301860061338370048
1301860679276802055
1301861659863117824
1301862576016576513
1301863981817253888
1301865092720537600
1301865975462199301
1301866333290852352
1301867612696174592
1301868978139258880
1301869300362498048
1301870125973303296
1301870367900930048
1301872642392293377
1301872732834074627
1301875160795041793
1301875846312079360
1301876250710093824
1301876446156201985
1301877036768808961
1301877675506630656
1301879743084666880
1301880192277782528
1301881265323495428
1301882713327063042
1301882719199133696
1301883185391980544
1301883273904259073
1301885225325137921
1301886390167371782
1301887742050148354
1301889715277266947
1301890259827949569
1301890557611048960
1301892292572307457
1301892666242871297
1301895791288692736
1301897817523281922
1301898089331073024
1301899450701557763
1301900324844654592
1301902776348352514
1301902842240946176
1301905326632054785
1301905357850251264
1301907731557871621
1301907874835292165
1301909803661512709
1301910391262330880
1301911010031415296
1301911279968432130
1301912215587565568
1301912909962911744
1301913319893327873
1301913559442624512
1301913725989986307
1301915656561078275
1301917940929921024
1301919583201300482
1301919632593485826
1301919736624812032
1301921080802770950
1301922974392619010
1301923488773611526
1301925562215211008
1301926017133666304
1301928012775075846
1301933040365527040
1301938073480069126
1301939331746144257
1301940478426849282
1301941848441720834
1301943109563998213
1301943326535561217
1301946318517088256
1301948087997542402
1301948139968950272
1301949398205829120
1301950796125347844
1301952115892518914
1301953173066665984
1301954933533691905
1301957122570309632
1301958207892586497
1301963239585198086
1301964805318811649
1301967822155919360
1301968272506544129
1301970789105713153
1301971408428429315
1301973308515266561
1301975067228647425
1301976325528322048
1301978339062607872
1301983372013572096
1301985375834046474
1301988013887627264
1301988407954997249
1301988604420468738
1301992180454756361
1301994377095544833
1301995954950807552
1301999729811755009
1302003506522382336
1302018606746808320
1302033704789962752
1302048807434113024
1302063903023575041
1302079006309715969
1302094102712860673
1302097482353119233
1302099134644719617
1302101652732698629
1302104167863869441
1302106395375001601
1302106684463091713
1302108187831791616
1302108541373865986
1302109203243433984
1302111717657391111
1302112494115262464
1302114234235453440
1302116751421837313
1302119267404402690
1302119703637356544
1302121783970025473
1302124300519038976
1302126817180934144
1302128082761986049
1302128131470430208
1302128195546656768
1302129333805281288
1302129470271356930
1302129876997111809
1302130390837198848
1302131178779090945
1302131850186502145
1302132232992239617
1302132421899350018
1302133650578866176
1302134366903169024
1302136760445665280
1302138057156702209
1302139401619804161
1302144433220136960
1302144815791042561
1302146841560207361
1302149466418339840
1302151700816437251
1302151983047024640
1302154053821116416
1302154503538515969
1302157016274595842
1302157016274595842
1302159532798418946
1302160722168864768
1302161448811061248
1302162050253119488
1302164565887778816
1302167082432299009
1302169600914862081
1302171774478618624
1302172115714682881
1302174145678127105
1302174632263393280
1302175050959851520
1302176627196153857
1302177148812161024
1302177460360970240
1302179665310822400
1302181273524465664
1302182181960167424
1302184701210382336
1302187215234248704
1302189482289049601
1302189731770281986
1302190157538484225
1302191036903706625
1302192249174925313
1302194764985626624
1302195322601365506
1302197281517694976
1302199798343311360
1302202314728538114
1302204831189422080
1302206328539164673
1302209864454868992
1302212380999454720
1302214679733960704
1302214902665412608
1302216326400954371
1302217388289556480
1302219381297090560
1302219558850359296
1302219691654610949
1302219930700599296
1302221012440961024
1302221341932883977
1302221522816454657
1302224963869405186
1302225301729161216
1302225416585916423
1302225495673761792
1302225614217318401
1302225712389197829
1302225815703293954
1302225885609758724
1302227480556777473
1302229999332864001
1302231002190876674
1302232513809510407
1302233311646015491
1302235030249287681
1302235553694470147
1302240063632232448
1302242314878885890
1302245096918667264
1302245340112973824
1302246355184824320
1302247613354262529
1302250129748037634
1302251388152565761
1302252898106200065
1302253777408454656
1302255162992390145
1302256131868327938
1302259567213019136
1302260200276193280
1302261454909906944
1302264121426149376
1302265229389201408
1302266318708760581
1302267842914639877
1302270189392859136
1302270262373744641
1302275297966919680
1302276302540599298
1302277057225863170
1302279398721310721
1302280328774586371
1302281360955060225
1302282082668945410
1302285361930858504
1302285660443869196
1302287675907604481
1302289344494014466
1302290400137408512
1302292911665504258
1302295428210151424
1302296468624113665
1302296760249995267
1302297945165963264
1302298771230003200
1302298961244491776
1302300461442064384
1302302977986719744
1302305495869394944
1302306361921994752
1302307104171134976
1302308011248160768
1302310527750877184
1302311786327281669
1302315560860938240
1302320596269719552
1302323110641897473
1302323910394941441
1302325627320557568
1302328143726821376
1302328867412217858
1302329304991358977
1302330660389036033
1302333680262819840
1302333932629757952
1302335696548458496
1302338210194890752
1302339107822211072
1302339481022935040
1302340726810968081
1302343243670183937
1302344712792268802
1302345759854080000
1302347421754830851
1302348276402855937
1302350795636191243
1302351761127223297
1302362217891930112
1302365895822651393
1302380992510869504
1302396094467338240
1302411191172493313
1302426290788552704
1302441392942100480
1302456490133839872
1302457624361828352
1302460899320639489
1302461489933058048
1302463130082172928
1302464625582186497
1302470259715330050
1302471588810502145
1302474105501880320
1302476622096928773
1302479138687725569
1302481655270121472
1302484171911176193
1302486690234159104
1302486690095747073
1302491721708834816
1302491818567897088
1302492452817952768
1302494238349733888
1302496088369385474
1302496754848485378
1302498013122887685
1302499271367778304
1302500529583472640
1302501788671782912
1302502023745736705
1302503673663287298
1302503967163899905
1302504304469630978
1302505030344413186
1302505562870091776
1302505562748272642
1302506280154812416
1302506821114974209
1302506821022822405
1302508079322296320
1302509338452525058
1302511854246178817
1302511936484057088
1302514153022722048
1302514370820239361
1302515355630403586
1302516888266829827
1302517188755156992
1302519404052328448
1302519589989949440
1302521920701767681
1302524437439434752
1302524977871237121
1302526953698856960
1302529470360772608
1302531989560410112
1302534503525756928
1302535548662317056
1302537020162613249
1302537020128944128
1302539536619143170
1302541375381139456
1302541543715360769
1302542053260263425
1302543010794803202
1302543010794803202
1302544569784061953
1302545753668284416
1302546029133340672
1302547089784672256
1302549602999050244
1302552119669473280
1302552163537870850
1302554636163993601
1302555188671197186
1302555910578081794
1302556878233366529
1302558497729642496
1302559670121500673
1302559669504753672
1302562187618246656
1302564702560505856
1302564944035147776
1302565081037910017
1302569506091552769
1302569735662587904
1302571003277606913
1302572252425117697
1302572577181675521
1302574768927973377
1302575623383244808
1302577292254695425
1302577958490644481
1302579801975328768
1302580179026370560
1302580737745588226
1302581207365029888
1302582318545211392
1302587351781257217
1302588763558866944
1302589868372045853
1302592384807698432
1302593643711094789
1302594901763387395
1302596159760814080
1302597418199011329
1302598676397699073
1302599934651310081
1302601193126899712
1302603709642412038
1302604967803461632
1302606226161717249
1302607488907268097
1302608743176179712
1302610001228443649
1302611259595075584
1302612517596913664
1302613097237164032
1302615035630383105
1302616292487241740
1302617550774300673
1302618501887209472
1302620067251666946
1302620830350934016
1302621325702299648
1302622588431196161
1302625100605190146
1302627617216978945
1302630134265118720
1302632207006216199
1302635166863511553
1302637685815865346
1302640053261398021
1302642716648636416
1302646496261791744
1302648253079457792
1302650266462965760
1302651590663340034
1302652788678234116
1302656765994110977
1302659550814842882
1302662849219776515
1302665365915197440
1302667351318556672
1302667885211463681
1302670399042453506
1302672782162046976
1302672915566010368
1302674209756176384
1302675050248704005
1302676187173367808
1302679580759805952
1302679849602093057
1302682063863271424
1302686756777541633
1302691602696155138
1302692349680726017
1302694306457608192
1302698082438705154
1302701856183861249
1302705631774744576
1302707110845837312
1302708421356130306
1302711980831236100
1302712929230487554
1302728280718684160
1302743382540849152
1302758479879380992
1302773582699749376
1302788679748988932
1302803779490775040
1302818877227892736
1302820135745527810
1302821393801842688
1302823910459674625
1302825168855851008
1302825672079892480
1302826427344195585
1302826930467753988
1302827685316624390
1302828440437944322
1302828943569858560
1302830202024673280
1302831460282400769
1302831963477127169
1302832718611279875
1302833977548394497
1302835235298652161
1302836353072324608
1302836493313085442
1302837751717429249
1302838986046615552
1302839010029600775
1302839269724172288
1302840268253728768
1302841041968652289
1302841527157350401
1302842784945061888
1302843239670710273
1302844043106439168
1302845301464739840
1302846559688757257
1302847817866715136
1302849077843955714
1302850334813876224
1302851592857817089
1302852851283226626
1302853510527156224
1302854109574303746
1302854770563198979
1302855367844442112
1302856627062747138
1302857884322033664
1302859142563090438
1302860401038647296
1302861267900731392
1302861659208257538
1302862402552320001
1302862903834488832
1302864177258622976
1302865863066951682
1302866692461285376
1302867501324414976
1302869209001660417
1302869487813824512
1302871726624182274
1302872233543639044
1302874242090844160
1302875104104284165
1302875500411404288
1302876758727897089
1302876815883751425
1302878016968646656
1302879032371970048
1302879281173819392
1302880361584578560
1302880533865730048
1302881536707092480
1302882125541236737
1302883050464796673
1302884627175088128
1302885196568629249
1302885416790568960
1302885579223437313
1302885868420640769
1302886121697837058
1302886164332937221
1302886245379514369
1302886793281503233
1302886825074274304
1302887087226736640
1302888414950326274
1302888498278604801
1302889649921306624
1302890599951994880
1302891567045320709
1302892041853112321
1302892784798531585
1302894374729195522
1302894926519304193
1302895316841254917
1302895490128842752
1302896496854130688
1302897363825111041
1302898149699321856
1302898149699321856
1302899407960993792
1302900350437986305
1302900914848661504
1302901009660993537
1302901088484495360
1302901924463771648
1302902296125337601
1302903872567021570
1302905328724475904
1302905483561402368
1302905699463311362
1302906752405508096
1302907328379981824
1302908688747954176
1302909479537831936
1302909895688294402
1302910361805484033
1302911653080596480
1302911991204384768
1302912789841879041
1302913249189429255
1302914507589722112
1302914567245369348
1302915765780135937
1302917024952221696
1302918435031130112
1302919836260020225
1302920586608414723
1302920798890536961
1302921195092877317
1302921692839325697
1302923315447623681
1302924252061073410
1302924579564859392
1302925641348718592
1302926387817447424
1302927721610252289
1302928348629397507
1302930581211295744
1302931908108656641
1302932123809198081
1302932998350876672
1302933124247105536
1302934555884748800
1302935898426880001
1302937156730728448
1302938123211603968
1302939477124448258
1302939678056747009
1302939786827763716
1302940279620730881
1302940788440080390
1302941435059085313
1302942189979348993
1302942693191036929
1302943448262090753
1302944706590957573
1302945564884193280
1302947224620539904
1302947318640115712
1302949087436845056
1302950998328180737
1302951601137741824
1302952964760514561
1302954017950248960
1302954372951945216
1302954778700333056
1302956031463497728
1302957289683312641
1302958547748225025
1302959806093778944
1302959961174167552
1302961064250806278
1302961411006627841
1302962325108994055
1302963580917096448
1302964442313953281
1302966098136985600
1302967068510294017
1302967725250301952
1302968614212042753
1302969883181760512
1302970234081550338
1302971130978775041
1302972156993830918
1302972221007319042
1302973647750127616
1302974905672138755
1302976163774525440
1302976994091687942
1302978680541437956
1302979938610565125
1302981197442637825
1302982455276699649
1302983713559474176
1302984975537459200
1302986230775255041
1302987488533848064
1302988746879631364
1302990005137072128
1302991263327637506
1302992522692694017
1302993779977224194
1302995038172045313
1302996296513454080
1302997554712510464
1303000074134249473
1303005104509837323
1303007622786764800
1303008360170741760
1303010137775497219
1303010572787757057
1303012359611576320
1303014004261036033
1303015174450839553
1303016295118581760
1303016519388090370
1303017314149859331
1303018653760225280
1303021351905697794
1303024829357068290
1303029996479537152
1303031767146934281
1303034313869602822
1303035303578411008
1303038146444230656
1303040336655122432
1303041184701521920
1303044351094853636
1303045370394611714
1303047438299795457
1303047708438147072
1303049144928436227
1303050403018207232
1303051409529753609
1303052919793623042
1303054177807990784
1303055436229246977
1303056725914849280
1303057952622870528
1303060472267145216
1303061979314008064
1303064850906652677
1303065502521196544
1303068018940014595
1303070535631491072
1303071793851269122
1303073052322750464
1303075317049962497
1303090670219927552
1303105768397271040
1303120868609060864
1303135967880994816
1303151068344328192
1303166168337772544
1303181265143644162
1303183936651173888
1303186336648769539
1303188649954209792
1303188815217979392
1303190031859961857
1303191331435503616
1303192623469989889
1303193848156315649
1303196364679962626
1303198881287565312
1303199246129258497
1303200292654264320
1303200530261475329
1303201397832396800
1303203914443943936
1303206430959439873
1303208608860123136
1303208916176822272
1303208947575402497
1303209647512449024
1303210089160024064
1303210674198319107
1303211127648727045
1303211464057139200
1303211527147851776
1303213509895913472
1303213956656443392
1303214746645286912
1303215067551412225
1303216497456590853
1303217755651321856
1303218900792995840
1303219014731210752
1303219249708752896
1303221530613014528
1303221676738514945
1303222545995440128
1303223496999305223
1303223810993389569
1303224047187177474
1303225305339846657
1303226406680375296
1303226565912788992
1303226565912788992
1303229080301645829
1303230338643132416
1303230552439484417
1303231596930232320
1303232093275779078
1303234114405822465
1303236630048722951
1303237105703886848
1303237630516252673
1303237888256155650
1303240824151519234
1303241664224428032
1303242121558847490
1303242606223253504
1303243573899522048
1303244179871420416
1303244709134053376
1303245438024167424
1303246696428830723
1303246753186152448
1303247314170122240
1303247954606579712
1303249212868419584
1303250364905467904
1303251729450893314
1303253049750835200
1303253294681387008
1303254246046007296
1303256765270822913
1303257431036891137
1303258021485776898
1303259279324049409
1303259810444574720
1303260537598271496
1303261795918831617
1303263054134562818
1303264313608728579
1303265265908674560
1303265570951852033
1303266829020721152
1303267260136656896
1303268087437889536
1303269172458254336
1303269345766772738
1303270604015976448
1303271863523573760
1303272176892641280
1303272785138024451
1303273120820875265
1303273320712941569
1303274378746982400
1303274720008318976
1303275637185024007
1303276895321108481
1303276927835348992
1303278153713020934
1303279412016685057
1303280670559543297
1303281928368463872
1303283186831708163
1303283414041231360
1303284445139566594
1303284868906913794
1303285695562293248
1303285703447519233
1303286338398179328
1303286963366060033
1303288106091786240
1303288220235501589
1303289478283325442
1303290737535008768
1303291256433455104
1303291995201384448
1303293069220085761
1303293253257760768
1303294270321963010
1303294514271059968
1303294728205631496
1303296373593444358
1303296555919736832
1303296626480631809
1303297028080820231
1303298035682811906
1303299515047444480
1303299544625500160
1303300537207721990
1303302067662929922
1303304577786273798
1303305237076365312
1303307094766964737
1303308434981490694
1303309613157105666
1303310869405732865
1303312379459956737
1303314408374972418
1303314644178698242
1303315980916011008
1303317165341245441
1303319677779673088
1303321762709598208
1303322194240393216
1303323520047480833
1303324712135725056
1303325969055387650
1303326820637577217
1303328485377597441
1303329743874469889
1303331001951596546
1303332261190750209
1303333199523840002
1303334393709301761
1303334450210713609
1303336035225485312
1303336505767755778
1303337293462159361
1303338270575730689
1303339812112351232
1303339902541717505
1303341069770190849
1303341899043016704
1303343584796573701
1303344152533438464
1303344454632382464
1303344843133861888
1303346101400096770
1303347362908184577
1303347638637604864
1303348618775195648
1303349876437254144
1303351134547927042
1303351381613568001
1303352392885268480
1303352509503885320
1303353651302297602
1303354909304057856
1303356167868092416
1303357426008092672
1303358684291108867
1303359942632648704
1303361200902860800
1303362466814910464
1303364975906320386
1303367492560064514
1303368599701196800
1303370009511485440
1303372525515272195
1303380075266469889
1303382591886831621
1303383850089959425
1303385110100815872
1303387625097551873
1303392660011581440
1303393771594358794
1303397691666432000
1303400201974173704
1303401383572508672
1303402724684443653
1303407758553886723
1303410274289025026
1303412287617880066
1303415307520765952
1303416494445953027
1303417824333815808
1303419141500661763
1303420340505202688
1303422861994987520
1303425373825314820
1303426615494553601
1303427890592112640
1303430965713346563
1303432923446685698
1303437704986673157
1303453059729616896
1303468160658497536
1303483258408239105
1303498358045188097
1303513457363496961
1303528557658869760
1303543655412662273
1303547874500907008
1303548727047737345
1303553021553639429
1303553215661846528
1303557062866206723
1303561269048377344
1303562652409565185
1303563785660248064
1303564244600975366
1303565958481678336
1303566302745751553
1303566395746246656
1303568091754967041
1303568451836030983
1303568818816479232
1303571322291789824
1303571335369687040
1303571503519236097
1303571566513586177
1303572043414282242
1303572043414282242
1303572834829115392
1303573317295669248
1303573852169973762
1303573983057543168
1303574719501869056
1303576368769150976
1303578356743536640
1303578885154435073
1303580143471013888
1303581401703473152
1303581624941137920
1303581706381938696
1303581731094769668
1303582130325389312
1303583292621557760
1303583918373793792
1303585176887451648
1303586435002494977
1303586512563470336
1303587693188780032
1303588955414237184
1303588992827510784
1303589211795329024
1303590210131779584
1303591261845311488
1303591468129492993
1303592606090366976
1303593763269414912
1303593984665595904
1303594142380036096
1303594282868264961
1303594406507950080
1303595242956832768
1303595318534189056
1303596251905241088
1303596501986209792
1303599017880776704
1303600549250695168
1303601534396108801
1303602308031426560
1303604054094995457
1303605309668241408
1303606567623745536
1303607096924143616
1303607134509301762
1303607614236958720
1303607826061942787
1303609040950513665
1303609084256555009
1303609520069976065
1303610008127574017
1303611600897740801
1303612594121584640
1303612859142696961
1303613014059483137
1303613651337740288
1303613830690410496
1303614117404647426
1303614229250015233
1303615323967553538
1303615375666327552
1303616819010437120
1303617892202635265
1303619156001071105
1303620966291996690
1303621667227230210
1303622273644007430
1303622925355036672
1303624183746883586
1303625442029572102
1303626700694016001
1303627906841804800
1303627958788128771
1303629216773287936
1303630475164966913
1303631526165389312
1303631733519048706
1303632991722311682
1303634254098726913
1303634777371803649
1303635508686458880
1303636766809882626
1303636961324929030
1303637408869748739
1303638025151352834
1303639283308220416
1303640541394067461
1303641800473681920
1303642323948105729
1303642388074766337
1303643058282655744
1303643226629459968
1303644316489805824
1303644553954684932
1303645575024463873
1303646832984088578
1303647288561152002
1303648091422117888
1303648186330943489
1303648414199156736
1303650608356835328
1303651866144718848
1303652592422182913
1303654056821485568
1303654382848765952
1303655464241172480
1303656753972883456
1303656902203596804
1303657091765342208
1303657237144051712
1303659263680802818
1303659415925596161
1303660554280722432
1303661932671631362
1303662588430082048
1303663615208292355
1303665861048315904
1303666965718892545
1303669482750058497
1303669999601676289
1303671999756226561
1303672892551503872
1303674515398901761
1303675547348803585
1303677032203681793
1303679555564113923
1303680807333134338
1303682065146220544
1303682713212329984
1303683323492020226
1303684581787422722
1303687101376995330
1303688356816064513
1303688716263788549
1303689822150815745
1303690873176231939
1303692131450662913
1303693389741858816
1303693623599550464
1303694653175328769
1303695622252294144
1303696626721198080
1303697164946767872
1303697785108262915
1303698526640246784
1303699681273196544
1303700939518377987
1303701661861511170
1303702199940325376
1303703410840080388
1303703456406888453
1303704714589085697
1303705972746203136
1303707231049875461
1303709757430145027
1303712264344743940
1303713522447196163
1303714780885131267
1303717297970843649
1303719814041493504
1303721590127984641
1303724848682799106
1303725971502178311
1303727363675521024
1303728211524808705
1303729951909310464
1303733013654769665
1303734913351512069
1303739954216853504
1303742113981648896
1303744979735519234
1303750012992716800
1303752529411543041
1303755052947877888
1303756751100088320
1303760079385014273
1303763693080055812
1303765112495337477
1303769655253897217
1303772241142919169
1303773521764651009
1303775178732830720
1303777393371492355
1303777900714393606
1303780165986779137
1303781589835485191
1303782728526163970
1303783462873321473
1303785250447749121
1303785976985268230
1303788013302865920
1303790278172532737
1303791829641498625
1303793549931053062
1303795311228276736
1303800092873224192
1303815443979829249
