1276004132390932480
1276004209188626439
1276032147736887296
1276092634327638016
1276109586215419910
1276124288991592453
1276147548793769984
1276157856010698763
1276159423703121921
1276168950108348420
1276192544746090498
1276211583551766534
1276213737423286272
1276214996633034753
1276255360194576387
1276372491355795457
1276397581246103552
1276411793276055552
1276423395006177280
1276425431940546566
1276428970037297152
1276447152789651457
1276451896748912641
1276482038061826049
1276517721660891140
1276529120235720707
1276545734410752004
1276571409406459907
1276575957294301184
1276609576452964354
1276742658669654018
1276747878778785793
1276770633007935489
1276781714380120064
1276795421680074752
1276798424805859328
1276845883896803328
1276892873221378048
1276893096953905154
1276905875152818177
1276925662582931457
1276938144420638720
1276938348549091330
1276966864023846914
1277105653799178240
1277145611666632705
1277193586367479809
1277198807533527040
1277249641319411712
1277300733902065664
1277304594243244034
1277320722369646594
1277452674342977536
1277481054987837441
1277493675505995776
1277493909254557696
1277494275643564033
1277494693086011395
1277494823017222144
1277495247115825157
1277496023976480773
1277501783452069895
1277509122192179200
1277520472683548675
1277522831610437636
1277532853618819072
1277537372545171457
1277542223849062400
1277557970965061633
1277559971236982785
1277566203607814146
1277607926665011204
1277629085070643203
1277642719570071557
1277651493215186947
1277663371609796608
1277663576824610819
1277683278900854784
1277683470593122305
1277690209245724674
1277823787619270657
1277824023305555969
1277842463693160448
1277847840409206787
1277873366641381378
1277873626000371714
1277905479633682432
1277912551213469702
1277923655071211520
1277934226977980418
1277940053701021696
1277965533841776641
1277968390854860803
1277969939454779395
1277979724510158848
1277987447893352449
1277994714344669185
1278011527623213056
1278025759383158784
1278027487260409856
1278035400108490754
1278045338373427204
1278056811954950148
1278071243988705283
1278207794857029632
1278216315774345221
1278218066070028289
1278218282709979142
1278230337462702080
1278268936140787713
1278310659109855239
1278317885874733061
1278332515527405568
1278335673020407809
1278353445431513089
1278375080641380353
1278375103462596608
1278388147387334657
1278390218694045696
1278406692955447298
