1296230931011969025
1296240921160359937
1296268348360134658
1296294529088331777
1296310709098348544
1296313066116849665
1296313067245101056
1296319095252684801
1296322943518113793
1296324324136280064
1296329162148503552
1296330435354648577
1296331813556817920
1296334254453010433
1296336786420043778
1296337957209726977
1296342860250456064
1296343124600659971
1296345219152175105
1296348648972988416
1296349920090259457
1296351237944811520
1296351237160525824
1296352181659086848
1296353717302812677
1296353721878814721
1296353730821001216
1296353739591254016
1296357441651777536
1296358603134308352
1296361074007187457
1296361077031219200
1296361081108135936
1296361085625348096
1296361090494996480
1296362292536389632
1296363602706862081
1296363607148630016
1296364749245087745
1296365997406982145
1296367205773447170
1296369733655310337
1296370989111156738
1296372358878572544
1296373678725312512
1296377396245991424
1296378620542418945
1296379845086187520
1296381130648805377
1296382391376896002
1296383672073977858
1296386558698946560
1296387587935010818
1296388718434099201
1296388722834001920
1296389815760551937
1296389819833229312
1296389819833229312
1296394389611253761
1296394398297657352
1296397202647121921
1296397207042691074
1296402082883407873
1296402087174119424
1296404611708989441
1296408578710999042
1296408584159469570
1296411159294357504
1296413511363502080
1296417416105340928
1296417420966531072
1296417433637605378
1296418705715466243
1296418711281295368
1296422493104857094
1296424889973444609
1296426001241645056
1296426005851254785
1296428605761888258
1296429769437913090
1296432107548442626
1296432117254107136
1296433178027208705
1296434362125254657
1296435635826434048
1296438204258758656
1296440792005906433
1296443123867045888
1296443132423397378
1296445671898259459
1296445675350130690
1296450260013912067
1296450264610885634
1296450267781697539
1296451502429667338
1296451517218725888
1296453705525493760
1296453710197985280
1296455879596953603
1296457316661972993
1296457321112113152
1296458710626242561
1296460045773942786
1296461367965343744
1296461741698809857
1296464087338094593
1296466631158366208
1296466634484387840
1296466639114981379
1296467800601636872
1296469070909407232
1296470388743036934
1296476686490492929
1296476846461259778
1296477826967916547
1296477832013664256
1296478964744179712
1296478969508892672
1296482826901164034
1296483903432265728
1296483907010015236
1296483911246270464
1296485084053340160
1296486249931386881
1296487474932391936
1296488525169414146
1296489440395898881
1296491177668157440
1296493451467542530
1296494542586368000
1296495681373380609
1296497113669435392
1296498247364747266
1296506756064055298
1296510702253899779
1296510706272083975
1296511991301971969
1296513374923173888
1296516072754028544
1296517241903742978
1296527056096972800
1296527172597882880
1296527176783798272
1296528481107488768
1296528485343801354
1296528489726836738
1296528494357368832
1296531023111618565
1296536218558234625
1296536222727385090
1296536227370479619
1296538704689930241
1296541150359298048
1296544847642464266
1296544852088426513
1296546021728817154
1296546026590015488
1296546034773118976
1296547214622429201
1296547219969994752
1296552414183555073
1296553808441597952
1296553816905654272
1296553821808795648
1296561579060801537
1296605882701230080
1296614499924017153
1296626285683367937
1296638762982813696
1296658554238251011
1296670946149969921
1296670950818275329
1296670954706305027
1296676740144783360
1296677006302732288
1296678122172157954
1296682992681857024
1296682997182275586
1296690516084523009
1296694600967639040
1296697236391432192
1296703166696824835
1296703715869679616
1296705101114081280
1296706533259190272
1296709161489772545
1296710334552702976
1296712750505308161
1296715031321743360
1296715271479140354
1296717493910810624
1296717498033872901
1296717502429396992
1296718660355203072
1296721254792167425
1296721259154354176
1296722414039183360
1296723511294164992
1296728206393974784
1296728210881773568
1296730662175678470
1296730664822349824
1296732026083651584
1296733296118956040
1296733383679148037
1296734450563383297
1296735533675274240
1296736644247232512
1296737817666748416
1296739093804613633
1296740386392674307
1296740390821822464
1296741793443328007
1296744298285805568
1296744302534692864
1296745539128745985
1296746790230818818
1296748109494657024
1296748979347165184
1296749308033859584
1296750537367597061
1296753429713498112
1296754777745915907
1296759856410624000
1296769122966155265
1296769128586502144
1296771477203750912
1296776487949996033
1296776568761659392
1296777936142508033
1296783396799229957
1296785635148214272
1296786829484621825
1296788154360487937
1296788158672232449
1296789485313818630
1296789497473118210
1296792005654335490
1296793228696522757
1296793233029300227
1296795886073319430
1296797226790944769
1296799600121131010
1296805616573456386
1296806850181181440
1296808232892203008
1296808229180248071
1296808237224865794
1296814515225600003
1296814522376884227
1296815714712596480
1296819752715911169
1296819757442834433
1296821020897271808
1296821024835743745
1296821029692637184
1296822135328055303
1296822135328055303
1296824787650654208
1296828668434681857
1296829990697349121
1296831129073389569
1296832405257498624
1296832409774764040
1296832414896005121
1296833521365942274
1296836391532466181
1296836396511002624
1296838695207809025
1296839367697334272
1296839823395880961
1296839828173135874
1296840022474272769
1296840935762989062
1296840940565471232
1296842134386094082
1296842138622328832
1296842143504400385
1296843569920122880
1296843574487769088
1296847113851154437
1296847110449528838
1296848257772118019
1296848261496688641
1296849637652013057
1296856690202157056
1296857910102953991
1296857914603339776
1296859164212436998
1296862961642995712
1296865278270361600
1296866704350470145
1296870615241170947
1296873138454749187
1296874281603866629
1296876845040902150
1296877994980642818
1296877999233675265
1296878105215279109
1296879105728811009
1296880393430470658
1296880398165778437
1296880401944911874
1296886689974149121
1296891359241146369
1296893769334362114
1296901229323399173
1296903547490009097
1296903551747272704
1296904803411464192
1296904812504784898
1296904812391538689
1296905907801141248
1296905911966064640
1296905916529377280
1296910926034153472
1296910931591663621
1296910935609749506
1296910939439206400
1296912284829261826
1296912289803763715
1296913478674939910
1296914864619884545
1296918226207637507
1296918230565625858
1296918234512400385
1296937116979560448
1296988107896770562
1297045542393053185
1297048019020513282
1297048023571275776
1297056857224359936
1297059358514253824
1297061576864931846
1297062616779698178
1297064211693146114
1297068123129098240
1297071882462801921
1297073218948390912
1297076943825907714
1297079640507514880
1297080911025012736
1297085839730782208
1297085843769888768
1297091760624209921
1297092910211641346
1297094243106926592
1297094247817121794
1297099325022113792
1297100422889578496
1297104478479491074
1297105669162700800
1297106833337982982
1297111491427160064
1297111764698632193
1297112964361846790
1297114296057565186
1297116765063917570
1297119626250407936
1297119630218199040
1297129631724830720
1297131047092617216
1297135160845115397
1297136547414847488
1297141329382772737
1297142411244834816
1297142418157064194
1297145041643876352
1297146309531639808
1297151476108873728
1297155469883187202
1297158055663108096
1297158060125966338
1297160806019280898
1297162179758653440
1297163435927638022
1297163440600080385
1297172040127045634
1297173380161036289
1297173384309153793
1297176042583580672
1297176046870175745
1297177208742645762
1297179613857288197
1297180837394489345
1297181957386915846
1297184587668500483
1297185713323212802
1297188221529579522
1297190680297639936
1297194497932251138
1297194497579913217
1297199252410695680
1297199256420392960
1297200636757499904
1297201677137739776
1297205916496990209
1297208575668957184
1297208580085604354
1297222844393443328
1297222852593229825
1297222848822599680
1297226554624417792
1297230298061692929
1297230302276923393
1297231523746324482
1297232608292671492
1297242577264050177
1297248541459570689
1297257205327171584
1297258327404171268
1297265175586902016
1297266539205459969
1297267729687351298
1297267733793591296
1297268833103880192
1297268838166409216
1297268841853181952
1297268846047432712
1297268850786881536
1297270155622387713
1297270160114561024
1297271265506611202
1297272415706394630
1297273631291125760
1297274886772133890
1297274891050323970
1297274894913282053
1297274899648610304
1297274917239558146
1297278592993427457
1297282331623993344
1297298305622446080
1297315799871426562
1297323234103300103
1297332052875005954
1297341735920599041
1297374024092266496
1297377796189282305
1297385090717294594
1297401920668270592
1297401924854194176
1297415727033528321
1297415731081084928
1297423580721025025
1297429704971038726
1297433728524988416
1297436360098422786
1297437615742910464
1297441502961061888
1297442896342392832
1297444299311915008
1297444298481442816
1297445421569146880
1297445426178797568
1297446528718721024
1297450071806693376
1297450071806693376
1297452614490165250
1297454054927409153
1297455335595290625
1297455339613368323
1297455344050987008
1297460436800069633
1297462987041705985
1297462991353520128
1297467900807254016
1297469017456881664
1297475538345431040
1297478032849080321
1297478036846149632
1297479356764377093
1297480659334766592
1297481953957097473
1297483296457330688
1297484604736184320
1297488200693428224
1297489482233544705
1297490552456466432
1297491867018436611
1297495520911536128
1297495525227401217
1297498149225988096
1297498154380726272
1297499454505979904
1297499450819194881
1297499458809278465
1297499463368531968
1297500815322755074
1297507696422379520
1297511578452013063
1297512866229215233
1297512869760819201
1297512874361921536
1297514166077526018
1297516472600866817
1297516476639977474
1297519103935221762
1297519117159759880
1297520282639511554
1297521397942702081
1297521402170486784
1297521825774276610
1297521881256427521
1297522789478539265
1297525350331822080
1297526536678014976
1297526639035916288
1297527709216714753
1297531505250639873
1297532800288067584
1297534191144501251
1297539160815874048
1297540553161297923
1297543008238403590
1297544353200721920
1297544361320882177
1297547163979874304
1297549891284226048
1297552398358130688
1297552403198287872
1297553793148768259
1297554933819019264
1297558438298386434
1297558447093932037
1297560964070506499
1297562174433513472
1297563563146584064
1297563560399319046
1297564120368263168
1297564920456806400
1297564923816488965
1297566013450584066
1297566017762271232
1297567369410285568
1297568801375039489
1297570092583190528
1297570096676773888
1297570101215088645
1297577646000410624
1297579337978466305
1297581447927279616
1297590383116005376
1297593811129040896
1297593816774582273
1297597659579121664
1297598024806551557
1297607836617379847
1297609055855312896
1297610310090739718
1297614140509487105
1297614149543956480
1297618163975192578
1297619662650445826
1297620412092887044
1297620479004442624
1297621756199534594
1297624539892011008
1297624542890860557
1297629167706570761
1297633899116470274
1297636236287500289
1297638485931810818
1297642473834139660
1297642477860663303
1297642770123894787
1297643520556257282
1297643805668245504
1297643813662490628
1297644064507142145
1297647470483247109
1297647474857971723
1297654041741275136
1297656565231648771
1297681416721924097
1297691389828960256
1297741702388764672
1297753035674968064
1297765223580000256
1297766463521132547
1297770991385563138
1297772140587110400
1297774916553576448
1297775315121561600
1297783606027456513
1297786230080516097
1297789937383858176
1297790293979402240
1297791020445437953
1297791024773857280
1297793487799279617
1297797457695432705
1297802094049730565
1297804436044120064
1297804440859287553
1297805740116238336
1297805750467690497
1297806970020388864
1297806974495657984
1297808163400450049
1297808167938805761
1297810813361823745
1297814478248194048
1297814482782228481
1297814487022567425
1297815866810171394
1297817045015433218
1297819646683488257
1297821019554668544
1297822229414187008
1297825944070127616
1297827307617492994
1297832500102942721
1297833617926901760
1297833620711919622
1297833624214142976
1297835648192217088
1297835934642311168
1297837309979656193
1297838558154231809
1297841123029852160
1297844924126298112
1297846003849220096
1297846012652990470
1297846009134034946
1297847447675457539
1297847451802640384
1297848823486779393
1297850050983464960
1297850055014133761
1297851289418727429
1297852362279784449
1297853537343479810
1297854968360312832
1297854973267660800
1297856316136972290
1297857762488180736
1297858828336275456
1297860114670596096
1297862608519942147
1297862613452427265
1297863737072918528
1297866361503469570
1297871406357782529
1297871410770190343
1297873767805394944
1297878911188172801
1297882996335419396
1297884073340424192
1297885480395182081
1297889092466880512
1297889098175217665
1297890445339566081
1297890449366147072
1297890453937893376
1297891713516699648
1297892983526785025
1297892983526785025
1297894160444329984
1297896860510826496
1297898303082967040
1297900811591319553
1297900815508742144
1297902246135570433
1297903416723693568
1297903983093309440
1297904529443368960
1297906690122289153
1297907833808326657
1297910332539711494
1297911749606350848
1297912953442914304
1297914356404039682
1297915557354799110
1297916822960955398
1297919455272599552
1297921989236097024
1297923324442533889
1297925970452774916
1297926831463596034
1297927059520598017
1297929356417929216
1297930750088622080
1297930757843890177
1297933454743658500
1297936177417388033
1297938834903228418
1297938838870994944
1297940066262757379
1297941435459809282
1297941668398858240
1297942796939206658
1297945465997217794
1297951646081781763
1297954140719583233
1297956719264399362
1297956723446222849
1297956729058140160
1297958127799881728
1297960558398930944
1297960563318951937
1297963227066896384
1297968003531837442
1297969128620412930
1297969133666144265
1297970485704228864
1297972978882412545
1297974318295588872
1297975605024235526
1297982915280867328
1297984108094722049
1297984112263942146
1297985556153016320
1297985560750043141
1297986947848245254
1297991845415473152
1297991849479737350
1297991854558982144
1297993090591006721
1297993086505824260
1297998351674167296
1298000873524736002
1298000879258345472
1298000886891982849
1298000890855661574
1298003534122815488
1298003538652651521
1298003542809219072
1298004813867868162
1298027208582332417
1298061178862735360
1298082994998194178
1298098977376743424
1298108550523355136
1298119718381985800
1298122093725388801
1298130615984955392
1298131850892914694
1298131855208787968
1298133264339787777
1298137229156589568
1298137233787162624
1298141241876652034
1298141246255398913
1298141250596540417
1298142436418609152
1298142440738770945
1298142445125984257
1298143695355740160
1298149021865967616
1298150183268749312
1298151601014800384
1298152740904939520
1298156555418963969
1298161727696240640
1298168722385969152
1298168732997607424
1298170989038243840
1298173402902138880
1298173405632569344
1298176959000829952
1298179647914614785
1298183726531305474
1298183730759176194
1298185104825692161
1298188707938304002
1298190013922934784
1298192550780690432
1298193782643589120
1298195050665521154
1298196275154890753
1298198038066978816
1298202150737260544
1298203576574054400
1298204955430531075
1298207240575504384
1298208378251022343
1298208382587936768
1298208387897921537
1298209681526214657
1298210982364422144
1298212374575558657
1298214862556987393
1298217064721784838
1298219379591651328
1298219384570359808
1298220516138983425
1298221949315940352
1298226934640447489
1298228520720703489
1298231699516592129
1298232805311352833
1298232809929281541
1298232814161268737
1298235335940464641
1298235341023870976
1298237911058481157
1298240522000228352
1298240526181859329
1298241599772729344
1298244254985121792
1298244269325660161
1298245595967172609
1298245592083300352
1298245612459249671
1298250484541804544
1298250488568315904
1298254315828596739
1298257825198518272
1298261440659222536
1298261439417692161
1298261444681584648
1298261448926179328
1298264013671825414
1298266343653797894
1298267792248987654
1298268939273695240
1298268943753175043
1298270316439826434
1298271393067327499
1298271397374910465
1298272710766686211
1298272715397140483
1298272720329695239
1298273794742657032
1298275062588551168
1298276331743072256
1298277615481102338
1298281052839051264
1298281056819388416
1298282323033587716
1298282327446085634
1298284896063033345
1298286204782288897
1298287544786976774
1298288700024119296
1298288840478793729
1298290132194398215
1298294259842457600
1298294265009840135
1298295509040484358
1298295512941109249
1298296731260657666
1298312957051441155
1298312961358954499
1298315373159288834
1298315377991090177
1298318844612812800
1298320052274573313
1298321153426161664
1298321157712760833
1298321162079014915
1298322239973208064
1298324913795878912
1298328495232253952
1298329665698922496
1298331097248477185
1298331097248477185
1298332335696416768
1298338629165682688
1298340057888313345
1298342432766124035
1298342438264664064
1298346389165027331
1298346392797286402
1298348916988096512
1298348926236610560
1298348923170553860
1298350117762805760
1298350121344733184
1298350126126243840
1298351180867919874
1298351183774601218
1298351188954484746
1298353759572066312
1298356037720985601
1298358318201741312
1298358323104841728
1298359466237321218
1298366041354117121
1298366046047371264
1298366050317348866
1298367463764221952
1298367467526529030
1298368815315718144
1298368828783702016
1298368837121904642
1298370075439902721
1298372911871516674
1298396301986607104
1298412941767737344
1298441934751576064
1298441938954260481
1298441943198904320
1298446800421036032
1298471855372800005
1298489400318398464
1298489404844015619
1298489409512366080
1298492037130407936
1298494617122484225
1298494621257957377
1298496053910605825
1298496059019153408
1298498789100195840
1298509894253977600
1298514071629828097
1298515151486889984
1298520319448289280
1298524022444118016
1298525318613999616
1298530074896011264
1298530079782436865
1298530083800526848
1298531516805455875
1298532676899569664
1298535400957411329
1298536571642281984
1298536576583172101
1298537895599513600
1298538983299977217
1298538987280375810
1298540274461937664
1298540279583182849
1298541467837911040
1298541497831260160
1298544206357704704
1298544210984022017
1298544214645645312
1298545396407586817
1298548715746136064
1298548720716390402
1298548724805894146
1298551419881041922
1298553980369481728
1298556287194718209
1298556292500541441
1298560881601712132
1298561076716503040
1298563324876075008
1298563329322033153
1298564702595842052
1298564707981328384
1298566058886995969
1298566062938750977
1298566068710014976
1298567471880970240
1298568695464239105
1298568699985694722
1298573732513042432
1298573737328082945
1298573740914216960
1298575164746145793
1298577549258297344
1298578871894384640
1298581751237943296
1298584033086115840
1298585451360661505
1298586507364753408
1298586511659667457
1298586516529336320
1298587709355827200
1298589095355088896
1298591850706743298
1298593133228363778
1298593137582125056
1298596782339952641
1298599462533816320
1298599466568749059
1298600894653759488
1298603209288810496
1298605707084935168
1298609497766858753
1298613233872404480
1298613238746288129
1298614572027383810
1298614576460845056
1298614581586210817
1298615987051335681
1298617302624198656
1298618476387500032
1298621163728510976
1298622280730320899
1298622285402836992
1298626008954929156
1298628553886568449
1298629761971912705
1298629766367641601
1298630941104132096
1298632366194401281
1298634718112555012
1298634717219246080
1298636143160889345
1298639927119355905
1298639923713642497
1298639931879968771
1298641187058995200
1298641191223820289
1298642553038942210
1298642557086445569
1298647046287765504
1298649494448414723
1298651138217201664
1298654653085650945
1298655800148332552
1298656936280436741
1298656940550238209
1298656945189064704
1298659260860071938
1298659268976095234
1298661771402719232
1298661776003915781
1298665469260464128
1298668132626817025
1298673595535810560
1298673600413802498
1298676117784666114
1298677547115393032
1298681334253129730
1298681338665603072
1298681342755045382
1298682451464724486
1298682455239557131
1298687223689338882
1298690720245723138
1298691915664293893
1298693019600904197
1298696980122742784
1298701903715500034
1298712961519779845
1298712965923737601
1298712970487164935
1298714070418255872
1298714075157807110
1298714079347896322
1298715186241531912
1298715190557462540
1298715199474561028
1298716276773150726
1298716281143582722
1298716289116942347
1298716288957575168
1298718884317392902
1298718889023397888
1298720064263266305
1298721194267435014
1298726826735316992
1298726831265177600
1298726836088770561
1298726839481966593
1298726844439638016
1298728216589369344
1298739085918564355
1298741428164743175
