1296211601750667264
1296214116823175170
1296219150126374913
1296303463190663169
1296304714234171394
1296307230967508994
1296308488763736064
1296309745167544320
1296316040499081217
1296319818333859841
1296323594247720961
1296327374804590592
1296331139209207809
1296333351742251008
1296333624309145601
1296333941805391873
1296334919304708098
1296338687475802118
1296343738978054145
1296343885736742912
1296343932251627521
1296343990766272514
1296356364856549376
1296361344489476096
1296361613663117312
1296361823927783424
1296362013690671104
1296371514565107712
1296376452720492544
1296376622396907520
1296376764512509952
1296376901074923520
1296381487332429827
1296392795838656512
1296392795830312960
1296392795830263812
1296392795826126848
1296392795821879298
1296392795821879297
1296392795809292293
1296392795809292292
1296392795809292291
1296392795800969217
1296392795800965120
1296392795800907777
1296392795788398592
1296392795788378112
1296392795779989504
1296392795775807494
1296392795767353344
1296392795888979969
1296392795880591360
1296392802771841024
1296392802763517952
1296392802746675201
1296392802738360320
1296392802738331649
1296392802725761030
1296392802725695488
1296392802713165826
1296392802713112577
1296392802708992000
1296392802708987905
1296392802708922369
1296392802704793600
1296392802704732162
1296392802704728067
1296392802696298498
1296392802687909891
1296392802679640065
1296392802671132674
1296392802671132673
1296392802658660353
1296392802637688833
1296394051386834946
1296395309187305479
1296395315646537730
1296395315633938433
1296399084992040961
1296400350786748416
1296400350778449924
1296400357871046658
1296400357837414400
1296401600534249472
1296402861010583553
1296402860993916930
1296402864546426881
1296406651726188545
1296407094766247936
1296407241239736322
1296411682537975810
1296414123064950786
1296414288303849472
1296416718517133313
1296421745902202881
1296424267651981318
1296424270525083650
1296424437542264832
1296424590156140544
1296424721387593729
1296428033415446528
1296431819408265218
1296458234333667332
1296462009739902982
1296482640929988613
1296483547973328896
1296483679800365059
1296483904329850881
1296486413974876167
1296486969116168193
1296487009125531651
1296487136200404992
1296490195592851459
1296490542747004934
1296490573356990464
1296490671784812546
1296493970030198787
1296501013684379648
1296507299142479881
1296508424864366592
1296511072627838976
1296516305554735110
1296517373512626176
1296523654809911301
1296523883328217089
1296523961547788289
1296524126077820929
1296527434247024640
1296534387253743617
1296534430207672321
1296534535312736256
1296534986569457665
1296542537910452224
1296542537910452224
1296563920937910273
1296563920849768448
1296563920841441281
1296563920841433089
1296563920824672256
1296563920820473858
1296563920820461570
1296563920816295949
1296563920816287746
1296563920812093441
1296563920803713033
1296563920799440906
1296563920799440897
1296563920795324416
1296563920795295745
1296563920791113733
1296563920782729216
1296563920782721025
1296563920765952000
1296563920757493764
1296563930765156352
1296563930756788226
1296563930756714504
1296563930744205312
1296563930744184834
1296563930735751173
1296563930731610117
1296563930731548673
1296563930723123208
1296563930723123206
1296563930719039495
1296563930714832898
1296563930714734592
1296563930710585345
1296563930706452482
1296563930706391043
1296563930702196742
1296563930697994248
1296563930697994241
1296563930685464583
1296563930685419523
1296563930677022722
1296563930672902154
1296563930672881664
1296563930664402946
1296563930656120838
1296563930651922432
1296563930647732225
1296563930647670786
1296563930639347714
1296563930639335424
1296568954375286785
1296568954366894081
1296568954358571009
1296568954350178305
1296579025847177216
1296644452145135617
1296644452107395078
1296644452069650433
1296659549210935297
1296664583449583616
1296665841644310530
1296668361212997632
1296849563878338565
1296852536159342597
1296852708146712577
1296854599266119682
1296857825617084417
1296858462933135361
1296859634855292930
1296864656091418624
1296870942304600065
1296870942300409856
1296870942300397570
1296870942300307456
1296870942287814657
1296870942287765506
1296870942271045635
1296870942690496512
1296870942682099714
1296870942417784835
1296870942359146497
1296870942346563586
1296870942338166789
1296870942338101248
1296870942329712640
1296870942325563392
1296870942317195266
1296870942317121536
1296870942312992769
1296870948541358082
1296870948474413056
1296870948457545730
1296870948453396486
1296870948449255425
1296870948445073409
1296870948445007872
1296870948445003780
1296870948440870915
1296870948440809473
1296870948428304385
1296870948428304384
1296870948428292096
1296870948428226560
1296870948424101889
1296870948424093696
1296870948423991296
1296870948415709186
1296870948415709185
1296870948415643655
1296870948415643648
1296870948407320582
1296870948407304193
1296870948398866434
1296870948394733570
1296870948390547457
1296870948390539264
1296870948382093312
1296870948373770240
1296870948369510403
1296870948369465346
1296870948356919296
1296870948352729093
1296870948319133703
1296874721523519488
1296884785521074182
1296887301814001666
1296888561749364736
1296889817037406208
1296893598299049991
1296894850575499265
1296903661000499200
1296906176018419713
1296909952301309959
1296914982551126016
1296914982546944000
1296930087863033856
1296962804222754816
1296962804197597196
1297006839977123842
1297006839939440640
1297006839918407680
1297133928436961283
1297133928428515328
1297133928428507136
1297133928420192256
1297133928415989760
1297133928411734016
1297133928407539713
1297133928403402757
1297133928403349504
1297133928399147008
1297133928386617344
1297133928382435329
1297133928374063105
1297133928361451522
1297133928357167104
1297133934720036864
1297133934661316608
1297133934627762176
1297133934615158784
1297133934606782475
1297133934602596352
1297133934598393857
1297133934594199554
1297133934581551107
1297133934573228033
1297133934569050114
1297133934568931329
1297133934564777984
1297133934564773888
1297133934560653314
1297133934560645127
1297133934560542721
1297133934556389377
1297140221998501889
1297141481694801920
1297143993994825728
1297145250713161728
1297146508429742080
1297149027558055936
1297155315989975040
1297160353491693568
1297161609803161600
1297165384777433090
1297167902861332485
1297169161219706880
1297170421708709888
1297171675981774848
1297191815171407874
1297219493018644482
1297219492980948992
1297219492980891648
1297219492964175872
1297219492959924226
1297219492955787264
1297219492951588869
1297219497208754184
1297219497204633600
1297219497204617223
1297219497200427011
1297219497191976960
1297219497162571776
1297219497158496257
1297219497158479874
1297219497150099456
1297219497150099456
1297219497150091266
1297222013183025153
1297222013157888000
1297223264973066240
1297233330325188608
1297235848803627010
1297237108319563776
1297247174900748295
1297250946167300097
1297254728435404805
1297255978702970882
1297268564005617664
1297268569441538055
1297277371222052868
1297277374648799234
1297283664632578048
1297284922403631105
1297400687190564867
1297400693108748289
1297403204309786629
1297405716110749697
1297409491898707968
1297477191924617218
1297482477091663872
1297512430151651329
1297557977084375040
1297584407159754754
1297593203596689412
1297602028802277379
1297618367269015554
1297618367260614656
1297618367243784192
1297618367239655426
1297618367235477504
1297618367235399680
1297618367227076613
1297618367222878210
1297618367214432256
1297618367210295298
1297618367210295296
1297618367206096899
1297618367185145858
1297618367977857024
1297618367289991168
1297618367285792769
1297618373023596545
1297618372834795522
1297618372830597120
1297618372788662275
1297618372788654083
1297618372776153088
1297618372767756294
1297618372755152896
1297618372750913537
1297618372746715138
1297618372742590464
1297618372742520836
1297618372738383876
1297618372734128129
1297618372734091264
1297618372725743616
1297618372721606658
1297618372717412353
1297618372717412352
1297618372717404160
1297618372709031939
1297618372696432640
1297618372692246530
1297618372679675904
1297619629335097345
1297619629301473282
1297627176649535488
1297628436903731204
1297629693924040704
1297630950239633409
1297639758760468481
1297641016917397505
1297642277427458053
1297644300281548800
1297646051546091520
1297647327847555072
1297648567935541251
1297652341638942720
1297668701316165633
1297669965953327108
1297691348401893382
1297692607682945024
1297711480687730688
1297754265725935618
1297754265683984385
1297758040737951746
1297758045259341826
1297833545243799553
1297841100837793793
1297929163949715459
1297929810988146688
1297941761554362368
1297989076285624320
1297990552399556608
1297990726731669505
1297991587595780102
1297992299264331781
1297992460443025412
1297994094183145474
1297994665531265024
1297994972503986176
1297995855169871872
1297995855086194693
1297995855077801984
1297995855073509376
1297995855056842755
1297995855048462340
1297995855031668743
1297995855031607297
1297995855027470338
1297995855027408897
1297995855023276033
1297995855019024385
1297995855014895617
1297995855014789122
1297995855010684933
1297995855002324997
1297995855002296320
1297995854989713409
1297995854985547779
1297995854985428993
1297995859590774786
1297995859540484101
1297995859519590402
1297995859490230272
1297995859490111492
1297995859481825280
1297995859481763847
1297995859481763841
1297995859477639168
1297995859473371147
1297995859469238279
1297995859465064448
1297995859465035783
1297995859460870144
1297995859460853761
1297995859460788226
1297995859456602112
1297995859452469248
1297995859452407808
1297995859448287233
1297995859448205313
1297995859439820800
1297995859435692032
1297995859435622403
1297995859431497730
1297995859431436288
1297995859402076161
1297995859393753089
1298008439352897536
1298044937385238529
1298048706802065408
1298053740352679937
1298080160051269636
1298086453256359939
1298102809913626627
1298104071392563200
1298104071388385288
1298111619956977664
1298115405769248769
1298119169607704577
1298121683455356928
1298321764322291714
1298324269676593158
1298326544855838722
1298326704109346821
1298327295845900296
1298329090311757844
1298329295513956356
1298330577402200071
1298339372069257217
1298358243840987137
1298358243572494337
1298358243572449281
1298358243572449281
1298358243568357376
1298358243555762181
1298358243547402240
1298358243539013634
1298358243538931714
1298358243530543106
1298358243526422529
1298358243522158593
1298358243513831424
1298358243513819137
1298358243505385472
1298358243505340417
1298358243492794368
1298358243484413960
1298358243480272903
1298358247510999041
1298358247506808832
1298358247502553089
1298358247498362882
1298358247494221826
1298358247494160384
1298358247494123520
1298358247485771778
1298358247477456900
1298358247477444612
1298358247469076483
1298358247469076480
1298358247469064192
1298358247469002757
1298358247464865793
1298358247464853504
1298358247460614148
1298358247460569090
1298358247456477185
1298358247456411656
1298358247448076290
1298358247448023043
1298358247439699970
1298358247439634435
1298358247431245824
1298358247427121154
1298358247422857218
1298358247422820353
1298358247414550528
1298358247406080012
1298358247401938944
1298358247397773314
1298358247301292038
1298362025416982530
1298384667607994379
1298385924565475332
1298443809790070785
1298453876337762304
1298471490111840256
1298474010313981952
1298475264125612035
1298481554877014021
1298482813730263040
1298482813633728515
1298482819426070528
1298485332812484609
1298485332787245057
1298489113130209280
1298492895092236288
1298496667956776960
1298500448492675073
1298504235194212354
1298505558459285504
1298505711794761730
1298505844905185280
1298563850695049223
1298564554457325568
1298564750276808704
1298566368539926528
1298566505861349376
1298566641719050243
1298566799567523842
1298569647420108800
1298570225345011712
1298570373190098945
1298570519294480384
1298572167182000128
1298572636323303424
1298572854578077696
1298572969451704320
1298574675241512960
1298574696091394048
1298574849540083712
1298574989206134785
1298577203651907585
1298579406919733248
1298579562062852096
1298591041738678273
1298592685243203589
1298592846010896385
1298593008049360896
1298594058533769217
1298598588935700480
1298605629318270980
1298605940393029634
1298606109041864709
1298606242517180417
1298608650303483906
1298609974554304514
1298610184852578304
1298610377459195906
1298611170455298050
1298611819154739200
1298611953305346048
1298612117160038401
1298613686865727490
1298621246012260359
1298622792821288961
1298623060560535552
1298623213208047618
1298628801782480896
1298636355564703750
1298647671511683072
1298655213583314945
1298655282910892034
1298655475966386177
1298655602818809858
1298659020757237761
1298662762852290561
1298662906599481345
1298663073117503488
1298663269096402945
1298666541047848960
1298670317502636032
1298674077385752578
1298674077268402180
1298674077083807751
1298674077083799552
1298674077079687169
1298674077079678977
1298674077075415044
1298674077062889472
1298674077062791168
1298674077058707459
1298674077058707457
1298674077050318856
1298674077046116352
1298674077041938435
1298674077041909761
1298674077037735938
1298674077029281794
1298674077008375810
1298674082792247296
1298674082674860033
1298674082662227971
1298674082653843457
1298674082649694209
1298674082645446657
1298674082641305602
1298674082637131777
1298674082632945664
1298674082628743171
1298674082628739074
1298674082628722688
1298674082620289025
1298674082620243970
1298674082620243969
1298674082616139776
1298674082611900418
1298674082611896321
1298674082607771650
1298674082607697928
1298674082590990429
1298674082590928904
1298674082582593537
1298674082578300938
1298674082574151681
1298674082574147587
1298674082565820419
1298674082561642497
1298674082553180161
1298674082536456193
1298674082532282374
1298681637736194048
1298685419618480129
1298687443907026945
1298689179870789633
1298689572436611074
1298689726254395399
1298689865257824258
1298692954605916161
1298693157488558082
1298693312031924225
1298693468735315968
1298696730855329793
1298700510858444803
1298700516734664706
1298701460868222977
1298701625331253248
1298701780553957376
1298704275556765696
1298704369043595264
1298704512660668418
1298704663857029121
1298708069560381441
1298711859659325440
1298719388653072386
1298720631031128066
1298720631031119872
1298720631018594305
1298720630997577729
1298720630980800516
1298720638752841732
1298720638731866121
1298720638778007561
1298720638765420549
1298723147978399744
