1296285471606280192
1296285539273003008
1296298773380030464
1296305771102314496
1296306356861972480
1296311667761053697
1296314570773090305
1296315487287205894
1296317618052370432
1296317692375441410
1296318326361260033
1296320481839198208
1296323148946845696
1296323195696484354
1296324344369610753
1296326983425691648
1296326999871545344
1296327591192862721
1296330720747687936
1296331184713207808
1296336389676703744
1296341580387885056
1296342691169665025
1296342911349657600
1296343310450266112
1296343318859849728
1296347502237581313
1296348737107828737
1296351072467001345
1296351221112901639
1296355298647646208
1296355324241248256
1296358856017289217
1296364106883174406
1296366380745469952
1296368152129998848
1296368238419468290
1296368497715556352
1296369267726848001
1296369318230470656
1296372698290020354
1296374011040063488
1296374272068325377
1296375105166049283
1296376460245172226
1296377237105717248
1296378616457175040
1296378988584108032
1296379033471586304
1296381160088625152
1296382849633923072
1296384419524157446
1296386939311071232
1296390518021160960
1296390863376076800
1296396068440219648
1296400074063388672
1296400129168150528
1296400576692068353
1296400863804755968
1296402688641572865
1296402688641572865
1296403627725279233
1296404809155776514
1296408079769182208
1296408528622624774
1296414277696401410
1296415064858255360
1296415677469925376
1296420091010191360
1296422819140599808
1296429387320000515
1296429560255447043
1296429686592020486
1296437251531067396
1296440460123176960
1296442160494116872
1296442409111429121
1296445041922236416
1296447942962946049
1296449807448498178
1296453452105687047
1296454953662320642
1296457286018387970
1296460672071544834
1296462058750451713
1296463720391102464
1296463800279891969
1296466345404637186
1296467359557984256
1296480814272786432
1296480871214718978
1296480915263234048
1296480933177184256
1296480945860743171
1296480964244275202
1296480984611917826
1296481038839971840
1296481220403101699
1296485604180590592
1296485684761567234
1296485725844779008
1296485753531310081
1296500182138466304
1296504611281481728
1296507839318458369
1296507956226330624
1296507987503263744
1296516003720048645
1296538570296041477
1296540072221736961
1296550618987978752
1296561399024549888
1296563679736012803
1296629230386786315
1296641308455567362
1296648126640664577
1296653482175401985
1296655063159640066
1296656137199255557
1296665092495466496
1296666574108217345
1296668510614171650
1296669358182281219
1296671704987709440
1296674275861159936
1296678399000416256
1296679572130484224
1296681104095752192
1296681788673327107
1296681828141735936
1296683249314549760
1296683860307189760
1296686277698486274
1296701527193681920
1296702302636707840
1296704066219913217
1296708456985001984
1296709489241063424
1296714053797257216
1296714097585774593
1296714199859634177
1296715735939637249
1296716403739959296
1296717839253016576
1296719665545261057
1296721472300425216
1296727993046376448
1296729229397299203
1296732166773256192
1296732378245849088
1296733245552439296
1296737026558046209
1296737212227354624
1296738813067366400
1296738819287519232
1296744985342160896
1296748537674436608
1296749025417469952
1296754710364512257
1296759080967700480
1296759146709168129
1296759522976047106
1296759603796025345
1296762631945166850
1296767242927996928
1296767286871764992
1296773603023888386
1296773607696334849
1296774467302105088
1296776358195007489
1296776501283753985
1296776520862773249
1296777073378426880
1296778903864975361
1296779321554731016
1296780778966220802
1296781980139433984
1296786919603548162
1296787332272664576
1296788306517254144
1296788414642237446
1296789093381267456
1296791711436484609
1296792961288740864
1296795589150150663
1296796117426933763
1296796257436958723
1296796420943556609
1296801020106936321
1296805558641664002
1296805670264680455
1296808920363806720
1296818275188387841
1296826202221617153
1296827441189617664
1296827885320372224
1296834929217744896
1296836608021454849
1296839345832419329
1296844834020503554
1296849351352909824
1296858823806857216
1296864435047366657
1296865049521336325
1296877873756876801
1296881913488199680
1296888649330696193
1296891050330554369
1296897817575915525
1296916580295680000
1296918310165139456
1296922037596954626
1296924025856425984
1296924184438812673
1296927546345500674
1297040692951252993
1297047407444791296
1297053859286847489
1297054597756989440
1297054737993539605
1297055699176960000
1297061511656083456
1297062717161967618
1297065050201632768
1297070496320819200
1297071237991141377
1297071385714581505
1297071729542668289
1297083650639626240
1297087000529571843
1297090417981300736
1297091656777441280
1297092235398438912
1297096833551011840
1297103536942125056
1297109481441112067
1297113410765836290
1297119533610733568
1297120195400601602
1297120571361308672
1297123454508990465
1297127433682984960
1297127965172662278
1297128821406277632
1297130193866444800
1297140444342759429
1297143052063182848
1297146824713740289
1297150699986354180
1297150971697606658
1297153073551417350
1297156460435124224
1297157006848122880
1297157243775918081
1297157563046338560
1297157669657161729
1297157863916404742
1297159419105628162
1297170075053707264
1297173933163188226
1297173933163188226
1297181490351136769
1297193570030555138
1297194117265588224
1297194933091262464
1297195277170991105
1297199097494016000
1297200667594035203
1297203422974947328
1297205697218859008
1297208061367640070
1297219289095831553
1297225972085915648
1297226003480272896
1297227100299177984
1297235338113560577
1297244678224568321
1297245729367429121
1297247232543141891
1297248641904762883
1297248668886675464
1297248860163760130
1297255108393218051
1297255629107724288
1297255645196976128
1297260278367879170
1297260928640200704
1297263131744493569
1297266408368345090
1297276019842469888
1297411055497478144
1297421683368824832
1297424737807851521
1297429759148916738
1297430747142332416
1297430968228339712
1297431031059013634
1297431102051811328
1297431251264114688
1297433564326367232
1297436209258561537
1297438318888660992
1297440128852463618
1297442408498692096
1297444824614928384
1297445413692362753
1297448028203298818
1297452872603500544
1297452890018193411
1297453011632095232
1297453061770805253
1297461419580022784
1297464156443103233
1297466666801135616
1297469818141057029
1297475666561175552
1297475684143632384
1297477149381799936
1297491928762785793
1297494763273322496
1297501828033191936
1297502536522498048
1297503785347092481
1297512792023498755
1297517014106480646
1297528936742694913
1297529372522446849
1297537145796780033
1297543511282155521
1297550480638455809
1297551988721418241
1297553734277439488
1297555152094867458
1297556360305967106
1297559412920528896
1297560372732469249
1297563068101206022
1297566905604231168
1297569705369141249
1297578851749560325
1297581047601942530
1297581839515824128
1297582132106321921
1297586989563285504
1297589525212995589
1297595378045419526
1297599732039200768
1297602146410659842
1297608055992066048
1297608729366614016
1297608985198174209
1297611219281616901
1297619816891723783
1297622073339252737
1297638335008120841
1297642411720617986
1297735344419471360
1297740625991872512
1297747615224860672
1297760599976431616
1297764600260300803
1297765243209342976
1297765657321365505
1297765957209817090
1297768960709074946
1297775508285984768
1297776597324509185
1297779115903377410
1297782370360336384
1297792557376733189
1297794368317853696
1297795018732834817
1297797457741582338
1297798515985387521
1297798887734992897
1297799784963678208
1297800338498629632
1297802873724690433
1297804042702393350
1297804806355070976
1297810292127260674
1297813221793988610
1297831755408433152
1297832898813480960
1297833009685696512
1297833781274071041
1297836119099351040
1297836417838731265
1297843090041057280
1297844403504140289
1297851154269900800
1297853063332605955
1297853915032178691
1297857929756979200
1297859184659177472
1297859778560098304
1297863576280080384
1297870067309449216
1297872136774848514
1297873925737717767
1297874514689368064
1297877697251741696
1297879820270018565
1297879957553782785
1297884795289165828
1297884905611898881
1297887096221437953
1297887383711551488
1297891640733032456
1297892260454060033
1297895926925860865
1297897077062672386
1297897819731382272
1297897876568276994
1297901868266528770
1297902769609859072
1297903127048392704
1297904305371074562
1297904686134165510
1297908656663560192
1297909314066284545
1297909411697090561
1297909442328104965
1297911518906982407
1297919827718406144
1297924155434774530
1297927969516728320
1297931746252652549
1297932446860816388
1297932848423407618
1297933876610859010
1297934091489292291
1297935499680780288
1297938361479581699
1297939785995235330
1297946603052060673
1297946678973157377
1297953348092600324
1297953547838017538
1297953863291547649
1297957306655805450
1297962127743946754
1297963490133577729
1297964696272875522
1297965635079753730
1297968419850133505
1297972759109263362
1297982338727587841
1297983551477100545
1297984047549952000
1297986956417277952
1297991123504435200
1297996830429663240
1298000695749218304
1298003806697988096
1298003846262927361
1298009311097098240
1298010949379665921
1298071369201180672
1298095139248799745
1298095139248799745
1298095180709535744
1298096771990683650
1298103649701429249
1298110128944754688
1298111882365210625
1298117746274828288
1298128742825549825
1298134921559580674
1298137652114477056
1298140844013297665
1298143178009255936
1298144655297720320
1298144855458275328
1298146271979548672
1298147206562709504
1298149025204625408
1298166023544279046
1298166326691803137
1298166586549972992
1298168547672195072
1298168810302844929
1298170988337733632
1298171214909906944
1298172135869952000
1298176612270313472
1298176694101184512
1298180023250280448
1298183162988814336
1298183177945702400
1298183645593833472
1298184201477459968
1298187343619395584
1298187576654913537
1298188157532479489
1298190343087763456
1298197806084169728
1298197826405531648
1298200777580740609
1298208313834901504
1298212553621938176
1298212928924135424
1298216377266982912
1298218741050810369
1298224066269151232
1298224092844371968
1298224303159336960
1298225591112683520
1298229753221193729
1298230140447666176
1298233093845901313
1298233364231708673
1298233507265863680
1298235303262654467
1298235564030922752
1298246829616902145
1298247452219375616
1298252939203448838
1298258311435833345
1298258611668316174
1298260863418171398
1298262031208812544
1298264153639882753
1298265354817347587
1298265803586826253
1298289872793473025
1298290312465588224
1298291381736177664
1298291921631281152
1298295166667821058
1298296003431456770
1298299801595981824
1298301966616006660
1298305641287688195
1298310462271094784
1298319555916435456
1298325299659243524
1298335290222936065
1298336815116513280
1298339874597154816
1298342291363508226
1298347045359628289
1298347185046786048
1298349063054798849
1298354771481550854
1298369087609987072
1298388214198214659
1298388729384640513
1298467705822023682
1298468168294453252
1298468538022232065
1298476782828519425
1298482987881967616
1298483897479634944
1298486390825594880
1298488789782994944
1298488842106867713
1298489514927824897
1298490828764086274
1298493116987641857
1298493690550333441
1298497019737190400
1298497348939722753
1298497727375069187
1298497753404846080
1298500176055762944
1298500229185048577
1298500282247254016
1298502899295752192
1298505780195471360
1298506564026994694
1298508223297785858
1298508236182740992
1298511463548624896
1298511484075544576
1298512251977072640
1298512454532636673
1298514161626947584
1298517265848164356
1298518895444267008
1298521003925086209
1298522537702428673
1298523743086673921
1298526500988358656
1298527927756296192
1298528750586519558
1298529018430488578
1298533208682901504
1298533893511970816
1298534570330120192
1298538675794595841
1298539023737204736
1298542845524140032
1298543037006610432
1298543735085596672
1298547044831895557
1298552131289481216
1298555625190891520
1298565207577563136
1298568665496006658
1298569234079977477
1298569608690126851
1298574979987013633
1298575383462371328
1298576792396193795
1298580829510172674
1298582054129602562
1298586485722165248
1298586537429434369
1298589568204251138
1298591080854814721
1298591959335022603
1298594794642575363
1298595297120092160
1298596183884038146
1298597968497520640
1298599398721691653
1298599822283472897
1298601294555488256
1298602527726940160
1298603463874613248
1298608335265169409
1298612948483682304
1298613427087253504
1298614972172443649
1298615887206002689
1298617231325241344
1298619223103676416
1298619655679082496
1298619869659889667
1298619955911565313
1298620497505255427
1298627474981638148
1298629933724512258
1298629973796888576
1298630020873715717
1298633123442368512
1298639944345440256
1298642103476596738
1298648525710950402
1298650156670353408
1298656194748440577
1298658269561606144
1298670179203919873
1298675741928886272
1298677869158244353
1298682749566562305
1298684077093130251
1298686233263181827
1298693160172912651
1298699063093755905
1298699820199301120
1298700687556190209
1298702856275595267
1298716252290969603
1298716328652451840
1298719269283274753
1298719409297436674
1298735975233998848
1298737202688647169
