1342065716942532609
1342066883332337664
1342254658681769986
1342439001278570498
1342557258891337729
1342592324518498304
1342779966879109126
1342833808312315905
1342878617571831811
1342895829493886981
1343130121969037312
1343254565332934657
1343505752057667586
1343582545544404992
1343592861569343488
1343614759648817152
1343630470039404546
1343694785157148673
1343879048209031168
1343976444402262017
1343979576310038528
1344052269407498240
1344237025311023107
1344237243230248960
1344296544611299328
1344346592397172743
1344347146041122817
1344347346260414465
1344392959869988867
1344393027591294978
1344399543308312576
