1298754093599485952
1298769069466845186
1298784795875397632
1298813233214582784
1298816001497108480
1298823802747596801
1298997698587176961
1299003235261444096
1299020599650648065
1299053063685038080
1299059992490721280
1299073447729872896
1299086282308505601
1299107421818957824
1299129064234446850
1299136865560268800
1299141898901299201
1299145925273612288
1299164296329523200
1299166561299701763
1299168574515286016
1299170839410216961
1299172852760014848
1299174614434607104
1299176879295873025
1299177885933039617
1299179647570120704
1299180253580066816
1299184932384768001
1299186945558482945
1299189210641907713
1299324602863292416
1299400100331040769
1299409914964533248
1299428285948899329
1299435332358807554
1299445398935797760
1299451941987078146
1299467041498263554
1299481889003024384
1299497492120326144
1299542508586885122
1299693287184367616
1299723485611130887
1299738581435445250
1299761231620902913
1299791428621463552
1299846890725560323
1299851827442221057
1300040570593783809
1300100974711721984
1300164707081498630
1300164706007740416
1300164708528533505
1300210188146946050
1300218744539619336
1300403965201444866
1300448261321502720
1300461343045083136
1300471409735536642
1300488129418129409
1300490032042725377
1300491542000361473
1300492800161583104
1300494058746458116
1300495317041729536
1300496925129666561
1300500098233839616
1300559741220016128
1300569556382085120
1300576603295158272
1300583900503183360
1300591702219132928
1300599253207785472
1300604392148733952
1300604391234379778
1300606801356959744
1300609317872295936
1300611877576347649
1300804101677015042
1300811647200579589
1300829123099623424
1300842856974819328
1300868022740156417
1300891426876612608
1300919864295436288
1300939997059493888
1301162966255980545
1301186118621290498
1301189337850277892
1301208423036407808
1301219337865433097
1301237205617135617
1301267404253786114
