1298751177069338629
1298753438961020928
1298759681574400010
1298771621856120832
1298773909341384705
1298788665355833345
1298789236536156160
1298794914587832320
1298804546504982528
1298811339725570048
1298811893382033409
1298833419154190337
1298835684434870275
1298837923069128706
1298838502344396802
1298838502235426817
1298838502151516162
1298841898497576961
1298845313558511616
1298854943781269505
1298856628972904448
1298862303346130949
1298862882671689729
1298865363321528321
1298865667513479168
1298865725369733120
1298867901156462592
1298878996940292096
1298879002824900609
1298878999800709121
1298879005408591872
1298879010903142400
1298879007912538112
1298879012736053250
1298879022240354305
1298882333165182976
1298888648822267904
1298891449451380736
1298892510538985472
1298892513294594048
1298892520521207808
1298892517170204672
1298892523583221761
1298892528192761863
1298892525957242881
1298892533632831488
1298892531384627200
1298901289846419457
1298901627773038592
1298903497623187456
1298912854964342784
1298920372734132224
1298925739539083266
1298933097191428096
1298934444645134344
1298935557989568512
1298935839767003141
1298947876794531841
1298948063977930753
1298949894707777536
1298955865672822795
1298956291415695360
1298959476217778176
1298961240979640321
1298961320650452992
1298967627457540096
1298970959047806976
1298977499536404480
1298981645739933696
1298982788905893890
1298990757836017664
1299002201566777345
1299007038660456453
1299013160075177985
1299016916921724929
1299017847251832832
1299030494433157127
1299031901110403079
1299037544647143424
1299046704927453185
1299054576281227266
1299054681000472576
1299071902888140802
1299079026737373185
1299085118984908800
1299087203969249280
1299090078514532354
1299091236909920257
1299092877662920704
1299093330064805890
1299094248147636224
1299095022692904960
1299096393462755331
1299097610817593346
1299099566910976000
1299103404900454408
1299104002328727555
1299104647702024192
1299106142002597888
1299106152798707718
1299130505225555970
1299157671543820288
1299157671543820288
1299158248466022402
1299158248449290240
1299158248361259010
1299159377144840192
1299169640464166914
1299177056476057600
1299180455883952133
1299197995121020930
1299198567014432770
1299198566993457152
1299198573679120385
1299199129898422272
1299203678499414018
1299203678369386496
1299213866551906305
1299216131278991360
1299222852143648770
1299223474595127296
1299227567682129925
1299227672493674497
1299227715283935232
1299228751356727296
1299241442532093955
1299241820975771654
1299244476314124290
1299260662242312193
1299261031659823104
1299278912837615616
1299282350312914944
1299282637396283392
1299293124704063488
1299293219486924803
1299295760090099714
1299300228122718209
1299306376494276609
1299308955538206722
1299321830063452162
1299322165968408576
1299322351537000449
1299328670436405250
1299333957994131458
1299339025849950208
1299352316362067968
1299355081968676871
1299355600934055936
1299359387673395206
1299363063745961986
1299368784009068544
1299368780938776576
1299368787473559555
1299368790946390017
1299368794863927297
1299368801323159554
1299368798370308097
1299368803801927680
1299368806645628928
1299368813855756289
1299368810395435008
1299368817345392642
1299368819295649793
1299373667026116608
1299375428596101120
1299382565472792577
1299383840100810753
1299386388408938502
1299390962108641286
1299395913190969344
1299396425994899457
1299397726455631872
1299405642264961024
1299431845029871618
1299443571506937858
1299446279060312064
1299453811749277699
1299459730209988608
1299459849944739845
1299459941913317377
1299460071336939522
1299460198634082304
1299460292007649280
1299460718262194177
1299469265930772482
1299469760606937093
1299479498241564678
1299484575178149889
1299484581457006597
1299487409353166848
1299487409269338118
1299487409135120384
1299500429517225984
1299502132186537988
1299506099721318406
1299507214806323206
1299507214730788865
1299514597439930370
1299536227646017539
1299537926838255619
1299579296063852544
1299579294151254016
1299579294121951232
1299603048524849155
1299603050626256901
1299608723003002882
1299610263751208960
1299610302150070272
1299610331262705664
1299610348362911745
1299610790048206848
1299621117481693184
1299632447420870656
1299647044575997952
1299658513296359424
1299658513166336000
1299675487808049154
1299686866279698435
1299698850370912257
1299702527882035204
1299707817918685186
1299709285342085120
1299711826582700034
1299723418745671681
1299745004362104832
1299777266856140801
1299810526445395970
1299828325851049988
1299828343613927424
1299828360147763202
1299828504696102914
1299828573059112960
1299828638129573889
1299835262151909377
1299845523709493248
1299846031635615750
1299848314498809856
1299848887545532416
1299848887541399553
1299849417684594693
1299854517006204928
1299860180700721154
1299900468521562112
1299901018793275393
1299928765506768896
1299928765334802432
1299931042233622529
1299942358302240768
1299965008537882626
1299965590803804160
1299966703967797256
1299967389824675840
1299967430823997446
1299967494120185856
1299967510163398661
1299967545286549504
1299973512132800514
1299974662731042816
1299976332462485505
1299996166214606850
1300000143647834113
1300006919604703232
1300027321747943426
1300033724839583746
1300036024853311488
1300048540081811458
1300053107687264256
1300055920735596544
1300072381516591106
1300077461141684224
1300078617712627712
1300085941126737921
1300095005286191111
1300095584179757061
1300101825979392003
1300101825459302400
1300103111663648769
1300116571117977600
1300116570933469187
1300144284071591936
1300150400885161985
1300159576633995264
1300162441318461443
1300166395997630465
1300186198451855360
1300189587659264006
1300193012144844801
1300210568591290368
1300230944188772352
1300231523808018434
1300235511982886913
1300250780801339394
1300253022006775808
1300253021927022593
1300253021734154244
1300260946435354624
1300297212476432384
1300307395437113345
1300315314157215745
1300318158566326272
1300324374009065474
1300337353744101376
1300337353744101376
1300337592215523328
1300351582660431877
1300392202561097730
1300392869308624896
1300420782804393989
1300438823218933766
1300440143409696768
1300445925857468419
1300453509289181185
1300457159449284610
1300461724567351296
1300474185404149761
1300483212716761090
1300507627886129162
1300512408981696512
1300512874713018368
1300525808038170624
1300547213978894342
1300549472288731136
1300552483270524928
1300552653672517633
1300552790096437251
1300552943658250241
1300553165092335617
1300553250266021890
1300553335972352001
1300553506076741639
1300553583033753600
1300553787464183817
1300553856103874562
1300558420760813568
1300563514109685761
1300575416458137602
1300578239979687937
1300579924995170304
1300581636736798720
1300587293758156800
1300587293628076036
1300587302088060928
1300596368290000896
1300596926858096641
1300605980988895232
1300634893152645124
1300634893148397570
1300638843587231744
1300643367248973826
1300654127962370049
1300659799902892033
1300676831515938816
1300677097342599169
1300677650235695110
1300679427119083520
1300690662472507392
1300690730210525185
1300696677209247745
1300697117938388993
1300701319800516608
1300702708521996288
1300707048263475205
1300707051543420928
1300707054437437445
1300707060309528578
1300707057327374339
1300707064826789889
1300707063195197440
1300713756813676547
1300718842382082050
1300723331323375618
1300723621946679296
1300727495348629504
1300731644819767296
1300732805605974017
1300734085128753152
1300738253503344640
1300751490932518912
1300779736705183745
1300793131525341187
1300793178124103682
1300809392019910657
1300812388376211456
1300813684726542343
1300820170269691908
1300823896615247874
1300834415627636737
1300845631569879044
1300846745124036608
1300850788508545027
1300857898751471616
1300863355855437826
1300874693252198401
1300875527201394692
1300876145869697025
1300876268938952704
1300886065755181057
1300890036708179968
1300897980619382795
1300898429770625026
1300900532903702532
1300901056931663878
1300908462323490821
1300908480581206016
1300908498952359936
1300908525447720961
1300913375698923521
1300913650350387205
1300928452749676544
1300932947713970176
1300945998177595393
1300952195807023105
1300952197618954246
1300960706624356352
1300961258796089344
1300961258590679042
1300962407112679424
1300962407091703808
1300962414058508288
1300971455954513921
1300971455828635650
1301006571510484995
1301006571393159168
1301039332803915777
1301039547271307264
1301041380211523584
1301046375329730560
1301051964244004869
1301053975370883072
1301055756901453829
1301057269094850561
1301058811868971008
1301063020697792512
1301063072237400070
1301065444888129536
1301066424564224000
1301066422907555841
1301066421720559616
1301066426795659264
1301066432374071296
1301066429798780928
1301066437264642048
1301066434794205185
1301066438946492417
1301071977470451718
1301088087142027264
1301092434731044864
1301099056467513344
1301106241507397633
1301108811160342528
1301110284610920448
1301113136670543872
1301113257881722880
1301116785983451136
1301116864672788481
1301118461452718080
1301119339442188289
1301121867630235651
1301131114594140160
1301133999717449731
1301135110511747078
1301135892673892353
1301137880534966273
1301141825709912064
1301145800823709701
1301155628770041858
1301157395176083457
1301160990432690176
1301164354793070592
1301170513872588800
1301171035954348033
1301175068546994176
1301178053910040577
1301178429396656130
1301180774809571329
1301185349302063105
1301186238708318209
1301191358091325440
1301199878270394368
1301202492479410178
1301206138030100480
1301210655417081857
1301243801680441344
1301248746957742085
1301257091898847234
