1298847834284929026
1298852834482573312
1298857987029770240
1298863080059940864
1298868050758963200
1298875747944333312
1298877149353521152
1298882256128352258
1298886962921779201
1298894164067782656
1298902555360219136
1298915383739641856
1298916828442497024
1298920593870540800
1298925680542060546
1298926189839552513
1298926954243141632
1298929543701508096
1298933813431668737
1298940461923667968
1298941866910638083
1298945578953576448
1298949694232633347
1298953453931245569
1298957347092652032
1298961087673651201
1298965008374792193
1298969085938720768
1298970794677145601
1298973993903546368
1298978384303677443
1298981351379464199
1298983193387778051
1298986318827929600
1298990181328891909
1298997063082901504
1299002081215418368
1299007443884797952
1299007475170062336
1299014871011463170
1299019968525275142
1299024022622044161
1299027743892541440
1299031470368055296
1299034866357600256
1299034864939925506
1299034871185264641
1299034869192970242
1299034873349443588
1299039200638119936
1299043532745908227
1299047518035156992
1299051353558351872
1299055204277587969
1299059206817972225
1299063134452359178
1299067400256720898
1299072298033516545
1299076294005661715
1299080278070235136
1299084221059923969
1299210142832037888
1299215190098149382
1299220211879546882
1299225246856249345
1299239922931503104
1299244267584532481
1299248312026116096
1299252407424122880
1299256606195146752
1299260334855909376
1299265761387610112
1299270162768637952
1299274283789758464
1299279157143142400
1299283625989550082
1299287924341706757
1299292895543992323
1299297599799820288
1299302148459630593
1299303012188512257
1299303514292838403
1299306838136160257
1299307654200856576
1299309066787917824
1299309245280718848
1299311097464446977
1299312203435253766
1299316860610019328
1299321664795222016
1299326818063994880
1299332646200389632
1299339081940447233
1299344532132200453
1299350941339201538
1299356201830973442
1299361321289424898
1299372008208297989
1299376854059581440
1299381954975072256
1299384244255457281
1299385090959699969
1299385581735157760
1299386432788852739
1299390586462572546
1299395923949355008
1299401370294943747
1299409494590599169
1299415096100368385
1299420371905662978
1299427492374228992
1299434362887385088
1299439994923352066
1299445641647722496
1299451385080090626
1299457715014639617
1299464551352741888
1299572642933100544
1299577591372881921
1299582771376029701
1299587729798422530
1299592834484404230
1299607446701445126
1299613128225943554
1299618581227991040
1299624181861158912
1299625551825600513
1299629592664322048
1299635369898639361
1299641256046407680
1299647256442941440
1299659565575933954
1299662199649193986
1299665516232151041
1299669549558759424
1299670152909385728
1299680255553175552
1299689283578720257
1299698681231429632
1299711273156915202
1299719258302287873
1299725643123392513
1299742061042831365
1299750067184848897
1299752544739172353
1299755273800871938
1299758988683345929
1299759798150467586
1299759802181185538
1299759800796971017
1299759804915888128
1299759807973543936
1299760672771842048
1299763765714604033
1299770958408974336
1299776181051555842
1299781264061366279
1299786316960456704
1299786316960456704
1299791449756758017
1299796448213598209
1299801310204768259
1299805973616513027
1299810794549411841
1299815408703287298
1299820114456576010
1299825093892354052
1299829756200972289
1299834891882897415
1299840024872128512
1299845472664858626
1299851041324793856
1300029501183799296
1300079440949583875
1300117763080372224
1300118680269991936
1300119880973377538
1300122045246832640
1300125592738762754
1300133308626546690
1300138917115592704
1300297434506108928
1300302386326630400
1300307505814351872
1300312517118484480
1300318786390814721
1300323750081069058
1300327529060990977
1300330300938088454
1300337589078159360
1300341008144662528
1300346328074129409
1300353367315755008
1300360241876475904
1300367122883850246
1300370837376307200
1300376597179117568
1300381768080654336
1300385415061479424
1300390394656632833
1300392650227494912
1300397394576715779
1300401747043725313
1300405404019707907
1300411485693378560
1300415732551909377
1300419390425399296
1300423877626126342
1300427467358973953
1300431310666727424
1300435456686010372
1300439259757916162
1300445919331184640
1300449587476529153
1300454956466663429
1300459587271831555
1300463694409805824
1300467189691092992
1300474419609993216
1300478655869710337
1300482247041183745
1300483963497127937
1300485525321678848
1300488022543208451
1300490539603763200
1300490932480081920
1300491445091151875
1300491930124648448
1300492182919544833
1300494283896754181
1300498071852331011
1300501740886937607
1300506005957218304
1300509839093886976
1300515030153265153
1300519960154968071
1300523682993930240
1300659707661647872
1300664927208828934
1300669835408486402
1300674812017348608
1300679919081582592
1300683677534498816
1300687261588230144
1300691143693402112
1300691680232968192
1300698734418964481
1300701399643312128
1300705265755590656
1300710825041199104
1300717823518560256
1300723995180961792
1300728121663029248
1300732639272468487
1300736420966027264
1300740382658097152
1300746468056346624
1300749521312456705
1300753558728515585
1300757030899273729
1300759943017115650
1300761362147291138
1300763296165957632
1300766754805817352
1300771417726873601
1300776872922488836
1300784590890643457
1300788163095465987
1300792157125644294
1300798807525990404
1300800180468490247
1300800652331880448
1300801211529080832
1300801793367179264
1300801950674571265
1300802176122585090
1300802345744375810
1300802563093262336
1300806429021011969
1300807088793366530
1300807172352339974
1300807310399373314
1300807428775215105
1300807588427239425
1300807780958429184
1300808028820824065
1300813217090998272
1300820492690100225
1300827870886064129
1300830091283443712
1300831283208224769
1300832324972670977
1300832406556078080
1300833141280698368
1300834459055534087
1300834842532286467
1300836877558321152
1300842280367128583
1300849568167452678
1300856893968134146
1300864233891082241
1300871484299239424
1300878753183211521
1300885996117143555
1300893355472236545
1300900574821576714
1300907747442126855
1301022300968550400
1301027112875429890
1301032194756894725
1301037230136459264
1301042206602670081
1301046776556814336
1301048677029556224
1301052136168587264
1301052330830372864
1301056240706105344
1301062389102784513
1301069262677848065
1301076568643637248
1301079855577083904
1301082302278258688
1301087962919297024
1301090120297320448
1301093554572406784
1301098952255827968
1301105442584760320
1301111066257227778
1301114917286797313
1301118854693900289
1301123459439890433
1301128453463379968
1301130752139067392
1301136363786563589
1301140561303416832
1301148011817504768
1301154624381112321
1301161991319543810
1301167109142183936
1301171238207979521
1301177016419602435
1301178611664326658
1301186245230563332
1301191030683963400
1301193304411955208
1301194580273041408
1301194753598464005
1301195027616595975
1301195091403571200
1301196272519598081
1301197545952116739
1301202367350796289
1301208518368858117
1301215693749321734
1301222435631624196
1301226455997845510
1301231946224238593
1301236771607515136
