999717394766614528
999984353932402688
1002576579204173825
1002873303311233024
1004078835409850369
1004427975302008832
1005070731988758533
1005494531024797697
1005551018728443905
1005554322929803264
1006085372516929541
1006208438773436418
1006628115211259906
1007623936182546432
1007629479664148482
1007632758791864320
1008613231928250368
1009348650626142208
1009459897384275968
1010873133627265024
1010943922149969926
1011561558282047488
1011922245911015424
1012309493240225792
1013789589503389697
1014142203940270080
1014496548250636288
1016281248556339204
1017001733036363777
1017109237066096641
1017134051512274946
1017384981012865024
1017393950796238848
1017395084625629184
1017435481670287362
1017707773839241216
1017757873701564418
1018549323951493123
1018757303980449792
1019857517650817024
1019989001497964544
1021305151880146945
1021691777110040578
1021697500690960384
1021736747913363456
1021736940545159168
1022834180680572929
1023736212664864770
1023989004931346432
1023995969854210048
1024291088218116096
1024634662067548160
1024938623890804736
1025125411011919872
1025792616259043329
1026024120067280898
1026541645926346752
1026755982351888384
1026832385873244160
1027109262361808896
1028225145188564992
1031912483961884672
1032701741781975040
1037289914877071367
1038373459267661824
1038394711063650304
1038804071728250886
1039068831870857216
1039550751184510976
1039636143711690752
1039781264243482624
1039877262475177984
1040230589666930690
1040296129957703680
1040312866153349121
1040324296365760514
1040521979244277760
1041021067324805124
1041661254601986048
1041973599832297472
1042774144327319553
1043063414204125185
1043900992599855110
1044275190069432323
1044643573705191424
1044687715260944385
1044707451344486400
1045031576449548289
1045075571145953280
1046387993123188736
1047169741838848000
1047199421891530752
1047538938922119169
1047805811316154368
1047817188437110786
1048188605687115776
1048283226190561286
1049988239409512449
1050370774488338433
1050455481607548928
1050608277782855680
1051019058668335104
1051027239939297280
1051163926535294977
1051437117467975681
1051917824858484737
1052103864382578688
1052136091661344768
1052232091457458176
1052606273248813059
1052647410164326402
1053569746074062848
1053672106448375808
1053682146588680192
1054018713131851776
1054063895076323329
1054317880228102146
1055133395863457792
1055418994331713537
1055517223618560001
1055533754670821376
1055533774212083712
1055848829231263744
1055860988912775168
1056121280271925248
1056826560987181056
1057210088228864001
1057210145833398273
1057389662669586432
1057639171039215622
1057715485855399937
1058346284921352194
1059003066144509952
1059023819975942145
1059445773715292161
1059466581225492490
1059859065143259136
1059934571393966080
1060117560866279425
1060139331514449921
1060517210010144768
1060621347964051465
1060661924302602242
1060829959923613696
1061927841519034368
1061982159328759808
1062032002155720704
1062047640261672963
1062290314860335104
1062351217806991360
1062368068381368320
1062784182655610880
1063023042593542144
1064807177200812033
1064945868535734273
1065195535190188032
1065514730708709376
1065518861682917376
1065895002847551488
1065924262421241857
1065930000245903360
1066700609812860929
1067012420357492736
1067178167348207616
1067784204577095680
1067790927194935296
1067875095706783745
1068151579965104128
1068283854828564485
1068625284398817280
1068907197634101248
1068925359570239488
1068946246671495169
1069508653689069568
1069611503903481856
1069674572566446081
1069903550799626240
1070336262006038529
1070388503253528584
1071407380955652096
1072106880510631936
1072106880510631936
1072457621255401472
1072753348141572099
1072922316441600000
1072924382929055744
1073585048635490309
1073610333921644544
1073627846726295552
1075101211878178816
1075327155586981888
1075702029052469248
1076938888600535040
1077889147669565440
1078578474825207808
1078664359927259137
1078735948672888832
1079455480307699713
1082400528871632904
1082646734940053504
1083666428207792128
1083793041062805504
1084562298491031553
1084772133337812992
1084870598210306049
1085147649400098817
1085190732321742848
1085308787697827841
1085512390433783808
1085862018605666306
1085942176029294594
1086005932075696130
1086396871726321664
1086750291591090176
1086750296229974016
1086993977746825216
1087760473183997952
1088092562437611520
1088113276972646400
1088143370504019968
1088469543725477890
1088844814295154688
1089145890667986945
1089525964009324546
1089546503927054338
1089834228370604033
1089937993450827776
1090207210112729089
1090298324744323077
1090595429975236609
1091302735520124929
1091737730613170182
1092435919569862657
1092459532821893120
1092903414491693057
1093275900223913985
1093283371139108864
1093609869104562176
1093609866785161218
1094262484180049921
1094555615496732673
1095012225897693184
1095019150735523840
1095084132340768769
1095263715446919168
1095320828193976331
1095455131989086215
1095753598141693954
1096816147297693697
1097879356943286272
1097916820550549504
1098299558881345536
1098299564745023488
1098646707527737347
1099054916172156928
1099360273322909697
1099384117370724352
1099603904915038209
1099616967999279104
1099690545381810176
1099705244127281152
1099787057982001154
1100070714655289344
1100352782413062144
1100461157918355457
1100739578753884160
1100779258585190400
1100835121949741056
1100869388822024195
1101111415417516033
1101188818781257728
1101433963158126592
1101895951395012608
1101922663080095749
1102206883551678467
1102278778485645314
1102294878808129536
1102540770018553856
1102607031066943488
1102693003376906249
1102896569546956802
1103221806683602944
1103260865904738307
1103273075645300736
1103321370769920000
1103333660328165376
1103598387302158336
1103625437488578561
1103695830110928905
1103730463431102464
1103980500643971072
1104042454095982593
1104042457531076608
1104070053564203008
1104424538442477568
1104702707040964615
1104750034225115138
1105022783518588930
1105055277966086145
1105129510683463680
1105164590978080774
1105179902561665025
1105758954351661056
1105905372592832513
1106270749541756928
1106475487059165184
1106511559675822083
1106883209911062529
1106883248184049664
1107716161695825920
1107783452026392577
1107935594540339201
1108008985280630785
1108022822272684032
1108050547024805890
1108408753492316165
1108451284246560769
1108479599149805568
1108489187228090370
1108694910952267776
1109494497833037824
1109526934961176581
1109723623768625152
1109809874362421248
1109858379621679105
1109859478923546625
1109878273364975617
1109883158089089025
1109906089590644736
1110142152661708801
1110163026265759745
1110169542679035904
1110973282143137792
1111602281680719872
1112343809919254528
1112393742210748417
1112802423352053760
1112993300804460544
1113028630559555585
1113473914892627969
1113569391612956672
1113597369793359873
1113782824488833024
1113875687247630339
1114104238785822720
1114253902424281088
1114253904701730818
1114437170805260288
1114947090264797184
1114989447458611200
1115021957366472704
1115219647278796800
1115252662457520129
1115493526350041088
1115541483011153920
1115944894986690565
1116381172282593281
1116384969654460418
1116756616047673346
1117112084142133248
1117112091352150017
1117145923669327877
1117145928501276680
1117347782107574273
1117742868821622785
1117844761451343872
1117858193768615937
1118091239658803200
1118158617524486149
1118158628706557953
1118220355116642304
1118548770109759488
1118548774924763138
1118580886268796932
1118580890744102914
1118888111772184577
1118898502493450240
1118973057073319939
1119209041278926848
1119509745155608576
1119897932319330304
1119897932319330304
1121014513921347584
1121060149827969024
1121077384256552960
1121120200064151553
1121120203746705414
1121393636854386689
1121431348101693440
1121685335648288768
1121793398589943814
1121950422221107200
1122072462412402689
1122156740571750400
1122207590686101505
1122207607194886145
1122207610671968257
1122323312162627586
1122493840429080577
1123288302285656072
1123521078725369856
1125343247721738241
1125749448271962118
1125778300540944384
1125803825368113154
1125818701993992192
1125859916483321856
1126098375869378560
1126178466951565317
1126413346557841408
1126472793485402112
1126506550976081925
1126770596015005697
1127135197915426816
1127135195558219776
1127181678382919680
1127181676122128384
1127522237312065537
1128704616030515201
1128704622066008064
1129313338163433472
1129322601833275394
1129322599677403136
1129374907094196225
1129407486761553923
1129429635656241153
1130414946926383104
1130502249002749953
1130542584647028737
1130619243849048064
1130751865686245376
1130894153536147456
1130894156694523904
1130894155171991552
1131139900932349952
1131219904563240961
1131223149310304258
1131233026963398657
1131353506949083136
1131510779826642944
1131562597587804160
1131569737035583489
1131592957218480130
1131599584390729731
1131599599750328326
1131904752219041793
1131959504172666880
1132637601637294080
1133405723625500673
1134093859913420800
1134093869388324864
1134093867509268481
1135209212546600961
1135454111825047552
1135583374188384258
1135616977098149889
1136125751718137857
1136143615502110720
1136215754045444097
1136280308301492224
1136477499796275200
1136526028883472384
1137793822308610050
1138112376295841792
1138457937830170626
1138737195139964928
1138816998937387008
1138897091680526336
1139228192827432960
1139228198665936896
1139560680762368001
1139591972140847111
1139888452776976385
1140322846075424771
1140619904783147009
1140619907211698177
1140916554823098369
1141090425798836227
1141090440986484737
1141243295387009024
1141243293239562240
1141243298058854401
1141616210427154432
1142091044634411010
1142797939531833344
1142802488321617922
1143191966202630144
1143227530368995330
1143557762456150016
1144212364180348928
1144419751537467397
1144419756071518209
1144489690050908163
1144489711697661952
1144489730324586497
1144521155824406528
1144836895802662914
1144855991739011073
1144863954671292416
1144991671899308032
1144991884265345024
1145703582244704258
1145703580260847616
1146120696894033920
1146442427009589248
1146449525378310144
1146486478991699968
1146711498326204416
1146715878785998853
1146761887654264834
1146819922372255749
1146832030623248384
1147424999147528192
1148303984249192453
1149338627593428999
1151076968588353536
1151076966809964546
1151172545632231424
1151172553626574848
1151172557686693893
1151441185971609600
1151545373988720641
1151773250055299072
1151805336703111168
1152165721864060928
1152863282077847552
1153000985750581250
1153323541351321601
1153686248948752385
1153724044472176640
1154038613597810688
1154351129620336640
1154351127288307712
1154351131285479424
1154392407024250880
1154510801765642240
1154510818181955584
1154510841468743680
1154510855251406848
1154668125171961856
1155073282749665281
1155559197985124355
1155559202011734016
1155839390897377280
1157233893550039040
1157271687039266816
1157283745793269761
1157309216786386946
1157328817888911361
1157350862295113734
1160922261295120384
1161279349431132162
1163403436538441730
1163800451478958082
1165636215460286464
1165958319594528768
1166293007148171264
1167015413248643077
1167026410940243970
1171425141613461505
1171476804923617282
1171787370699644929
1171846417192751104
1172061252589379584
1172142319799283712
1172233926397636608
1172515441945796614
1172626878932365312
1172820268689104900
1173676422671536133
1174263303410999297
1174437896633376775
1175005908495163392
1175089853203144706
1175400618300727296
1175400622536953858
1175737164002406400
1176128790029885442
1176219194569961472
1176244866357125120
1176267219707334657
1176267219707334657
1176343671580635136
1176489256665137152
1176516496824004610
1176579972808544264
1176622355038330881
1176654055571165184
1176666463215726592
1176847406098460672
1176960273204371456
1177155963423510529
1177478326992007168
1177515503222263809
1177562186144763904
1177711811484889093
1177840064363220993
1178632272553156608
1178956953214705664
1179067631900528640
1179321597766844417
1179402551738937344
1179402555463540736
1179433948524548096
1180063746170994689
1180164125806268416
1180180542706388992
1180851394556960771
1181580541302394882
1181606332840984576
1181611622810423296
1181655733500366849
1181990700122099715
1182014988279566336
1182263695361089536
1182356867063963650
1182609657346580480
1182609659192061953
1182669957945016320
1182694733375836161
1182783435552841729
1182783443119329282
1182958973877719040
1182987735625281538
1183025740868132864
1183073839179337728
1183372129728978946
1183860325298384896
1184141035108220931
1184222855438962688
1184374648110288897
1184447839738454016
1184465538455625728
1186520720236564480
1186556914303410176
1186620802172633093
1186659372598022144
1186729776008044544
1186746931143479301
1187051975508148225
1187474329346265089
1187474980893687808
1187989870842650625
1188043917062737921
1188108721689448448
1188192573371928583
1188483614465544193
1188756780299509760
1188802730804072448
1188839299342651394
1189152216025833474
1189152221235240960
1189152219721011202
1189181983995224064
1189203504667213825
1189593705520517120
1191299769689411585
1191421292714643457
1191638448790278144
1191670753793642496
1191693449084461057
1191726928182595584
1191767086521094144
1192036517604216832
1192126036940591104
1192435329518776320
1192451796549152769
1192505350987112448
1192505355386937344
1192803413198884864
1192803429443362816
1192803433738362880
1192815442517282816
1193574013982978050
1193833672094486530
1194021621247467520
1194168277762748416
1194185014327595008
1194577475877134336
1194740790293094402
1194892905158193152
1194905006178209792
1194953516856565760
1195037050833121285
1195053969296547841
1195284131824963584
1195306134988632066
1195379325358489600
1196801664898019328
1196847194768326662
1197140466694807562
1197164463272673281
1197184234651299841
1197315925470568449
1197315946660188161
1197315961549922305
1197482389527842816
1197549338718875648
1197562632221462528
1197787709957427200
1197824127358423040
1197931202122043392
1198218304663511045
1198536345322426368
1198908708127956992
1198943823998705664
1198949175968354304
1198990890330738691
1199005482230390784
1199248930246209536
1199276458407010305
1199397406707789825
1199691626463019010
1200362127426510848
1200366082294517760
1200442013293961216
1200528993218416645
1201181044457775105
1201201490062434308
1201473215224274945
1201898008859828224
1202178106158661632
1202239177590489091
1202243732738850816
1202274307398868994
1202615665825402885
1202710915432488960
1203064542332366849
1203627832108310528
1203690236594794497
1204102344717348867
1204382396075986948
1204405437698674691
1204405441482108928
1204405444208287749
1204489031159078913
1204683480006873088
1205041398514409472
1205441398788546560
1205475132824866818
1205542761426018305
1205799467577942017
1205847039206137856
1205870944494981120
1205870942733447168
1205871007501815808
1206518802713845761
1206890163730833408
1207052122333884416
1207381366674993152
1207391828837904386
1207397255910744070
1207639409434202114
1207685210634145799
1207808055997599744
1208061542446616576
1208064482431426561
1208144086286376960
1208144100932902914
1208144119887015938
1209391353064493056
1209594628317556736
1209594645916930050
1209594683028049925
1210868619749539840
1213917048872550400
1213917050990669825
1214155989202751488
1214156274675453952
1214664567713873922
1214664564471738368
1214888261845307394
1215219741717078016
1215255498729181186
1215344112616034306
1215566843966099456
1215604585760534528
1216031605942292480
1216120346769854466
1216397876827389952
1216731011075145731
1216731011075145731
1216772146162212865
1216795970178076675
1217124492570394625
1217124494495617025
1217453425086140416
1217487249853558785
1217515963312148485
1217523381836435456
1217559968414609413
1217698606108549120
1217765334758973441
1217778811632345089
1217840387320111104
1218116312574177282
1218275547463241729
1218926673879535617
1218939786561454083
1218939788407070722
1218939901485494272
1218939903335182337
1218955200116875265
1218955198292463616
1218972100737818626
1219301278125363204
1219694083809206273
1219881183820967938
1219922311496765446
1220001181759610883
1220345437221244931
1220479160424050688
1220630044885901313
1220653146298572800
1220664289935208453
1220680987933335555
1220696983947632640
1220715685615210503
1220766448261455874
1220772543990288385
1220805116997054466
1220805215546494976
1221780442573045760
1221813946564390912
1221903846324232200
1222842572726509575
1222886477060812800
1222893641200361472
1222957963549335552
1222992311770079232
1223248243133382664
1223262302901882881
1223324926012219397
1223326593642307584
1223326595382902785
1223365377029218305
1223578263236349953
1223947646458568704
1224400648969641987
1224431797439614983
1224469659656818688
1224619783657852928
1224647387605585920
1224657903426134017
1224741543585730560
1224780692388753410
1225373808032395264
1225407388435525632
1225460338243571714
1225767367277453313
1225829983664398337
1225842450155085824
1225849656976060416
1226866965563789312
1226897256978272256
1227681852049305601
1227962574165217285
1227977556407803904
1227998892408614918
1228079867679432707
1228240168324390912
1228272586158682117
1228372619839385602
1228600728874373120
1228600772184637440
1229042790639849473
1229417386434011137
1229865309399584772
1230044084120801284
1230142979123372032
1230469165955387394
1230497940881526784
1230793331262791680
1230820171595558912
1230832816121839616
1230834174719864832
1230880226005176320
1231194626301845506
1231339251075362816
1231518036676534272
1231852687072911360
1231898385315135488
1231898845312954373
1232017068490416128
1232028676419727361
1232247402326831105
1232255747951603712
1232266611647709184
1232293063269265411
1232354195124215808
1232364345507577856
1232364343058141185
1232586275737284608
1232600879402037248
1233085183106015233
1233099329046564864
1233134826548604939
1233134829027414017
1233762038226268160
1234053107832774659
1235304059797729281
1235304213955194881
1235337209147994113
1235539101807292418
1235589265289068545
1235597757060177920
1235926894941540353
1236484878566383616
1236766061028147200
1236960682475761664
1237047192596201472
1237115746985095170
1237145779350929410
1237466893247827968
1237679467482529792
1237694727203454976
1237792996743151622
1237820033998479360
1237825160394280963
1237843362201264129
1237863027254243333
1237884976680464384
1238136474631057408
1238144358433673217
1238427645563613184
1238748427464454144
1238887743247265792
1238888926594633733
1239507229281259521
1239549374151176192
1239587305528197121
1239840415165157376
1239840419846008838
1239840418096914434
1239840416645742594
1239840421171417088
1239840430847668230
1239986622340489219
1240423308316852227
1240538211019079680
1241478382476558336
1241490711473774592
1241811543416807425
1242033535692738561
1242051725726486529
1242091233184489476
1242496041137639430
1242506636633296897
1242781297954734080
1242824799258279941
1242824798121664512
1242824811488972804
1242861454337937408
1243102241000689665
1243180612489445382
1243255595014262785
1243859246720135169
1243957811597447170
1243970261931773955
1243996019140038656
1244220739781353472
1244719273756557317
1244927361981845504
1245052369445978117
1245060176354381825
1245316515722866688
1245396782227623937
1245417249130807296
1246017009512517634
1247209983365783552
1247229495028977666
1247242023146524672
1247275007044182016
1247282217199509507
1248138079602384896
1248307501709352961
1248532941040431104
1248650008821448704
1248666780622520321
1248968612381147137
1250470450519572483
