1344421535365394433
1344428793075802112
1344432119267917824
1344432137878052865
1344437087127425024
1344449550866640899
1344456801287168002
1344469546401316864
1344469813024886784
1344469901189136386
1344469962971254784
1344470013915197440
1344592507645132802
1344592595163426817
1344592762717556736
1344592784418877440
1344592810679410691
1344592873476534272
1344593141047951364
1344593228486602753
1344593293351546881
1344593412780122114
1344593472397914112
1344593691965579265
1344593718444228608
1344593846202740737
1344593938112503809
1344594138012987392
1344594286948585473
1344594950839803904
1344597963922956288
1344597972173123585
1344599362924650496
1344603941741490182
1344616546606440448
1344616732640632837
1344620079095427073
1344623261527773189
1344628263642136576
1344629876356222977
1344633613921497090
1344634843884367872
1344641929775116289
1344641967670652929
1344642960336572416
1344642980490194947
1344649587475304448
1344651351092027392
1344658518645895168
1344664629226713091
1344666904334651395
1344667750845788160
1344670075161358342
1344677150151077892
1344677916580458498
1344679739219464192
1344683132243619841
1344684640855085061
1344690311650533377
1344690394278350851
1344691146451259393
1344693230022103043
1344697325071998976
1344697429522833408
1344704874731110402
1344709614194089990
1344710483165777921
1344712726388617216
1344714414809894918
1344718143525154818
1344718287893131271
1344718363185045504
1344718501559336960
1344720929293819908
1344722966236590081
1344723006619320323
1344723037963358208
1344724606649856000
1344727382306009091
1344727429118631937
1344729809369358336
1344733841639018497
1344734880689778694
1344735075477442561
1344736217506709504
1344736704176005120
1344740018825420800
1344746111966322688
1344749234432700420
1344750180424413191
1344751349934780416
1344752005936533505
1344752696591585287
1344763000889241608
1344764686785531904
1344765279625244675
1344765629455347713
1344767228416286722
1344769208576520192
1344772125018771461
1344774931414970369
1344776682587217923
1344780197963427840
1344783106319011840
1344783385106014209
1344784343550619649
1344786733704105985
1344786754457522178
1344789001383911424
1344802579944005643
1344947191484452865
1344947955850219520
1344948062876282881
1344948374127181824
1344948390371717120
1344948653253865473
1344948785013805057
1344948949615071233
1344949107220217856
1344949611421704192
1344949828858605568
1344949956885536769
1344953778143965184
1344980065667448833
1344981254899433480
1344987103126560769
1344992635300290561
1344998616860135424
1344998627647873025
1345003349557579776
1345006869002280961
1345010639643811840
1345016964268363776
1345026680419717122
1345033097700634626
1345043105679081472
1345043444599824385
1345046930473283585
1345046992297328642
1345047009103925248
1345047871624769537
1345048050360836096
1345048057650536449
1345048057650536449
1345050080705994756
1345053227553857542
1345061828611735552
1345064242907467776
1345070844792483843
1345072625043779586
1345073845124927491
1345081537096802305
1345083335593357314
1345085190083903494
1345085353913417730
1345088024544243715
1345092064824975361
1345092191476178950
1345092344111128578
1345092404014149634
1345092423450566656
1345093948340109317
1345097087730511882
1345102403499155456
1345102676531548161
1345103103260024832
1345103303932260353
1345104558536744963
1345104726212411398
1345107013194436608
1345108963407355905
1345109199425040384
1345109367809597442
1345111710730956801
1345111730918141954
1345113873158971394
1345116336045887488
1345116719774375938
1345120540827258882
1345125115181281292
1345125304579325952
1345128325430321152
1345128353892868098
1345129642735398913
1345130714703003648
1345131761945243648
1345134674843209730
1345136110914203648
1345140019326050313
1345144762274373633
1345153902719758338
1345155979940421632
1345159065392054272
1345167848122019841
1345309188231229440
1345309269911076865
1345309504594964482
1345309740633645056
1345309900906373126
1345310044724854787
1345310117315579904
1345310234529697792
1345310302741688321
1345310412812800002
1345310500003966977
1345310593096577025
1345310689368436738
1345310753289609216
1345310773380345861
1345310875813605376
1345310992352366593
1345311099684589568
1345311121356578817
1345311193787985920
1345311238297972736
1345311323358437376
1345311342778048514
1345311351082799105
1345311359550951425
1345311384922415111
1345313496523808768
1345318273072721923
1345320513158189057
1345328930404720640
1345346276003631105
1345353074504822786
1345359959740080130
1345373644780929032
1345378858221121536
1345380889614802945
1345383697638449154
1345385537100779523
1345385557665472512
1345385595753869314
1345392252596707328
1345392465021448193
1345393716694048770
1345396869258735618
1345397777430433793
1345402629803962369
1345409605824864262
1345424147288121348
1345436450205147136
1345440876164763648
1345440925657550849
1345443552785010691
1345455883707424768
1345459569581903872
1345461340467507202
1345461569484955648
1345467399856746496
1345468883466121219
1345471174315180032
1345475954597093377
1345479982131236864
1345490947631697921
1345493143614074880
1345506149022523392
1345508634541912070
1345509731054596101
1345514266737180673
1345516951427293186
1345523563709784067
1345527127924420610
1345527146140344321
1345527152104665091
1345527639201689605
1345530155054362624
1345531265894785024
1345538909313368069
1345546786832789517
1345553612244660226
1345553858727182338
1345555683538857984
1345555745115435010
1345555763910082561
1345555791282122754
1345556200751042560
1345556236922724353
1345556406800441344
1345556503286132736
1345673509083762688
1345673528549535750
1345674446099636224
1345674550944681984
1345674729366155265
1345674751684046848
1345674811092193280
1345674889999638528
1345674964012326913
1345675028248092673
1345675060166713344
1345675085642944512
1345675153733165056
1345689100112850944
1345690039200722949
1345692922373689346
1345712277295685633
1345717378731147264
1345717440513236994
1345722121167777794
1345725672724045827
1345748554116190215
1345748640183283721
1345753409341820930
1345758567840821248
1345761842753224707
1345762999357857794
1345765131335168002
1345765461930221570
1345769389392613377
1345773163955724289
1345773457821347840
1345798745280176129
1345799723010166785
1345802017323814914
1345805673720909828
1345807445571022851
1345809000777052162
1345809013246730241
1345811223535824897
1345815511599370241
1345818462476587013
1345819737998163970
1345824955204841472
1345831895830048769
1345834388563623936
1345839430381293574
1345841354065276928
1345845093476003840
1345845512411475970
1345849106313457665
1345851934327132160
1345855614912761858
1345858166089805824
1345859512582987778
1345862746441658371
1345864612982480897
1345869616158027776
1345871923616624646
1345873475211292672
1345875908952027141
1345876500445278208
1345876500445278208
1345889022070108160
1345892418655297536
1345895777349070848
1345897566051954688
1345906581469331458
1345918548145819648
1345918584065839107
1345918636737888259
1345918697681121280
1345918740811157504
1345918767335936000
1345918811057369094
1345918868531933186
1345918895203491845
1345919084672806914
1345919097448640514
1345919192093102081
1345923118506893313
1346035823813287939
1346035891605745664
1346035943921381376
1346036058295824385
1346036148611772417
1346036192878481415
1346036466552598528
1346036621309857793
1346036732890902530
1346036799727144960
1346036810619772928
1346036860410322944
1346040135788457992
1346042216913973248
1346046267420532736
1346046282763296773
1346047742775353344
1346050098355175424
1346052441326956544
1346053557464784897
1346054472997474304
1346056505058013184
1346061915211100161
1346062860686946304
1346064205590487042
1346070964744945664
1346071404089925634
1346074290760912896
1346075710679605249
1346079262625951744
1346079404200501249
1346080813318893568
1346084013677678593
1346084957442203653
1346086718248779776
1346091869210636289
1346094204750061570
1346094558103396353
1346098130329214978
1346100044009775104
1346100141439279104
1346103396042944513
1346104529373294592
1346106790774263808
1346106850673127428
1346109136174399490
1346116679667998725
1346138637411479553
1346139019650981889
1346139363382591489
1346140058391351296
1346141388853940227
1346143343487700999
1346144155966316546
1346144636335775744
1346147578849742848
1346147655693561856
1346148278082154505
1346149050383527938
1346149676517634048
1346149849629138944
1346150029325701123
1346150109470482434
1346151455733010432
1346151583583756290
1346151782985179138
1346151876031635460
1346151929068576769
1346157512433807362
1346158201545269249
1346158853612777472
1346162087165353990
1346162129183920128
1346165310089547783
1346167982003793923
1346168578031161345
1346169252785614851
1346169527487275008
1346173104708608000
1346173502890647553
1346175049124950022
1346175777264558080
1346177149422731265
1346177194113040384
1346178555105914881
1346179006417268737
1346179047655690243
1346179629816705027
1346182268105224198
1346182500335427584
1346185602312654852
1346185954223140864
1346185968626192390
1346186945362354178
1346187946861461509
1346189374782922755
1346189392923275269
1346190259697184768
1346191316053618694
1346191353479385097
1346192956450078723
1346193005305339904
1346193490330460161
1346193504272318464
1346194328155258888
1346195967368900610
1346196756804067338
1346197002753888263
1346198078592790528
1346199052736745474
1346200735554408454
1346203170297573376
1346203499650977792
1346204135192932352
1346205412245331972
1346207276667867136
1346207940802465800
1346209640468643845
1346209651050868739
1346211049465384966
1346214159940255744
1346218188938342400
1346219955386273792
1346221039320236034
1346221140654641168
1346221192999530498
1346223089328279553
1346226778096988161
1346226820392357888
1346226897567559682
1346230461610291206
1346230530740789248
1346232869249806336
1346233336835006464
1346233398587760643
1346233418787516417
1346233425041231874
1346233474865360896
1346233543387738115
1346242199516811265
1346242315338346497
1346245228378910720
1346245468662194176
1346246544778014720
1346246718472511490
1346246776035176454
1346248148692447232
1346248517489192960
1346252574127759371
1346255571494858755
1346259361816051712
1346259398910484481
1346259424667701250
1346261778313969669
1346268293611606016
1346268603868459009
1346270562239262720
1346272042228842496
1346274066433499138
1346287553750720513
1346290441193312257
1346290646726926337
1346290931352428545
1346291475181678599
1346291682158010368
1346291874106122240
1346292498658971656
1346399564589379584
1346399665688899584
1346399816440573952
1346400633335767040
1346400720791109633
1346400794082504704
1346400980393451521
1346401071539826691
1346401154721316866
1346401238284431361
1346401272149266432
1346401343402029059
1346401429443981312
1346401481575030784
1346401481575030784
1346401518677860352
1346401666531291136
1346401791781576706
1346401795736788994
1346401808978227203
1346401825730265088
1346402020996091905
1346409634001788930
1346409860578103297
1346413380366716929
1346416544507711491
1346416577051308037
1346420915370942466
1346422258642915330
1346427177655545858
1346428345186189313
1346435894178422785
1346437522050707456
1346439817459068930
1346440177221296128
1346440340165812224
1346441672289357829
1346442572823220225
1346442934896513031
1346443561399685121
1346444129811750923
1346446265912057857
1346453449945346048
1346454771088162816
1346455989411831810
1346457365391024135
1346460088479977476
1346460146508161026
1346460795614461952
1346463699456954369
1346464856522821633
1346465285503594496
1346468918337028097
1346472120797130754
1346472962610794496
1346473129669844992
1346473337564712963
1346474252665454611
1346475098404896768
1346475716003602438
1346476747722657796
1346478921483571201
1346479436913262593
1346480933189292032
1346481084771532801
1346485235014369281
1346491594174836737
1346492031112278016
1346495554612817922
1346499092793458688
1346500716005875714
1346500848763994112
1346501718423425025
1346503891693805570
1346503918650585094
1346506145553408002
1346507572011036672
1346510096004743179
1346510133728260096
1346511551759527939
1346511582692564992
1346511661486776321
1346514653011193865
1346515036114743300
1346515706939117571
1346516729388802050
1346519487898472448
1346523813383692289
1346524364691410946
1346525080579403779
1346532298657837057
1346533219861192706
1346534940800921601
1346541776748900354
1346544396003659780
1346544422792683522
1346544571770142722
1346546594334842882
1346548605109366787
1346549151149027329
1346552940098695174
1346554537696485386
1346554899409076224
1346557447817801731
1346557938027143176
1346563951681798146
1346564934637940739
1346565885495042049
1346566791775068161
1346566826147385345
1346568546709610496
1346569834092441601
1346569984076611584
1346572447743619074
1346572463380033537
1346572535316537346
1346574817810644993
1346575980073254916
1346576030685933570
1346576064156495874
1346577723859345408
1346577779740061696
1346577805400825866
1346579074878156800
1346581660691791873
1346583917525164034
1346591141874032641
1346591157866930177
1346592047176810498
1346596812409470988
1346597507342675971
1346597589681119233
1346597625605353472
1346597643322056704
1346597660984307712
1346601976969179136
1346602904929624064
1346603388172120066
1346603636629987329
1346603901466894339
1346603959746777100
1346605834046988290
1346605935117152260
1346606183461908486
1346608381147156480
1346610488222879748
1346610805006020608
1346614192447627264
1346616614066806786
1346616640587358208
1346621347519205377
1346623398101839872
1346623410001076224
1346623434923651074
1346623448295084037
1346623466863259648
1346624595068071939
1346628794346569733
1346630720362524673
1346631841743253505
1346634792809463812
1346637193754914818
1346640726147407874
1346760612089647106
1346760793606516736
1346760849575309313
1346760985701445632
1346761217193496577
1346761457443229704
1346761585755381761
1346761633020973056
1346761763254136832
1346761895500460035
1346762005550546945
1346762078233776129
1346762210639568896
1346762319985049600
1346762391854477313
1346762478181613568
1346762549438672897
1346762622436315136
1346762766506459136
1346762840804384769
1346762902737453056
1346762989052059648
1346763182073913344
1346763191343329280
1346763202919596033
1346763462907748353
1346773797081391106
1346773814659706884
1346777240902709250
1346777323916435457
1346789525423599619
1346789648090226689
1346789713408122883
1346791693388046336
1346794407618617345
1346800087259877377
1346800316528943106
1346800440588054529
1346801451083964416
1346801685923033089
1346803485757599745
1346803766155210754
1346804279932313600
1346806239741796358
1346807359851687936
1346809224207200257
1346809270575230980
1346809564994351110
1346813007247060993
1346814524637270017
1346815119121149952
1346815119121149952
1346815573607522307
1346817127878160385
1346817418275004417
1346823647596601345
1346827178248384515
1346827415876726785
1346827481131716608
1346827977858945024
1346829556188114945
1346829717274505217
1346834894412984324
1346835691636981760
1346836833594966021
1346838996538765314
1346843017701969920
1346843369465643010
1346846033599483908
1346849517870731266
1346851166559346689
1346852092573581313
1346852349315264513
1346853518846668805
1346853713642708994
1346857290545160193
1346857636399034375
1346858639731126272
1346859390104694784
1346861566734557190
1346864419062624256
1346864443905466376
1346865913547673601
1346865954840588290
1346866042270851072
1346868484169494529
1346870178676690945
1346870243466096641
1346872004767588356
1346872107578306564
1346873547063439369
1346876461827977224
1346878032448000000
1346879203971457026
1346880183966568450
1346881357830643717
1346881852406173698
1346883050672713730
1346884290966155270
1346884580691898375
1346884610395930625
1346884651516887040
1346886818340474884
1346888011951255557
1346888529796886529
1346889665375252485
1346889688108457990
1346891519240908800
1346892287759036416
1346893473086115840
1346893504463708160
1346894284495192065
1346895357238784002
1346895424716742663
1346896040578998274
1346901365268819969
1346901390212423686
1346905336020668418
1346905906940948481
1346906961498025989
1346909806288904194
1346909836328525824
1346909883816312833
1346914023913218051
1346916108834648068
1346917863131656194
1346918029540655104
1346920827254661122
1346923671080882183
1346923866598252548
1346925062432165894
1346925840320376834
1346926986858430465
1346928895895896069
1346931334346907650
1346931348997488640
1346931389850152961
1346931438764122122
1346932233974607874
1346932502380883971
1346935451462955012
1346935515338063872
1346935575081840647
1346935619130454017
1346938770311020547
1346938882064076800
1346938928276844545
1346938982333091842
1346939459821035521
1346941165938102275
1346941199278616576
1346941259991179265
1346941317390204937
1346941362256670725
1346944267462307849
1346944332335603714
1346945208081022981
1346945302868082690
1346945372804046853
1346945406270373890
1346947894922903552
1346947988489342977
1346948016436113410
1346949473239445505
1346950584579055622
1346950892168343558
1346952331623948292
1346952347054956544
