1283676581999685632
1283685476713533440
1283685778774786049
1283687027863625730
1283702850368024576
1283717020119433216
1283717035739013122
1283717170640363520
1283717228811214850
1283717423192055808
1283720164425510916
1283728811461431296
1283741068131999746
1283775875318784000
1283775879903088643
1283775877994688513
1283775883996737537
1283775882121945089
1283775885951283200
1283777357631967234
1283777420101914625
1283832772184936449
1284039311856414722
1284039718355828738
1284039972471943170
1284044146781585408
1284056733552447488
1284056845066305536
1284056909440520194
1284066868525965312
1284066889925369859
1284073850855194624
1284073890621394944
1284083010258628609
1284096063952101382
1284096098571886593
1284102688691630080
1284110210861236226
1284110230318649346
1284124516109750272
1284125169322274818
1284125717127626754
1284125753609789440
1284150623139778560
1284152107050860545
1284152242870902787
1284156154386546688
1284197828361891840
1284202257895038976
1284202301889097729
1284209816165068805
1284232504816340992
1284232519592878080
1284393015373692929
1284397746191888384
1284403187085201409
1284403812942454784
1284424763310579712
1284460408842137605
1284489947853062145
1284496865950662656
1284502943417331712
1284521310085877761
1284521657063936000
1284754996207267840
1284758623625924608
1284781120823975938
1284824054973726721
1284846786176319499
1284882943006117894
1284888426798624773
1284899849150791680
1285092323009785859
1285114062175719424
1285136443535392769
1285139935310348290
1285139990419251201
1285142152541085698
1285153832427716610
1285169045336141824
1285169225703854082
1285175180776570880
1285196396614868993
1285197940231933952
1285232696008953856
1285232722261286914
1285232747418714115
1285232849373855744
1285240942690291716
1285241072516554753
1285243821358370816
1285252285937922048
1285252310940164096
1285282027055583233
1285302413935747073
1285447199049093120
1285447235761831936
1285447431270916099
1285447479920558081
1285454962508480513
1285468058132283392
1285483092917063681
1285483820700008448
1285483874177495042
1285485073698033666
1285486036831830020
1285486362830016512
1285490301117902848
1285493435772874752
1285495155890552832
1285496373517983745
1285500573190631425
1285507288485306368
1285507310195015680
1285507642438410240
1285515694159867904
1285519798181548038
1285522506510721024
1285527583409479680
1285527595170308097
1285531215056035841
1285544133118103553
1285545149108494341
1285545179680776193
1285558066663100419
1285577846749040645
1285585245820071936
1285611294540861446
1285611298437332992
1285611296491294722
1285611300572332033
1285635785539158022
1285657613200502786
1285663640104972293
1285663693108387841
1285816780968079362
1285817601944244224
1285845534524219392
1285857552929095681
1285857648278147073
1285866684469870593
1285875388292497409
1285879195109928960
1285894119538200577
1285894175641284608
1285914326017159169
1285922589181980672
1285943830173437953
1285952179627581441
1285971323483836417
1285971376671686656
1285971548772409346
1286017430809128960
1286036103703801857
1286042382790799361
1286042430173777930
1286047121288855554
