1283641964215201793
1283642039213539328
1283642104283951105
1283642296487907328
1283642542391619584
1283765824830885890
1283765832053489671
1283766120269271040
1283766117022887936
1283766123633053697
1283766167509667840
1283766572381646848
1283766570234155008
1284013353510133760
1284013408149311488
1284013454135660544
1284013506262470656
1284166248255721472
1284166252059975683
1284166250239672322
1284166253603479552
1284166280941993984
1284166344947019776
1284166347073581057
1284166568251756544
1285087153710460929
1285087184211472386
1285087216897679360
1285087260333899777
1285087298766307330
1285087330617839623
1285192022379266048
1285192089911746560
1285192107288715265
1285192144160911360
1285192448839266305
1285195930971418624
1285452008510550019
1285452085761171456
1285452249972346880
1285452331476111362
1285452407229440001
1285452490779979776
1285570133142822912
1285570163253731328
1285570392707305473
1285810776603717632
1285810793968091136
1285810814461435904
1285810836745842689
1285810855200780293
