1329197694653509637
1329200211143528449
1329202727235174405
1329205244211974145
1329207760517357571
1329210249740496897
1329212796102455296
1329215310096789504
1329217826662486016
1329220344608030727
1329222860175446018
1329225376665530380
1329227894934044676
1329230409817874432
1329232926349815809
1329235443947225088
1329237959623602176
1329240475904208898
1329242995632304128
1329245509236764673
1329248025684930567
1329250542426615809
1329253059210268672
1329255575545389057
1329258097936801792
1329260608726966282
1329263125351153665
1329265643305230336
1329268158369210369
1329270674964230150
1329273193601789954
1329288294069391361
1329303390443147268
1329318494882578432
1329333589448794112
1329337364846694400
1329341139250413573
1329344914308673536
1329348689995784192
1329353982272286720
1329356862198870016
1329358755406835712
1329362667853799424
1329364292022448129
1329366305191784449
1329368821816205312
1329371338255941638
1329371338255941638
1329373388419313665
1329373854926475266
1329376371357986821
1329377629837746176
1329378892746878977
1329381404560527360
1329382662973370369
1329382787191894016
1329383921184751617
1329385232865370112
1329386438475927552
1329388954215440387
1329391471296794625
1329392984866103297
1329393988894265345
1329396504516149248
1329399020742205443
1329400863484502017
1329401538389942276
1329404054301143040
1329406570623545345
1329411647128170498
1329413795014434816
1329414120286916614
1329416638194708482
1329418365111300103
1329419153384542211
1329420508065128448
1329421670013079555
1329424190127165441
1329425445343752193
1329426703232352258
1329427961557245952
1329429219701559300
1329429297459761152
1329431737139531779
1329432994738708480
1329434253185200130
1329436769729863683
1329439286446403589
1329441803100180486
1329443061445832709
1329444161490128900
1329444319170883586
1329445577587769344
1329446837946761216
1329448094522626049
1329449352511754241
1329451868951433216
1329454392873873408
1329454702367567874
1329455164646977539
1329455911728013315
1329455973325545474
1329456227299041280
1329456902204493826
1329457215321890819
1329457388840218627
1329457916596850688
1329458088009723910
1329458388430954504
1329458434396336131
1329459260275691528
1329459288478199809
1329459418811957249
1329459873118121984
1329460279781044226
1329460343563804685
1329460382625357824
1329460536925450246
1329461369259876354
1329461459810705415
1329461640107057156
1329461989865828353
1329462029581758465
1329462493027168256
1329462535507021825
1329462842525937667
1329463072839372803
1329463267018870785
1329463313726627841
1329463995116482560
1329464166122393605
1329464240219049986
1329464375116226560
1329464649797033985
1329465168888213508
1329465652432789505
1329465926673108992
1329466037432168454
1329466116666699776
1329466509677252610
1329466542833201152
1329467005922144259
1329467218153893890
1329467583205093377
1329467695532806145
1329467908381159424
1329467925313490958
1329468606724378625
1329468931837452293
1329469492011835394
1329469498605375488
1329469566242713604
1329469709339815937
1329469901396996098
1329470190564806657
1329471127597379586
1329472862848229378
1329477037405310976
1329479551714533379
1329482068040945664
1329484590474555392
1329487101713268737
1329489617763004416
1329492135889014784
1329494651120672768
1329497167501750272
1329500223597654018
1329503459469447170
1329503458899218436
1329505580671787008
1329506611757539333
1329508232969248773
1329508574020644864
1329509750430707716
1329512267054870529
1329514784941862912
1329517300240711680
1329519817104236546
1329522333212499968
1329522538502901760
1329524850143203330
1329527366423601161
1329529883056336905
1329532399819100162
1329534916615417864
1329537433638117377
1329539949180416000
1329542465997574146
1329544984811302912
1329547499191734273
1329550015845466112
1329552532977414144
1329554067035738130
1329555049165500418
1329556743299469314
1329557565554843649
1329560083651469312
1329562598505930756
1329565115369353224
1329567631901384708
1329568890226176003
1329570148408315906
1329572664990593024
1329575181287886850
1329575774408597505
1329577698105159683
1329580214632861696
1329582732050014209
1329584716211757059
1329585248112312321
1329586506063863813
1329587764438949897
1329589022549688321
1329590506901409802
1329591539543257088
1329592797725265924
1329594056263958528
1329595314110681088
1329596412347248640
1329597832379199490
1329599089382572034
1329600347396947969
1329602501352546305
1329602863799132161
1329604759217713161
1329605383220969474
1329606147465154563
1329607897039290370
1329608083107164162
1329608861733498880
1329610413865115649
1329612931131052033
1329613779487895554
1329615218989740033
1329615446602084358
1329617963331301376
1329620192700354569
1329620481704648704
1329622045769011203
1329624255051554819
1329628029539246082
1329631804454817793
1329635580263559169
1329637146479751171
1329639354269134848
1329643129016901632
1329646904188219392
1329646904188219392
1329650680043352064
1329653256377823232
1329654453839011842
1329658228595167233
1329665782045929473
1329673328387260418
1329680879325593601
1329688429161013248
1329688427827236864
1329695980338376705
1329701010776809475
1329706043765633024
1329711076833779712
1329714604738551808
1329717725678153728
1329720554715295745
1329723659888578560
1329726178597371905
1329728692931719168
1329731209623027714
1329733726989856769
1329736242867519489
1329738759407947782
1329741275805986818
1329743792858034176
1329746309402816515
1329748828480794626
1329750637379248130
1329751342555029504
1329753859061817346
1329756384855027722
1329758892209836033
1329761408528093184
1329763927052361728
1329766441843875840
1329768958480748549
1329771480792539136
1329773991855198208
1329776508349665282
1329779024923676680
1329781541229129728
1329782261483507712
1329784057798950913
1329786574800818179
1329789091177586694
1329791679767908360
1329794127144366090
1329799157356302345
1329801926075056131
1329804190428835841
1329809224080240641
1329810627892752394
1329812998634971136
1329814947275141121
1329816779301023745
1329820146874060804
1329820548571033601
1329824323146682370
1329828098066452480
1329829847745654786
1329831874261381120
1329833904707080199
1329835648421822464
1329839423756898305
1329842719531937801
1329843197430820864
1329846977492750343
1329849489084084233
1329852005708304384
1329854523540692996
1329856244744642565
1329857038688522240
1329859555430318082
1329862073489100801
1329864588750274562
1329867105026666499
1329869623337037824
1329870655991517185
1329872138094964742
1329874654735990785
1329877176229871616
1329879687959433217
1329882204910940160
1329884722244296705
1329887237706694657
1329889754372919297
1329890862789242882
1329892278182105089
1329894787638382592
1329898119643934721
1329899820488777733
1329901160694751235
1329902337100566535
1329903735120814080
1329904853863211008
1329907371834007556
1329909887023902727
1329912403518234626
1329914920050286593
1329916722762092548
1329917390088495104
1329918348256288768
1329919953231810565
1329922195850747911
1329922473094041602
1329924986413273089
1329927503054581761
1329929142872240133
1329930020056391686
1329932536147890177
1329935052902334466
1329937570764099585
1329940085874126849
1329942602506924034
1329944130663931905
1329945119475130368
1329947635764006914
1329950152166084608
1329952671013376002
1329954020966936579
1329955185435807744
1329957702064246787
1329960219380654081
1329962735136698368
1329965251870089216
1329967769459306498
1329970285114638338
1329972801856364544
1329975319655309314
1329978337113104384
1329980351251423234
1329981594355044352
1329982616141967361
1329985384537677827
1329987901128511490
1329990909262442496
1329993830318354436
1329995450590449665
1329997968536072192
1330000483759648768
1330003000291696641
1330008033536208896
1330013069724901381
1330018099966271489
1330021874965757953
1330025649587646464
1330033199448133632
1330040749182906368
1330047040827613184
1330054590696308736
1330058373614637056
1330062140259115009
1330065916797669376
1330069690304049156
1330073467916529664
1330077357793816576
1330080491203158019
1330084789513314306
1330088568367296513
1330092339520483328
1330096115576954887
1330099889267609600
1330103670604767232
1330107438624694273
1330111214572109824
1330114988384534528
1330118765271400448
1330122538085584896
1330126314737549312
1330130088269144069
1330137134317985792
1330140154317692929
1330145187469856771
1330148965162029058
1330152737149956098
1330156514091397132
1330160286876233731
1330164072013152256
1330166323326889986
1330167836745019394
1330171613044563968
1330174070105763840
1330175386433560580
1330177436005371912
1330179166134681601
1330182088843272195
1330182936373702658
1330186710982877187
1330189446214529025
1330190486905233408
1330194261736792066
1330198035704422400
1330201810674593793
1330205585577566210
1330207269951336450
1330209366818119687
1330212259528847361
1330213135051964416
1330216911880159232
1330216911880159232
1330220684908269569
1330224462457761792
1330228234684936192
1330232010468708357
1330235410996453384
1330235785820463108
1330239563701358592
1330243334195953664
1330247109933731847
1330250883876220934
1330254661127958529
1330258433698791424
1330262209683812352
1330265983320170496
1330269760404262917
1330273533084233732
1330275278673899529
1330277309689909248
1330281082747404288
1330284862629048320
1330285495465746437
1330288632649953287
1330292407712190464
1330294746326200324
1330296182611079170
1330299546216357889
1330299960064045056
1330303732001755137
1330307506791350273
1330311281690099712
1330315060657356800
1330318831609409536
1330322606403174402
1330326381264158720
1330330156045651969
1330333931036581889
1330337706602352648
1330341480867786754
1330345256538161154
1330349030564454402
1330352806327324672
1330360355051110401
1330367905079439368
1330375454574796800
1330390556418007041
1330405654511677443
1330420756224778242
1330428303786848262
1330435852720349186
1330439665007153153
1330443403939573762
1330447177181667328
1330450957470089218
1330454727033806848
1330458502599348224
1330462276726312966
1330466054351450112
1330469826502950912
1330473601808601088
1330477376434802692
1330481154831622144
1330486184405962752
1330491217503789057
1330496252371464198
1330500026158596096
1330503800306556928
1330507575209680899
1330511355187785728
1330514334741573636
1330518899822120963
1330522674670542855
1330526788888498180
1330530024194248705
1330533999907921923
1330537774185902081
1330539218326740999
1330541551106347011
1330544098634240004
1330545324075565057
1330547947407339530
1330550357198589955
1330552873931960320
1330556651859046406
1330560423507202049
1330562436848439296
1330564198728822784
1330567973291978757
1330570535655383042
1330571754897596421
1330575523114729473
1330579299091451904
1330580304566886400
1330583072702533634
1330584628542005248
1330585817635577856
1330586848742305792
1330590623330492416
1330594398279647232
1330598172306018304
1330600509762396163
1330602105107853315
1330605721927475200
1330609497119842312
1330613271683010562
1330615757928079363
1330617049626906626
1330620612117663751
1330620821446901760
1330624597255864321
1330627468651343874
1330632146441154565
1330635920916307968
1330637160043732997
1330639697027194885
1330643470894080001
1330647248250621953
1330651020628619264
1330654796622168064
1330658570224889857
1330662350484017154
1330664358347636736
1330666119892324352
1330669895458066433
1330673669652156418
1330677446916628482
1330681219365830656
1330684994952462337
1330688769251450886
1330692547602227200
1330696318927310849
1330700094073679875
1330703868825538563
1330707643871051778
1330712676738027522
1330717709894627328
1330722745936613380
1330730293188304896
1330737842750857218
1330745392091320321
1330752945957330944
1330768043845120000
1330783145545715714
1330790691325227008
1330798245128310784
1330804384813506560
1330806606175592448
1330808810227728384
1330812836705026048
1330816611499077633
1330818373136084993
1330820348191838208
1330820890964209665
1330823406313467906
1330825010177581057
1330825923227131905
1330827181249982471
1330828441474789379
1330830956224077824
1330832214452445186
1330833472626126848
1330835990282461184
1330838505858228229
1330841022478290945
1330843544739831808
1330846055613698048
1330848572535758855
1330851089487437824
1330853219652808706
1330853605222518785
1330856121863712770
1330858641168113664
1330861155514892289
1330861978861015040
1330863671774498819
1330866189556457474
1330868704809267200
1330871221534162945
1330873739479805953
1330876254967435274
1330878771411316738
1330881288966864897
1330883804223954951
1330886320865021954
1330889089806004224
1330891354302541827
1330893870788440069
1330896389702709248
1330898903957458948
1330900280607731712
1330901420766154757
1330903939705868288
1330905942595149824
1330906453884903424
1330906845406486531
1330908970207367170
1330911486907199488
1330914003309178890
1330916520176697355
1330919548925710336
1330919548925710336
1330921553110859777
1330924069756104704
1330926586577649665
1330927624932220930
1330929102895759360
1330930191967936512
1330931619436265472
1330934140724678656
1330936652768821253
1330939169174999042
1330941686139142145
1330944202243530752
1330946718951682049
1330949236557553666
1330951752267542531
1330953119325442048
1330954268631773184
1330956787080519680
1330959301981114368
1330961818395742217
1330964340342730752
1330966851640233997
1330969368046555136
1330971885614534657
1330974401236385792
1330976551631003650
1330976917898493952
1330979436951347201
1330981951147302912
1330984467545149440
1330986984186195970
1330989008181207042
1330989500781056000
1330992017606811648
1330993275625463816
1330994536731070465
1330997050524233728
1330999567127461888
1331002084485959683
1331003913873498113
1331004600288124928
1331007116937576448
1331009068627013639
1331009635814354944
1331012150035353600
1331014666722500612
1331017183460208641
1331019699736498177
1331021329139724288
1331022216465670147
1331024735459749888
1331027249517256704
1331029766015750145
1331031808323018753
1331032284028305408
1331034799503454208
1331037316043849730
1331039835415408640
1331042349250592769
1331044865619144709
1331047382398554113
1331048640752750595
1331049898691719172
1331052415664066565
1331054933307584512
1331057448522829825
1331059965109399552
1331062481779875841
1331064998186020867
1331067514747580416
1331068773126860801
1331070036874850306
1331072547996262400
1331075064419262465
1331077581010046987
1331080097743376386
1331082614472540160
1331085131562553347
1331100230230609921
1331115329712517122
1331130433535348736
1331145534757810177
1331149303893663745
1331153079836823553
1331156853414387712
1331165654691491841
1331168179457056773
1331170694772690944
1331173211162152960
1331175728134590464
1331178244335411206
1331179502861512709
1331180761030955009
1331183278372446208
1331184595715428355
1331185794149703681
1331188310786523137
1331189568998158345
1331190829688496132
1331193344010055684
1331194602192326662
1331195860596699136
1331198378739318784
1331199635637977088
1331200893610549249
1331203410159431681
1331206998436745216
1331210960208416768
1331213476455452673
1331216271766073346
1331218509813178369
1331221007844012033
1331221031889977344
1331223543078547457
1331226059694436354
1331228578751545345
1331232949556097024
1331233609529786370
1331234925085929472
1331236133833945089
1331236460293283840
1331237384797601793
1331238642577072129
1331241249475530757
1331242831973912584
1331243677776220166
1331246192186052608
1331248709208854530
1331251225333886976
1331253741845098498
1331256258695839744
1331257734361210880
1331258775005696000
1331260794663735296
1331261291902582784
1331263808484982785
1331265222397603840
1331266326795591681
1331267494359818243
1331268841473642498
1331271358131662852
1331273877465403392
1331273876827848706
1331276367179214849
1331276391145476096
1331278073954766853
1331279160048717824
1331281426705248256
1331283437840257025
1331286457751916544
1331288976393596928
1331291490773975040
1331294007431872513
1331296529026453504
1331299040517120000
1331301557112102915
1331304075481157633
1331305332182683648
1331306271430021125
1331306590356398080
1331309106884296704
1331310373803237376
1331311625035415554
1331312456816357379
1331314139902267392
1331316924249235462
1331317915040169986
1331319174811983872
1331321689657970690
1331322704138481664
1331324206340997120
1331326725830156289
1331329239505887232
1331331756067319816
1331332092567953416
1331334207596072970
1331336789202591744
1331339305738936322
1331341827753041929
1331344339063148549
1331346855494467584
1331349373687652353
1331351888793485312
1331352563178987520
1331354405153763330
1331356924735008771
1331357339727917057
1331358787865890825
1331359438381322240
1331361096016523265
1331361955085307910
1331363365957083139
1331364473505009670
1331366988040597510
1331369504799014913
1331371210224136192
1331372024044933127
1331374537959563264
1331377054445686784
1331377054445686784
1331379571611021314
1331382087660806151
1331383345893179393
1331384604087947269
1331387123291869191
1331389637420609536
1331392154019643392
1331394671507980288
1331397187083722757
1331399639669628929
1331401891822116866
1331402260111384577
1331404405950861312
1331404737128828928
1331407253480488960
1331409770637635585
1331411028408754176
1331412286569807872
1331413544898879491
1331414803215241218
1331417324029571073
1331419836350689280
1331422352958099459
1331424869926387713
1331427386026565635
1331428847246581762
1331429902592008193
1331432421187784705
1331436194186498048
1331439969341108232
1331443743870775296
1331447520426340359
1331462621636210688
1331477718811242498
1331492820176281600
1331507917388804096
1331511691822067713
1331515467685654528
1331519241376370691
1331523022008840193
1331528891282944001
1331531612496949249
1331534345929183234
1331536354061262849
1331538122639888386
1331539374291488768
1331540632431542272
1331543149118951427
1331544204066107393
1331545668238786560
1331548268074065925
1331549440344285184
1331550698908110848
1331553224004759553
1331555731905015811
1331556763938721792
1331558248500092937
1331560764885372928
1331563281488637953
1331566341707456512
1331568319501979650
1331570831562948610
1331573347990179840
1331574731653472259
1331575865399013379
1331578381012529153
1331580897661947905
1331583419197890561
1331584672984403975
1331585930772303872
1331589511588024320
1331590965635768320
1331592668468678660
1331593480502702082
1331595997252775936
1331597248669560835
1331598516905394177
1331598765250072577
1331601030522540034
1331602288532615168
1331603547331325958
1331604805119258625
1331606064287145987
1331608580127137801
1331611096726319111
1331612733083693058
1331613615632183296
1331614872069607425
1331616130037846017
1331618646578216962
1331620675358953478
1331621164708458498
1331622622019379203
1331623679948713984
1331626196224798720
1331627609965404161
1331628719123795969
1331631229393723394
1331632511798169601
1331633746118926339
1331634481871147010
1331636263175266304
1331638779073859585
1331640299144273923
1331641295933038594
1331642688840605696
1331643820841127939
1331646328934424581
1331647587213045761
1331648845806235649
1331651363038760962
1331651527426060290
1331652548181319684
1331653878820036610
1331655679413809153
1331656395125567497
1331658916011384834
1331661428378447872
1331662706601025545
1331663945258721286
1331666463136960512
1331668977953566726
1331671494791811072
1331672213662142467
1331674018630529026
1331676959118647300
1331679044367048707
1331681562597892099
1331684077477322755
1331685686769049600
1331686594101739521
1331689113674661888
1331689865939804161
1331691627560243202
1331694143878295552
1331696661580623873
1331699177034711040
1331699807258374145
1331701693617201163
1331702951811850242
1331704212128935937
1331706726719119361
1331709243297247241
1331711762228506625
1331714276579561472
1331715817722032131
1331716793052717056
1331719311237423104
1331721826251153408
1331724342959476737
1331726860863098881
1331729376040210433
1331731892505198592
1331734411474190337
