1329197696901496833
1329197700319899648
1329203467655782401
1329212797071151106
1329394006661316610
1329441415231905797
1329448817473822722
1329454931603038212
1329484777716551680
1329499893178634241
1329515304888614914
1329517304342712320
1329532853865078784
1329537776333836290
1329540922405756929
1329544556824682496
1329556205438717957
1329561080776040448
1329771477596422148
1329816777824497664
1329847035206385664
1329862881295253504
1329908838229712900
1329909841268068352
1329918844949946369
1329922727763820544
1329931767344750595
1329937575251824640
1329952674662543360
1329952677464137729
1330118775111356416
1330209376972500995
1330272955515985928
1330481159743148037
1330632146801704960
1330635516111306752
1330843547025608705
1330858777516523520
1330950879134969859
1330950912081215490
1330952171752460290
1330954401456918529
1330971892107276290
1331011653685547008
1331023009566625794
1331042356619927552
1331218453286498305
1331222143036776450
1331230335460388869
1331230339793039362
1331230344297795585
1331230349498732544
1331230353948860416
1331250726740373505
1331250732171923458
1331250737486106627
1331250742968152071
1331251835441655809
1331268955978100736
1331285189108977665
1331296519895592960
1331341863479984128
1331365598639505409
1331369303120117765
1331383319796342791
1331553442507067394
1331580044850900993
1331622548400861184
1331622581531680768
1331627301264527360
1331644283124809729
1331686743695736833
1331692240104681473
1331702413745647617
1331719574383824896
