1306356804549517315
1306358997889552384
1306363533794385920
1306368063168708608
1306378310017060865
1306378309991792640
1306379456202801153
1306379456190263297
1306382270232657922
1306384546456317952
1306384546741604354
1306384552487776263
1306385650753695744
1306385657435246593
1306385668038365184
1306387935705653249
1306394748744355840
1306397575537471489
1306476337696313344
1306476403215474690
1306479333737889792
1306483740206608386
1306488462791643137
1306488555393478656
1306488630530256898
1306498794956238849
1306503855862149121
1306504014201335809
1306504019892985862
1306504017091137538
1306504025429413888
1306504022904500225
1306504028210245633
1306504033545396226
1306504031033065472
1306504036728950790
1306504039945953289
1306504853276024832
1306507748524412928
1306509929692508162
1306512594308608009
1306519182373277697
1306527689898184705
1306529053252427778
1306529162627346440
1306531676466618377
1306535362215448576
1306537879095648256
1306541533664088065
1306545709257293824
1306549016839282689
1306549651848466433
1306550185158467584
1306551588706803714
1306552764068233223
1306553714753372160
1306554439491375107
1306559046024146952
1306564180628176896
1306569295372193797
1306573951674523650
1306574396237193216
1306582131477549058
1306584677810012160
1306585786163306496
1306586142859358209
1306587792839815168
1306590676268863488
1306590823199301641
1306592393882251265
1306594600040054784
1306595473084440581
1306598624571260936
1306600139079823361
1306602569272193025
1306605476323438593
1306608865648222213
1306626032888360960
1306633448480702464
1306636423509037056
1306637078642528258
1306639498252619777
1306640433880203265
1306645764047810563
1306646129472397317
1306648316005036032
1306649864093282308
1306650034323234822
1306653080767868929
1306656827866853376
1306660760005816320
1306668687106203655
1306674509743902720
1306684049411407872
1306689078713294849
1306701342178709504
1306701454514716678
1306701483648442371
1306704551379116033
1306708372570415105
1306711331630985217
1306711465488011264
1306711472731553800
1306714536578355203
1306714544304259074
1306716691091664898
1306719042305228802
1306720009230708736
1306730192363286528
1306743209570242562
1306744960671154176
1306746053069336576
1306747752534233088
1306748888582422533
1306753418812424192
1306754000289771522
1306755693748400129
1306755693664403458
1306755699020627975
1306759659555033090
1306759657860538370
1306763046317064196
1306763620718608389
1306782860909711360
1306833285054697472
1306838929988034566
1306839502762266629
1306839763807330306
1306846646433722368
1306848625457332225
1306868714395045888
1306869050010632193
1306869188984819713
1306869843606601731
1306872616465072129
1306875665283768324
1306875728588308480
1306886780571062273
1306886911865376768
1306887642668294150
1306891009549271042
1306901519858532353
1306903532713512962
1306903813849321472
1306903813849321472
1306904165260636160
1306908786712551428
1306911969761546241
1306912531458469888
1306913213968273409
1306918238861889536
1306918507725062144
1306919055928983554
1306922445702660096
1306923342730080257
1306928432987734019
1306931928654852096
1306931964260347917
1306943165312704513
1306946824239026182
1306947382341513218
1306951677375926275
1306954981724090374
1306965650523521026
1306977032836993024
1306977269450244096
1306977434365984774
1306983280223363072
1306983750006452225
1306987047484305408
1306991121558634496
1306994788827308032
1306997166540500997
1306998196598714368
1307002424633237512
1307006119622172674
1307009134122893312
1307012722547208192
1307013130288017408
1307015299896672256
1307025015028711428
1307031286981242880
1307041410563141635
1307044132326645760
1307049616618270721
1307058146519797761
1307063138588725250
1307063880733143040
1307064371076628491
1307065585327632387
1307066298678083584
1307067393827655682
1307067971064475649
1307068834575200257
1307069453461606400
1307085056431845379
1307100346033078272
1307100345953333248
1307100347928846336
1307100910359851008
1307100910301179905
1307102038891868160
1307102064233844744
1307102064112267272
1307109562525261824
1307109562483384322
1307123644225728512
1307167984272773120
1307169137677029376
1307204789420331009
1307207616037367809
1307216104138444800
1307216517818470400
1307216600966336513
1307216625859526657
1307216694444777473
1307218374989094912
1307227450519302144
1307254643643289601
1307255762331348994
1307278417910521861
1307279551291109384
1307288059642359812
1307296244671315972
1307298282004152321
1307301308626595842
1307303429669298176
1307310691234254849
1307323497044213762
1307331898138660866
1307333344624021510
1307334192938840065
1307339476008611842
1307344741089107969
1307344909674983429
1307350125933666314
1307350940991844352
1307360135631826944
1307365510212968466
1307383934280499202
1307387242088984587
1307398043059265538
1307399808836141062
1307415647970897922
1307432342928187394
1307432435282513921
1307432536252047365
1307432569525465095
1307432587225427969
1307432602840838155
1307437548780883970
1307437564127850496
1307441034264223745
1307446095400833028
1307454636908056576
1307454636807409665
1307465363655987200
1307465366017376256
1307465365786632198
1307466536060432385
1307467683282255876
1307467683269668866
1307467683261222915
1307468256752664577
1307468256647753730
1307468256601608193
1307471076562214914
1307472804552544260
1307481873657081859
1307531114400157697
1307537365322338304
1307559998948610048
1307560004485091328
1307569071970545668
1307577370841317376
1307577427422588928
1307577485425610754
1307579850270609408
1307587195788812288
1307594945813975040
1307599938981949441
1307601673288847360
1307606316718993408
1307610718355808257
1307611946955538432
1307617784520736769
1307624020930629634
1307629667319451649
1307632576576860160
1307638159765917698
1307646633484615680
1307646633405014016
1307652325771804672
1307654023957426176
1307656360578949120
1307659776000753664
1307662865264979968
1307663435417767939
1307674944550174720
1307677990810157058
1307679253064900610
1307690199074381825
1307692687324311552
1307696260955205637
1307700559496048647
1307704247048433665
1307717900787159049
1307721392549433351
1307723880459636736
1307726615221280779
1307728633017126912
1307735360840044545
1307736585920811008
1307737952211132421
1307738650998984706
1307739520381734913
1307752099124588545
1307755036253073408
1307760326377721856
1307762630057168896
1307764865193390080
1307796868416655361
1307796870337638401
1307796894865858560
1307796918035152897
1307798973453938696
1307799372214816769
1307799929969160194
1307800082226577410
1307800181610622976
1307804240358838274
1307807433709019136
1307813170086580227
1307817665805905922
1307829008873160706
1307829015110184967
1307832975158108161
1307843749372923906
1307843757233053698
1307844296276692992
1307844301767008257
1307858486773022722
1307883957367779330
1307886771397484544
1307886771397484544
1307891315527614464
1307907724026540032
1307922691828088837
1307927090365423616
1307927115581534209
1307927161802813441
1307927233907089408
1307927341780398080
1307927542922387456
1307927643191377921
1307931193082552325
1307931343163215873
1307935415068917760
1307940565900722178
1307942618152734720
1307945862144962565
1307946016314978304
1307950240843075584
1307950923013148672
1307952107660738560
1307959816636321797
1307962942089048064
1307965688053673986
1307967646160367617
1307975712155070464
1307975785584758784
1307977413918367749
1307979579240452099
1307981435316379654
1307983206193475585
1307986488475496451
1307987096347475969
1307989126973722625
1307989507984306176
1307991992551583745
1307992927453556736
1307994557649428480
1307998077396152321
1307998605517692928
1308003433182572544
1308005067832864768
1308006923242004480
1308007324418740226
1308007674307645440
1308009035568947209
1308009911972966400
1308016432375095296
1308023920604348417
1308024025017389062
1308024065316323331
1308024118810480641
1308024180013772800
1308028276267536386
1308038032365367296
1308039171290914818
1308043639499755522
1308046642722082817
1308048438228119553
1308054435701161985
1308055162523717639
1308056649719058433
1308058116609781763
1308062290546130945
1308065144749072386
1308065172620226560
1308067502514200577
1308070530986246144
1308070974005313536
1308073404193538048
1308073777603977217
1308076510365061120
1308076515985444864
1308076512478990336
1308076520083263491
1308076518124515330
1308076524432695297
1308076522578808832
1308076526945153025
1308076530170572802
1308078746554032134
1308082145701908481
1308086638065725441
1308093175068790785
1308095121460736005
1308098008052051969
1308099830879789056
1308101548526968834
1308107157657845760
1308107240730230785
1308110261954531331
1308117065472106496
1308117820971134979
1308118052010110978
1308124391931351040
1308125987318763523
1308126410347814912
1308133159968690181
1308139773446549504
1308146497104609280
1308156327135457280
1308156390058471424
1308156452272582656
1308156478923173888
1308156811032301568
1308156861569474564
1308156879659556876
1308156903982329856
1308156937486372864
1308157013113876480
1308157030075699203
1308160855905898496
1308165377046839299
1308165421821038593
1308165423544905728
1308173327085826054
1308185847725010944
1308188126083514369
1308188669665304576
1308190393918513157
1308190951752564737
1308196615753261058
1308198327524241408
1308198327352266752
1308198333887008768
1308199447273385985
1308199447264985091
1308199447244034049
1308209653189406720
1308211348258553857
1308211348023713792
1308222099069251584
1308236270594854912
1308236270506782721
1308275333372805125
1308287095987822593
1308287158889848835
1308287243782696961
1308290989296148480
1308299095820255232
1308300891208912897
1308302845775548416
1308303496756699138
1308309501339144192
1308310773903568899
1308314770706178054
1308320418022002688
1308320520744718338
1308321875517493248
1308322945979252736
1308324960415383553
1308328046672449536
1308328130768261120
1308330240888967169
1308330245372686336
1308330249642323968
1308330257259409410
1308330261235589120
1308330266067456000
1308330272761540614
1308330279468232705
1308330275957600256
1308333236662173696
1308336029653495809
1308336889951326208
1308337146793783296
1308337834605109248
1308338069649514496
1308339744393355265
1308340867967660032
1308341881932218368
1308342088984137728
1308347012060938240
1308350074062241792
1308351886802722819
1308352846115504129
1308358261696073728
1308361824568586240
1308366160614879235
1308373763617103873
1308373820823216129
1308373859737964544
1308373938779684868
1308373961030410248
1308373985940385793
1308375067714359298
1308376129854726144
1308376771767795713
1308376850905915392
1308378656969052162
1308378883201339392
1308383747943923712
1308385030457241600
1308390452488482817
1308390489511559168
1308390737176862720
1308393033679986688
1308395251862851584
1308398642299121665
1308401567289217028
1308401567289217028
1308402077048111107
1308403727850708992
1308403799044882434
1308407243705114627
1308407841863151621
1308408560422920194
1308409008362008583
1308411252201394177
1308411536562704386
1308414390815920129
1308419350500651012
1308423471261782019
1308423927560101896
1308426593707216896
1308429094204387330
1308432137641746436
1308432142570057729
1308432139550101504
1308432146533679111
1308432144600047616
1308432150522363904
1308432148681154562
1308432154783817729
1308432152527331328
1308433024573374466
1308433283185807360
1308435010920370176
1308435045057794049
1308439586704629761
1308440903623880709
1308445044848947200
1308446539707187201
1308447216198180865
1308450267671691264
1308450380414701569
1308461273890291713
1308462384835592197
1308467307279253504
1308467305320509440
1308467309149908995
1308467315273601025
1308467312983506954
1308467319769882626
1308467317572018179
1308467323846746112
1308467321636376581
1308467325998428160
1308477385700974595
1308477562033704962
1308483123764768772
1308483876789129218
1308484289584132098
1308484351198400517
1308486450380501000
1308486957903892483
1308486976606294016
1308496842414534657
1308499240621150208
1308499661288869889
1308499705068912642
1308501816712351750
1308506392899321863
1308506459043438605
1308508940100132867
1308512150151888896
1308512178945884161
1308513485492453376
1308516778906202113
1308516789303816199
1308516971584126977
1308518093896003584
1308518134673006593
1308518648018018310
1308520435760455684
1308524331044163588
1308536541158019072
1308555804581265410
1308556947327574017
1308556947189379075
1308556946899963909
1308564857525014531
1308566564053102593
1308566564044767232
1308568838800379905
1308568837764395008
1308569952702656517
1308586359272148992
1308587526383378432
1308594873235369984
1308597706278002689
1308607337138188288
1308611308758224897
1308617547609243649
1308639618342977536
1308646809535942656
1308646854230511616
1308646921016422401
1308646940704473089
1308646973554208768
1308647010149511169
1308647048347103233
1308647073324072965
1308647114663170051
1308647149585010688
1308650382093148161
1308652076457656321
1308652649697468417
1308665264721010695
1308665324326260736
1308666077711347713
1308682112489459712
1308682257440346112
1308682353003368448
1308683671293980672
1308698178842132486
1308702379047628801
1308705885448003586
1308705908827058176
1308709415827238913
1308709661856669696
1308720844294762496
1308720844185702400
1308722466970271744
1308727897725775872
1308727914804981764
1308727936804061185
1308727966638145538
1308731210789683202
1308731245682135040
1308731265475121154
1308732921621209088
1308732963513929728
1308734839085051904
1308735702193057792
1308735746162020352
1308735783449309185
1308736000122855427
1308736369745899521
1308740062021025793
1308745706929369088
1308747190253346820
1308747933534351363
1308748401119580167
1308749801455005710
1308752704471216128
1308752813527269376
1308758576027049985
1308760614043516928
1308766802932097024
1308794090574819331
1308796603805970434
1308801769846247431
1308802076856721408
1308802268364509185
1308804842190712832
1308804948986081284
1308813189501595649
1308816057835102209
1308830350076936192
1308836241765478406
1308839595195486209
1308843505570242562
1308846458175664129
1308849173274464257
1308856714184228864
1308861832845811712
1308862180834660353
1308868525478621188
1308873620433899523
1308873767888846850
1308873915821969411
1308874329501896705
1308878020107739146
1308878306515841031
1308878333397086208
1308878382843785219
1308882639491936258
1308882826092216320
1308883053092179968
1308883277181267968
1308888124827799552
