1306373642754895872
1306377602735706113
1306387237614088192
1306393480974012417
1306455210613768193
1306476297032433664
1306483763178733569
1306517949310816257
1306524580455100417
1306529175633829888
1306529833942482944
1306530094832324609
1306531772444934144
1306537810653052928
1306541274724478978
1306553669383532544
1306554455467458560
1306555468769374208
1306564036713230336
1306566856065658886
1306574834063863808
1306584131002937344
1306586113046265863
1306588727943352320
1306589350398840834
1306592182116126731
1306594250017009673
1306608539759190017
1306609131579736064
1306624353631690753
1306628109664489472
1306630503878086660
1306637306489647105
1306646140536975360
1306647774235176961
1306664409377443841
1306668370520047620
1306674196366401538
1306674194101555201
1306674199117864960
1306674204272717824
1306674201865187329
1306674209305788417
1306674207489699841
1306674799377289217
1306687065602564102
1306695651447709697
1306696381143359489
1306705704598884352
1306716416922460161
1306730011106463744
1306730572392341510
1306731694666526721
1306732232166563843
1306737948369522690
1306739625839538178
1306740760201621507
1306762873033633792
1306796249027358723
1306801931986374656
1306811549655367682
1306813261568933888
1306820626561236992
1306868631498825728
1306869095007223808
1306873026168991744
1306873031902535680
1306873029100699653
1306873035660689409
1306873039091576832
1306873042358992902
1306873045605404672
1306873050839867395
1306873048977543168
1306886841132556291
1306887558757068800
1306903402052546560
1306906688000339968
1306912031589756928
1306912443235536896
1306913346155937795
1306915690767675392
1306925119445577729
1306928389304057857
1306931443784966146
1306936476467441665
1306944199095451653
1306946749630734336
1306951528733966337
1306966791818752005
1306976941434642434
1306977286042906627
1306977528314318851
1306983306999848960
1306983892356915200
1306985645051654144
1306991159097655296
1306994897141075973
1306995373353979904
1306995728569507841
1306996112260243456
1306996414317301769
1306996669486071808
1306996883173388288
1306997049246789636
1306997704783003654
1307005269650661376
1307009783199920128
1307012840457465856
1307012840457465856
1307013081130831878
1307013290795696130
1307040546708430852
1307069469500608514
1307077426342748162
1307096691397582849
1307103471414448130
1307105189334220800
1307111399399854080
1307113219857829890
1307113219853619201
1307124503965847552
1307131899366830080
1307132401924141057
1307133148904423430
1307133914423717888
1307137664357933057
1307137885305438208
1307138092164354049
1307138325241888768
1307138964747411457
1307139661773639680
1307139834692206592
1307184657381953538
1307201652223553536
1307217076998877186
1307224868409270272
1307232800353943552
1307251506916347904
1307258867936563205
1307272437218848768
1307285443696889858
1307323655026888704
1307323812300623885
1307343248382406656
1307344584230531073
1307346486980640772
1307348102555332610
1307358663489867778
1307365740455092225
1307387335877824518
1307403391384129537
1307411624500908035
1307425419000455176
1307438946952065025
1307463281511198726
1307463854696402945
1307468956739997698
1307534658192670720
1307594912909725696
1307595034452275202
1307600335083536384
1307619609252712454
1307623547876110337
1307632506045452288
1307682704696242176
1307688166179119104
1307694854051430401
1307703035297247233
1307710235075805186
1307726628236206080
1307728434865549316
1307736447001255942
1307736454119010310
1307736452290183168
1307736450620850176
1307736456551596038
1307736459403767810
1307739535258923009
1307748641143238661
1307777086967427073
1307784625180340226
1307800741151535104
1307807414167760899
1307807577074552832
1307870482184761345
1307881233830031360
1307898250347900928
1307906822964219904
1307927871206371329
1307940504299020288
1307977370243084288
1307978917677019137
1307994248038567936
1307998018663321607
1308001302748762119
1308003231503732736
1308022935823753216
1308025444948742147
1308028063855321088
1308031249873883138
1308034728134574081
1308039094757396480
1308040122890420226
1308048378308308994
1308052202632744961
1308062489201070080
1308065080899235840
1308070183882424327
1308081413951029250
1308086738934476800
1308087553090891776
1308088151542464513
1308100098853924866
1308105010799050755
1308106986140184577
1308112657921253376
1308118596518916100
1308126157297070083
1308133118067568651
1308142806054174725
1308156463467171840
1308161306755768326
1308161365899718657
1308181734329061384
1308195904252502020
1308196463265157121
1308210045360971777
1308210615748567041
1308279720451203072
1308317281613680640
1308337083988221953
1308337123595112453
1308340959994937345
1308347062929559552
1308351691692158977
1308351689976578051
1308351688638693382
1308351694707798017
1308351693306945537
1308351696272338944
1308352814914117632
1308352907495043073
1308357983575977984
1308364225379741701
1308393915972812800
1308396485185331202
1308407041640337410
1308413970768953348
1308419282829795328
1308423552325103623
1308425917925150724
1308428899274063873
1308432851143217152
1308433357542481920
1308434983506325512
1308444985583435776
1308449705710555136
1308453221657124868
1308456065793654784
1308494486729887745
1308499157875818498
1308506077214973960
1308509477851758592
1308517371905224706
1308544927631106059
1308551148136169472
1308551730355998721
1308552835324416000
1308560222152253443
1308596455993741312
1308622538734530560
1308646293087162368
1308659897299599361
1308660116414246912
1308674587568332803
1308683993139884034
1308701966260936705
1308711204265885697
1308717963143413762
1308722260455419904
1308728495443509249
1308740576943185920
1308746991434948610
1308750535986745345
1308751269960527872
1308766085697753089
1308771361502957569
1308780310142824448
1308786981632172038
1308791792129781761
1308794856811245568
1308800019168985088
1308806406598950915
1308810223486930944
1308817372250288136
1308822151177347078
1308827321248428032
1308839526526263303
1308843485802516482
1308848453536153600
1308855336040902657
1308883167508660229
