1354783233234362381
1354836356564996105
1354857380450873346
1354860620584263683
1354872569590116355
1354900098703089665
1354908358692757506
1355057406175277057
1355070468030652416
1355078236821184512
1355091270499184646
1355093864160382981
1355139197179457536
1355143940777906176
1355154457173045251
1355161366521384960
1355172343723798528
1355174766047612929
1355182405326413825
1355190060975607810
1355203994847760387
1355207478963789832
1355234759094493184
1355285231885033476
1355424349935849472
1355438853843079173
1355452603476357120
1355460397436973057
1355497655040937986
1355527437522755585
1355548086806994944
1355560621614522371
1355589346569515010
1355608413900853254
1355819906734895106
1355823354310221831
1355841758777622530
1355863596559966209
1355931351069859842
1356135194961596417
1356169165892186116
1356211793312575488
1356266019896045570
1356275496716271616
1356281049068744704
1356281061559382017
1356281071072137216
1356281073622249479
1356295022514221057
1356295333924495361
1356312394235056130
1356323935844003846
1356497583389233155
1356520192977887232
1356535329671454720
1356550405178740736
1356577405566091266
1356579733224513536
1356588151951753226
1356588595482677250
1356594693157625858
1356594814846967808
1356626322068545543
1356631967710793735
1356632080902422533
1356650977772920833
1356651232643993601
1356659052265287688
1356688910580125697
1356688939730546691
1356697322860732423
1356859970097094660
1356876724051587072
1356914883967799297
1356940405741408257
1356959801566183428
1356959998425841667
1356987537550639109
1356988067215736832
1356992407976443904
1357018378536378371
1357019447714807809
1357020858280267777
1357030898554830851
1357042950560169990
1357052487073599488
