1319055399660781569
1319061670132699137
1319072481626390529
1319091083733774337
1319093577348243456
1319098819498381314
1319103627852718080
1319108910880595968
1319137881395441664
1319146313729118208
1319149891126525952
1319153996054016000
1319156506772836352
1319157932450263040
1319159030372356096
1319161481292845056
1319162856131207168
1319165157264732160
1319167663910932480
1319167669275426816
1319169868181106690
1319171655067983872
1319174180923936769
1319174186061934592
1319174189761372161
1319175423675277314
1319175428033183744
1319178911289348096
1319185036202172418
1319188788019593217
1319190179266035714
1319190183271714816
1319192812500430848
1319192812500430848
1319194056631648256
1319194061153193984
1319194066119237632
1319195158655733760
1319195162514436097
1319196536228773893
1319196538829197312
1319196546458595331
1319197927512879104
1319199226803462144
1319201686834077697
1319201766228004866
1319201770418114560
1319201775170277376
1319203116651339776
1319204374229454853
1319207005345763334
1319209478445797376
1319210772447330304
1319211976124469249
1319213237381058560
1319214340164231168
1319215525038297088
1319215529152946177
1319216629281099776
1319217839400693761
1319219335710330882
1319219340026236928
1319220613962223616
1319224380086517760
1319224384184352768
1319225503233024001
1319232081143209984
1319233424545226755
1319233429301583872
1319234702990069761
1319235937428230145
1319239490343473154
1319239494743314439
1319240597836804099
1319245296162000904
1319246586866765824
1319250388768403458
1319251610351161344
1319253010720194560
1319253015191261185
1319254164753555456
1319254168935276545
1319255316345901063
1319255320510795776
1319256446425595904
1319256451387330561
1319257671103631361
1319257678770806784
1319257675113385984
1319258855977766914
1319262101559562240
1319262855783481344
1319262860023922694
1319262865279361025
1319265439403380736
1319265447779405824
1319266621995819008
1319266630329946113
1319269104218492928
1319269106789588992
1319270499957047296
1319270504000311296
1319275571327594498
1319276894731186176
1319278134026403840
1319279511091834881
1319280716606140417
1319281997026488324
1319283156197859328
1319284593023807491
1319285870407512065
1319285874752778250
1319287046255505411
1319289425629605897
1319290833808486406
1319290838506090499
1319292035820642304
1319292584330575875
1319293328567877633
1319293327729197056
1319295690204352516
1319296781050695680
1319297925881577473
1319297930205986817
1319297934538788864
1319299197569478657
1319299205437980674
1319301686029070343
1319301691016122368
1319305695838261248
1319306990192103425
1319307416924815360
1319308347837906947
1319309451728474113
1319309459785646080
1319310642462003201
1319310646857682945
1319310650653462530
1319311758893436928
1319315395770224641
1319315399478050816
1319317978551373825
1319321529667256320
1319322866043752449
1319323994408050688
1319325085749121024
1319325083056439297
1319328592732561408
1319331024040493056
1319332401747791875
1319332406462173184
1319332416113332224
1319333828222242821
1319333832299057153
1319334941335998470
1319334946251694083
1319337529129291777
1319337534464397318
1319340146475618304
1319346687966674945
1319346692857204737
1319346698775384064
1319349301177352193
1319349351181897733
1319350664481460229
1319351878535315457
1319354551582023694
1319363613212217345
1319368971288797189
1319368976292601870
1319368980277174275
1319368984161038343
1319368988535758848
1319370207329243139
1319371361211600896
1319371365661761546
1319371370527154185
1319376348285177866
1319376352265621505
1319377789020213264
1319380249201807371
1319380253383471106
1319381647721222146
1319382787997184000
1319382792061521930
1319382796381655051
1319382801003794433
1319382805537820686
1319382809459494918
1319387800551198723
1319393062590861313
1319395427310051330
1319399108134629379
1319407771641696263
1319435750753116160
1319437004669681671
1319454407503847426
1319455741368012801
1319475575820554240
1319503850827546626
1319510261284458496
1319511889395781632
1319512813870645248
1319515192145924097
1319515197137129477
1319515201436340225
1319520551690436609
1319525623669379072
1319526955918786561
1319530654246359040
1319531733746929664
1319532507679784960
1319535916256514054
1319535921759424515
1319537015348744193
1319537020490874880
1319538346415345665
1319539509114134528
1319540730600325120
1319542038094897155
1319545831389876224
1319545836280401920
1319548151603363841
1319549344194973696
1319550516528058368
1319553149791854594
1319553971514707968
1319554254277926919
1319556786194624513
1319558027280850945
1319559362466205698
1319559366593466368
1319560743172407296
1319560743172407296
1319561945591304192
1319563213453799424
1319564329784643584
1319565537106661377
1319567872176291841
1319567876160999426
1319570453548105728
1319570457889300480
1319571539214372865
1319571543459045376
1319576515085017089
1319576518918537218
1319578972859060224
1319579366385438720
1319581399846977537
1319586618043498497
1319586623210852353
1319594046046801920
1319596419200786432
1319599044117790720
1319599041941000192
1319601571173421058
1319601575459958785
1319604163932786694
1319604168521359361
1319607965540896768
1319609215196057600
1319609284968222720
1319609290227843074
1319614732559593472
1319615947309723649
1319619583146381314
1319619589026816001
1319620707236675588
1319621995462561792
1319623308258705412
1319624552406810625
1319624557460811777
1319627000642981894
1319628295965708288
1319628304643739649
1319628301388959745
1319629451953668097
1319631798930997248
1319633133822726145
1319633137920581632
1319634372690120705
1319637186212450304
1319639829592891394
1319641043625705473
1319642235927932928
1319644731438149633
1319644736001626116
1319647237140582400
1319647241431384064
1319652059642286081
1319652063727525891
1319656069757632514
1319656075533176832
1319659670244630529
1319661966038863873
1319661970912694272
1319661975748726785
1319665214753746947
1319670069765591049
1319670560180342784
1319670564617936896
1319671857033957381
1319673093426696192
1319673098128547841
1319673340534153217
1319674419460132865
1319674423780233216
1319674427395739649
1319675529725960192
1319676780274503680
1319679159522701317
1319681400363274247
1319681404582625282
1319683859269767171
1319685092948824065
1319686434853408768
1319687853824266249
1319687857800466433
1319690417370132481
1319691591683104771
1319692948880150529
1319694026833092608
1319700128429674499
1319700132951134210
1319701238922039299
1319702656965857280
1319707627165765632
1319710391178493953
1319711617702125569
1319716319940481031
1319716324059262979
1319718560747356163
1319722292243550214
1319724845547085827
1319724849707814917
1319726268217237505
1319728687416311810
1319730046362390529
1319731488984739840
1319732816175898626
1319732819816517633
1319736580907634690
1319737959734775814
1319743726105878535
1319743730577014785
1319743734527950848
1319746037200920580
1319747393328467968
1319747398613204992
1319747402434314241
1319748689641066498
1319748693852147720
1319749971286151168
1319749975522353152
1319749980077305857
1319749984196198401
1319749993453002752
1319749997840224256
1319750000965046274
1319751245423349766
1319755245505884160
1319755250044182531
1319760276674195456
1319761480833769472
1319766526279503873
1319777859649572875
1319814727632097281
1319829385923485698
1319841487673315328
1319853622671380480
1319865927798788096
1319875531677044736
1319885641849720832
1319885646136266752
1319887051949543425
1319895398799036417
1319901287434063873
1319901311358373892
1319902362249682949
1319902368050401281
1319907649979404289
1319908756499632130
1319913790587240448
1319913795091943424
1319915102921961473
1319918672811614208
1319918677253345280
1319918681497980928
1319919841755734016
1319919846126194691
1319921227616735233
1319922671753322497
1319922677734309888
1319926862961836032
1319926859484827648
1319929315035893760
1319931842028589056
1319934220828016645
1319936586935685121
1319936591192838147
1319937679866368000
1319937684530397189
1319938801939189761
1319939924729253889
1319942017489698816
1319943601489674241
1319943606657044482
1319944903405768704
1319944908103389184
1319946050241789959
1319949994821111808
1319960595781849090
1319964094443737088
1319965517311102976
1319966872549363712
1319966876877934593
1319970558969323521
1319971890178424832
1319973010720346112
1319975385434566657
1319975390430068736
1319976732653457408
1319978027519037440
1319979340373819392
1319979344610066432
1319980466389323777
1319981579867926528
1319984140318658560
1319987658395889667
1319988990397865984
1319990223749697536
1319991586235781121
1319994034572623872
1319994034572623872
1319996450529513477
1319996455172657153
1319998927110799361
1319998932911521794
1320000228599234563
1320000233074577408
1320006503621922817
1320006508021731328
1320006512182546435
1320009983698866177
1320013716944019471
1320013721398280192
1320016168946704387
1320017617432739841
1320023640205819905
1320023644328890369
1320024741101604864
1320024745216249856
1320024749246943233
1320026067655118849
1320029878532608002
1320031178129289216
1320032898523779078
1320033333963874307
1320034737365319683
1320034742859976704
1320045794628689920
1320047348937089025
1320048138862952449
1320052011392520194
1320053408200613890
1320056161345900544
1320057524389904386
1320063966232576002
1320069006200537090
1320071279815385088
1320078876555546625
1320080300580491267
1320080304267268100
1320080308503531520
1320080313570250755
1320080326085980163
1320090770511175680
1320094771306766336
1320102787972272133
1320105438839451654
1320109493338910722
1320109498229542914
1320109501878513666
1320110838829690890
1320110843028262912
1320110850942898176
1320110846979264512
1320110855501926400
1320110864003981313
1320110868777009152
1320110872619003905
1320110876679131138
1320110880407851008
1320110885017366528
1320110889324990464
1320110897369665536
1320110906290864128
1320110910917181440
1320110914776039424
1320121175209578504
1320127903867281409
1320160018793189377
1320174749784412160
1320182103699488770
1320195973725982720
1320224185608790018
1320243600412868608
1320258904404709378
1320261294088425472
1320263672892182530
1320266391723888641
1320267782441848832
1320269010668298242
1320272886238605312
1320272959278383105
1320286199760801797
1320286203472678913
1320288700031533056
1320291315335237633
1320296462580961280
1320300409983012866
1320300414013739009
1320300418803634176
1320305120572248065
1320306232574513154
1320307334997024768
1320307338713178112
1320307342349651968
1320308633058627584
1320309833355169792
1320311242070818816
1320312659133239299
1320316414700519424
1320321644448055298
1320321648977903621
1320321653654552576
1320326800933793792
1320327943080579074
1320329364677025792
1320329369055907840
1320329373090779140
1320331663835078656
1320333005068640258
1320339030517731330
1320339035710173187
1320340153081208833
1320342589275541505
1320343764334936064
1320343768965500931
1320345025532858368
1320345029672603649
1320345034013761538
1320346352803610632
1320346357253754881
1320348834871037955
1320351207517507584
1320355770614034432
1320357114402004992
1320358520890556416
1320362212150726657
1320362216638550016
1320364836975509506
1320369511258902529
1320370636942942209
1320372062905634816
1320372066231648259
1320377381404758019
1320377384550453248
1320378518715441164
1320378523287228416
1320381036312788994
1320381040658141184
1320388814246989825
1320391216761085952
1320391220913471488
1320391224973545473
1320392659714924544
1320393924310163456
1320394553048911876
1320395171113074688
1320397708964802563
1320400444858957824
1320400449510453251
1320401585084780545
1320402916352643073
1320405423661420550
1320406722419347463
1320409343812980736
1320409349429350401
1320409353220927488
1320409669026877440
1320410505283051523
1320411741667364864
1320411737833746438
1320411746734084101
1320414542392926208
1320419580762873858
1320420946877009922
1320423605977665539
1320424831981129729
1320424836246757381
1320426153576927233
1320427561919406081
1320428894814642176
1320433816322924546
1320433824640229380
1320433820907307009
1320436590699753472
1320440073003913216
1320441255063654401
1320442478613401606
1320442482941898752
1320450217288884226
1320450221709664256
1320450226889629697
1320451389873676291
1320454020125937666
1320457607576956934
1320458739661549576
1320460110636998657
1320461452315107331
1320462576921255936
1320462581568577537
1320464860342325250
1320466145573556224
1320466151235850241
1320466247637753856
1320467269412151296
1320468571038851072
1320468576151703554
1320469743040663553
1320469759952068612
1320469759952068612
1320469757620047874
1320471287932821504
1320472299917709312
1320472304032337920
1320472308373479424
1320473361328312320
1320474069490388994
1320474927976325120
1320475589556535296
1320476287488741380
1320476292412772373
1320477408210882560
1320479517878722560
1320479890681012224
1320480846378340355
1320481326701699074
1320482476742070274
1320483834723532800
1320483839223963648
1320485173083971585
1320485403720376324
1320486373372121088
1320486443861581824
1320486448106213376
1320487580119552007
1320487585081446400
1320487588818550784
1320488903791517696
1320493739270459392
1320493746673377281
1320495177656602631
1320495182257807362
1320495186103906304
1320500146203959296
1320500150264123393
1320503641338486784
1320503646799495168
1320504846672404480
1320507173923921922
1320510451613077504
1320510893977968641
1320524377339973642
1320542372204302336
1320557847097364481
1320560160838922241
1320578408770920448
1320581172070666245
1320604508590931968
1320609441478283264
1320615649626959873
1320617040894373892
1320619332188209152
1320621962352316416
1320623096362115073
1320633186146275328
1320634286182203392
1320635525661925376
1320635586517098496
1320635973273817088
1320637967422103553
1320640464903643136
1320641765234409472
1320642910380019713
1320642914725302272
1320644090011242497
1320644797925830656
1320646616014065664
1320646625669382146
1320647758852853762
1320649044608372737
1320650461838495746
1320653063758249985
1320654364642627585
1320655510811693057
1320656782503665666
1320663270773108736
1320663275017830403
1320664595124654080
1320666208396550145
1320666852788457472
1320666857137987584
1320668155857915905
1320669517706649600
1320670769521844225
1320673191254204416
1320674397125070848
1320675637514899459
1320675641835069440
1320675646960447490
1320679631712854020
1320682159762493440
1320682164191666176
1320683595372048384
1320685514358403072
1320691056594345984
1320692392056545286
1320693679875608577
1320697275216240641
1320697279565750273
1320698442587512838
1320700733931638785
1320702123554840577
1320702128344735744
1320702134342635522
1320704615889981446
1320705787841400839
1320707111677005827
1320707115082784769
1320709680168161280
1320710106976309250
1320715737271554051
1320715741428092930
1320715745593040896
1320717045877583872
1320718266592088066
1320722473902579712
1320722478302433281
1320723880990920707
1320723885600526338
1320723893921980418
1320726338408513536
1320728820677304323
1320729075892297731
1320729912509169665
1320731131864600578
1320732414151479298
1320734887188594689
1320736078991630337
1320737152146251778
1320738373087170560
1320739591251517440
1320740717396897792
1320741851473858561
1320743162407780352
1320745830865928194
1320748438179483655
1320749775130628096
1320749785020829696
1320750993823379458
1320750999481520129
1320753667625070595
1320756007182700546
1320757128211144708
1320760634825445379
1320761928319459331
1320761924448112642
1320763030137982985
1320764299263021058
1320765658947325954
1320766826100543488
1320770867840847874
1320772139830726657
1320773322678902785
1320773327313686531
1320773331944120321
1320775931959615491
1320775936892149760
1320777181572857858
1320779499487846405
1320779798826897409
1320780696173072386
1320782129161265153
1320783393894866945
1320784592492728320
1320785992727617538
1320788446365929474
1320788450933657605
1320788454834348035
1320789789252198401
1320789793903677447
1320792032370110475
1320794329879818240
1320794334506176514
1320796952372662272
1320798300514230272
1320798305656463361
1320804302504534016
1320807004328386562
1320814773907447810
1320814778265329665
1320818839597305857
1320820105899630602
1320827659790766086
1320830158975152129
1320832773507174402
1320832791232323586
1320834045958328327
1320835460323807235
1320836710633213958
1320836714882093056
1320836719814606850
1320837800405749761
1320840328266526721
1320841554295197696
1320842836099637251
1320844213492264962
1320844217598488578
1320844221969014785
1320845420738863105
1320846765050966016
1320846765050966016
1320850188077060097
1320855463735549955
1320855466738651136
1320855472296103938
1320855475521507335
1320855479346712576
1320855485860487168
1320855488100270081
1320855496845365250
1320855501375217666
1320861885667942402
1320865713347874820
1320868355004420098
1320886146994446336
1320899976709447683
1320973180211744768
1320973184427003904
1320977830071672832
1320977834303754240
1320977839798321159
1320979200124309504
1320980577806417920
1320990210616889345
1320991637036814336
1320991641398816769
1320995517904654336
1320998165416275969
1320998213021827072
1320999258401722368
1320999279566139392
1321003060462788610
1321005733052383233
1321005834428649474
1321007026839969798
1321008104956399627
1321009298915364864
1321009303638167552
1321014593783816194
1321014598573674496
1321018518863839233
1321018522919723010
1321019888203374592
1321022641436872704
1321022650131664897
1321023979923087363
1321026686192934914
1321029203635130369
1321029212350959617
1321030490158206976
1321031682481397760
1321034211411808256
1321034216008810499
1321035367408115713
1321036527867252738
1321036532023762945
1321036536234807296
1321037722287570944
1321037726620274700
1321040082363703297
1321041299525505030
1321043509605007361
1321043791860695040
1321043794951811072
1321046375971332096
1321047645872377857
1321051415582806016
1321052790232416256
1321056097566941191
1321056215951167494
1321060120416210944
1321061230606516224
1321061237250269185
1321062616782016514
1321063830001242113
1321064961754472448
1321064965709701121
1321066321216524291
1321067599183155200
1321067603708825600
1321070200155000832
1321070204387024897
1321070212901441536
1321073991583469569
1321075237052624896
1321075240655532033
1321076298844876800
1321076303387394048
1321078993454583809
1321078997581746176
1321081619759980544
1321081623199318016
1321084217170792454
1321085631288823815
1321085635554410499
1321085640641900544
1321086751230885889
1321087975825002505
1321087973153296384
1321089402429464577
1321091932848881671
1321094435728404483
1321096838682988545
1321098145879777285
1321098150401265664
1321099275145797635
1321102012939948032
1321103418254123008
1321104740080648194
1321104830455308288
1321106183860768770
1321106188482891777
1321107284370612225
1321109810654466052
1321109814454505474
1321109819575668739
1321112290406637574
1321113653224132608
1321114760168001536
1321114764081332224
1321117128834064384
1321117830792810499
1321118379994996741
1321119746977341440
1321119750840328199
1321119759396671488
1321122055060946944
1321122063785074688
1321123350631063552
1321124671589408773
1321125849681305601
1321125857059024899
1321127289451589633
1321129871968509952
1321132208648790017
1321133030359113729
1321133598083264513
1321133602378256384
1321138436267560960
1321139770039410688
1321139774808297475
1321141057086775298
1321141062052839426
1321141066440052738
1321142399473754115
1321142480629342208
1321143590270214150
1321143594422599680
1321143598671417345
1321144920028160000
1321147676143079425
1321151552510447619
1321151556440510465
1321152934843949057
1321152938379825158
1321157833388400641
1321157838102822912
1321157842703929348
1321159254070513668
1321163038519627797
1321164383184183296
1321165772203446281
1321165777324691458
1321167153391947777
1321168525210374145
1321169706439577600
1321172391897321472
1321177393604763655
1321177397731991554
1321177402563854338
1321178503203704832
1321178507846782980
1321181157434773505
1321181162350534658
1321181166280560640
1321182493878427649
1321182496839651335
1321187578750619653
1321190353031102464
1321191686744268801
1321195484044808196
1321195488352362499
1321195496430555142
1321195495725899778
1321204417258049537
1321204422303715329
1321205584583163905
1321209403295649792
1321210752473190401
1321210757493772288
1321212044822171654
1321212049456828421
1321213459774820353
1321213464971530247
1321216040945225728
1321216049426161664
1321216046062313472
1321216053943390210
1321216058045407237
1321216066295603201
1321216066295603201
1321220050976706570
1321262281825656833
1321263525042466818
1321264910253367298
1321273749761630210
1321276009463898114
1321287330746060800
1321287334357278721
1321287340204150787
1321330269039792131
1321331383315406848
1321331388902187008
1321332496328437761
1321338867019091969
1321341344422350848
1321345452965580800
1321346788557754372
1321348173730926592
1321348184065626112
1321353142571851776
1321358167717089280
1321359325252771840
1321360553214795777
1321360637419802627
1321360761386606592
1321360766159736832
1321361913054449664
1321363226551066625
1321365638284222465
1321368014172946453
1321368262001762306
1321373191458226177
1321373196059316226
1321375624422936576
1321376739797405696
1321378146252455937
1321378150409031680
1321378154615812097
1321379568327008261
1321380792703066116
1321382059957489664
1321382069134610435
1321384821986336768
1321384826071646208
1321385338523258881
1321385935603408903
1321387004022693901
1321387145156808704
1321388297340538880
1321389662297038849
1321390747728445446
1321391968392515586
1321393138594926593
1321393148359225347
1321394389202120704
1321394393174126593
1321395799549501440
1321395804121239553
1321395808386928642
1321397165957079043
1321398399183323136
1321399486560849925
1321399967769124865
1321402125520375809
1321403320049848321
1321404410505940992
1321405664724471811
1321405669677948929
1321410226915057664
1321412740456525826
1321412745405878272
1321416491972124673
1321417865111678977
1321421712626491400
1321422993097183233
1321425533108891649
1321427783290073091
1321429092378550273
1321433198161764354
1321433203123650562
1321433653449236488
1321434436588736515
1321438367024820224
1321440830872342528
1321440835972538370
1321442217735737346
1321443566250528768
1321443573166972929
1321444784473579520
1321447125989949440
1321449612914368512
1321450677478961152
1321451806032039937
1321451812210266112
1321455731925831682
1321455735876866049
1321457101219135488
1321457105849778177
1321458433804128258
1321458439277678594
1321461018212618241
1321461022138523654
1321461307175014401
1321462283378282496
1321463657948131334
1321465871068442628
1321465875241803784
1321467307948953606
1321471122735550464
1321471127504457729
1321473609840402435
1321476199386882049
1321476203698671616
1321477348680699906
1321478433029971973
1321479751152840706
1321482220402606082
1321484882103685122
1321484885782048769
1321485983381131266
1321488473451278337
1321488477905702920
1321489786201350145
1321489789883977729
1321491204018757633
1321491208477331456
1321492288632197120
1321494828786589696
1321498806077280256
1321499906012549120
1321501084490305537
1321502213643079681
1321506155475161089
1321507493462347776
1321508855596093446
1321508860335632385
1321511548809072641
1321511553166958594
1321514398704390145
1321518412821155841
1321519798203883521
1321519798124249088
1321522028286009346
1321522033000329221
1321524560039202816
1321525672536363008
1321528210241323008
1321528219158433794
1321530469209542656
1321531865019404289
1321535344651755520
1321541302329184262
1321542503678550022
1321543851283271683
1321543847797805067
1321547535605993475
1321550104931770369
1321551235372273671
1321555224465727490
1321556668384190466
1321566994659987457
1321566997067505669
1321567001953902593
1321569476773580802
1321569480170971138
1321573363224055808
1321573371973410816
1321574504519389189
1321576929154240513
1321576933247901700
1321576938167767047
1321576943272210437
1321576946443210762
1321578377594261510
1321578381897539590
1321578386192584706
1321578394623090691
1321578398821605376
1321578402814504961
1321578407168221185
1321578411761041416
1321578415854624771
1321585649716252672
1321586996930842627
