1319058543807504384
1319066107668549633
1319070606332223488
1319081188292689920
1319087988954071041
1319105333105709056
1319122713584324608
1319122712086851585
1319122715123527681
1319141576157921287
1319150646373814273
1319152140972134400
1319152154226163712
1319161271862890496
1319162504262668289
1319163010947186688
1319169366034874369
1319171404512845824
1319173310823976960
1319177837115572225
1319179392229232641
1319180264061489152
1319181613650116610
1319182373527953408
1319185391983955969
1319191407442186242
1319191435883720704
1319191435468570625
1319192959716368384
1319198202453725184
1319207226750414855
1319208768857661440
1319217107666669571
1319218625778167808
1319223871145467909
1319225413814669314
1319228000953634817
1319237202031816704
1319241287711793158
1319241286810013701
1319245057405427714
1319246526334586882
1319258643200704512
1319260151401095169
1319260160133660673
1319260898926710784
1319269170131984384
1319269911013765120
1319275254989033479
1319283556435202048
1319285077969305606
1319285077222645762
1319285077151367175
1319287336669118474
1319293373472096256
1319294147694596096
1319296791561539584
1319300899148267521
1319302438076223488
1319302438076223488
1319306745806786561
1319313759538741248
1319317535574077440
1319322800033857536
1319322821038833665
1319324341000146945
1319325090304110592
1319337932264800256
1319337931597877249
1319338673998123008
1319338673532510208
1319340944274108416
1319365859433979914
1319365863749943297
1319398315491020801
1319404368052080640
1319433050850295808
1319442872047968260
1319470021731622915
1319473042448392192
1319476061927768064
1319480594020114438
1319482863004372992
1319483621028319234
1319505514972258305
1319509291687157760
1319512330955313152
1319517632677203968
1319518922882756609
1319519892987666432
1319525890653642753
1319526536777764864
1319526679501484032
1319526900172267520
1319528358745677824
1319529707914825730
1319534998010105858
1319538734979829760
1319539511198711808
1319541045760241664
1319547840675328000
1319550829469306880
1319554614698586112
1319556101533278209
1319559171860254720
1319559263367368706
1319559910082945024
1319560512900825090
1319560621940158464
1319564442435280896
1319565942532280320
1319574210906292224
1319578045234241536
1319586341752082432
1319590111210766336
1319590866529431555
1319593148830666759
1319593148478312452
1319596146982113280
1319601966150873089
1319603693495422977
1319608234500653061
1319612753913532416
1319612981546713091
1319616533182775296
1319617295061340164
1319625431356706817
1319625549598347265
1319627855102357504
1319629643033477120
1319632377451302917
1319644461501190144
1319645974898368512
1319647477071548419
1319652751782150146
1319655029264056322
1319659574002126848
1319665284463067136
1319665599656722435
1319667857005961223
1319669380767154178
1319672343980089347
1319672404587778048
1319673901912346624
1319678446159712259
1319679166002962435
1319684484007153666
1319692800632434694
1319710751834210306
1319712996273364992
1319713785880391682
1319730363250413578
1319731135589605376
1319747753833103360
1319845101963776003
1319847367596716034
1319849641572270086
1319849642692124673
1319849642402734081
1319849647343570946
1319863227958939649
1319880600233365504
1319880599935516674
1319889646776614913
1319900215101575168
1319922132772704258
1319922900917510144
1319925910624260097
1319928943957475328
1319928943802257408
1319933462422355969
1319940269320654848
1319947039162175488
1319950075049791490
1319957629523943424
1319965933125980160
1319972716401876993
1319991602790662145
1320009725791133697
1320026330344398849
1320026328180162565
1320027076984963077
1320033121828507648
1320033120847122433
1320049716265091076
1320061798800891906
1320061798767276032
1320062560817844225
1320068594105987080
1320069339026960390
1320098698324529153
1320233834538029056
1320242894809292800
1320247424066199552
1320264035313590272
1320279895474425856
1320279895323410433
1320294996747145216
1320298763207004160
1320298776024723456
1320317661742551040
1320318430474588160
1320319927656611840
1320321429544570882
1320328203752361984
1320338052536016897
1320347852632133632
1320359163369836545
1320371253841170432
1320378051331543041
1320381075865194497
1320384092127494145
1320392395482189828
1320393913627217921
1320401459570159617
1320402216017186817
1320402971876855812
1320404478701469697
1320405999086338049
1320409026136604672
1320410525944131590
1320412802100678657
1320427144288391169
1320427903251828743
1320429402820366336
1320430157300174855
1320433181502377988
1320444150492368896
1320471320161824770
1320472086842953728
1320585298082975746
1320586810913935361
1320586812499308544
1320587564693291009
1320588321937084418
1320588320582324227
1320610975054237697
1320618530618904579
1320619290882617346
1320620048860536832
1320625335336116226
1320628346506661888
1320628828243447808
1320629110146801664
1320632125385826304
1320632871510560768
1320637416634368000
1320647995721994241
1320660069923627010
1320663100320698369
1320663846491688961
1320664583653249026
1320664621435506688
1320666870865928193
1320672165453352960
1320673665994862592
1320676684723605504
1320678201232904192
1320679716748222465
1320679716748222465
1320683022870564869
1320684999214059520
1320686502838501376
1320693310030270464
1320694831631523840
1320709919289581569
1320714432255840259
1320718174191525888
1320719712444207104
1320719736834084864
1320726523360456707
1320728024665436160
1320739343544233990
1320740864616927232
1320749928637976577
1320752191280394242
1320752189531455488
1320755965193523200
1320757080421183490
1320757460119027716
1320758212015128579
1320762760515489794
1320764990912188416
1320768029098201095
1320771050096021505
1320774079457251328
1320775583811444736
1320780867548176385
1320780867388772355
1320784629931118594
1320787672575729672
1320808048387104768
1320808798634889216
1320811717941776385
1320820790120632320
1320841161439911936
1320868318740422657
1320872110739361792
1320881923871432704
1320941535257600000
1320946823515832321
1320948334459277312
1320949096899878912
1320949846396882944
1320951363875020802
1320951364479045632
1320964791335342080
1320977820462493696
1320978564548857857
1320980077497192448
1320986886878470150
1320993668094898176
1321005760168529920
1321008021259100163
1321014056740933636
1321023098473353217
1321029136949891074
1321030652632928256
1321035917449199617
1321041236908716032
1321042002448949248
1321048785234071552
1321048861335539712
1321059352799776768
1321060111075495937
1321062386535702528
1321063866109972480
1321066083005140992
1321066713815879680
1321068426861944832
1321071172642025472
1321074452092825601
1321075977032814597
1321078209685954560
1321084246824538114
1321086516601434116
1321089538769510401
1321102390792200195
1321106907059359744
1321108084136312834
1321117489363865601
1321120504510664705
1321120504439316481
1321121239214268419
1321121978300977157
1321124258819543040
1321125963640541185
1321131070797078534
1321135606555152387
1321135609050791939
1321137090600542208
1321138625770409984
1321142571117281285
1321143128884236289
1321152576537169926
1321155981187928065
1321158215242027008
1321158252793630725
1321171073975652353
1321171080829087744
1321171716836642818
1321179031476338691
1321181037079236609
1321182029229248512
1321182267457372160
1321182799081209856
1321183563438575617
1321183563002368000
1321188197410447365
1321188369527939074
1321188671182307331
1321192616101400594
1321202434581139458
1321211502037213186
1321249210059149312
1321253022811459584
1321289226646900743
1321295266159480833
1321314897813295106
1321314897360289793
1321326979258421248
1321341324591800323
1321348126557556736
1321349622305038338
1321355901366865920
1321356466939416576
1321356575978696709
1321357147528114176
1321357192646328323
1321357926523654145
1321357937160474624
1321359439472058370
1321367757162688513
1321373043273465856
1321379844073160706
1321379842454097921
1321383617076015109
1321388147071197185
1321388911994744835
1321390417443774467
1321397275046928384
1321404981178736640
1321406255630602242
1321417080839852032
1321418600398364680
1321418597978247168
1321420814017826816
1321421598239444996
1321426893443420161
1321430665829797890
1321431387807895554
1321431424130551810
1321440099142373377
1321445021850238976
1321450300146929664
1321450299710709765
1321450302520872960
1321451800743026688
1321454818750332931
1321454846445322246
1321468423885475842
1321477489454174208
1321478228607930373
1321479006470971393
1321488012627333123
1321498614955446280
1321500131074736128
1321500873185464321
1321502388801445890
1321514470636769280
1321517486106275840
1321519732277846022
1321523520615141376
1321523520409620480
1321529563273482243
1321531841099276290
1321533343519956993
1321538625184669696
1321540102192046080
1321540893799755776
1321542256751448064
1321544630408761347
1321552181221183488
1321573346258157568
1321578632897302529
1321578632544952326
