1334271178056359937
1334272402189115397
1334272439241601024
1334273587885248514
1334274446820073472
1334277365405462539
1334279708356317186
1334281473432678400
1334283077510713344
1334284079064354816
1334284235520225280
1334284420673638400
1334285242769809408
1334285363477671936
1334286594757566464
1334287686346092547
1334288418377969668
1334288583574876166
1334288868581969923
1334290070791221249
1334357442893791234
1334363602753564673
1334364237796237312
1334366398408232962
1334367403116027907
1334368129078726656
1334370207612153859
1334371407799734273
1334371623818956800
1334373609767309313
1334374360627486720
1334374776794714116
1334375717740683264
1334375977993039873
1334377726757756929
1334377966013394944
1334378010556948480
1334382119519449088
1334382454174605313
1334384142621044737
1334384995121700864
1334385967927611393
1334386204385697792
1334388606228717568
1334388944738381825
1334390527924592640
1334391206789459972
1334392666629476352
1334393451304144896
1334397209949966336
1334397727967473666
1334399024116404229
1334399722392604672
1334401477775937538
1334402993110790146
1334404161702596609
1334404251339157506
1334406802969124866
1334408781212635138
1334409093776281600
1334409272386596870
1334409920205250560
1334410217199689728
1334410764413788161
1334411436274167808
1334412052782325761
1334412170776489986
1334412732049874944
1334415596793040898
1334416904572776448
1334419421503303681
1334421765544611842
1334421991307276289
1334423343345393667
1334423377952481280
1334423385024192512
1334426390549164034
1334426918280699905
1334428225905315840
1334430197148315649
1334430953637294081
1334431433398554626
1334431947632898048
1334432382083010563
1334433135875026945
1334433590780833793
1334433617569779716
1334433617569779716
1334433617544683521
1334434703412236288
1334435456956551170
1334437254920597504
1334438688231714818
1334439130378481665
1334439733217406979
1334440307962875904
1334441496922058753
1334442783382376448
1334446439024488449
1334448838044774400
1334450410501910528
1334453047108509699
1334453510067326981
1334453576760872960
1334454239800815616
1334456466196066306
1334458609531453442
1334458915657035778
1334459020862603266
1334460238557290498
1334461011731095552
1334462780817203205
1334463643014979584
1334464093550485506
1334466441593167872
1334466839943000072
1334468676456751104
1334469270248546310
1334472450982125569
1334473054454509574
1334474459667902465
1334474970328494080
1334476770985316360
1334478102269923329
1334479443113480193
1334481887721639936
1334482636446834689
1334484650761261057
1334486292617281536
1334487358465593344
1334487843692011524
1334489801727340544
1334492560140668930
1334494854223630341
1334496466346369024
1334497258478444548
1334497921056862209
1334500187650265095
1334503481051320328
1334503648513167366
1334505177848680449
1334505176351313922
1334507137066807301
1334507246856904706
1334509181886455809
1334510571622969347
1334512510452576257
1334513454112272391
1334514002253262850
1334516703414325256
1334517633236996099
1334518252911947779
1334519577481531397
1334521569876520960
1334524196018413573
1334524954315026432
1334525413452812288
1334528369749323776
1334530107847929861
1334531047363653633
1334531519222837252
1334531554299826176
1334533739469279233
1334533824575836160
1334534630071021572
1334535295191093248
1334535344050622465
1334536102728916993
1334536115806679043
1334538338045452289
1334539502547853315
1334539783859826689
1334541645539385347
1334542502683152386
1334543626945359877
1334543651012227075
1334545187096367104
1334545262103158785
1334545561295446022
1334545991622684680
1334546672765071362
1334546888096354307
1334547322206818309
1334547373704552453
1334547673534357510
1334548266810269701
1334549628121985026
1334550340914515976
1334550866691493888
1334550889957380097
1334551226852253698
1334551430192095233
1334552228749860864
1334552728421404673
1334554426254766080
1334554783500414976
1334555498155270149
1334557071891701763
1334557751486390272
1334558137194602496
1334558627923947521
1334559132993679361
1334559514528526347
1334559681856024576
1334560429511766016
1334560706843258881
1334561034560921600
1334563054458195968
1334563359530881025
1334563551139291145
1334563805767081985
1334564802702823426
1334564927911178243
1334566042543263750
1334566066371039240
1334566259485241345
1334566710368722945
1334566900135829505
1334568042999713796
1334569087721148419
1334569239135576076
1334572112800002051
1334572416098594819
1334573753293017091
1334574336804532230
1334574735619989507
1334574982081499136
1334575038264188931
1334577538228695040
1334578903860580355
1334579616812560395
1334581532728627207
1334582025622269957
1334583741344342018
1334584431303122945
1334584892043251714
1334584910120685570
1334586688149053441
1334587338803073026
1334588292738781191
1334589056609636353
1334589344905097216
1334589723764027398
1334590561165176834
1334590730308734977
1334590832171773965
1334593246782238726
1334594197651927040
1334594382918508545
1334594936226910208
1334596808564224014
1334598280089640962
1334599083013660673
1334599250634797064
1334599975142092801
1334600796499918848
1334603311736041472
1334603481848684545
1334604320075988993
1334604561819070464
1334607441263255556
1334607675074760719
1334608094664433664
1334608574836826114
1334609661606158337
1334610840935407620
1334611542512455684
1334612386326654978
1334613256070107136
1334614134428614657
1334614386254614528
1334614830595104775
1334615141275463681
1334616379941597186
1334617060320681988
1334617405113442309
1334617464748068868
1334623949057998848
1334624215648100357
1334624570486222849
1334624776065781763
1334624935864635398
1334625482118213634
1334627723898044416
1334629879267160066
1334633640731549698
1334636339451613188
1334637659524915201
1334637659524915201
1334727491584487424
1334728140820803585
1334729038640898050
1334730171287527424
1334731464043352068
1334733307179900928
1334734501315010560
1334735672725409794
1334737775678074881
1334738229430456324
1334739614318399489
1334740970215235584
1334741188948189184
1334741990722953216
1334742970873106432
1334743905678614528
1334744074163777540
1334745483475103745
1334745712446345216
1334745941149102080
1334750697284374533
1334751149363240961
1334752982978748416
1334753050150514689
1334754333209071617
1334757519466573824
1334758235430064128
1334759382920400896
1334759866389438464
1334760527625596929
1334761295636291584
1334761866824970240
1334762443818602496
1334763906066227200
1334768052047654914
1334769649611845632
1334772148624379904
1334773355149471745
1334774633384595456
1334775680836440064
1334776078355861504
1334776395856285697
1334777096636428290
1334777824406884354
1334779611813699586
1334784587264880641
1334786036862476288
1334787497449189376
1334795989069291521
1334797336942419968
1334798825521901569
1334800609204121600
1334800751449792515
1334801290220761089
1334801711534313473
1334802832608948224
1334803426761469952
1334803867188518912
1334805085298286593
1334806354003972097
1334807711079395330
1334809182646788096
1334810176356945921
1334812786753482753
1334812880340983809
1334813996264919043
1334814202674835456
1334815315860090880
1334817918169788416
1334819021196234752
1334819739445710851
1334820391550857217
1334821692632403971
1334822988038991874
1334825488884396033
1334826282429739010
1334826822303948800
1334828052916867075
1334831567340859392
1334831793313341445
1334834311976116225
1334839297619451911
1334845828880592899
1334846724490276864
1334848428401176576
1334851034540371968
1334857243024642049
1334857916617285636
1334860921005596672
1334861547487817729
1334862239690600450
1334863469385015297
1334870023626690577
1334873775645536262
1334875292410712068
1334876541378043909
1334879861500993542
1334882544630833168
1334884537621487618
1334886261132320770
1334888270589808644
1334890566790811652
1334893539222835200
1334894421398188033
1334895513490092033
1334896771202490368
1334897985856147456
1334898370859700226
1334899327760814080
1334900773130387456
1334903011253121028
1334907251593711618
1334909325047980041
1334910547641458695
1334912414819737600
1334915393903861760
1334917667514413066
1334919616817205248
1334920195496927233
1334922125296209920
1334924612757573634
1334926594029314051
1334927446739734529
1334927728555012097
1334927957031268354
1334928405402423298
1334928529667055618
1334928808542138371
1334929108661379080
1334929166446243841
1334929646815748101
1334929862553964547
1334931014909652999
1334932214413488128
1334933535493402624
1334938686014836738
1334939866669395974
1334941122616061952
1334941757377826817
1334943415218429959
1334944156834291718
1334947695883063301
1334951441329516544
1334952683766157316
1334953988362543106
1334956542001618947
1334957963547701251
1334960883173351432
1334961968004915200
1334963393942462469
1334965333548032004
1334966602501066752
1334966907791872000
1334967195990945793
1334968146730553349
1334968718418464770
1334969268149096449
1334971851961995269
1334973013100531712
1334977124776730624
1334979337272102917
1334980629927243777
1334986464300560386
1334986841561378817
1334986896309686273
1334986927750193157
1334987464558129153
1334988669556551684
1334994704778338304
1334997079425490946
1335003429345832962
1335005905595883522
1335098822402379776
1335100334616809472
1335100949539532800
1335101531608199170
1335103342394159109
1335107859982528512
1335109693711282178
1335110555087069185
1335111665596108800
1335112848129847298
1335113505104650240
1335115416281223168
1335116818097254401
1335119665748701185
1335120299726147585
1335124256762507270
1335126831616364544
1335128093988675584
1335129197996597249
1335129255945101313
1335130556829478912
1335134196076064769
1335134283107885057
1335134400565059584
1335134730044510209
1335135804927119360
1335140928588275712
1335140928588275712
1335143307769491457
1335143886960914433
1335144817488252929
1335149703810441217
1335150291759591424
1335151044293259269
1335151173171605504
1335152285635194880
1335155102617915394
1335155297388736512
1335155411146698753
1335155480277225472
1335155634619232257
1335157566167523328
1335161351501713409
1335162027204087808
1335163906298437634
1335166476752478210
1335168789122433025
1335169040742944770
1335171339079061504
1335171809033871360
1335175079047651328
1335175797947191296
1335177047514247168
1335177595093127169
1335177611828400131
1335178981872726016
1335179197707333632
1335180331012550656
1335186726814363650
1335194366982369283
1335195684065189888
1335200783118249984
1335204037910818818
1335204551134224386
1335204776527552514
1335205879793250304
1335207068169609216
1335209447799578624
1335211836707397634
1335215521936142346
1335216014045425665
1335216698862030848
1335220630807928833
1335220930163978240
1335220942528782339
1335220959524040710
1335220981732945922
1335221035675906050
1335221072577310721
1335222048843591682
1335223685905518592
1335224987729465345
1335226156296105984
1335228432192434177
1335228909382737920
1335228934464696320
1335228962709135360
1335228974495096832
1335229187137761280
1335229955685445634
1335232503964196866
1335232508326256640
1335232688446443521
1335233049513119744
1335233078609014785
1335233960314540032
1335234481674997761
1335236242955530242
1335239206000586752
1335242257738428422
1335242271634100225
1335242295680110592
1335242554598715395
1335243736285057024
1335244789919473664
1335245294494248961
1335245690084188160
1335248252011241475
1335252840789520385
1335252843263975424
1335255978732900355
1335256370380234752
1335256968387293192
1335257923614806023
1335257947912478723
1335258146617643012
1335259454191886340
1335262024046145537
1335262155650772993
1335262700960616448
1335263166876495881
1335263231028436992
1335265405317881858
1335265428348788736
1335266126679445506
1335266154219245574
1335266889090674688
1335269409603153920
1335270348808392704
1335271225124384768
1335272772629635072
1335272787200577536
1335275692041375754
1335277066355347456
1335284404567101441
1335284686541762561
1335285047792955393
1335286158910230530
1335288588234334209
1335289324716384258
1335289830595567619
1335291044091613192
1335293371691229184
1335293607377596416
1335296345633148928
1335297849937059840
1335298125649604616
1335298539442888704
1335298725414055941
1335302024892649473
1335302379311390722
1335302984096509952
1335305386904186883
1335305821358608388
1335306330521923586
1335307758648909833
1335309587575091201
1335310497390977026
1335313848631439360
1335317431510847488
1335319280703787008
1335323010622959617
1335327821049245697
1335327989211521027
1335334211973214208
1335334654275186688
1335337769313431553
1335339059112275975
1335339429024706561
1335340119356829697
1335340923295698944
1335343081374224390
1335343167705665537
1335344337799012354
1335346209758851072
1335346457751261185
1335347236318928898
1335350258646265868
1335353303727808515
1335355174936842240
1335357289100963843
1335359820371791874
1335363905644847105
1335371402036318209
1335390470227243008
1335462956713250817
1335464405228802051
1335465849243766785
1335469318574923776
1335471115028877312
1335476805483040768
1335479714128007168
1335480651483672577
1335481816866824192
1335483302845800450
1335487738737553410
1335488592223809537
1335491044146892800
1335494938528600064
1335495183631327232
1335498263303233537
1335499600715780103
1335501094722686976
1335505972148768768
1335509366712266753
1335510315774193665
1335511358662713344
1335511425956139009
1335512695798452225
1335512938971541510
1335512995183603714
1335514426397646848
1335516329013620736
1335517556938059778
1335518573721227265
1335519961821966336
1335520615546167298
1335521506684788736
1335523340635795457
1335523763614609408
1335523785831804929
1335524385436749825
1335524382307831808
1335524985323069441
1335525724871143425
1335526447788724224
1335526980582838272
1335526980582838272
1335527757720248322
1335527980987260928
1335531670481612800
1335540546635501570
1335544312667508736
1335544735566532608
1335545676537720833
1335549265674964992
1335551836699373571
1335553055824207875
1335555802313134080
1335563286306316293
1335569189634007046
1335569288430809088
1335570436034158592
1335571013250277376
1335573271589363715
1335574730313781248
1335577733842210817
1335582083301994496
1335582468695609345
1335584977745014785
1335587261342244864
1335590217730953217
1335593136542932992
1335594324457902082
1335594907453583361
1335596747779878914
1335597728143974404
1335600220198100993
1335603509308305419
1335604316825133056
1335605406492741632
1335609123359088649
1335609518055682056
1335609530374348801
1335609547399041026
1335610471630692352
1335615441256009728
1335616588138090511
1335617175781040128
1335617199197851655
1335617214494494721
1335618977939283968
1335620314437472258
1335621000747225103
1335622247571218434
1335624178821705748
1335626676051570689
1335628592458444805
1335629715596570626
1335631340998455298
1335632039295463424
1335633202363445250
1335633442810322945
1335634364638572544
1335634552224669698
1335636836950138884
1335637577601327105
1335637810620080129
1335638660046352384
1335641336700149760
1335641559044415490
1335643331112656896
1335647390892748806
1335648522037813250
1335654963205337091
1335655431440625664
1335659774495612935
1335661236747448326
1335665616456478721
1335665712367620097
1335667490517561345
1335667546532536325
1335670246460502027
1335671363131088900
1335673173921173506
1335674063042326532
1335676433130205186
1335678884700954624
1335682601382780933
1335685430923173890
1335689340022890499
1335691685960044544
1335692885132537857
1335698138045308939
1335699806379978754
1335699846238507009
1335701638997307392
1335705518808109057
1335714453157982210
1335717014296530944
1335718334793396225
1335718351155437570
1335725905344393219
1335733395637334019
1335809900971167744
1335812559690141697
1335817612282966019
1335817992479895555
1335818905210793985
1335820748498284544
1335821157405167616
1335824326940102657
1335825283144933377
1335825607972806656
1335826152838062080
1335826795753566209
1335826846915694593
1335827877691056128
1335829477167947776
1335831296489218050
1335832205352955904
1335834420109078528
1335840433428172800
1335841565915410432
1335842272412393474
1335842653666226176
1335842681633779712
1335842747589292034
1335842992805064704
1335846637655224320
1335852695152955398
1335856867722063873
1335859512192999424
1335860243667030016
1335860856127705088
1335862085385932807
1335862862632394753
1335863052558884864
1335863084985028609
1335863279764336641
1335864595861409797
1335866783446814720
1335866970571501571
1335868161296658432
1335869017085648896
1335872901363462145
1335872929184313344
1335874816428142592
1335874843812749313
1335875140261978117
1335875837145600000
1335877207072395265
1335877926848434177
1335877962185334787
1335880784398454785
1335881706683953154
1335881737147011073
1335882411918454784
1335883739851870208
1335886289091125248
1335886386612854787
1335887361394282496
1335889790064013318
1335892082427359232
1335894189419208706
1335897939617730560
1335900413623721986
1335901078622236673
1335901829436219392
1335901842476326912
1335901996176568320
1335903019712606209
1335903305835352066
1335905428803301377
1335906902752935938
1335911693571018752
1335912452140228615
1335913354200813569
1335914425178599425
1335915710774726658
1335915779582283777
1335915811630964736
1335916852074213378
1335916949537218563
1335917212843053056
1335918143487807489
1335918735597719553
1335919485832679429
1335919514794520579
1335920699744063495
1335923260643414016
1335927011156631553
1335928293820780544
1335928417196380160
1335929180295458818
1335930912060661763
1335932186533502979
1335933727097167872
1335934571989397504
1335937101850947585
1335937404507738113
1335941180673036290
1335942270135234561
1335943045464907777
1335943393243922432
1335945091089915904
1335946153070825474
1335946153070825474
1335947019484016641
1335947031572078594
1335947054175166466
1335947337932345346
1335950482100146176
1335951417459306496
1335952687872028678
1335953856077967361
1335954719261396997
1335955377880502273
1335956316116963328
1335956944197185536
1335958060825776130
1335959247738163200
1335960093268041730
1335960425763123205
1335961088802877440
1335961726836224008
1335962724761808902
1335963365043294214
1335964307704700928
1335964635497947144
1335965035991080965
1335965842819969025
1335967529848680449
1335967809101295619
1335969058164977664
1335970266699206656
1335971075885158400
1335971534020685825
1335972728814379008
1335973465329987585
1335976261559193605
1335976616770539520
1335978948849782786
1335980253223776257
1335983500382580743
1335984204342063108
1335987131181899776
1335988236221636609
1335988253627994114
1335989178476146689
1335991837853675526
1335994456684761088
1335995625960247302
1335996241558298625
1335996334390784001
1335996999808716804
1335997408740782082
1335999144129859584
1335999314393493519
1335999395985317895
1336000797809799170
1336000837265526788
1336002524063686659
1336002703441408000
1336003389113700353
1336005835802238980
1336007256429588480
1336008408051355652
1336008458760572929
1336008824906543104
1336010843113336835
1336012592318455812
1336013063066103808
1336013790970830855
1336014109112893441
1336016084734980102
1336017884120682498
1336018704077873156
1336019079547801600
1336019921944408064
1336021621199540230
1336021631995682829
1336022361523580935
1336022951012036608
1336024879632683009
1336025433804967936
1336025567729246216
1336025623341510657
1336028187193716740
1336028962636566531
1336031339339014150
1336031383639224322
1336031402920464385
1336031473736945664
1336033302562664448
1336034248717897734
1336034745424240641
1336036544050831361
1336037717906501632
1336039526800605187
1336040437832945668
1336041082333835264
1336041791531806720
1336042692338479112
1336043285660512264
1336043797449465858
1336044201843232768
1336044782062284801
1336046824780513281
1336047063415595008
1336048083050754048
1336049285260042246
1336050347979251712
1336050477377712135
1336051159740657665
1336051914421768201
1336052739332313091
1336052800543989761
1336053464699383815
1336053619918041088
1336053619775266817
1336054499933368327
1336055538359169026
1336056733882527749
1336059407621181442
1336060442276470784
1336060666042572804
1336061111037288449
1336062930962550786
1336063223322259460
1336063434396491777
1336065447574319108
1336069222753918976
1336071869884198912
1336074497691164676
1336087188409380868
1336177466180820995
1336180002036080640
1336180455305932802
1336181328274972672
1336182567947657217
1336182956356939777
1336183106139811843
1336185042528317440
1336186180489064448
1336187442039296000
1336187555960786944
1336188943423959040
1336189498955354114
1336189612855881729
1336190348389986304
1336191140618498048
1336192380484145153
1336192534863884288
1336192617944592384
1336196367342067715
1336197947353128960
1336198289788690434
1336198936386801666
1336205220347596805
1336212390770339840
1336214131389685760
1336215337185005569
1336221771666690053
1336222463018086401
1336223387727896576
1336225699640774657
1336227080095363074
1336228367897604096
1336229579221045250
1336230283817885696
1336230842935422976
1336231675693510656
1336233303406350336
1336234588327260160
1336235317112651778
1336237020646141952
1336237660487217158
1336238358817894400
1336239624298041344
1336239846596079618
1336241724813873159
1336241744078385152
1336243394021089282
1336244065139118080
1336245047126265857
1336245383215816705
1336246098176913414
1336247615021850624
1336247869951631361
1336247940814426112
1336248095663919104
1336248252048547841
1336249693718851584
1336250795453526017
1336251242750881794
1336253595851878401
1336254480866742272
1336254945167888385
1336256245444046848
1336257489399111681
1336258689028730880
1336260025610801152
1336261044386344960
1336267519104065536
1336270069328908297
1336276397183168512
1336276397183168512
1336276992719728640
1336277733366779906
1336281873622904836
1336284865466163201
1336284890757816320
1336286359032635394
1336288203242926080
1336289125301972992
1336289674973696001
1336291504940265474
1336292487456026624
1336293143864553476
1336302989804494852
1336303071375351808
1336305624267808769
1336305648833867778
1336308084856262657
1336309408679272451
1336310089515413504
1336311195540787200
1336312172880809985
1336312756597874691
1336312785752436740
1336312938756526083
1336313283733762048
1336314801233031170
1336315403358760965
1336315780787363841
1336316649280978945
1336317487789457410
1336318091832147969
1336318934891417603
1336319115913383936
1336321587629342725
1336323236909305858
1336323386692124679
1336323908425773056
1336324877234569217
1336325159402184708
1336328615982559233
1336329527635529731
1336331841297473538
1336333913120153605
1336334360732000262
1336334798105632772
1336335039907262465
1336336039904866306
1336338288135733251
1336339041789198346
1336339302649761796
1336339502952894468
1336340095658442760
1336341045076848643
1336342311433715714
1336342332333989891
1336344102103900160
1336345039916720131
1336346266708619268
1336348059958173696
1336348608287956992
1336348829122256899
1336350025656528899
1336351376264351744
1336355634032291840
1336356356996083712
1336358575506149382
1336358832935596032
1336358873146544131
1336361372301615104
1336362887175168002
1336363227761025028
1336364090911051776
1336366040150892544
1336366088892919814
1336366090448990210
1336368695593988096
1336368997466509318
1336369273703256066
1336369732463767554
1336370457809989639
1336370940737941505
1336371559544594436
1336372169274761216
1336372718497914884
1336372759488819204
1336373348817887232
1336373984821129218
1336375182957694977
1336377186002083840
1336377990251499520
1336380200444186632
1336381396995158025
1336381614239199240
1336382796768669696
1336383788885086208
1336384175553863690
1336384189147516940
1336384769677021185
1336387067195117575
1336388084171149313
1336388829062762496
1336390505714868224
1336391096763604993
1336392001525321728
1336393406579437573
1336394612668313603
1336395740332122114
1336396954344058880
1336399398054604807
1336399444313600000
1336400178136420353
1336400434966237186
1336401010835812352
1336402485477564416
1336402496013684739
1336403176526909445
1336404431210868737
1336404694143471616
1336406290843754503
1336406864544870400
1336408290062905353
1336408457986138126
1336408972023259140
1336409444859711492
1336410988418101252
1336414245727002627
1336415255694458880
1336415756154769410
1336415849004019714
1336417288493338627
1336418553629650944
1336420004707917827
1336422101750849538
1336422607592288256
1336423799760310276
1336424387248087042
1336424785480462342
1336425530036547587
1336426376015056903
1336429093680721923
1336429346467274761
1336430241284313102
1336431358818676737
1336434127193698304
1336434831346061314
1336440582479212546
1336443690148040705
1336443733487849473
1336447472303026177
1336452457283596288
1336456585690877963
1336464076709498883
1336539140087803911
1336540605447630849
1336541700458680321
1336544277225222145
1336545489513312259
1336545546681643009
1336547893650608128
1336549117984722949
1336549359513690113
1336550577602514945
1336552445221212160
1336554976450109440
1336558016792064000
1336560929740349440
1336563939136708611
1336564795542212608
1336565949982445568
1336566146879938562
1336573494050631682
1336574749099630592
1336574948782067712
1336575307269206016
1336575644050788353
1336576180808519680
1336576554122563587
1336576817004732416
1336577336343486464
1336578631104081920
1336580321123446784
1336580358276575233
1336580980530933760
1336581507813679105
1336582433928523779
1336583127842615298
1336584589049999360
1336584614668808194
1336584657366814721
1336584934459383809
1336586278452797440
1336586373151776769
1336587629840699394
1336593326007607299
1336593929786060803
1336594159323451393
1336594290416488450
1336594380665262080
1336594966798282752
1336594966798282752
1336595712621031426
1336596348783775744
1336596377997078529
1336597802231717889
1336600021207281671
1336601561288626176
1336602165570379776
1336603080847216641
1336606120580968449
1336606981776347137
1336608058487824384
1336609207647424514
1336609962508898304
1336610470103552001
1336611695477862401
1336613016415170560
1336614517908922369
1336615802615771141
1336616040739065857
1336616994574053377
1336619991651770369
1336621127599337473
1336621151049674755
1336622570976718848
1336623470277496834
1336624544115793920
1336625680889638912
1336626865377849344
1336628133072662531
1336628929046646785
1336629338104532993
1336634716909428738
1336638317086072832
1336638740295544837
1336641417905647618
1336641434057895936
1336642140055756803
1336642253742338049
1336643003579035652
1336645919849254913
1336646927602036738
1336647646736494593
1336648637640740867
1336649743645151232
1336650473005256705
1336653944555188224
1336654646157389825
1336655028808015872
1336656381185826816
1336658762363510785
1336659465601503232
1336662845719719944
1336662864849895429
1336663856828002307
1336664567783550979
1336666868615163907
1336667433948557314
1336668008303955973
1336670220665167872
1336671412560465928
1336674265110900743
1336675466430836741
1336677859818151938
1336678684497993728
1336679452705763328
1336687945328242691
1336690406910816258
1336691143929704452
1336694339779571712
1336697053657899016
1336698226427244548
1336698950963916803
1336700778724134913
1336701376991285250
1336702129902399489
1336702163326824449
1336703401489354752
1336705360745345027
1336705857321623554
1336708763114500096
1336710201999810560
1336710980236140549
1336712173742137347
1336712209246814209
1336712209221693440
1336715127886729216
1336718501034119168
1336719603179905024
1336721112592506880
1336722480258568200
1336724883234025473
1336728567028203520
1336728932356415491
1336730133168861186
1336730166173831173
1336730225967853568
1336730251079061505
1336730285115904009
1336731392491855878
1336732242501120002
1336732278769266691
1336732629681524739
1336734845020631043
1336735016903204864
1336735294243155974
1336737375200763904
1336737684879007746
1336739826679377921
1336741973017890816
1336743568401195010
1336743666631643136
1336744391868813312
1336745325432868864
1336746326013390849
1336746923664019457
1336747857697796096
1336749107260624896
1336751402119520259
1336751739639377923
1336754558786293761
1336755501217046529
1336755710240108544
1336756445388402694
1336757969178988544
1336758213983821824
1336759805369835524
1336760227048329219
1336760431776567296
1336760664094887936
1336761904887369731
1336766316275908608
1336767060521652225
1336768250324115456
1336771726651379712
1336774536214286337
1336775632026558467
1336776706317750277
1336776763381256194
1336776802266701825
1336778106623979520
1336780675261804547
1336783806485979137
1336788269669838848
1336792087371653123
1336795266293358595
1336798039722369024
1336800093119373315
1336802425680879616
1336803065320628227
1336804813338710018
1336806071592243202
1336807460389195776
