1324242031196229634
1324242206945955842
1324245321854103552
1324247279730151424
1324250572376150016
1324252610321387520
1324255589908832256
1324256384544837632
1324258808101830657
1324260564458196992
1324261568113188865
1324262408102301696
1324263161449615360
1324263728016216065
1324265504983425031
1324265809045278721
1324268364110405632
1324269181433466880
1324270320279322624
1324272742531825670
1324275267792261120
1324277420791373825
1324277775507709955
1324280241163014144
1324280795327070208
1324283135639670785
1324283312047837184
1324284390621564929
1324285353705000964
1324285828592361472
1324287468200407042
1324287729610465281
1324288345162305536
1324290462816051200
1324290566822236161
1324290862055067648
1324293008594972673
1324293882037719040
1324294978001117184
1324296398368468993
1324297121823100928
1324297550560636928
1324297909303652352
1324299266047827968
1324301683510317056
1324305049414152195
1324306178709639169
1324307974546882563
1324308925446082560
1324313182618398720
1324316783109500928
1324316954983833600
1324319299192934403
1324320167896252416
1324320756319293440
1324320787768160256
1324323119780237314
1324323577391280128
1324326070825472001
1324326445489991682
1324329205325287424
1324329569739067393
1324333010825715716
1324335792853032962
1324336349827211267
1324339861625671681
1324341948874813440
1324344528648753152
1324344591282282497
1324345883962597379
1324347938584317954
1324348995188232192
1324349565303140352
1324351732596514818
1324353464261087237
1324353932404137984
1324354170112061441
1324354279298240513
1324355905299861506
1324356142869471233
1324356695234142208
1324357847686238208
1324358898237739008
1324361449309982720
1324364103033511939
1324367268587909124
1324368688888356871
1324369857920598017
1324372147515523072
1324372211852058627
1324374165210779648
1324374796084350989
1324377180743168001
1324378200663859200
1324379147247013888
1324380956384514050
1324381377886932999
1324383600947666950
1324384730515648512
1324386163076063234
1324388507528450049
1324388706631995396
1324388706631995396
1324389945268752385
1324391981204779008
1324392280216739841
1324395853768019969
1324396057640398848
1324399869616885762
1324399967637831682
1324400001590661120
1324402797241159681
1324403607169622018
1324403696332165121
1324405486179987457
1324406746824269826
1324407304784150529
1324409516771975169
1324410615134363648
1324413293977632771
1324413660605915138
1324414290867216384
1324415555688898565
1324416548979748864
1324419516126928897
1324420623897153536
1324423251423039490
1324423485804871680
1324424947587010562
1324425468389576704
1324425810044997634
1324429970035322888
1324430024594903040
1324433230607618048
1324433805319544837
1324434008000864257
1324435591262543872
1324437578464964608
1324439588673343497
1324443044633104396
1324444802809843713
1324445836735094784
1324449083105419264
1324450895803912197
1324451281671507969
1324453936556843009
1324456457496977408
1324457396551516162
1324458741274738688
1324459584153595911
1324460228428013568
1324460343549198344
1324462478621921287
1324463168849137666
1324463700414210055
1324464003855339520
1324464981631488002
1324467777667764224
1324468815414104064
1324471478847475721
1324471557423427584
1324474632762806275
1324474677306314757
1324475327502979072
1324477118097534977
1324479103140061184
1324479582435741698
1324482877103493125
1324483483172044801
1324483508514017285
1324486400100638720
1324486556565020673
1324488166544445441
1324609209040801799
1324610640711921666
1324611776336531456
1324614242662707201
1324615399909056512
1324616468521226240
1324618663325040640
1324618772414693378
1324619538357460994
1324620030634610688
1324621214988619776
1324622041069346817
1324622585854894081
1324622657405521921
1324623811032059904
1324624868076302336
1324626658004000768
1324630069348831232
1324630098989981696
1324632148171804677
1324632613684940801
1324632899921039360
1324633871938445312
1324634443915710464
1324635130271420416
1324637653623398400
1324637708271161346
1324638685929885696
1324640163759181824
1324641090960564225
1324642375315185664
1324642680236773382
1324642689405587456
1324643969842761728
1324646757461037056
1324649365428948993
1324651210062893062
1324651991306510337
1324652417552650240
1324653985169612801
1324654438024445952
1324655262985154560
1324656111363018752
1324656521330925568
1324660848099495936
1324663936986349568
1324665521493729281
1324665728360960002
1324665931273064449
1324667852754804736
1324669395143196672
1324670362408251393
1324672074338717696
1324672879376568321
1324674392220180481
1324676527951400961
1324676769828491264
1324677912184918016
1324680428800757767
1324682945383157762
1324683208307445768
1324687328359686146
1324688087449063427
1324689488497594369
1324691785478713346
1324692815876640770
1324694056178515975
1324694580902666242
1324695515380940807
1324697500058570753
1324698088120995843
1324699360211468288
1324700831111913473
1324704061975920641
1324704930138083328
1324707999798202370
1324709373399191558
1324711724747018241
1324712885298364416
1324713962441789446
1324715670970552320
1324715985878867968
1324716417204342786
1324717726586253313
1324720075539156994
1324720695226478594
1324724473573027843
1324727672220622848
1324727887015124992
1324729472692719618
1324731764024184835
1324731767052554241
1324735794142093312
1324736228424560641
1324739568357281792
1324739765565083650
1324741044903227392
1324743349904035841
1324745553419374592
1324745939085570050
1324747118226018304
1324749397561905153
1324750894966083585
1324754668627521536
1324756323406368771
1324758447540248577
1324762490945888256
1324765996276699146
1324767227107827712
1324769767341871109
1324769771984982025
1324771200820744192
1324773638659256321
1324776378479316993
1324777317772615680
1324777859081228291
1324780811728683012
1324781094504484870
1324781566942498825
1324784867217862656
1324785892498833416
1324788647862935552
1324788920412999680
1324792417111875584
1324792483050565640
1324793632080224257
1324793799839723522
1324796192883011584
1324797215991353345
1324797215991353345
1324799966565429248
1324800329301561344
1324802482955001856
1324803358100725770
1324804806758772752
1324807291623903233
1324807862720335889
1324808027912998923
1324810199878848512
1324814090079010816
1324816501543706624
1324816754485403650
1324818842279796736
1324818913021120512
1324822616109101056
1324822722409603074
1324826391985168388
1324827160184578052
1324830165294321665
1324830429132791809
1324833942491463680
1324833995889254401
1324837715632820224
1324838222841729024
1324841490602930177
1324845264742490112
1324848788117184512
1324851556412542984
1324984939436142592
1324987565531918337
1324987763570184194
1324989439471476736
1324992517239136257
1324996639346536448
1324997635326046208
1325000115745136641
1325001369498038272
1325003847853625346
1325004602652155904
1325004634528878592
1325005331924127744
1325007819041632256
1325009096840458240
1325010901741789184
1325012599193411584
1325012826537209857
1325015871056711680
1325015980217688064
1325016014510288897
1325019694538088449
1325023110651928582
1325027658455986176
1325028713508073472
1325030708256124928
1325031170761961472
1325032587312717824
1325033532700438530
1325035856973934593
1325036234478145537
1325038766864601089
1325040885894090753
1325045632890007554
1325048557464858626
1325049991661023232
1325053181362130944
1325053451139756032
1325055789174681602
1325056823695699970
1325056918143070208
1325058419460632576
1325058980759146496
1325061154373251072
1325062017359753220
1325062045889388545
1325064365054300161
1325064694575616008
1325066625553457153
1325068040514498562
1325071929632501761
1325072521973149696
1325073070525198336
1325075740346478592
1325076315708518400
1325076741858189312
1325077946437160962
1325078671057686528
1325080520766730241
1325081020383760386
1325083602510618624
1325084705008594946
1325085476034908163
1325086831449419784
1325087717483556866
1325088548584878082
1325090882673020929
1325094617663090688
1325097427297308678
1325098352623628288
1325100279172304896
1325102159973781506
1325102383995768832
1325104179430428672
1325104973756178432
1325105894141595650
1325107074603290624
1325107899174105088
1325109366538825728
1325111482682646533
1325111553759252480
1325113685774376960
1325114874301657094
1325119307899006977
1325120629285249024
1325121037768429571
1325122734234480642
1325123287773442054
1325123954198020098
1325124126634242050
1325126173626601473
1325126853846163464
1325128246296502274
1325131085735321600
1325133010895822848
1325134909707448326
1325135762262724610
1325136185010872321
1325137377770131457
1325138029099560962
1325140592788086786
1325142413770428416
1325143826986651648
1325147242743779333
1325150704005242883
1325152935068758017
1325154670290014210
1325157281680384006
1325159932526813185
1325160837972066304
1325162540649893890
1325164034107322368
1325166328441810944
1325167090421149699
1325168423668756480
1325168472817496064
1325169950944714755
1325170449584541701
1325171300004868102
1325171636589350912
1325173282807508992
1325175480627023874
1325177629708677121
1325180836992356354
1325181253058916352
1325182618531295234
1325183796258467841
1325185051282173952
1325188955915087873
1325189239521357824
1325192553205993474
1325196329891504128
1325197028465405954
1325200102827433985
1325203996487929857
1325207687903080449
1325211176091996166
1325233602087571456
1325236570283274242
1325240939196129281
1325241126157225985
1325242405298302977
1325243340539965446
1325252597654183936
1325261389984911372
1325263863143682048
1325265839268958208
1325306451968057345
1325346012584693761
1325347518604046341
1325347522659954690
1325347581690568705
1325350052953460736
1325352379122847745
1325352624049303552
1325355014949380096
1325356389980631042
1325359593204146177
1325359689828347904
1325363515801145344
1325366259937062912
1325367701183864838
1325370381868396550
1325372393901203456
1325372810747908097
1325373899631169536
1325374128174616576
1325379026744184833
1325381349251948545
1325385279042187265
1325388580051673088
1325388580051673088
1325389909734158336
1325393305627205632
1325395870687354882
1325396630208712704
1325400171203629057
1325401559589642241
1325404667493437441
1325404935639412737
1325407671856603138
1325408429381464064
1325409157948772352
1325410886224326657
1325412590521110529
1325412826597511169
1325415783007129600
1325420366358077442
1325422825163825155
1325423219814387713
1325425452354318336
1325425507853332481
1325426614591696901
1325429608464994304
1325431662742827009
1325433550548721664
1325434303375880193
1325438941290491904
1325440930783096832
1325442542696009732
1325443892490203136
1325444531530190848
1325445124801908737
1325446243527618560
1325446664191086594
1325447512182886402
1325449204886548481
1325451711104823296
1325453024605691904
1325453226401992704
1325455220818763776
1325457424380293122
1325460852452061191
1325463301241905153
1325464645092642818
1325464716928544769
1325468426522009601
1325469960114761732
1325471915725762565
1325472462180593665
1325474483839365122
1325474506027245577
1325476091725819906
1325477769577422848
1325480180417257473
1325480579735937025
1325483401701445633
1325484546226331651
1325486341552041984
1325487582684311552
1325489932752793601
1325491609530732546
1325493407423279104
1325494268220370946
1325495560422486018
1325496304781434881
1325498351513702400
1325499770257944584
1325501093846069251
1325502466646011904
1325502510170329090
1325503999710289921
1325505213608898563
1325506637713580032
1325508384297156608
1325509865754783744
1325512064463482880
1325514011379703816
1325514136642580481
1325517192318787586
1325521147266555907
1325522206714171393
1325523548950188040
1325525481828085763
1325529407725973504
1325530913858523136
1325532296158580736
1325532693191405571
1325534785503178752
1325538962073673728
1325540508547108864
1325543805462962182
1325547547398639618
1325551297530040323
1325551871013085187
1325554940983472128
1325558464303652864
1325558879376302089
1325562602731270145
1325566352661372928
1325570217897058309
1325573563789713408
1325616516012892160
1325647817650679809
1325694717141639172
1325694754378625024
1325695875524550657
1325698245251764227
1325698705220132864
1325699052764340225
1325699644538691584
1325701759441002497
1325702591007830017
1325703419600908289
1325707194327822336
1325708491328266241
1325709869605937152
1325710990688870402
1325713306473148416
1325713380246745088
1325715584722591745
1325716002315919361
1325719777143267328
1325719874639962113
1325722293801201664
1325722384586985473
1325722906320572417
1325724563188092928
1325724814066262016
1325724868948660224
1325728409364930561
1325728465820278785
1325728576684122112
1325729215854088197
1325731101755707392
1325732668751962112
1325734876608229377
1325736427683012613
1325737868988456960
1325739497003372545
1325739910360408075
1325740876983918598
1325742772779966465
1325742830833250306
1325743375946051584
1325744395153518592
1325744448869965824
1325747461114064896
1325747637035757568
1325747673983545345
1325748849835700229
1325751234649755650
1325751382830428163
1325755014560710657
1325755257562009600
1325755540534947841
1325757526193938432
1325757653835001856
1325761301071605762
1325761333673988097
1325764990041808897
1325765075660140545
1325765304153149440
1325767842474717185
1325767979225804802
1325770108975767554
1325770340174278656
1325772229850898432
1325772625881133056
1325775142224498689
1325777658546843648
1325777742315597824
1325778730720038912
1325780175536021504
1325780515706822656
1325782692168822784
1325783168948064256
1325785208990429187
1325785835787128833
1325786711058747394
1325789320964431873
1325790163226779648
1325792882809311234
1325792963889336321
1325796905645912065
1325797637778530304
1325801328115847169
1325804228267429891
1325804277013639168
1325807057400958977
1325807216025329666
1325808865569595396
1325809289437581312
1325811087778910209
1325811112282091520
1325817524815073282
1325817743627661312
1325821606678163457
1325821698952761344
1325825156468645894
1325825473809584129
1325825473809584129
1325827170401390600
1325829384436068363
1325832548950417409
1325833023581949952
1325836286599573509
1325836948544647169
1325837205412179969
1325841678457049090
1325843459773784064
1325844268834058240
1325846948436463619
1325847398468493313
1325849868649304077
1325851891817996290
1325852027616972812
1325854821124104196
1325855602136985600
1325858385082900480
1325860662053105664
1325862157544722433
1325863362689966080
1325865739308425219
1325868324643811328
1325868507326799874
1325870772334841857
1325873288892084224
1325876161839304704
1325879676137517064
1325880356504031234
1325883704422658055
1325884517089992708
1325889189464969216
1325891899702587394
1325894268557422592
1325895568162480129
1325897610838892551
1325898212163678208
1325900726225293315
1325902952117186562
1325906009898975232
1325906992494501888
1325908404368527361
1325909779814871041
1325910065329672198
1325913554822684674
1325913960667869184
1325914490806931463
1325917329360900096
1325921106600058886
1325924879082774528
1325929999929634822
1325932428721053696
1325935951613407234
1325940906915221504
1325951984483131394
1325962862054023169
1325970605334781953
1325984835211505666
1325996240354598913
1326010927632830464
1326033384636899328
1326052627847720961
1326054366214811649
1326055294582059010
1326056747585433601
1326058223158382592
1326061207988690951
1326064182417035264
1326065403735445506
1326066310678253568
1326067524023312386
1326067820552093696
1326068831488503809
1326069078872764416
1326069699935866880
1326070429098905601
1326070977898409985
1326071230282280961
1326071343612354562
1326071450449702912
1326072146544779265
1326072627761451009
1326073843937579008
1326076313422147584
1326079650473402368
1326080117689507845
1326080462398349313
1326080989936951298
1326081959517425666
1326083423543455744
1326085688345972736
1326086757306265605
1326086891540713473
1326089714802122753
1326092320358404101
1326093490430750725
1326095245482848257
1326096247258828803
1326100087039270914
1326102002082979840
1326102989405347841
1326105065908789255
1326106854095720448
1326109107573624834
1326109847717371906
1326110566260334592
1326112364010364929
1326114816205975553
1326116138992898048
1326117817914109952
1326120726819188736
1326120766207897600
1326122933740298241
1326123977845202946
1326125802598129664
1326126148120682497
1326126469605625858
1326127474959392768
1326128653739184128
1326128867711602690
1326129980166828035
1326131238483218434
1326132749023891457
1326133393218793475
1326134661693759488
1326136271677366272
1326139480269524992
1326140048652201984
1326142563108098050
1326142634642051072
1326145079879200768
1326145590586175488
1326147599594827776
1326148013258125318
1326149580581449728
1326150113123733504
1326151940124893185
1326153675228712961
1326155801195634688
1326155902555213824
1326156121116209156
1326157568952184833
1326158254678941697
1326159836640407553
1326164420041592834
1326164457924538375
1326165413714145282
1326166005622714368
1326166400235397120
1326166811029753858
1326170444425285633
1326171020865253383
1326171504271298560
1326174932749914112
1326175278775869440
1326176077887238145
1326179167726170119
1326181454733303813
1326182521604861953
1326182539778805760
1326186328875266048
1326189170377842688
1326191646195806210
1326193249145466882
1326196290561187845
1326197089542545414
1326199259268599810
1326199480060928000
1326202960993345536
1326206749163053062
1326206978771849225
1326208315127451648
1326211014338207747
1326212106396569605
1326214390664794112
1326216121079500811
1326217948940406786
1326219578805014528
1326219707297435648
1326221087567437825
1326222572686544897
1326224407598075906
1326225655315443714
1326226827480887297
1326228168127164417
1326228287509704705
1326229213981106182
1326230645282992132
1326230982148632580
1326233541831700482
1326236645176320000
1326236935031984128
1326237695799144451
1326238869797408769
1326239664089538566
1326242856869236737
1326244052640165889
1326245491261071360
1326247115719323654
1326247115719323654
1326247260846493696
1326248762969268224
1326248956133773313
1326250495317594113
1326250559918190592
1326254568402022400
1326255808611495936
1326258325944635393
1326263166301593601
1326263520875474957
1326264447598518278
1326268399048151042
1326268670486700035
1326269043964325892
1326269866073055233
1326274854002233344
1326275943762075648
1326277562297946112
1326279717150814208
1326281361485869058
1326283497216958464
1326287266612850693
1326287613079261186
1326291041671024643
1326294816502804486
1326295268992618496
1326298339613110272
1326304815320805384
1326341178250432513
1326372339173429248
1326406946279333888
1326409320754536451
1326412086956732418
1326414353852063744
1326419469120532480
1326420530543595520
1326422450410835968
1326423162033074176
1326430632919109633
1326431970331668481
1326433423548952578
1326433597146984448
1326434495613063168
1326435115141115904
1326436185766584321
1326436845564080128
1326437944916398080
1326438208708730880
1326439283805331456
1326442196996812801
1326443095894929409
1326443294814035969
1326449072320995328
1326449586697719809
1326450335536328705
1326452245634887680
1326453361026232325
1326456705954275329
1326457138290438154
1326460304507756544
1326462688864727041
1326464059504545797
1326464690478862336
1326467666492657664
1326468310838484992
1326470300427563009
1326470977144885252
1326472237285855233
1326472341757566976
1326474248790142976
1326476908859711491
1326478877267529729
1326480055971827714
1326481398547570688
1326481732082814977
1326484029797969920
1326486084738494467
1326487091342176256
1326487227233427456
1326489851496189952
1326492368162451459
1326495568076607489
1326497765120217091
1326500125284425729
1326500869337198593
1326502952824152064
1326503107086454787
1326507495188262912
1326510300674265088
1326510320358207488
1326514787170258944
1326517224006356992
1326518232367427585
1326521625689387013
1326523854269845506
1326525226562285575
1326526005796888579
1326527251870048262
1326528159508992000
1326528270783942663
1326531120423268352
1326532634390884352
1326533447070855174
1326533607154802688
1326534914972413953
1326536408434085888
1326537366828281863
1326539527087742976
1326543021446373382
1326543885758181379
1326543953164820485
1326546776241790981
1326548120931500032
1326548487887065088
1326552340690690050
1326554534504779777
1326555283884105728
1326557946206105602
1326558456946552841
1326559058330071044
1326561609091862535
1326562835091107840
1326563268190744577
1326565477347434504
1326566607351476224
1326566869701103618
1326570145377112065
1326571389038583809
1326571719075786760
1326574911977041921
1326575703421284359
1326577176939028483
1326579125482557440
1326579595278168068
1326579968562835462
1326582965162319872
1326583346818854918
1326583389068136449
1326585486253707267
1326585716088901634
1326586755936612353
1326587269529169925
1326590734896652288
1326591166742147079
1326592579874533378
1326593447323709442
1326594132484222977
1326595547956994050
1326595875695636481
1326599322834776066
1326599766332100608
1326600616236486657
1326602202560000000
1326603097720807426
1326603306148499456
1326604975267573760
1326606872594378753
1326607215445336066
1326607548032618499
1326607879487414272
1326608882987380736
1326609014067748874
1326612381145964544
1326612912396365825
1326616479614308354
1326616913716408322
1326617273273028608
1326617753944514561
1326621720627851268
1326622357658726401
1326625727802994693
1326625761923637249
1326630783163854849
1326630809940484098
1326633019877306368
1326634554984034305
1326634868256759813
1326638330864406532
1326640049107120129
1326640092669206529
1326641890939318273
1326642104706064384
1326642261376036865
1326645879495778304
1326647599743504388
1326649654382092292
1326651681627631617
1326653430501404672
1326653875928043524
1326657204485722112
1326659333992673285
1326660171284832257
1326660727336284163
1326660819485159426
1326660929174593537
