1258283255805214721
1258284185841799169
1258325995163201536
1258381009894203396
1258382400465383425
1258386177847169024
1258387231619899392
1258419159987302400
1258428097986277376
1258428120778055683
1258428224478105600
1258451915605762053
1258472381145899008
1258478946003361793
1258484871627968513
1258641882911051778
1258652858821591041
1258658735091744768
1258664130023694337
1258667892465418241
1258671978967437313
1258690409313730560
1258699108342280193
1258716238622199809
1258720388999192576
1258741323168993281
1258749190957674497
1258784537678622723
1258798604808003590
1258803628460183564
1258854503715045376
1259015344208982016
1259045675188342784
1259056710171406336
1259082517338087424
1259108557665992711
1259547252940509189
1259865221050634240
1259871791947878401
1259890607625064451
1259894843087740930
1259921608405286913
1259926469385609217
1259955105442533378
1259955200435130369
1259955213471043587
1260091082987180037
1260110674413436928
1260111919547142145
1260115410604736512
1260128323310665728
1260185203131154438
1260185477140930561
1260227984872669185
1260238411987849216
1260275240569012227
1260281666926514176
1260306250761408516
1260312091996676102
1260451428050616324
1260483245138903040
1260491140538785792
1260499010139414528
1260539220562776066
1260601056565788674
1260629538679160833
1260678967360700416
