1316499721234640898
1316500776794103809
1316501788393115648
1316502809446092803
1316504495556263936
1316506005199613952
1316508104956227584
1316510790246162442
1316513555013922816
1316513558092546048
1316516140303052803
1316516826466193408
1316518558189355012
1316594088762802177
1316594946619695105
1316605161377271808
1316605394228256768
1316606521518829574
1316607417233350658
1316607494853066752
1316610965123686400
1316611202072670209
1316611205088280578
1316611210935230464
1316611208242397185
1316611213699280896
1316612300938383360
1316612959708348418
1316613456011948032
1316613463721082880
1316614503157633024
1316615728120946689
1316615731061161984
1316615927501291520
1316620258007015425
1316620339456151552
1316620846564335616
1316621865461395457
1316622870286667777
1316623869558620160
1316625291725463553
1316625295353544704
1316625298407002112
1316625335945920513
1316626082116886530
1316626801003765761
1316628059273994241
1316632338365808640
1316634996262735872
1316635844690825216
1316641397987045378
1316641401506017281
1316644417328025600
1316644847609098242
1316645714802475008
1316650205455044609
1316652575345774592
1316660271868448768
1316660274640891904
1316664145165639692
1316664298178043905
1316665012174442496
1316666059311775744
1316666312060436481
1316666314761613314
1316667318970261505
1316667676903845889
1316668555421777920
1316669408425791495
1316669834692890624
1316670269533106183
1316671139498819585
1316676881584971776
1316678139834175488
1316680447850614785
1316681357574262784
1316681411248746496
1316683176681635841
1316683676055465984
1316683678886526976
1316684682621263878
1316684685511143425
1316686826950873088
1316687450660626433
1316687453814755334
1316687456650104832
1316687739484594181
1316695252149956610
1316695255819968512
1316695258865041408
1316695261616447488
1316695725032513539
1316696223588417537
1316696258942205952
1316697178992259072
1316698598533468161
1316699545028505600
1316702802312343552
1316704563697782785
1316709810935681024
1316710609468223488
1316711135874252802
1316711610468241411
1316714160131117056
1316714287109476354
1316714630224510976
1316714633185591296
1316715385446715392
1316717146723016712
1316717997898321922
1316718153460834304
1316725880950063104
1316726961545326597
1316729221901938688
1316738537635618817
1316740904909180930
1316743810425278464
1316746842542092291
1316748577423659011
1316754392884936705
1316756359942213638
1316758167225872386
1316760276734291973
1316761943311613960
1316763823769092096
1316765304408555522
1316766220109131776
1316767994312306688
1316768171748143105
1316770246624260097
1316771632095154176
1316772511774904324
1316775295005978625
1316779055014912003
1316780313226498048
1316781575930097664
1316781572792766466
1316781578727587841
1316781584272498688
1316781581374193664
1316781587921600514
1316783198047793158
1316783333486067712
1316783840711651328
1316784508994232322
1316784788049715205
1316785849489555458
1316786549980360704
1316786604485365760
1316787218250444800
1316787903306117127
1316788580669444096
1316788685174575104
1316789970858840065
1316801597851283456
1316803214323462146
1316804137951072265
1316806190555430913
1316809253986938881
1316813535025000450
1316816053197045760
1316817558645989386
1316817909621063680
1316820929733971968
1316821594896039936
1316823598112346112
1316825255739101186
1316827121403211777
1316827124540551168
1316828379417632769
1316829044558749703
1316831327036080130
1316832126227165190
1316833162954182657
1316836879971635201
1316840965269860352
1316844925586112517
1316850278243667968
1316850275324485637
1316851783499763712
1316851786930626563
1316851789971492864
1316852000253005824
1316852787066687489
1316880221073788931
1316880223871373320
1316880229319794689
1316880226656333825
1316880232012521472
1316881199143526400
1316881199143526400
1316884796950315011
1316887347745615874
1316888130948136962
1316888939580559361
1316892118409859073
1316893058009530368
1316893063659331584
1316893060643627008
1316893745590243330
1316894523054825473
1316895289702293512
1316896073030520834
1316907357339791360
1316908170451800064
1316917217230049285
1316921425559695361
1316954714135814144
1316955236121088000
1316961256889352193
1316962820941090817
1316968555267694592
1316969270711025664
1316969561418272768
1316970749303967744
1316971276347506696
1316971480622731267
1316972083767922688
1316973336937828352
1316973342415572994
1316973339647348736
1316976385248854018
1316977320222220288
1316977617493479424
1316977614934999040
1316977620446334980
1316978162178379776
1316978618963234816
1316978622071230470
1316979794043613184
1316980632749211653
1316980635794276353
1316980639011426304
1316982362249613318
1316982710766895105
1316983238305435649
1316983756843089921
1316984266933309440
1316985669307277313
1316985672167772160
1316985675191848960
1316990950913298432
1316991957583990790
1316993216260997121
1316993470758899712
1316993545429975041
1316994864152793089
1316997041491509248
1316997638005338112
1316998523515244544
1316999399785058304
1317000010328846337
1317000013038440449
1317000276981673986
1317000470133723136
1317000513947340800
1317001192673890306
1317010079548399618
1317010083058954240
1317011959917780993
1317012934011310081
1317013836734619653
1317025176446488576
1317027189905391622
1317027192698736640
1317028014224560129
1317028534523777024
1317031220023353344
1317031217146007553
1317031670034423808
1317031901765488640
1317031923299078144
1317031965699309570
1317032028970405888
1317032216858447872
1317033129094352896
1317046063786766336
1317046066806771713
1317046072531931137
1317046069734346752
1317047416311472129
1317048372294012928
1317048599302311936
1317049336749064192
1317051097115217921
1317051100068040704
1317055211748425728
1317056153638010881
1317058143994740736
1317059904838959104
1317059907884113920
1317059974170804225
1317059977362669568
1317060227703861249
1317060408516202497
1317062421413044229
1317062758970630144
1317062925270552576
1317063711333470213
1317064663419539458
1317065649995325440
1317066653524480003
1317072997329620992
1317073746323267584
1317073749498384384
1317073755248742401
1317073752513982466
1317073758222491649
1317074078163980289
1317074610379231233
1317075131110428676
1317075645982253056
1317078528035344388
1317081295927857152
1317081298729656321
1317086329142972417
1317088072937472003
1317088618335404032
1317089630588645377
1317091086783963136
1317093377859555329
1317095137877557248
1317097479272304645
1317101176924622848
1317104197301657600
1317105162700410881
1317105793611845632
1317108730832584704
1317108727716155392
1317112496378052611
1317113760201478144
1317113763309420545
1317116276431618050
1317116626362376192
1317117230660931584
1317118542102302722
1317119548273922050
1317120295254319104
1317120892124749824
1317123574600171520
1317128274644971526
1317128859427524611
1317130369917911052
1317131675940327434
1317132378335301632
1317138674207916037
1317138925920669697
1317139290627936263
1317140183758888961
1317143542691729408
1317144265567461376
1317145793292345346
1317146727200268288
1317147252725567488
1317149498796363776
1317149496187432961
1317151035853516806
1317151256864002048
1317151702332551168
1317151792254361603
1317151935443730436
1317151967949557760
1317152203946287110
1317152432443588610
1317152515633389573
1317155095868571648
1317159310196092928
1317159313669017601
1317162883017560065
1317163335071289346
1317163840111595521
1317164457869672450
1317166820160397315
1317173654850064384
1317174208649101315
1317179694727520256
1317180197813321728
1317181779472797696
1317201590315528193
1317213668673789952
1317216940331618304
1317217946591285250
1317217949606871048
1317217952467439616
1317218952897040385
1317220885179355137
1317221218521591809
1317221221705093122
1317221469466841088
1317221907670892544
1317221907670892544
1317222877561847815
1317223906416250881
1317224903423201280
1317225905828339712
1317226503621513219
1317227884390588416
1317229019180445698
1317229021973925889
1317242299089252352
1317247642716508161
1317299237281988608
1317333711029997568
1317334715872006145
1317334842657431552
1317336228954591238
1317337484276191235
1317338745969016832
1317339395255640064
1317340086267187200
1317343020379942912
1317346793273856001
1317347302122676224
1317349060408414208
1317350715178745857
1317351389669003264
1317353086596358144
1317354035884806150
1317356609832652800
1317356612579885056
1317357113207906307
1317357116588498945
1317357996368891904
1317359935420846081
1317360561378689025
1317361647976067072
1317361644721373185
1317363908022358016
1317364914500046848
1317365404893876225
1317366020248604673
1317366626757578752
1317368441658114048
1317368444870922240
1317368941791072256
1317370199579021313
1317371458277023744
1317375045602336768
1317375585132347392
1317376124318633984
1317381775845359616
1317381778626273280
1317384292612427781
1317384295623917570
1317384301537861633
1317384298660507649
1317384304348069888
1317384710734139393
1317385257826570242
1317390128009125888
1317390692830818304
1317391240439148544
1317391339424796672
1317392344358989824
1317401405351755784
1317401408153526272
1317403167148154880
1317403170235174912
1317403702593028097
1317405329634828288
1317405894414565376
1317419524984102913
1317421957076389888
1317422544866115584
1317422989650972672
1317423398201556992
1317423803174146053
1317423946095075328
1317427131794718720
1317427753717727233
1317431860679540736
1317431857118662658
1317431863619821569
1317431866790760449
1317435377154727936
1317435967742091264
1317436541514485761
1317437097947648001
1317439154582585346
1317439157531234306
1317439160467283968
1317441419330596866
1317442229603094528
1317450478968516611
1317453803063529472
1317454756869275648
1317457920230129667
1317462561965641730
1317465494245593094
1317465830116986881
1317465833271164929
1317468925899251712
1317469482332397571
1317478412802555906
1317479419729104896
1317479422765748225
1317479468395597825
1317480050124607488
1317480426563391494
1317480439184035840
1317480777114943488
1317481350576934913
1317481915671285760
1317484175935574018
1317484766329999361
1317490996339408897
1317490999590064130
1317491002496659456
1317495526338813952
1317495722430922752
1317496169430421506
1317496793995841536
1317497400811003906
1317498042669518848
1317498646062075904
1317499863349723139
1317506851383234560
1317507856585904128
1317511603387043842
1317514721038196736
1317519354175553539
1317519365718368261
1317519396148027393
1317519455610720260
1317519484094119936
1317519563039395845
1317526483104129026
1317526665547943938
1317539315199758337
1317540829129527298
1317541329719754752
1317542140503904256
1317542756080885760
1317543371527905280
1317559186939629569
1317568003559620608
1317568755103420416
1317583858158755844
1317588265223004162
1317593423881359360
1317593426955767809
1317593432823615490
1317593429984108544
1317593435726020611
1317593441367457792
1317593438490079234
1317593444462841856
1317593447709237254
1317593450683027456
1317595745743261696
1317596392450412545
1317597002054729728
1317597626137743363
1317601683615211520
1317602337326858240
1317605062974164993
1317612046410829825
1317612049439068160
1317614980137713665
1317615604636016641
1317617833677828102
1317618708848758785
1317642244535582726
1317645547940044801
1317696351346503682
1317696354257412098
1317697639027216384
1317699210029027330
1317699369970376704
1317699720094142466
1317700375818940421
1317702760889016321
1317703754515349504
1317703902469435393
1317704905705095168
1317707255127605249
1317707765104738305
1317708275496984576
1317710444598071296
1317710447857065985
1317710453993254912
1317710451069812736
1317714468453945344
1317714471381569537
1317714852547317760
1317715475078545408
1317720004998168576
1317722417880588288
1317722953728098305
1317723906145472518
1317723906145472518
1317725792869224448
1317727051634397192
1317727054939512833
1317727057904848897
1317727063864954881
1317727060937351169
1317729316059385856
1317729747837865984
1317730241087967234
1317732587364929536
1317737484336418817
1317737620860973056
1317740279856828416
1317741280206651392
1317743409029939200
1317745373163782145
1317747184855633920
1317748965308334081
1317750626378461184
1317751713395314690
1317753094881611777
1317755237231480833
1317755240150683648
1317756577512853504
1317758508318720000
1317760732172328966
1317761779955617792
1317764299486580736
1317767316277481472
1317767319209316357
1317768124108767232
1317768669519294464
1317773607725076483
1317773611189620736
1317773616512159744
1317773613781626880
1317775840441257984
1317776845266452480
1317777858467631106
1317777886321979394
1317781682339139589
1317782867477487617
1317782922359984128
1317782928282275840
1317782925165924352
1317782931411185666
1317785882196287489
1317787340098719745
1317788295418552322
1317789239489200128
1317790182251384833
1317796005388181504
1317798019077754893
1317798924615340032
1317799430993661953
1317806827082579968
1317809927746953217
1317810392412946432
1317813121575231488
1317813124796383232
1317813128160333825
1317813927582027779
1317814452578897920
1317814985393901571
1317821674205622273
1317825197945348097
1317825645959929856
1317826178925928448
1317826708083527681
1317829585053061120
1317830829981290498
1317831237810216960
1317832747700899849
1317832750892724225
1317833566072590336
1317834125403979780
1317836974095564800
1317840801062359040
1317842814252830721
1317844860020412416
1317845436774846464
1317846062535741440
1317846066767724544
1317846344258682881
1317846840688234496
1317848932173709315
1317854641791619072
1317855397202546688
1317856531984060423
1317858257348734981
1317877484881211395
1317894404045262850
1317897423793115137
1317898417847345155
1317899074625064966
1317904975050268672
1317906203180228608
1317911747496431621
1317912020126257154
1317912024605708289
1317912021770358784
1317914304377720837
1317915116139106310
1317918563286528000
1317918566134566912
1317921609315962881
1317922208375853059
1317924607429693442
1317924604594262016
1317925204094603266
1317925803196354561
1317937692756279296
1317941086103474182
1317944484047577089
1317944486975111168
1317944564095848448
1317944738788638720
1317945231204110342
1317946245604925441
1317948671569350656
1317949362882945024
1317956815246794753
1317956818166026241
1317956824130342914
1317956821185974272
1317956826969890818
1317956830207877123
1317956833148080128
1317958828625924106
1317958831641665538
1317958834732892162
1317959945120264193
1317960693438623746
1317961493338574849
1317964047988494336
1317964877776957446
1317965678746415116
1318013257437782016
1318039109580083200
1318042176962678784
1318054964162420736
1318055496016867328
1318056220717088768
1318057981788016643
1318059451115556864
1318059658540683265
1318059994970005504
1318060247316037633
1318060322805211136
1318062378504888320
1318063518617391104
1318065634245214209
1318066034746810368
1318066037703802881
1318066929517690880
1318067215627915264
1318069537389088769
1318070336731160576
1318070568239976448
1318070565379465217
1318070571121451009
1318070576620109824
1318070573919096833
1318070579900055555
1318070737396256775
1318071127097344001
1318071160735748097
1318072983534112768
1318074339187621889
1318075094778834944
1318076367251116035
1318077996008394752
1318078030141599745
1318078141970206720
1318078209615908871
1318078248643891201
1318081385530273792
1318081388432789507
1318081393864433665
1318081390966116352
1318082112143134720
1318082140836421633
1318082143428509696
1318082643699838978
1318084695163346945
1318085309729546241
1318085412208914433
1318085414943674368
1318085420601704448
1318085417686675462
1318085839746977792
1318085915785515009
1318086226428256257
1318086605127733248
1318089694081679361
1318089697479065600
1318090385760071680
1318090399643258880
1318090407880916992
1318090407880916992
1318098926894014465
1318098925564342272
1318098924436160512
1318098930165579776
1318098928684990464
1318098932698939392
1318098931419578368
1318099936098091009
1318100710169378816
1318101458399731713
1318102655160516608
1318105293109211136
1318105296242429953
1318105299157458944
1318109068406497281
1318109071090847744
1318109073791909888
1318109180142772229
1318109934102450182
1318110326127235072
1318110329004564480
1318110331932188672
1318113094569201664
1318114101017645059
1318114753743589381
1318114856332034048
1318115533099773952
1318116399877849088
1318117266387537921
1318117632881664000
1318118063116529666
1318122406125371392
1318122909500624901
1318128445570879488
1318128448511107072
1318128453875621889
1318128451262578689
1318128456895520768
1318129935400247303
1318130685425627141
1318130903839899648
1318132205437288448
1318132220830375943
1318132965478641664
1318134485679001601
1318134970993528832
1318135052635721728
1318135102770155523
1318141028981985281
1318141280866762752
1318142035585622016
1318144803658399745
1318145024996028417
1318145894542356481
1318146717221605376
1318147320081428481
1318147525061316616
1318148333312086016
1318148774590513153
1318155122279698432
1318159448641314816
1318160288454246400
1318162671712325633
1318166753940307970
1318167964517007361
1318167961551732739
1318170763766255621
1318171629034328068
1318177019318931456
1318178317049171970
1318180541305360384
1318182394512478209
1318187649165856775
1318187652483633152
1318189599026520065
1318190025297768450
1318191863791235072
1318192357427339264
1318193674573021186
1318194197044789254
1318194887242731520
1318197812711051265
1318200424768339968
1318200421333258240
1318200427918331905
1318201569171640320
1318202109326774272
1318205422097104900
1318207970421989378
1318208221681770496
1318209238347415559
1318209836765474818
1318218289974251520
1318219295525097472
1318220539450753025
1318221171737956354
1318223325555052546
1318223322505748481
1318224348205953024
1318227347565367299
1318227350740471808
1318227353961701377
1318228302730006529
1318228354403807233
1318228960212299776
1318229361158426624
1318231877581475840
1318231880903294976
1318236117062266881
1318236662481211392
1318236825316675587
1318237490814345216
1318238147831074817
1318238528699092993
1318239434714865665
1318239679716667392
1318240161499590657
1318240251370897408
1318242195451842560
1318243705443201026
1318249745538781185
1318250772736389121
1318251531167170560
1318257043657150464
1318259496976850946
1318268623669121024
1318268626957443074
1318270460342243328
1318271286431391744
1318272897794871297
1318274156077731843
1318274449322483712
1318278131267084294
1318279693032980480
1318282009240834048
1318297812384337921
1318299322446917635
1318301747639701507
1318302545970974720
1318310903138426880
1318310900315705344
1318310906355453954
1318310909488582658
1318310912412049408
1318311908865429504
1318311905627459585
1318312896229761025
1318313696310005764
1318314506154541059
1318315365005406210
1318316207204929536
1318318447995080706
1318318451644129282
1318318454370349063
1318318457105035264
1318319454716035074
1318320712973754370
1318320715729391622
1318320718698975232
1318326199605776384
1318327051024293891
1318332794515447808
1318335980236058631
1318374318187970560
1318375894210154496
1318378431235694592
1318403762894065664
1318404771271815172
1318418207192043520
1318419365017124864
1318419821940346880
1318420385801654272
1318420621450149888
1318421257466105859
1318422886198161408
1318422889213927424
1318423487887904768
1318424399683387393
1318424402401349633
1318424667577864192
1318428214298116096
1318432086831890432
1318432702467657729
1318433224364855296
1318438749060190208
1318438745943801858
1318438752700764161
1318438755485818880
1318438761538195456
1318438758740611073
1318438764327411713
1318438767213109248
1318440665517346816
1318441508559781889
1318441511521046528
1318441514192801793
1318442264302133248
1318442827840409600
1318443773475643393
1318443773475643393
1318443776218664960
1318443778974339072
1318444833267191808
1318445534936444928
1318446793751973888
1318447067619053569
1318447521585385472
1318447975341953025
1318448303428804608
1318448426066104325
1318448865440370694
1318456104758747137
1318456608511447041
1318458873502683136
1318459376865300481
1318462144569069569
1318462321249996805
1318462792647823361
1318463709824622594
1318464609616056321
1318465955215847424
1318467932737896450
1318467935309004800
1318473909201752065
1318474396990832640
1318474979214872576
1318476103321878530
1318476101853773825
1318476100738142209
1318476107587477505
1318476106312372225
1318476104672382976
1318476109252616192
1318476237761859584
1318477194088284165
1318477496610967552
1318478137701916672
1318480165882703872
1318480520108511235
1318480522994241537
1318481379441651712
1318481834024570880
1318482751880859648
1318483535263649792
1318485045745770496
1318489071921016832
1318490079355113472
1318491589040275456
1318492431361376256
1318493371737034753
1318494311697293312
1318495251175264257
1318497629890875402
1318500529622949893
1318500900202315776
1318505933388062721
1318505936722460673
1318507739941900288
1318508230822297600
1318508450196967424
1318509195025666048
1318513986317570053
1318514887459524608
1318515733144416257
1318522543146471425
1318523383362052096
1318531351222648836
1318535077911998464
1318535125152505856
1318535128147218432
1318538845395275781
1318538900730687494
1318539870684516352
1318539907212693505
1318539911063130118
1318542521862180864
1318542677877678082
1318543049400766466
1318543591707496453
1318545696795037702
1318553011774496770
1318553496787046405
1318553649514242052
1318556584616886283
1318559285526319105
1318562017553285122
1318563565511507969
1318563568665714689
1318565072923394048
1318565918742581251
1318566578254905346
1318567871031672833
1318572132037726208
1318572135292555267
1318573152377753601
1318573829069934599
1318575143753568256
1318575140746178560
1318577276292878336
1318578915191984128
1318581444382478336
1318585709209526278
1318585712321712128
1318585715253563392
1318585718252457984
1318588905503981568
1318589671312678913
1318590465336315905
1318591309888749568
1318597788591132676
1318600641162416128
1318603393338757120
1318612888358166529
1318615503565357059
1318625974645362690
1318627301169504258
1318628743645138949
1318631312694124546
1318642583661412352
1318645605330202634
1318647212507844610
1318648230670946306
1318650889469632523
1318652146670276610
1318654093653626882
1318655034024919042
1318659196225662977
1318662224827789321
1318671776029749248
1318671779351744514
1318671782644207616
1318671788935696386
1318671785970356226
1318673504154361856
1318673537717194753
1318674580643393536
1318675648412606479
1318676698569842688
1318677784831660032
1318680083759071244
1318680086833451009
1318683352208183297
1318683355584647176
1318683358709370891
1318687630285033472
1318689100690558981
1318690116651593733
1318691126535024640
1318692154437476352
1318738786348539906
1318774455112531968
1318776585122504705
1318780746526609409
1318780749491875841
1318781498833707014
1318782106747678722
1318782505756037121
1318784047250812929
1318784351065280512
1318785022065807361
1318785025027047429
1318785385925906432
1318785843960684544
1318786532543811585
1318786783702847488
1318788712298315776
1318790177553289216
1318790306926649345
1318790309929754629
1318791565431787530
1318791568434876416
1318792320960073728
1318794025885962241
1318794583027945473
1318795139750498305
1318795696737120258
1318796253048786946
1318796350163722240
1318796405255905282
1318796850321936384
1318796853551501313
1318798360267132928
1318799619443335168
1318802135262334977
1318802387218419713
1318802389994962945
1318803377237655555
1318806433383800832
1318806664930336768
1318809588414713857
1318809850063835137
1318812704904273926
1318814657180741632
1318814772356407296
1318816733700947969
1318816739606528000
1318816736771268608
1318818384759431170
1318818874465374209
1318818874465374209
1318818878785540098
1318818877049065472
1318818875740459008
1318818882614972416
1318818881348259841
1318818886012239872
1318818884112232448
1318818887937400832
1318819499521572865
1318820531974606849
1318820860648693760
1318821261271814145
1318822751273127936
1318822827601104896
1318822919372492806
1318822939425411073
1318824461957799936
1318824498611834880
1318825443043254273
1318827387195371520
1318827804197355521
1318827806864908288
1318830174251737088
1318833345074167808
1318833341769093120
1318833924357935106
1318836361873555459
1318837694240333826
1318842401843183619
1318845389508890625
1318845926367166465
1318845929609449473
1318848188443467779
1318848191740116994
1318848194676203520
1318849236759400449
1318849446625579008
1318849449393819649
1318849709151322114
1318850195673784320
1318851151400472578
1318853473530761217
1318855057815838721
1318855564047339523
1318857000478965761
1318857208965324800
1318859512791633920
1318860667894595586
1318861663387475969
1318865301451231233
1318865304735436800
1318865308078276614
1318865311119167489
1318870109469970432
1318870334939037697
1318870649885069313
1318871164740161538
1318871675639943168
1318872172832706561
1318872348423081985
1318880148943405058
1318881562918866945
1318881914372149248
1318884431323693057
1318884434448363520
1318884679488049154
1318885176475328513
1318885691787456512
1318886943808258048
1318886946970734593
1318887313674469378
1318887911639625728
1318888891437514752
1318890467505950720
1318897010431451139
1318899275418533888
1318900073498107904
1318902730304389125
1318903372171350017
1318904560224710659
1318905989718999041
1318907328897388548
1318907332416409600
1318908587104755712
1318908590271401986
1318908593106800641
1318910594599260160
1318915188721131520
1318915755048652801
1318917467239075840
1318918001601773569
1318918401943867393
1318919604492644354
1318920666985517062
1318922361844936704
1318922887122849794
1318923690445361152
1318923687270191105
1318924189525544963
1318925921513070597
1318927209726418948
1318930266275127308
1318930834775224321
1318930983081693184
1318931382169702400
1318933721265954817
1318935011429617666
1318936773049962497
1318937652947800065
1318938282890231813
1318939038741573637
1318939042248089601
1318945532954509313
1318946234317656064
1318948352902500352
1318948356006301696
1318948363182723076
1318949173643956224
1318949866337423363
1318950575791374339
1318959173829349378
1318959170704543744
1318960675100778497
1318961435486097410
1318966216560680966
1318966283300339712
1318968349049618436
1318972007015436294
1318972009985069062
1318976047606628353
1318976800031125506
1318982323388452867
1318982826545610756
1318983335968997385
1318984084509593604
1318984088263495681
1318984087764373505
1318987619913654273
1318989369299140609
1318990552369631232
1318991465373179907
1318996670521237504
1318999588288843777
1318999938320244736
1319002924853452801
1319024601423400960
1319024604468416512
1319024607840620544
1319024613834326016
1319024610726367232
1319024616824852480
1319026124261871617
1319027011294253056
1319027856010301449
1319028729344122882
1319029582704578563
