1263302437185732618
1263303343667019781
1263303343247699975
1263305462260346881
1263306972322988033
1263335652944416779
1263346209760174080
1263368108217073664
1263371137557430272
1263371876430155780
1263377916731232256
1263389259286921216
1263389260591357952
1263391534554189824
1263402833174581248
1263409647978983424
1263430772712714241
1263443946279239686
1263454926287646720
1263456463919480835
1263457974816817152
1263462504967163904
1263462505948622851
1263472282095300608
1263472841611268096
1263480236982796289
1263481742872252417
1263489242640121856
1263489433166381058
1263495337068638208
1263502135947395074
1263505161386954754
1263510438295330816
1263529289477210119
1263534590125395971
1263534589613690886
1263535364700078082
1263536108203397125
1263555710702571521
1263560257030074368
1263593458452717570
1263620645788803078
1263643296024473601
1263659904801427459
1263666698290376704
1263667457534971906
1263668216091545602
1263668215491825665
1263688537775370240
1263704440844038144
1263715028617887744
1263717296658436097
1263736161706684418
1263739190241566720
1263739193206980611
1263745985605443585
1263749014161428484
1263753538892697600
1263762615685320706
1263764124170936320
1263772388409434112
1263780138228973568
1263780737712619520
1263781437708349441
1263781469828247555
1263781950189420546
1263782240758218753
1263786016093151232
1263786733986078721
1263789004622909440
1263789040496717825
1263797718599811073
1263804140892958720
1263809425405546496
1263819991784325120
1263819991507505155
1263822260441415685
1263824520240037888
1263833607140970497
1263834172881285122
1263842141316567050
1263842172601843712
1263842177127460864
1263842174174662669
1263846688810295296
1263848201251098624
1263851217094160387
1263854466664525826
1263858009693921280
1263860182250958849
1263862538363600896
1263870844444520448
1263879154212143112
1263881409451655169
1263886702269140994
1263891992951631872
1263891990233649153
1263900685613109250
1263903311339683840
1263954646357475330
1263954646353281039
1263985592855126016
1264024838370459648
1264027108088651783
1264027110328451073
1264027110047387648
1264027863822540809
1264028609934737412
1264039934303916037
1264090529568043008
1264111694583943168
1264113202146795520
1264114709600534530
1264123775920091136
1264132081854144512
1264145689770184704
1264147937476698114
1264157005616463872
1264168312457564163
1264175802532446210
1264184160509399040
1264197748196282370
1264206057867534337
1264206808060768256
1264223653127958529
1264223655682334720
1264237238080208897
1264244028016558082
1264246304441581568
1264250074642735104
1264254598547677184
1264262902812479489
1264262901273112590
1264282522260733963
1264289314193788928
1264412055152427008
1264417640958824453
1264418395908341761
1264421419825475585
1264439545946353664
1264453893653741568
1264459932805578752
1264469749611868161
1264471092279869441
1264478049715789824
1264478049715789824
1264483186060517383
1264484090939617280
1264491666939039745
1264529423128289280
1264537716395474945
1264541487544573952
1264549779188703232
1264550533181906947
1264564118188687360
1264583975902855168
1264584189220921346
1264586994174345218
1264587731465838592
1264589262034472963
1264602849918562305
1264612678040981504
1264616462507016199
1264617962662703106
1264620978862161921
1264630041390059520
1264636282665340929
1264651934562168834
1264760615689752577
1264760632890589184
1264760632286613509
1264760635767865362
1264762893222006789
1264762895868604421
1264774968732246018
1264791588586258437
1264794610397851650
1264809715739045891
1264818020356063232
1264831610232414208
1264835367863287814
1264842953312346112
1264845961920163840
1264849666119794689
1264851979123281920
1264855029028192258
1264856541674582016
1264859950804807681
1264867109915557888
1264868613279887365
1264872361905606656
1264872393828417536
1264872393010528256
1264875038542630912
1264884480172609536
1264886748070453248
1264886746162114560
1264907120920707075
1264912394427543553
1264918439937880064
1264918438969069570
1264919176357064706
1264927492919435265
1264928718264418305
1264934303252783107
1264937318353457154
1264938072434708482
1264938835718397957
1264938833969283072
1264962918275264515
1264966699054436352
1264966699033427982
1264967446689185793
1264970462959996935
1264975760936271878
1264984057382928391
1264984814270197761
1264999914523824134
1265002194568445956
1265004445357740032
1265116150083530752
1265117662906126341
1265119933207281670
1265119932561469441
1265122191873630208
1265149763109994502
1265158449081417729
1265165231229218816
1265173555362308099
1265192424726552576
1265193948773060610
1265197724644839424
1265209054391087108
1265211331118063616
1265219622791458816
1265225659640623104
1265227929182756864
1265235482692157440
1265235484629970946
1265236239764127750
1265236946466545664
1265240761785868288
1265254353490903041
1265272471617515523
1265274730405298176
1265274730308866048
1265278494105391105
1265278509372649473
1265291349332504579
1265291348078403584
1265295897652531201
1265296636525162498
1265307962773508096
1265310218956701707
1265316272436371458
1265318548165079042
1265319314594332673
1265323089287614469
1265323806790496256
1265337413792137229
1265338926836920321
1265338926434332672
1265339684634472448
1265340435725275142
1265341933897109507
1265348745895567360
1265355542316437507
1265360832646520833
1265363080478949376
1265380453919440896
1265391781383942144
1265480079863414791
1265481593021435907
1265481595454197760
1265484617555025923
1265484617492168705
1265484617462800384
1265513309895303168
1265526149448454146
1265535212106244096
1265539745741967366
1265543524159807488
1265554084133732353
1265577517022314496
1265582034040258561
1265584294048784387
1265585812458045440
1265590340557385729
1265593364981977089
1265593364956811265
1265597112382865408
1265598653584072704
1265606201859026948
1265609984915779590
1265609984315994113
1265620548983414784
1265621284538462208
1265625086599495680
1265626601720557569
1265639422923587585
1265640178565238789
1265643194395570178
1265645004472623105
1265652250980089857
1265653018453819393
1265656032325443585
1265663575617667078
1265663580302704642
1265668864047710210
1265673379287359490
1265673400153976837
1265674900607569921
1265676410129088514
1265676426411376640
1265677767493984258
1265683659677466630
1265685951873011712
1265685954829959168
1265692730245742595
1265701792857219073
1265711871622918144
1265722927665864704
1265722927430975489
1265742564147236864
1265750109914050567
1265763459901329411
