1314060489480114176
1314068067463331840
1314075585531056128
1314077288397504512
1314083143603965952
1314092047607922689
1314098085732192256
1314108105316282368
1314118265329909760
1314124632652500992
1314124863465033733
1314125387706912768
1314133414489067522
1314136363554529281
1314138921706631168
1314139489489629184
1314144606867591174
1314146127889997824
1314146710982193152
1314150877683425280
1314153702127738885
1314156390869618688
1314160063746117632
1314160749556772864
1314163052019843073
1314165702425706496
1314170116322582528
1314172065407270912
1314175219704135680
1314178996024815616
1314184408635789312
1314195046921629698
1314204576459878400
1314209091682627588
1314210579700092935
1314210826736136195
1314214968766603264
1314215308559876098
1314218646730924032
1314225805673877504
1314227886044442624
1314230359710674951
1314236247980769282
1314238546476232704
1314238718052569123
1314240777145462788
1314242546739089408
1314250791335624710
1314252287540371456
1314254479680700416
1314256194706567168
1314266718278160386
1314272212833181698
1314272365245878273
1314282540082003969
1314291255837417478
1314294259546312706
1314305839193305088
1314309629778763793
1314321396932186113
1314321439324073992
1314367388624867329
1314415295583449090
1314422877030998016
1314430428087037952
1314434174678376449
1314434397865684997
1314437972385771520
1314441045623681030
1314449413327253504
1314455053550465024
1314467874677960704
1314478356746952704
1314483261150769155
1314491673431375872
1314494989267853312
1314495056481525760
1314502779474522112
1314503932023123968
1314508224503181312
1314512188464345088
1314516478180364288
1314518879079723008
1314527711604494338
1314533040895520768
1314537973392826368
1314544091095592961
1314553342182461442
1314560023465463809
1314560077941088256
1314560945411297284
1314563598342074369
1314569968940441600
1314575606516985856
1314578175796576256
1314578680962834434
1314580135128043523
1314584068055609344
1314585644581163009
1314596530419101697
1314600259310350340
1314601993902661632
1314604347091816448
1314606023974563843
1314606571712909312
1314611680307970050
1314614587107483654
1314617510667399180
1314625509460979720
1314631224384794628
1314642086256431104
1314644975917858816
1314645808126492672
1314656652747067394
1314664460808851457
1314664817387601920
1314678179689377793
1314689614066704384
1314701494692741121
1314792810399305729
1314800366463131649
1314815458244210689
1314819493017923585
1314832940757647360
1314840855430213632
1314849162937151489
1314853200944599040
1314857159440642048
1314860005015859200
1314863667410853890
1314871143661174786
1314882596464197632
1314887185280249856
1314898508022009857
1314902727487619072
1314907933017280513
1314916312091590658
1314921455788982274
1314925850089926658
1314935216637726720
1314939576524341248
1314945462462541825
1314952106189762561
1314958923502366727
1314962419047899139
1314968582648987650
1314971666578112515
1314971972602863616
1314974655992737793
1314978188339163139
1314980740745043974
1314980740745043974
1314995919427960833
1315006182679998465
1315015946541694977
1315021187660025863
1315021785583308800
1315049729022136320
1315152657334579201
1315173035029286912
1315180352495915008
1315185504040738831
1315185885441294336
1315186876857360386
1315194835280814080
1315207459028566017
1315220325416742912
1315224981488373760
1315227423894634497
1315235246875373574
1315240769209413632
1315241002664255490
1315243732401258496
1315254360507658240
1315259522294972416
1315268604670214150
1315272007643205632
1315272100358348800
1315281598737244160
1315286105697267712
1315292157637529600
1315296574499622912
1315304977674498050
1315311369898659842
1315314533834121217
1315319614243442690
1315326872444710913
1315330089505218560
1315335662837600257
1315337349937721345
1315337467894132736
1315357532307763206
1315371302853718016
1315380962029600768
1315396492073537538
1315510037482221571
1315513959395528704
1315525508407406598
1315531262929534976
1315535914236608513
1315540336245080064
1315542717670338567
1315555303186890752
1315557942654119938
1315570795595411456
1315574971297681413
1315577493894713344
1315578093294284801
1315584980987318272
1315586679261081601
1315592439193833472
1315592541694316544
1315595310085922816
1315595609093611521
1315598100015312897
1315598107510480902
1315602289227333632
1315609514146758656
1315611099375509509
1315621403966791681
1315639258129018880
1315645246102024193
1315649357945896961
1315651943218524160
1315653327728893955
1315666510803853312
1315668303290007555
1315671095731683331
1315673194741854208
1315683355892101123
1315683510225711110
1315684918794620928
1315688449194840064
1315689695620280322
1315691287119630338
1315697908151394315
1315701724657709057
1315702821363294210
1315707344290902017
1315717711582965763
1315730794804064256
1315744470407708672
1315751631674388487
1315759167655772160
1315766717814132737
1315769846903246848
1315872424949428232
1315879996985090048
1315887512489988097
1315894054614446080
1315901469917409281
1315902340168404993
1315910167024865280
1315912458721267712
1315922979524612096
1315928383654682625
1315931222850383877
1315935427182952448
1315939530285907972
1315948901241958400
1315954554668814336
1315954570670080005
1315955018114183169
1315956122994573313
1315959732012711937
1315965515253395457
1315965622308741122
1315971608570462208
1315973732998041601
1315979098477473797
1315980158453587968
1315990271184850946
1316010654713737216
1316022619683000323
1316029935820169217
1316030761049309184
1316035455973027841
1316036367583936515
1316038486047125504
1316042506526695424
1316050408519983104
1316056397377925122
1316056751511396357
1316061224778584066
1316062711072129029
1316067902173392902
1316086627450617857
1316102666645368832
1316104143099043843
1316121765127561218
1316129119629905922
1316234797103153155
1316242346149847041
1316249899336445958
1316251465552482305
1316256169753796608
1316256640635633665
1316256743417151491
1316257480419299328
1316260893534154752
1316260904279912449
1316260949502894081
1316264791334424576
1316268365778948096
1316272549827936256
1316274026399105025
1316281227943518214
1316292349602000896
1316293373444214784
1316295204660547585
1316295895911198722
1316298305303982080
1316301491540500480
1316310147455737862
1316310288224972802
1316314814218723330
1316315867446218755
1316321400093892609
1316325879958646788
1316326282150510592
1316329930259603457
1316331830145155073
1316337614048419840
1316358977555435520
1316362961720668161
1316376546232414208
1316387361559896070
1316391393670070273
1316393350212325380
1316399067338080258
1316423568998174728
1316429057354084352
1316431676860510210
1316434551070175236
1316435014633091075
1316436131689500672
1316440983157039104
1316441989173444609
1316444136141197314
1316446808277745666
1316448337713934341
1316448816309186563
1316451539473575936
1316456089077141505
1316457903239434243
1316461306774519809
1316462652324032512
1316467586553597954
1316473883906707458
1316478914114531328
1316494066306220032
