1313980746227429382
1313999648634400768
1314038168476360705
1314055759236345867
1314056959650344965
1314058190917640193
1314058190917640193
1314058879630667778
1314059829254803457
1314061151513333761
1314061761440624641
1314062578268753921
1314063448951664640
1314064369274236928
1314067850684968962
1314068472968642560
1314071907784892416
1314075097293041665
1314080735435915264
1314084738135711745
1314086612859604993
1314089501959106560
1314093816840966144
1314098744598695936
1314101772315766784
1314101829446307840
1314105950756917250
1314110300203954178
1314110369200312320
1314114255722090496
1314117366977097731
1314120599736930304
1314122691952205829
1314123292014501889
1314127001872207874
1314130763177234432
1314133740646477824
1314134791449726982
1314137996455706624
1314142121562177537
1314145609897717760
1314148652605202434
1314151906017792000
1314154985094082561
1314158307192573952
1314161776406208514
1314164407551832064
1314164790110154754
1314168080730394624
1314170991396913153
1314172333091966976
1314174223833800706
1314177339442573318
1314180922451865600
1314181758435418113
1314184980138991617
1314187067707002881
1314188179176591362
1314189140523708416
1314192641467322369
1314193876870197249
1314196666367442944
1314200932830208008
1314201467427803140
1314203242595721217
1314205086936002562
1314205603934289921
1314210170801545216
1314211802339659786
1314212950702354432
1314214865032998919
1314218480023949313
1314219627371802628
1314222974493491200
1314227901982740481
1314228944238006273
1314232937274126336
1314237273609834497
1314241862694305795
1314242285429821443
1314245169529737223
1314247270158807040
1314248816347017218
1314251753781702659
1314255671366426626
1314259214391443460
1314260134726643713
1314260562356953090
1314262831177568258
1314266450048290817
1314270055820136448
1314273403994607617
1314275698199199744
1314277006511669256
1314280545061416965
1314284011615932417
1314287586207322113
1314291238808498176
1314294840239157250
1314296648068145154
1314299847084777475
1314363467667771393
1314389394569285632
1314391977862070272
1314417611992690690
1314421858356297729
1314428436379820033
1314431877088976897
1314435407799554049
1314436357763280897
1314439121369214976
1314442461163515905
1314445735329488899
1314451765446823937
1314454999414517760
1314458079702978566
1314460746613432320
1314461347258785793
1314461493648293888
1314461719348080641
1314461898335752194
1314462003663114241
1314465791014834176
1314470902382370817
1314471667213709312
1314475944338501632
1314480940572344320
1314482957919440896
1314485832703672322
1314485877465374721
1314486000329125888
1314486692334702592
1314486744918757378
1314492084213161984
1314493065005015046
1314494487217963011
1314495159229448197
1314496471031521280
1314496836133179392
1314497426091315200
1314497455875129344
1314497824629895168
1314498621145055234
1314501169457303553
1314504907848810498
1314506996423577600
1314508557321154561
1314511727216779264
1314512475602268161
1314512560671031297
1314512585212002305
1314515884468301826
1314520006953242626
1314520725827485702
1314521671743803393
1314523483838316545
1314525246746251264
1314526993153654786
1314528087766437888
1314531519424327681
1314532826356867072
1314532881419698176
1314535439534034944
1314536606385287170
1314539066575253511
1314539066394902529
1314542670044377090
1314546142152138752
1314549720619143168
1314553436600520705
1314559656996544515
1314562059221323778
1314562253279113216
1314565182430027777
1314567095728975874
1314567809238798342
1314571107748524032
1314574211910955008
1314577615441854465
1314581888414220289
1314588966717399040
1314591330165817345
1314596111605264384
1314598566309093379
1314602611828551681
1314610162263621632
1314611799690485766
1314619177349640208
1314625195110531074
1314629182853443586
1314632993902858241
1314636052469030914
1314640408648052737
1314642342389911552
1314646207386595329
1314651603165753345
1314660266949435397
1314664251341053955
1314671641646030850
1314680474212671489
1314686973278408706
1314687558203383810
1314691526744846341
1314718794502242304
1314759128947068929
1314786521006964737
1314786521006964737
1314792396140548097
1314804889445437441
1314814153333374976
1314823185435693056
1314829414400757761
1314831987270709248
1314837151494877190
1314845577482579968
1314853589689528320
1314858216745041923
1314864741416947712
1314868964971945984
1314872155402907648
1314879848578342913
1314887562457157632
1314895263807483913
1314902825772744705
1314908408441647104
1314910256007442432
1314917387980943361
1314924528578039808
1314931836104118272
1314938886586617856
1314941144611139593
1314945860795588610
1314952692138233857
1314958297020145664
1314959612827836416
1314966370690498561
1314973151181373440
1314980469046423555
1314986665258233857
1314993308981231616
1314996737136881665
1314999489317535744
1315003856636567554
1315009490316603393
1315013053017194499
1315018634314559488
1315024213028352003
1315027821123850242
1315031605778489344
1315036549856231425
1315042658218278919
1315046878212481025
1315049627020857347
1315054661532033024
1315074818564382720
1315102620932100096
1315130415909416961
1315139105303527424
1315152841749692422
1315169098490408960
1315175566203641859
1315183105683095553
1315188805067059201
1315194383063494661
1315200501877792769
1315215721446735872
1315220258404339713
1315225545873920001
1315230640254615552
1315235969432383492
1315241032213241857
1315245584102633472
1315250629665673216
1315255693801332736
1315268480325816323
1315288342712455169
1315290850931417091
1315319930032709632
1315323893104734208
1315335894744924160
1315341935389945857
1315346973961138176
1315347593430532096
1315352752868950020
1315375352248754176
1315379833887744003
1315416252815474688
1315473249170530305
1315484706545295360
1315505792993366018
1315508879430647813
1315520737537675264
1315522214188535809
1315523662703923200
1315527019862601728
1315530502615502849
1315531269577506816
1315531883460034560
1315534636295041025
1315538720016207874
1315540079897706496
1315545090341974016
1315546080789123073
1315549167293550593
1315553524009369600
1315557308135505923
1315561445736747008
1315562221049700353
1315567075432202240
1315570491999084544
1315572639319166976
1315574437027217414
1315577903585792002
1315578041440112641
1315582134585786368
1315586641399107586
1315590748050460673
1315593296908083201
1315594897634873345
1315596292089950209
1315599405807001600
1315600437526003713
1315604112663359490
1315608428149190656
1315612655181332481
1315614980172066816
1315616797714976769
1315621331237507076
1315625573591519232
1315628716081512448
1315632570139279361
1315633298157170688
1315633349914955776
1315646164495147009
1315648397530091520
1315651810133250049
1315652407947337728
1315653559741026306
1315657441531617281
1315660442476347397
1315668695587454979
1315673094162452481
1315677417160224768
1315680456977911810
1315680514959867904
1315680554264780801
1315681168491245570
1315684991070867457
1315689089774034949
1315690892787945473
1315691135042564098
1315692639417700356
1315696033654083589
1315696050666176512
1315696555177979916
1315700437866229763
1315703963006767104
1315707198664835074
1315710623070683137
1315713838109667336
1315717181133520901
1315720437280714752
1315723679393873921
1315726896735322114
1315729958556364805
1315734401192468482
1315738110269980674
1315763109693448192
1315766599589265415
1315784400106381312
1315800304835846145
1315832186306785280
1315856156439580672
1315865313565708288
1315879885752143872
1315884106107039751
1315885886794539008
1315888164096094209
1315891615945416704
1315894166614945796
1315897704426270721
1315899187012210688
1315899397398503429
1315901966766297088
1315904471164227584
1315909804355997696
1315912324755185664
1315912597783355398
1315918014412451847
1315918390003937280
1315920030979239946
1315925654744031237
1315930483738509312
1315935038970753028
1315937644409430016
1315939398173831170
1315944519448309761
1315948159386955782
1315950623452520448
1315952881087008768
1315953927591006208
1315954141706027008
1315955063261720576
1315960321492869120
1315967651802419202
1315967741015318529
1315967741015318529
1315971110668771332
1315974524848963585
1315979611411488768
1315980278364598272
1315985392718548999
1315989628252422144
1315994038143782912
1315994900823855105
1315994998463180801
1315998037014126592
1316004997520191489
1316007692335341569
1316009776057249794
1316013406374096898
1316016723145846784
1316020066568138752
1316023488721821703
1316027129390219267
1316030601489596417
1316033994371346432
1316037500536868865
1316040645014941696
1316043173785935873
1316044434283397120
1316046248781152257
1316046452452454405
1316046486149492737
1316046496995913729
1316046634443210753
1316046684623904768
1316049202598866944
1316052032202178561
1316055015954558976
1316058434438082560
1316061325810896897
1316065188894986240
1316068668422475777
1316071949173481472
1316075179173445633
1316078529726078983
1316081023671840770
1316081064612376578
1316081288177217536
1316081562820239367
1316083821327118336
1316087549530603520
1316090773851590656
1316093998667313154
1316097220220014593
1316100501403041794
1316103743725862915
1316106976879878148
1316110300345761800
1316114123747479552
1316122264648155136
1316127011396616198
1316137087226261504
1316137112278884353
1316137129404248064
1316137158927884288
1316149400503234562
1316173219150389248
1316202828029976578
1316225254600175617
1316235622923882501
1316239846084694016
1316243264903802880
1316245302328909824
1316247055988383745
1316247377393733637
1316251263542198277
1316254815375241216
1316258288263204865
1316263233632821248
1316265195631771648
1316265288812421121
1316266090276814848
1316268187051331584
1316270175784665090
1316272595696857088
1316272641234407431
1316278471207923712
1316285710668791808
1316292999597436929
1316296418508902400
1316298692769570816
1316299259218661376
1316300311418548225
1316300374584832000
1316303739045777409
1316305685706088448
1316307981957582848
1316308349881929729
1316309032496517120
1316312300853301248
1316315585555427330
1316318894789926912
1316323315485683713
1316328680835223554
1316331983274946560
1316336070162870273
1316340372235325442
1316344719908188161
1316348877637849090
1316352704843784192
1316357065200275457
1316360640940965888
1316360910093660160
1316364327105032194
1316368551075348486
1316372693994831874
1316377143962677249
1316380120307961858
1316380986712748032
1316381032904642560
1316383237699239938
1316385967138377728
1316388974001369089
1316391378897842182
1316392044554850304
1316395160977186826
1316398195061207046
1316401225257160706
1316404780839972865
1316408122861387776
1316411693153554432
1316415323499909125
1316418327951151106
1316420303854153729
1316421406717079552
1316421470663389190
1316421495581741058
1316421560727736322
1316421604021239808
1316423721331183616
1316425774577135618
1316427617260777474
1316429605394317313
1316429797791326209
1316430604498591744
1316431354574368774
1316432346548240384
1316433093281165312
1316434089801547778
1316434620699881473
1316436498078629889
1316437219008274437
1316437803375493121
1316438529988349953
1316439265245626375
1316440026117480451
1316441101448941572
1316441884294893569
1316442447032078337
1316442617861808130
1316443598561382401
1316444311844728833
1316445129767518209
1316445958197129216
1316446158311522306
1316446295448522752
1316447032081555461
1316447538938097665
1316447868404862986
1316449302336733184
1316449408708419584
1316452470026047488
1316455410149265410
1316456749877075971
1316457794619535373
1316459155801214976
1316461189497532422
1316463207754739712
1316464475030028290
1316464972088700928
1316465928528330753
1316466496693043208
1316466518855737346
1316466536807268354
1316466549792833536
1316469126811070464
1316472101033906176
1316475519064473601
1316478734040469504
1316481606455099394
1316484129064615937
1316487307638247430
1316490707511709697
1316493920369508354
1316497236822495233
