1329201062616702977
1329201081080029190
1329288552153288704
1329288643052236800
1329288667672817664
1329312943503249410
1329313190572937217
1329313205810851840
1329313447364931586
1329313457439727617
1329313469049544705
1329313479170420737
1329313500754305026
1329313508685647872
1329313735677276166
1329313757659602944
1329313784066940929
1329314794470400000
1329318740983418880
1329319762028007424
1329330420765388801
1329332470559477760
1329332479979888640
1329332500670394368
1329332510900297728
1329332651459751941
1329332683072282624
1329332707592204289
1329332751061880833
1329332773824450561
1329332795139887104
1329332809220190209
1329332824109965312
1329339233069314048
1329339291495968768
1329339305723109377
1329339438527287296
1329340274737352705
1329341091007623168
1329341110863486976
1329341236327702530
1329341250219159555
1329341310441058307
1329341330879893504
1329347026467901442
1329347048022355969
1329347054821388290
1329347071036579840
1329347123721228288
1329347213756084224
1329355425557442561
1329355513272954880
1329355535582420993
1329355561679413248
1329355601185529856
1329355653366759424
1329358378351652864
1329358473365250051
1329360646476091394
1329360674905067520
1329368687443316736
1329369142105927685
1329371570314342400
1329375682829357056
1329375785317257216
1329375874672697345
1329376621896331264
1329377145102110721
1329389067436486657
1329390794504097796
1329390884182343680
1329390896278888448
1329390932232458240
1329390943825440769
1329390984057270272
1329392456081813506
1329398974336409604
1329400706114220035
1329405678432219138
1329405741623619585
1329405753355096067
1329405798108295170
1329405828575662080
1329405892647919617
1329405917364969473
1329405993273405441
1329406071052656649
1329406600214351873
1329408153541365765
1329408975868227585
1329409008793489409
1329413294143262722
1329414912431493120
1329416859532267521
1329420447390298113
1329420464448544769
1329420480756019202
1329420511164723207
1329420658623832064
1329420696498425861
1329420985406287874
1329423804641239040
1329423819111616514
1329423827835756546
1329423854587031552
1329424409438908416
1329438988143382532
1329438996179677187
1329439005134516227
1329439020879917061
1329439038248546304
1329439047073357835
1329439058733506565
1329439086084558849
1329439099846057989
1329439107139989508
1329439127784333314
1329441215998255105
1329441339415654403
1329441478486200321
1329441667171184640
1329441826915356675
1329442088845447173
1329442094285467658
1329444439467708420
1329444474267824130
1329444482404769798
1329444489593835523
1329444502092845063
1329444510288539649
1329444525564186629
1329444543314464773
1329444563786883075
1329444569965088771
1329445686174158852
1329446112470704128
1329450761139458051
1329450771629420546
1329450780445859853
1329450795906035712
1329450804298850304
1329451128505962502
1329451981275017220
1329452308439175169
1329452316731322373
1329452333999263749
1329454957171515393
1329458022289182722
1329458806590500872
1329458812936462337
1329458821731921921
1329458840627195906
1329458854279647233
1329458863150690309
1329458877809766410
1329458951860137985
1329461296622919681
1329461305401630725
1329461311785345025
1329461331460763660
1329461350511370240
1329465826945200134
1329466089798062081
1329468334912450560
1329469624128245768
1329473375383728134
1329478360456687620
1329478369663127552
1329478389984620551
1329478445739470850
1329478465289064452
1329478557081493506
1329479667204710406
1329482187155116032
1329486350400286722
1329486350400286722
1329488494910169092
1329489485462188034
1329489518899187712
1329489542701838340
1329489558925438977
1329489797749088262
1329490234019606530
1329493251691335680
1329493773483732994
1329496034729488405
1329497272753786894
1329498534467481605
1329498551118950402
1329498568705662976
1329498585503838210
1329501057056190471
1329501383335227392
1329503585571381275
1329503602830954503
1329504796508909570
1329504808915578880
1329504855820554248
1329504874686451724
1329504896169684998
1329505004458283008
1329505070367596544
1329505123673001984
1329505327134466060
1329506378793308162
1329509852784287745
1329511438029828096
1329513005168594944
1329513026706427904
1329516566619320320
1329518165576052736
1329518677134356482
1329521444489998337
1329528351539793920
1329528539272581122
1329528620721836034
1329528637406785550
1329528653550645250
1329528683825074181
1329528705643929602
1329528723897540608
1329531481795031047
1329536602675294208
1329536606357876737
1329541332059250690
1329541713497632769
1329541712591642624
1329546613551927296
1329561806415728641
1329638254098911232
1329643541023363073
1329643564482129924
1329648497637924864
1329653309746065408
1329653333590740995
1329653352741949441
1329653381141581824
1329653396018765825
1329658838132416512
1329660859036151808
1329660892926128130
1329668454790664192
1329668996162088960
1329671461511041024
1329671494889316353
1329671562434392064
1329671591123410944
1329671658060255232
1329671687491751938
1329671828646879232
1329671875681783809
1329672042468298756
1329672077440331783
1329672393053384709
1329680694688288768
1329680750376071173
1329680777269944320
1329681668714745856
1329681833777303552
1329681876362137601
1329681901188222976
1329683501529100288
1329684420891176963
1329684785581551619
1329685758265987073
1329686565753413632
1329694623116259331
1329696723774697472
1329696777474367489
1329698978968072192
1329703127197638660
1329703909691187200
1329705324631224320
1329707137132597248
1329707146016153601
1329708191505149954
1329709068861235200
1329709107012653057
1329709126532915200
1329721999418138625
1329723564841373701
1329724101779451904
1329726206384746497
1329726251733569538
1329726440569450496
1329726468159639552
1329726482810335232
1329726491291246595
1329727545101709312
1329729248878358530
1329729671945195520
1329729780028207105
1329729820704575490
1329729845140598784
1329729883841425409
1329732319188553730
1329732407709339648
1329732517868560384
1329732555227230209
1329732568409903105
1329733200214634498
1329733856430354432
1329737385534435328
1329737439984889859
1329737475846234114
1329737652850069504
1329739315027578882
1329744190293614592
1329747327033221122
1329747343806246913
1329747356322066435
1329747409199624192
1329747462588870657
1329747485355634688
1329747498727059457
1329747508751429635
1329747518847119361
1329747530825994241
1329747542968569856
1329749166239719429
1329749197646688258
1329749891472613378
1329749992874123272
1329750002898448384
1329751253015027713
1329751260388585473
1329751277035802624
1329754233768448001
1329757023777513476
1329757665170513920
1329758230793367553
1329758256219172864
1329758304197808130
1329758318336880642
1329758335244054536
1329758381222092800
1329762906372780038
1329764545603268614
1329770841438085124
1329770840746061826
1329770851420549127
1329770875986587650
1329770927186382848
1329771060431085569
1329774530504646662
1329778271492468748
1329779517142032384
1329780037105700870
1329780078612516864
1329780212188450824
1329784423689105416
1329787284477120516
1329787394879594502
1329787661863804930
1329787804075905026
1329787910216962049
1329789547522248706
1329791747141087234
1329794654045413380
1329795019855769606
1329795182292840449
1329795201511133185
1329795493375991809
1329795517447102464
1329795796192079873
1329796065999118337
1329796073188167683
1329796157967626240
1329796176644894723
1329796236048801793
1329796260757385216
1329796978230878214
1329797036871471108
1329797212268847105
1329797783126204420
1329797783126204420
1329798032834048001
1329798063821631493
1329799560777097217
1329800529522855940
1329800939532918786
1329802279973687296
1329804667149316096
1329804664993439746
1329805562712891392
1329806622617706496
1329806632574922754
1329806766113165318
1329806817162113024
1329806836514631682
1329806848246026253
1329806871272824840
1329806900620357632
1329806914872627207
1329806952172498945
1329807019788935170
1329808077646807040
1329808924653072395
1329809766487617536
1329809770811973635
1329811185504575488
1329813955129319426
1329814110939254786
1329815241581076483
1329820446028664836
1329820485530624003
1329820601490550787
1329820668830081024
1329820775621271554
1329820814536044544
1329820828922482692
1329820839894802433
1329820858345459713
1329820868869054465
1329820885193199622
1329822222077349889
1329824216766668802
1329824231417376768
1329824722905931776
1329824952988672001
1329827263295188992
1329829241668722690
1329829453141331969
1329829488750977032
1329829737087328256
1329829949604323330
1329833098696122368
1329833110389788672
1329833125426438146
1329835750104461315
1329835787282767875
1329838289256329217
1329838361012559873
1329843029612564480
1329843062525333507
1329843083022905346
1329843092560732167
1329843101041627142
1329843114945744900
1329843123833479169
1329843132377288706
1329843145677352962
1329843169266184193
1329844585518993409
1329845085912043526
1329845829486710784
1329846780918435845
1329848456488357897
1329851816616595461
1329851851127336960
1329851891707228162
1329851962762911747
1329852145819070466
1329852161237405699
1329854139757715457
1329856916483411968
1329858410096046080
1329858426265067534
1329858442056622084
1329859763547541507
1329862952208510977
1329863255045627904
1329864701652701184
1329865073230295040
1329866717284143107
1329867066623537152
1329870006771986433
1329870024337723395
1329870039021981698
1329870054628986885
1329870062308700163
1329870081094864896
1329870121985306624
1329870215736385540
1329870240801583112
1329870275186450432
1329870312004083716
1329870335638966274
1329872253077520385
1329905337944723462
1329910379561050112
1329914520895164418
1330007548020273153
1330015693694246913
1330027564371480579
1330028863695454208
1330028928044560385
1330047826047463427
1330052785396715522
1330057823896686592
1330060872996298757
1330060885734387713
1330060902960402432
1330060918470930433
1330060936703569920
1330060947487141898
1330060975811256324
1330060982396342272
1330060998389194756
1330061004110172160
1330061231642845191
1330061340862541825
1330061469275320321
1330062904880734210
1330063242367037441
1330069684587204608
1330071079935733761
1330077816046678019
1330077824858853384
1330077834967191552
1330077846526713863
1330077870862045184
1330077940894330880
1330078300857905153
1330078311515611136
1330090892590542851
1330091380656443404
1330093581261017088
1330093664736043013
1330093687683092480
1330093700916064263
1330093707685662721
1330093717835948037
1330093807380140042
1330093861654421505
1330093940427665408
1330093961730543617
1330094467718778884
1330112830033580032
1330112841488195584
1330112851927855104
1330112863655129092
1330112876904935428
1330112921230319617
1330112935339941890
1330113009453326339
1330119024009764865
1330119302775779328
1330119339475922953
1330119361198239744
1330119969678520322
1330124526190026755
1330131336393347072
1330133282399383560
1330134802335457280
1330138673535471616
1330138682825854985
1330140285976899585
1330143179660734465
1330144107826712578
1330150046025834501
1330150063469981698
1330150092679094274
1330150108885905411
1330150120843866114
1330150686428893184
1330150724852920321
1330152041705037826
1330152952623992834
1330154652386594823
1330157050010214401
1330158652435685377
1330163161484419076
1330163369740038145
1330163395551703045
1330164078292111362
1330165572240371715
1330165583262920709
1330167241921466368
1330167248007393286
1330169061582495747
1330177012053454852
1330182770392522753
1330182882615300097
1330183031450181638
1330183031450181638
1330183049586368515
1330183067672195076
1330187517711298565
1330192797492768770
1330192943743963137
1330200865064488962
1330206972172521475
1330208921827614721
1330209029801598977
1330209043932188674
1330209051918131210
1330209195422081025
1330209213923160067
1330209225281335296
1330209235968389122
1330209250925228034
1330209266699997190
1330211666697580546
1330212354211143681
1330213244255023112
1330213957580304385
1330214038064783360
1330215826566369293
1330218920150786049
1330218968892760065
1330220612833435649
1330285338334535682
1330285356638478340
1330391280053055490
1330391304614932480
1330391342539804679
1330409019987660802
1330423896252821506
1330423934139953153
1330423965379129345
1330423977676836864
1330423990813405185
1330424052956209163
1330424084635774976
1330424100448251905
1330432931353997312
1330432941575507969
1330432949788041218
1330432971850063875
1330433683002691585
1330441087836680192
1330441097152241665
1330441107243737088
1330446778295005192
1330461897183932423
1330465528809463808
1330467742600847360
1330468268608512007
1330468740387975174
1330469809537101826
1330472184440123393
1330473520976048129
1330474891603300353
1330474921512853506
1330475252988702720
1330475266389454852
1330475333473202177
1330476060295696386
1330476886108073985
1330477657604173831
1330479530570616833
1330486460512866304
1330486494134480898
1330486510559375363
1330486520344694785
1330512993004777473
1330513000520880132
1330516088778616834
1330516127307403279
1330516161709142016
1330516195250987009
1330516248812281861
1330516263651696644
1330528280307511297
1330532611157061634
1330532988367593475
1330532993534922752
1330533137420521475
1330537885163003905
1330550461443739651
1330556794553372678
1330559152624689156
1330559174305079299
1330559187340963841
1330559226264031233
1330559236213006345
1330559269071155200
1330559275450634243
1330559285751930881
1330568079357726723
1330570344122507264
1330573114913284099
1330575882524758016
1330576160091234310
1330576286805319680
1330576885428985858
1330576901170139136
1330580896039251969
1330586967592013825
1330588460650999814
1330589973549101059
1330593993101619200
1330595759595597826
1330597019275161601
1330626188113555462
1330635131942543370
1330635149160173572
1330635155682320384
1330635166604201990
1330635179443036160
1330635190037831682
1330635198015397889
1330635211714007042
1330635222870863873
1330635235000807425
1330635240784662529
1330635253157867532
1330635267041095683
1330635299064524801
1330635563960061962
1330635728783609856
1330635736362708993
1330635781581524993
1330734430500102145
1330741212106678273
1330741232994291715
1330753418017841152
1330760200865898498
1330760305165692931
1330760364984852481
1330760739490041857
1330760836563021824
1330760912400158720
1330760995728404480
1330761021703794689
1330761084458897409
1330763416139689984
1330766053551562752
1330767887091503105
1330767902941831170
1330767916887846918
1330767945774075904
1330767975432015872
1330768025180655617
1330768049172049921
1330768061318778881
1330768092952145920
1330770031240732672
1330774035924443146
1330774074080043008
1330781114089222146
1330784406013874183
1330784444970622976
1330784485277839360
1330784510066253824
1330784522506473472
1330784532644159492
1330784542572081154
1330784557508022275
1330784573744173056
1330784585358192641
1330784618270822400
1330784642530734080
1330784668606730240
1330784682628280320
1330784781425139713
1330784788450582528
1330784797514461186
1330784854473125888
1330784866582081537
1330784923154849792
1330788488938217474
1330792884937891840
1330792896065363968
1330792939996524544
1330793067172028416
1330793099694649346
1330793168158253058
1330793211900682241
1330797810875293696
1330797884388892672
1330798452322799616
1330801103542358017
1330801899541581826
1330801941245517824
1330801958064713730
1330801978562240513
1330802010640281600
1330802019838332929
1330802045570478082
1330802058505707524
1330803980138639362
1330806342840414209
1330811326772490244
1330811326772490244
1330813246304038915
1330814204551585793
1330816101123551239
1330816503785152520
1330817737204129793
1330817757567389703
1330818187189948417
1330818520779808769
1330818533085896704
1330818544838324225
1330818580787683330
1330818589012717569
1330818777437630468
1330819050788818944
1330821403680108545
1330824780996616192
1330826372235866112
1330831456130768896
1330834755953287168
1330836400590245890
1330837602489028610
1330838766165118977
1330839102242123776
1330839184819499011
1330839202804666369
1330839215546961921
1330839256634322944
1330839281238224896
1330839348162465792
1330839356119134210
1330839365619249160
1330839376989974534
1330839389702934529
1330839528916078596
1330839549333954560
1330839569076539392
1330839739847610368
1330839761553133568
1330839783745183745
1330841570791350272
1330848423143116802
1330851576513257472
1330856615705186304
1330856613360640002
1330857569905217536
1330857598090944512
1330861727806861315
1330861738271633409
1330861781250678786
1330861797755248641
1330861808962441216
1330861827157274625
1330861842076475392
1330861858069377025
1330861927254421505
1330862058112479235
1330862120993517570
1330862174412156930
1330862241558695937
1330865320614047747
1330866658949427207
1330866662355185665
1330866899077492739
1330870466152706048
1330870514622095363
1330870527783743493
1330870544120635395
1330870556665712640
1330870565251506178
1330870583052079104
1330870595043676160
1330870640572850176
1330870646876856322
1330870668464975875
1330870682926854144
1330876427227553792
1330876462833037312
1330876688075468801
1330881682266877955
1330885886834302979
1330891764417359872
1330893049782788096
1330897126038056964
1330898292507545600
1330898377047945216
1330898405699301378
1330898529984929794
1330898578798243840
1330898689972461569
1330898867471200257
1330898945258770432
1330898979060641793
1330899013755953156
1330899020672344064
1330899033825669121
1330899053748609026
1330899078247550979
1330902102751780864
1330902100822413312
1330902795889815555
1330904305092669441
1330906310632726535
1330907063657107458
1330908091764846596
1330908107497746432
1330908115278106626
1330910084956909569
1330910836169330690
1330911608604921861
1330912094221381634
1330913045665746945
1330914628688375809
1330914940669063169
1330916656193867781
1330917070482124801
1330918398193266689
1330918887127457798
1330920409211039750
1330921914907439104
1330927020692434947
1330930535934418946
1330931726168756229
1330931742199459848
1330931757730947078
1330933014558351361
1330934624369975300
1330934653243564033
1330934659228823554
1330935272876482562
1330935282993127431
1330935321907884037
1330935345261764610
1330935382708457476
1330935399271833600
1330935410881683456
1330935435191857153
1330935783205834752
1330936056074690562
1330937104348700680
1330938026026033160
1330940530939863043
1330941066065928196
1330941198660489216
1330946571530334209
1330949352479723520
1330949369022001158
1330950705138503682
1330952283681648648
1330954378346450946
1330954419710652420
1330954437628669957
1330954452380037122
1330954982028406787
1330955778094751744
1330955957367607296
1330955990922121221
1330956090129981440
1330956214075863043
1330956343180742666
1330957149443338243
1330958154499297280
1330960894772146176
1330961420016619520
1330962959791656960
1330963185717956611
1330963199789846532
1330964692261609472
1330966708035710982
1330967714924556290
1330969477081669632
1330974504823218179
1330987385920909316
1330997448504987656
1331012592614117381
1331041144059342848
1331089296472805387
1331094291515645952
1331099458793254913
1331103608033730561
1331103629047197696
1331109619226341378
1331117091311783938
1331118849991831553
1331119240561254401
1331119338523389952
1331119427421675521
1331119452671369216
1331124710457958400
1331125248037691392
1331128268670504960
1331133511202435073
1331137460290678784
1331137470092767232
1331137526518714368
1331137577286590465
1331137588414001152
1331137640977096706
1331137653807472643
1331137683402465281
1331137683402465281
1331137693653274625
1331137714410938369
1331137743787847684
1331137778659315714
1331137793893019649
1331137823446011904
1331137845591937024
1331137858007142406
1331137877137354755
1331137916396040193
1331137922112884736
1331137939640868864
1331143536578875393
1331146086938005506
1331148490534227968
1331153473547735041
1331155067676880897
1331155147679014913
1331158456926040066
1331162259293425664
1331165790922567681
1331166750889693188
1331166880325832704
1331166897119916033
1331166923476840450
1331166936735084545
1331166955638808577
1331166970583060480
1331167009950863360
1331167018578538499
1331167108558966786
1331167178171834369
1331167199558578177
1331167226444062720
1331167239693852678
1331167273462222850
1331167282932879363
1331167340000579590
1331167353330143237
1331167376050712577
1331167462348513281
1331167502898966528
1331167524113813514
1331167599237935106
1331168700905426945
1331171738026201089
1331173756644024321
1331178704060493826
1331183645370048513
1331185932704296960
1331185977273016320
1331186367909474305
1331186408057409539
1331187149648093184
1331187167482310664
1331188775725232129
1331193744566214659
1331194347140812803
1331196385912360962
1331196429457567744
1331196449812602882
1331196494586712066
1331196554800226308
1331196585389207552
1331196829011222528
1331196893913899008
1331199927347802113
1331202881232531456
1331202955358384128
1331203883163660289
1331203881242648576
1331208940483465217
1331208942395985923
1331210027751923714
1331210048966709249
1331216548397277185
1331216618534432770
1331216632417546240
1331219167031267334
1331221153411698689
1331221171531100160
1331223266116169730
1331223363113676802
1331223653808271366
1331224112266620930
1331224110219845633
1331224119371837447
1331227378828402689
1331228338912944129
1331229031451271170
1331229042947846144
1331235573445615619
1331235616378540032
1331237859395858434
1331239010388369410
1331243414520786956
1331243429003726855
1331247062432837633
1331247574486052864
1331249279386722305
1331254264786800640
1331255074438451201
1331255124103221256
1331255343813435393
1331255431172337666
1331255462566768641
1331255639000182784
1331255649557209088
1331255660365959169
1331255713356767232
1331255724417183745
1331255741374717953
1331255752565125120
1331255777340821505
1331255793866461186
1331256879834652672
1331257627700056064
1331259169882726401
1331262767228186624
1331264212186910721
1331267240411488256
1331267300431945731
1331267308287889409
1331267333659242496
1331267352135151616
1331267363086491649
1331267438349066242
1331267693467607040
1331269394534633473
1331274378571616257
1331279477968687110
1331280023354019849
1331281699607547905
1331283695676829703
1331283724437221377
1331283775968382981
1331283796298240002
1331283824316207107
1331283835665965064
1331283849981079553
1331284281549795331
1331284302223601669
1331284403746705412
1331286567839789059
1331286819674025986
1331289092739522564
1331289529421008896
1331294183819186184
1331294368146321408
1331294367252877322
1331294617992572928
1331297210580021248
1331297232402968581
1331301670517690368
1331301688414793728
1331301705393336322
1331302996559454208
1331306886034059266
1331308043884244994
1331308083906310145
1331308104248647681
1331308120325443584
1331308154873929732
1331310280702308353
1331311811128340486
1331312672147730434
1331313083525033987
1331313299292610566
1331313491739897858
1331314510779527169
1331315193079480322
1331315477432381441
1331315518750547968
1331315928534032385
1331316104908697601
1331316266901139456
1331316579255132167
1331316977470746625
1331318143646633985
1331318443107299334
1331321468760846338
1331322034039742467
1331323433637081089
1331323458203029505
1331323552545566720
1331323580701925381
1331323621634150406
1331323660792115200
1331323887167168516
1331325041406074885
1331325047185797122
1331325621775941632
1331326526059663361
1331329791425994754
1331334392929804288
1331337401667629058
1331338154704560130
1331341940621717505
1331345709862424584
1331345709862424584
1331350743413108737
1331425875892592641
1331454679134384128
1331456776206774274
1331465254858002433
1331465277184372742
1331466796923281408
1331471832743108610
1331480395234369542
1331481989141172224
1331486977372401664
1331489190849241091
1331489228300185601
1331489257320554500
1331489299859189760
1331489325578674178
1331489399675219968
1331489621914640384
1331489659910836224
1331494508677259267
1331500105053114368
1331500380279238658
1331500394116227072
1331500400999079938
1331500421848895488
1331500459295649793
1331507867799728129
1331509626383241216
1331510665744441349
1331511415983775746
1331511451492773888
1331511615196422145
1331517580826308608
1331517600514404357
1331517608076734464
1331517645166874624
1331517658664198146
1331517669921714176
1331517700946923520
1331517729120129024
1331517773915312130
1331520660733108224
1331522033142947840
1331522071420137472
1331522098108526592
1331523196584124416
1331525621667815424
1331526208476033024
1331526242550624267
1331526258556088320
1331526278097367041
1331526348075130883
1331526364604854273
1331528642875240448
1331528680204546052
1331543415151079424
1331543427205521409
1331543436332331009
1331543451477925888
1331543471216324610
1331543523007533057
1331543566909399042
1331543617199071232
1331543643287662592
1331555861169385474
1331557112372146178
1331558114383044613
1331559488088838146
1331559496687169536
1331562034970804224
1331569518137798656
1331570422383570944
1331570443342450688
1331570451710156801
1331570518668046336
1331570593464987649
1331570639036166146
1331585791189979138
1331586547414675456
1331586620320059392
1331586687789637632
1331586712569516032
1331586768873906176
1331586781461041153
1331586817288785923
1331586841926119424
1331586851371671554
1331586868157276160
1331586888801652736
1331586899501338627
1331586956405460997
1331587495046361090
1331588818961653764
1331591935987998721
1331591973447360513
1331592217576804352
1331596053125226496
1331603559616548867
1331603566281232394
1331604673883762689
1331604715122155520
1331604730565570560
1331604755798519814
1331607485170544640
1331609629118369793
1331612748078321668
1331613767252185088
1331615337494810630
1331617511998173184
1331620538142371841
1331621817467932674
1331622175107911680
1331622323519184896
1331622374022795269
1331622444977754112
1331622562636369920
1331622615388196866
1331622638796627971
1331622667263356931
1331630488814047234
1331633870932992000
1331635555688472580
1331635560105078789
1331635607366459395
1331638894035660800
1331639630651940869
1331639963079860224
1331639979114700813
1331640105442930689
1331640165970964492
1331640181540188167
1331640566560550912
1331642670897393664
1331645192156442631
1331650224125845508
1331652103236935684
1331654128188198916
1331654138686550019
1331654164863209472
1331654187701202946
1331654341745385476
1331657769569689601
1331658183476207616
1331661340855984131
1331664058152579076
1331664312109305858
1331665570568269825
1331665822000041985
1331666435597283329
1331666586873323527
1331670384807194625
1331670425923956736
1331673375203356672
1331675398158086148
1331678903912591360
1331679157999251456
1331679921052278784
1331680415711719424
1331680701062778887
1331681687483387906
1331681795046305794
1331681805297192963
1331681912499417094
1331682933887950849
1331684707508097027
1331684944159105025
1331684960613380101
1331684976161677312
1331685005173678083
1331686453219385344
1331690869829799938
1331690880319827969
1331693389960527872
1331696015670439940
1331721097495064581
