1346972369903104000
1347055667840954368
1347058493929480192
1347075840429993987
1347080664055767041
1347083900057694208
1347093748581339138
1347095818319388673
1347096385515040768
1347096427995000833
1347098880400355328
1347113071937019904
1347117144694263809
1347117185165123589
1347120589081817088
1347124128038461446
1347141323242016770
1347145211345072129
1347157903229259777
1347161451295866880
1347165369996292096
1347168036634173443
1347168036634173443
1347171665109770240
1347182244193038337
1347190214628929536
1347190288494817280
1347199594585862146
1347200779267043329
1347200798208503816
1347207771897425922
1347210452045017088
1347217987590385672
1347224145143209985
1347224196837994500
1347224365860085762
1347226436491476992
1347250267608276992
1347262001303719937
1347262131104837639
1347264764246896644
1347266076342706176
1347267245064466434
1347269060753580036
1347274266732093440
1347279743901696008
1347281169247850498
1347300788301946880
1347301374980202498
1347415297737818112
1347417810708946944
1347418415305273344
1347420340193005568
1347423894265860096
1347424553774022657
1347433707343405057
1347446696180121601
1347451984706723840
1347455509448765440
1347462225934622720
1347470027314900994
1347470084772655106
1347477800517775360
1347479756355330048
1347480363606679552
1347480702208659456
1347484323994284033
1347487562106097664
1347488483158405122
1347496921557065728
1347497260716875776
1347497301854584832
1347498189574840321
1347499224888451073
1347500379001548802
1347500534668943363
1347515423571533825
1347526495334518785
1347529514855890944
1347535152424091648
1347544663583055874
1347553677536583683
1347556745971904514
1347557169202421761
1347558247100784641
1347558277874405378
1347560450121211904
1347561098162163712
1347572214326038530
1347575396548685824
1347577096500097028
1347577155438440460
1347579037489758208
1347579844880699397
1347586497919283202
1347592703148752898
1347594210191564805
1347596092276412418
1347601976721342466
1347604691518185474
1347605026093617153
1347607078882451456
1347607352116183042
1347623791174758400
1347632516426059778
1347643855127121920
1347646192067489792
1347650167126765572
1347660716778672138
1347661741744939008
1347668596315578374
1347673508252409861
1347683291164454917
1347780655141281795
1347807424879751169
1347807877654835200
1347810928771932160
1347814195211993088
1347815448738476032
1347815499422433281
1347815817824579585
1347826037455990784
1347830791984861184
1347832693535420416
1347839356803825666
1347842109609549826
1347843868901912577
1347849653262422017
1347860762207858688
1347862195842011136
1347863188231118849
1347863240592797701
1347863477357056003
1347869282508689410
1347873794275356673
1347894065350762496
1347906723026141186
1347918872511438848
1347919038547165185
1347936497375309824
1347963065665544197
1347982295299477505
1347989216106582018
1348004366154756098
1348008014159208449
1348020723827179520
1348146542444732416
1348165322327662592
1348175166015209473
1348175225779875840
1348179100960235527
1348186561637179394
1348192568568385538
1348199736310951936
1348207669715361792
1348207875022348288
1348207932660461570
1348227170401988610
1348227244523663361
1348227468826726401
1348239067285245955
1348249779432730624
1348261370198978563
1348261520220688385
1348261669500301318
1348264831204405249
1348266196643274755
1348273671350218752
1348290779203182599
1348292236946137088
1348297547933048832
1348311999546064896
1348339749388496903
1348346542374199306
1348358255450451970
1348362284117143554
1348379180266905600
1348510578311049216
1348524692190191617
1348534754812035074
1348546356416286721
1348550982293221376
1348552033276669952
1348552281390772224
1348552298117689345
1348553639992897539
1348560612276776960
1348561224229912578
1348568567315312641
1348571352962371584
1348571679048536064
1348574585076281345
1348582344161165312
1348585239564705793
1348586766639493120
1348588323720327168
1348589491381030915
1348590411812581376
1348593985816846339
1348595503093723137
1348595903062540290
1348600086784303109
1348604357672108033
1348604726317821952
1348608172748136450
1348610336715366401
1348621639194447873
1348628867108511745
1348630510109679616
1348630794504433664
1348632176494051330
1348636955853119488
1348642409752760325
1348643361360666624
1348644264926969859
1348648649220366340
1348648690551042048
1348655921879281666
1348656771389415424
1348658993724612608
1348661004520075271
1348667399399231489
1348667399399231489
1348668376848216064
1348676181567139844
1348691047031975937
1348700012058976256
1348721493073686529
1348732971310788611
1348740736913698819
1348747414606393344
1348862783526461444
1348891832953032705
1348897957047914496
1348901618637484032
1348908106819006465
1348909132754149376
1348909649043615745
1348912342197792770
1348912421730136065
1348913328249319425
1348917253790720001
1348919464100835329
1348923083596423174
1348923513911050242
1348923724477702146
1348931019483844609
1348934420997267457
1348935034179358720
1348935044035997697
1348936036437663744
1348936942105358338
1348937413809336320
1348940530772799488
1348942081071460353
1348942252530413571
1348947252820193287
1348950679193350144
1348953972242067456
1348955010479099905
1348955239009947649
1348955617264881665
1348955640920735746
1348959500494123009
1348963408624939008
1348971221384376321
1348975956535468032
1348992357706977282
1348997600834433024
1348998650144432130
1349001701009870851
1349009566676250629
1349018192929288199
1349018479832293378
1349021385683836934
1349021587522117633
1349021620065677317
1349021929051709442
1349022227551969285
1349023339038314496
1349025199732236288
1349025964689399816
1349027874888691713
1349030980858863617
1349032229742239744
1349037698699374592
1349038794536849410
1349040326510604291
1349040694015504386
1349041450131058688
1349043079165206528
1349043462981693444
1349044721142755329
1349047204074450944
1349054153436356609
1349065809256214532
1349070910440042508
1349074708080316417
1349099658522619904
1349233596989583360
1349243439234359297
1349254470090293248
1349257372930371589
1349258314333433856
1349259889198190592
1349260301611491330
1349261147279486977
1349262405587656704
1349264956634628098
1349267438953631747
1349268697282617346
1349271213722333184
1349273450624512001
1349274988445110273
1349275191080329216
1349277941465833472
1349278511740063746
1349282684539908097
1349284338878341122
1349285419482013697
1349287084465467394
1349291346637557760
1349292617029320704
1349295808332619776
1349296379898814464
1349297243749232641
1349297252771246082
1349297260526526470
1349297272182497280
1349298258967994368
1349298681716027393
1349300967993462790
1349301412857958402
1349306925629001728
1349306972995260421
1349309567277137922
1349310161303859201
1349312582138662913
1349312866369859587
1349314229409615872
1349315051438665730
1349315757100965888
1349315769927147521
1349319280408584192
1349320035370741760
1349322373921710081
1349322980833288193
1349324152562446338
1349324268962770946
1349328493839069185
1349328755227983875
1349331910359711746
1349334694790221824
1349337537387646983
1349339086423732224
1349346714222735365
1349346927582842880
1349349424116457472
1349351744292192258
1349353056266313729
1349355526505836549
1349361598507474953
1349362028134199297
1349364560696905729
1349365127695523841
1349365148448862208
1349370384118853633
1349372002965090306
1349375173816954881
1349378694326980608
1349380540051435520
1349381222863155206
1349381433945710599
1349381648824086528
1349391039317028864
1349391502984835077
1349400483446857732
1349403080220147713
1349404375442141191
1349414832773226496
1349431033830240261
1349438575427915778
1349439603346956289
1349448362014158851
1349478694851641352
