1346960284657848327
1346964119602294784
1347022631623602177
1347032813544103936
1347034027153305602
1347041074204856321
1347056706833022977
1347067770849161216
1347081445165166592
1347082206158741505
1347082206158741505
1347092525174157312
1347093030759759873
1347096673504391168
1347100231545053192
1347102413367472129
1347105314454298624
1347108413386465281
1347114791182233600
1347130893765402630
1347145725084393472
1347145725013069826
1347147297902256128
1347148186197094402
1347149725993205762
1347150219444678675
1347156218956161026
1347160270553182208
1347166205317160961
1347174589047185410
1347175001976414208
1347179365696733192
1347183127681236992
1347193950390644739
1347195094324097025
1347195760652279808
1347205356099932161
1347210447414587392
1347212662669783042
1347221428706410496
1347222957555388417
1347226493815054337
1347229907764576259
1347231280027623425
1347238286062968834
1347247781417783297
1347247781182894080
1347256692547833856
1347269105628360705
1347271016519790595
1347271016431689728
1347271016423321601
1347278393306456064
1347352058429636608
1347391784327012352
1347391784159162368
1347391784113098755
1347392297407803392
1347402551294111744
1347404481026265089
1347425626970611712
1347430084442001409
1347430320660951040
1347430591520763904
1347433193696321543
1347438642747342848
1347453807433809922
1347465860764618753
1347465860491976706
1347470595605331968
1347480808479727616
1347488486404874241
1347488486690070528
1347497550195150848
1347502835144024065
1347504812758335488
1347505915868680194
1347506442111221762
1347506442111168517
1347513704418582528
1347522830565597186
1347524605892841474
1347544165903695872
1347544166264410112
1347550748247261186
1347554680260456450
1347554680201732098
1347558997952495617
1347559383643926528
1347559383446810624
1347575909423964160
1347576884272488450
1347583185505411073
1347586729277071370
1347586729054765056
1347586729033785345
1347586940405751810
1347589518006902788
1347594381679845378
1347598333775372288
1347603585970954240
1347603585572499462
1347604553294893056
1347611263757672453
1347616239435313153
1347618791832907778
1347623393428983812
1347655935582490627
1347661747411410946
1347661747369480192
1347677031601999874
1347707578915151877
1347768694227742721
1347768694076747779
1347768693837725697
1347768693573509121
1347784584843440128
1347790752361934849
1347800316192948228
1347833263658848261
1347835746250584065
1347838323088367616
1347844737449996288
1347854813938200576
1347862681802448896
1347867196379299840
1347875014201270273
1347883605704503297
1347888497210830850
1347892294695985153
1347914934429036544
1347916723316523008
1347919448813039619
1347929017404555264
1347943138246144002
1347945869069455362
1347947779855937538
1347948911642734594
1347949590713135104
1347965576614969345
1347967087910780931
1347972624996040711
1347977435250307072
1347989848959938565
1347994201443676160
1347995510284681217
1348000198367318018
1348000980286263296
1348019904247697413
1348098543341494275
1348143106257014785
1348146163493588992
1348146163292233730
1348148882958643201
1348148882740539393
1348166282055716867
1348171866628886528
1348172426786598912
1348188224582262785
1348191515177316352
1348195091916206080
1348195091748442112
1348200035238993920
1348202483202592768
1348208371351097344
1348231141338329090
1348236799286636548
1348238950213832706
1348238949668581376
1348244050294550530
1348245048517943297
1348249293103230976
1348250180714434562
1348253312391512064
1348253312282472448
1348261741269020674
1348267660417638408
1348268480664100865
1348270386987888645
1348282695420403713
1348283418812043265
1348292529385566210
1348301264006893568
1348303727149666305
1348306495935569921
1348313454743072774
1348316884517724160
1348321859230699520
1348321884115513346
1348333168651350016
1348334933501243393
1348348939985178624
1348350793922056193
1348351735887245312
1348356764610260998
1348367123018625026
1348485609250316289
1348485608906379264
1348485608864419842
1348485608608559110
1348488652536606723
1348488652528123905
1348488652410785799
1348500541014482944
1348512892094656512
1348531162013163520
1348541820763045888
1348542917644857344
1348551739952287745
1348552403822510081
1348552403822510081
1348557552888512512
1348562934302126080
1348564029690818561
1348573190340161536
1348573917150130177
1348574547482730496
1348580348175802370
1348583855075299329
1348597797549957125
1348599406682107905
1348599410322714624
1348604287031635971
1348609843511382016
1348610676076511234
1348612003120738305
1348620342823161856
1348620342764441600
1348620972333662209
1348650103876308993
1348650697911316481
1348661178042617857
1348663498990096385
1348664710640644097
1348668058584416256
1348669623403687939
1348671419039756294
1348674631889260547
1348677338582691840
1348677338339356673
1348679750416539650
1348680468322017285
1348681100399435778
1348690987208609798
1348691450859499520
1348719778773544968
1348727105320837121
1348727105291481091
1348727105266323461
1348731176542990338
1348735676158795780
1348757327604834308
1348807353634869250
1348830073445625860
1348841195154321408
1348843154393464834
1348843154980691970
1348843154754166784
1348858566480900096
1348883488028688385
1348894057548959744
1348898958412754944
1348910663402459136
1348914218599411712
1348915745338646528
1348916977008521217
1348926134575050752
1348928030081765377
1348938881572417536
1348940106955165696
1348940617234132997
1348940954959572998
1348955304273305600
1348961300827795458
1348963077040066562
1348973830585393152
1348974408392708097
1348978162462564353
1348978439638888450
1348979315476754440
1348987159412428801
1348989895499460608
1348991167917142017
1348993641440808961
1348993641285627906
1349007258794020868
1349015151186472967
1349015464115101704
1349022513976717316
1349025013018583040
1349027970221019138
1349027970007126016
1349030905302704137
1349038824349966336
1349048586160504833
1349050253715107841
1349051304006578182
1349051303985610752
1349060430073913348
1349061080740319232
1349063043188187136
1349066683089084417
1349069580447207432
1349070982766596097
1349108552187727874
1349153829472923649
1349164352784326657
1349214165714546689
1349214165072752642
1349214165068603392
1349216886056226817
1349216885909413888
1349220055695958017
1349242779780734978
1349244167281586178
1349249196298285056
1349254310698344448
1349260757029052421
1349274169725349889
1349276772559429634
1349280845618683906
1349283211726245889
1349287320965550081
1349287809195126784
1349289184587112448
1349292013552807941
1349305825114861569
1349306587052208128
1349311419574079489
1349312316072984576
1349319066897543168
1349325808092008449
1349329355571425282
1349333353015767047
1349337026278133760
1349338765123330050
1349339839813079040
1349341693108232192
1349349127163932681
1349349127063269376
1349356348237099009
1349363402985115655
1349363402943160321
1349369223265591299
1349372730265784322
1349376914134335488
1349377991223209984
1349377991395205121
1349384660976095232
1349392863453442049
1349396186122301440
1349398424395919368
1349401355094523906
1349402016204906499
1349404082247753728
1349405609406443520
1349407529277796354
1349408681662717952
1349408904996921346
1349409875223343113
1349417110838116352
1349425503615283203
1349426694659170308
1349430082906042369
1349435514450022401
1349436780647493634
1349437422719922179
1349452820932665347
1349459609854074888
1349469944472363008
1349471074350718976
1349482520396623874
1349484745961447425
1349485900212932610
