1354565859767943168
1354569161259810820
1354573207014154242
1354575600191737857
1354580045289955333
1354583485667831811
1354586441582596097
1354589563419828225
1354592722057797639
1354594658379304964
1354595227357609986
1354595520564617219
1354597067608489992
1354599395669532673
1354599592390701058
1354602666274529282
1354605834626588672
1354608933919449088
1354610460931182595
1354610599234138114
1354610815022714885
1354611284440977416
1354611706211786756
1354611737186586626
1354612169036369920
1354615058047889409
1354617457374277633
1354619893895864324
1354622260674441218
1354626240838332417
1354630146528047114
1354633978607755264
1354637182963740673
1354640615569547267
1354643141186494466
1354644200512344065
1354644305952948228
1354644347149377544
1354645484967763973
1354648619023007744
1354650983511584768
1354655714942320643
1354670806614355970
1354685912987398144
1354693382598230016
1354696720274362368
1354703351624118273
1354712345528954880
1354715850033549313
1354718524443402241
1354719649187966978
1354723421159120900
1354726932169043968
1354730715217330176
1354734742701223937
1354738531122475010
1354742277848125441
1354746070199373825
1354749833563799556
1354753612283588609
1354757396288176128
1354761190967271435
1354764928503209985
1354768720489549827
1354770727799562248
1354772487230382081
1354776247025373187
1354780014508527618
1354783787759104000
1354787562905247747
1354790321054507008
1354791869604093954
1354795144747372546
1354798915191779329
1354800676539392001
1354802713184243712
1354804451878395907
1354806461533089795
1354808215377125378
1354814019308163082
1354815779003273235
1354817519857541123
1354819295704801283
1354822814717468672
1354826103345598464
1354829519077711877
1354832982973014018
1354836711394652173
1354840410569498631
1354844216665505800
1354847983544786949
1354847999436972035
1354859335143346177
1354863089502588928
1354864821288787971
1354866841533861889
1354870638461276161
1354874461128949768
1354877440817049607
1354878188233613314
1354882000650383363
1354885752191148035
1354887859061350400
1354889544076824580
1354895750224818185
1354899586423418884
1354903457841471488
1354906999746658309
1354911615372701698
1354915530151497730
1354919402811101184
1354922233576222720
1354927521494671366
1354930934454362113
1354934856321531916
1354938729606082571
1354943295684804615
1354946997804032004
1354949679381884930
1354952397618085905
1354955126373548032
1354956455842115598
1354958114752253957
1354962668520681478
1354966088245624833
1354966140494123010
1354967161098350594
1354968532082188289
1354969287526666249
1354969287480516615
1354971793103138816
1354973562705223680
1354976695867092992
1354979325645348867
1354981876042244097
1354982607453384704
1354986475746635777
1354987741851705346
1354988156051976194
1354988298033188870
1354988619929317378
1354988804172443654
1354988882878554112
1354989912173518863
1354991657259651075
1354992348749590531
1354994930775715840
1354998046271152131
1354999714224222208
1355000977326301186
1355001743621435393
1355005979822350337
1355009226708541440
1355013262035841025
1355014096702365697
1355016427783270400
1355018912128245762
1355021665198071808
1355024476149338112
1355027348161261569
1355030209767071745
1355032532832690177
1355036439382261762
1355036439382261762
1355048311577833472
1355054745438846976
1355059121524002819
1355063155609776128
1355070685253611520
1355074224784871426
1355078301019209730
1355086050503364609
1355089574071033856
1355096479036272640
1355101159992815616
1355104673628303360
1355105071747493888
1355105634442739714
1355108464473858048
1355112228702330880
1355116026007064576
1355119771994501121
1355123597480779776
1355127333829681155
1355131095893864453
1355134886793908227
1355138657754230785
1355141295648464901
1355142425480753153
1355147936884113420
1355149986158309379
1355151730711949313
1355153810935705602
1355157528418648064
1355161287362289669
1355165898810789894
1355168867711123462
1355173784764952581
1355176390820245504
1355178136070066185
1355180169074528260
1355183959903240198
1355187750044127237
1355191487315632132
1355195265494491145
1355205019314888707
1355210395267571715
1355210612171821056
1355214144966975491
1355217951805362177
1355219682295504896
1355221690876366848
1355225503813283847
1355228906505252870
1355229108356210688
1355229363982229504
1355229556739887104
1355230066096168963
1355230258002329602
1355230567105777668
1355230755652304897
1355236809106714624
1355240595468464128
1355244353648795652
1355248128014876680
1355252154676740098
1355255925284737032
1355259706546286592
1355263473777831940
1355267248349450246
1355269138281766912
1355271015769792512
1355274786486812682
1355278940944924677
1355282330500399109
1355282371944312833
1355286112722366466
1355286117659107330
1355290255197401090
1355293676893839364
1355297428698755073
1355301223394631683
1355305008254873600
1355308772818870275
1355312564847194120
1355316322507382793
1355320097070575619
1355324128258117634
1355324492931710978
1355327633035296770
1355331414502342657
1355335207717638145
1355338963314237444
1355342747419422720
1355348169006211073
1355350297607077890
1355354070052188173
1355357030933004296
1355357842878967815
1355361624677363712
1355365387102269443
1355369150919675913
1355372933250744321
1355376700926865408
1355378201908834305
1355380476270301185
1355382985474895873
1355385502220705793
1355390535385501698
1355395573373935620
1355410691784638464
1355433439135227904
1355440661646946310
1355455979761098754
1355470851693547524
1355485958913843208
1355501284367990784
1355506076683296777
1355511340308291584
1355516175959158787
1355521133920079880
1355522336141815810
1355523938156220420
1355526421217763328
1355529713968672769
1355531290041266179
1355532325413597190
1355536263709908995
1355541556850257929
1355546598479167488
1355551389066416130
1355554666524901376
1355557898542264320
1355561429429067780
1355565212053753858
1355568990098235393
1355572007258124288
1355572745812254723
1355573713534672898
1355576545620979714
1355580050754719748
1355584102141992964
1355587862578794501
1355591649586515970
1355595399944396801
1355599439956758528
1355602448266752003
1355602964879192069
1355606770987757568
1355608804910637057
1355609993005961219
1355613818022461443
1355614312564453377
1355617789697003522
1355621872029851650
1355625363297226759
1355629144625868800
1355632895965224970
1355636934597603330
1355640698335330304
1355644502850076675
1355648256462749697
1355652031554457600
1355667646562377729
1355670769485934594
1355670844559777794
1355682268082282497
1355697368570748930
1355710470339047424
1355712460917977091
1355727570587811846
1355742876748099590
1355757976934608904
1355773075099422720
1355787926861459456
1355803043120480256
1355818370713714688
1355833264053899271
1355848334649470976
1355855521195175937
1355863669813489666
1355878559932424194
1355879185298894852
1355879225224527873
1355882621390172166
1355886565411713024
1355890057807339522
1355891277578047489
1355893642888687616
1355895482229411845
1355897648860028930
1355899387248078850
1355904949872422918
1355908788172312578
1355909182881456134
1355912240046747648
1355920039103356930
1355924327334600706
1355927585046331393
1355931104788811779
1355931745418416128
1355931877585154057
1355935150962569218
1355935150962569218
1355935381863227394
1355938953115873283
1355943444598894593
1355946501281886208
1355950527213830144
1355954084486983683
1355957546033549313
1355961329522270222
1355964773553348611
1355965603161452553
1355969157649588225
1355972900101173253
1355976665642446854
1355980445658341381
1355984257655713794
1355984273954766850
1355991788662771716
1355999363345035271
1356006902191288321
1356014462868852738
1356021987630587906
1356030025838039041
1356037074139361282
1356044629423116288
1356052168617426944
1356059697447542784
1356059755467464705
1356067516045545474
1356074797910749186
1356074835403821059
1356081858065399808
1356086160628527107
1356089913796665346
1356097714833022978
1356105025685221377
1356112559498276867
1356120620921139205
1356129163829252096
1356129776872943616
1356131182572920834
1356135234182516736
1356140768461807619
1356146291483533313
1356148418591207425
1356150321555369987
1356154091228061702
1356158112768651265
1356166802968092675
1356172982650097667
1356176731661623307
1356180545642835968
1356186906753695750
1356187812006125570
1356191578784739329
1356195626225168384
1356197364592218113
1356199390340386819
1356203400124379137
1356207179703971842
1356210744937877510
1356214471195242498
1356218290910228486
1356222025304518659
1356225855710769153
1356229591770292228
1356233367583399943
1356237147674701828
1356240966416527366
1356244690950086658
1356244689935097858
1356248519926013955
1356252495048269835
1356256031156875268
1356260289788989441
1356263819480334339
1356266836149604352
1356270357687234560
1356270869916639237
1356276959312027652
1356278663973625857
1356286229088755715
1356287972337967105
1356288723344883714
1356289994814615555
1356293776361324544
1356302111743619073
1356305095747579911
1356306823096135681
1356308867584585730
1356312627631288320
1356316423900065792
1356319642600542208
1356320211868200962
1356323997592510464
1356327730397270019
1356331552263823363
1356335295164252167
1356339306206556160
1356343379437772806
1356345913250234369
1356346860533932037
1356350387180199941
1356354194651770880
1356358170843738115
1356361968106541063
1356365027746455554
1356365729340252164
1356369519686639625
1356373273630695434
1356376022216814593
1356380880491737089
1356384799288602625
1356388291327782912
1356390622878433280
1356393052735217664
1356397151534915586
1356401268940546048
1356405363327848449
1356408245070524423
1356411202746916866
1356413817295495173
1356414449637187592
1356415912081911808
1356417263721676806
1356418559333847042
1356420457055010817
1356422334270173184
1356424120611835906
1356424347662049291
1356425857431195650
1356428271878037506
1356431021261152258
1356432416898973702
1356433658756935683
1356435569673441285
1356437433928286208
1356438378288447491
1356441891903053826
1356444690334314497
1356447490510360577
1356448319313072129
1356448511277977600
1356451424918503424
1356452801132560384
1356453303002030083
1356455824852475908
1356457329462546434
1356461418632138753
1356465077478707202
1356467651627937792
1356475194064445440
1356482766943191041
1356490305072214016
1356497860553019393
1356505226174423040
1356505408391827456
1356512725833293825
1356516718638747649
1356520273000947713
1356524842732912640
1356529608439566336
1356535603429539845
1356539132831481856
1356542908795674624
1356546673116348416
1356550443585982464
1356554481207508994
1356558005576359936
1356562745840271360
1356570451187818497
1356573092219392001
1356573125295697921
1356580900881002496
1356584429083365379
1356588741217947654
1356591978285260800
1356599706340720641
1356601774329724929
1356603563275931648
1356607084742205443
1356610867882786820
1356614625622712324
1356618433195094018
1356620181074808836
1356622578215976960
1356626018598080513
1356629749179838464
1356633523139055616
1356639496931049478
1356641187965390848
1356645055562416135
1356648605566832642
1356652397372862467
1356656161907499009
1356660082654724096
1356661682718863360
1356663696555077634
1356668747621289986
1356671225142124546
1356671225142124546
1356678900735238146
1356680558521294848
1356682570604441603
1356686353296207874
1356690141839032326
1356691443398631424
1356693908462436352
1356697673189974019
1356700732766867456
1356701450370502656
1356705209435758595
1356708166805950465
1356710475568975873
1356713712166526977
1356718611822489606
1356720971122679808
1356724603943587840
1356728217953071108
1356731867014320128
1356734274578370560
1356738056691347460
1356742634535063553
1356746672949391360
1356750905950011393
1356752735870341121
1356755486696239104
1356757527158018055
1356760138649116673
1356763563000496129
1356766624271921153
1356769175528747009
1356771887418900483
1356776859950792704
1356777052075028483
1356777971286073344
1356778010150490113
1356778357132730368
1356778972139282433
1356779152041336832
1356779256857075713
1356779949575852033
1356782828281761792
1356783592857350150
1356785956892921859
1356786202549092355
1356788749049470976
1356790095689388033
1356793174677725185
1356796453453185030
1356799937153880065
1356801169419567105
1356803486139219968
1356805928192991232
1356806108854116362
1356806406695915520
1356806473104297985
1356807405619843073
1356811689912643587
1356814929899229185
1356818606617726979
1356822493781250048
1356827120325042178
1356830051375984640
1356832531623124999
1356845152267096064
1356860237563785217
1356868854182518784
1356871323285393408
1356875101963227136
1356878890422198273
1356882636548026368
1356886445294772224
1356890299772137474
1356894217612763144
1356897753696239617
1356901262218919945
1356905299555332097
1356909073384488967
1356912864905330690
1356916616315953152
1356920315151081472
1356920500690239490
1356924406124183552
1356927697126125568
1356927723273338881
1356933233913589760
1356935793617629186
1356939266929160194
1356943035028889604
1356946829590618113
1356950569890512899
1356954368520691712
1356958160658046979
1356961890031841280
1356965732836343808
1356969466098311168
1356973236689530884
1356977041288155138
1356980795404128256
1356985322052141056
1356988357436452864
1356992118720507904
1356995868763688960
1356999638285451270
1357003467391447052
1357007226368643076
1357011016769540101
1357014747770724360
1357018564037922823
1357022333987389441
1357026088342421514
1357029859097268226
1357033666459947029
1357041192928690180
1357044982826344454
1357048767200002050
1357052516035416071
1357056284692987904
1357060084019396609
1357063855315238912
1357067605031411713
1357071415971880964
1357075294511857665
1357079180509392899
1357081976583430148
1357085836597227528
1357088788544163847
1357092753340039169
1357094462388899846
1357096745050779652
1357099940699373570
