1342035323631632384
1342048873884360704
1342112543590891523
1342415539759697921
1342487765703741440
1342775662868746242
1342836312374697985
1343100002688782340
1343106111126315009
1343107460656201728
1343153401861816321
1343202726763659265
1343218905507115009
1343428722926493696
1343435584514240513
1343460355301904385
1343464346064728064
1343499562447679488
1343499601236647936
1343504855948787716
1343508915468849152
1343514028191191040
1343534160867020801
1343561339852218368
1343585731206406147
1343589777174528004
1343609154850713601
1343854745153400832
1343862260343721984
1343883876968632322
1343887992151179265
1343901338925719552
1343904853513433094
1343920456479301633
1343943860452470784
1343956029588045827
1343980854436110337
1344244601553629186
1344272777621041153
1344293665359839233
1344313043409203200
1344340420369797120
