1248019902759186432
1248131582877196289
1248131639835873280
1248131695032795136
1248131964521021440
1248132022025019393
1248163387747557376
1248164925299720192
1248182541175193600
1248190219679080449
1248194967459303424
1248197293846691842
1248206323696701440
1248209375191318528
1248210251532374017
1248215107622047744
1248215211292667905
1248215382525173761
1248215417581113344
1248215554269294594
1248215700780584968
1248215736797069317
1248215813020176385
1248228113009565696
1248240252189376514
1248240258476539904
1248250270615662594
1248250278656102400
1248250283517345792
1248250304874807296
1248250310923083777
1248253175527809025
1248255873601986561
1248263539300732928
1248269997048303617
1248293362135957505
1248300228542939138
1248351122844237824
1248351121724358667
1248351120411496448
1248351275110084609
1248351402004488194
1248351603624640519
1248351671710896128
1248351792615903239
1248352568159461378
1248352635285131270
1248352846971637760
1248352917968629760
1248353020888440832
1248353079302504448
1248353139323031563
1248353259582087173
1248353417334001664
1248353472875040769
1248353598221824000
1248353649115398145
1248353695294795786
1248353940657393670
1248354016595185666
1248354067908300802
1248354118667829248
1248354189832577025
1248354336620662786
1248354446033199108
1248354889287249922
1248354929619730438
1248354982396596224
1248355052114382850
1248355111543492608
1248355216577175559
1248355292691288067
1248355405920636934
1248355470194225153
1248355544974471170
1248355596677648385
1248355646560292866
1248355765494169614
1248355996877099009
1248356042842480641
1248356104138080257
1248356165295185920
1248356216922877954
1248356271365017602
1248356467373150208
1248356644968333314
1248357654763843586
1248363494686306305
1248363502449897474
1248476456683888641
1248528763253596161
1248529095526428672
1248529339446157313
1248529767059644416
1248529764958289920
1248530241888432128
1248530243138342913
1248530413045395457
1248530632730443776
1248530775827456002
1248530955935105029
1248531961284567041
1248531960101834752
1248532089575739392
1248532436679614464
1248532688413306897
1248532776904769537
1248532985697243136
1248546598281449472
1248546846894587904
1248546962837733376
1248547082723622913
1248547240777592832
1248547699319865344
1248547820254224385
1248547904048050177
1248548167454461952
1248548342168260608
1248548435470561280
1248548534896427009
1248548640693641217
1248548854200483840
1248549129816506368
1248549214612852736
1248549766541316098
1248549928038735872
1248550051493879808
1248550317177942016
1248552813292109830
1248553029999222784
1248553464420085765
1248554246162862080
1248554247874064384
1248576569314021376
1248579744058281986
1248579757551374336
1248579763821858821
1248579815109799936
1248583155910672385
1248583171173748736
1248589834576367622
1248595662075318273
1248595670610718720
1248595677732626435
1248599013605113856
1248605969031909378
1248611493320392709
1248612465690066945
1248621366720356355
1248621364761645062
1248624976489369604
1248632543005552640
1248632549196402693
1248634131040227331
1248634733757677570
1248634875546042368
1248635036833845249
1248635140248670209
1248635315117535234
1248635439411576832
1248635662720516096
1248635763241123841
1248636630367383553
1248636629130129408
1248637040549400576
1248637472164241409
1248637701856911360
1248638169630871555
1248638302820974593
1248638785757360135
1248638787938324480
1248638952506044416
1248639241875271681
1248639241875271681
1248639358321807367
1248639566921306114
1248639689998942215
1248639851760672771
1248641432681943045
1248654047684550657
1248667254025326592
1248682692385951746
1248694962167971840
1248703317481533442
1248712726316298240
1248714113737506817
1248715179937890305
1248715181913444353
1248715617663885316
1248716106195513344
1248716108951101443
1248716445602795522
1248735114806415367
1248865902541582336
1248907383478288384
1248913638137761793
1248916830607065088
1248917657333706763
1248918366758285313
1248922700724256768
1248928933548040193
1248934256988041217
1248946815204024323
1248976616421822467
1248983109418303488
1248996404900618241
1249032507502276614
1249045206651015169
1249060250193473536
1249093437225402370
1249238875417042945
1249272098125684736
1249290006461591552
1249296903285735425
1249303642974420994
1249303650075324417
1249303775174627329
1249332830238318592
1249359542749671429
1249367470240083971
1249367519435120640
1249372696099598336
1249426654071533568
1249426695335096320
1249438795365257224
1249572792263225344
1249573027291041793
1249573157004029952
1249573284812861441
1249573344577490944
1249573383043526656
1249573417973698561
1249573623549038592
1249614089380388864
1249639703760044034
1249639728661630978
1249639850606841856
1249640631225417734
1249640646136213504
1249643481271844865
1249663662081613826
1249718175597543432
1249718674786865154
1249718771121557504
1249718935232135173
1249719477375324163
1249719638386266112
1249719812852506626
1249719939440816128
1249720074627362816
1249720451485454336
1249720655676936192
1249720653839769602
1249720907771379713
1249721183710384129
1249722216033517573
1249722220680753152
1249722218902364164
1249722217644113923
1249722355359907846
1249722472112500738
1249722802338508803
1249723494126039042
1249723492645339137
1249725009800630274
1249759451407679492
1249766118295773191
1249766116651663362
1249766115116539905
1249771717989486593
1249772612856745984
1249773855087960064
1249776169014222848
1249776174634610689
1249804570416553984
1249804729355567109
1249804879134109697
1249952713623945217
1249967026057199618
1249983297490505728
1249994698237915136
1250000821506449408
1250005355117109248
1250005470569529345
1250006007520079873
1250008937895727104
1250009819387494400
1250009940539912193
1250010175374835712
1250019385542152192
1250019682226225152
1250028739846705152
1250029199936696321
1250035961821528066
1250052354965110785
1250054769399431169
1250054792866607104
1250054799405522944
1250054807827685376
1250060024275243011
1250065935983095814
1250065949660717058
1250080742522093570
1250081071158394880
1250097761057456132
1250111576692097025
1250112655999881216
1250113851288420353
1250113854979411968
1250113853301690375
1250122996427210752
1250125788680269825
1250126077055447040
1250126366701486080
1250133051037884416
1250135646884282381
1250135652957589506
1250137561453953024
1250315998416130049
1250316189592477697
1250344281492975623
1250398486811607041
1250398495665729536
1250398583112769536
1250398589525929987
1250398597084065793
1250403489450262528
1250442288083243010
1250443166357934081
1250443434457837568
1250443659461320712
1250443756895010816
1250443839287914499
1250443914705805312
1250443996964347905
1250444078875054086
1250444171825078278
1250444269623676929
1250444376532279296
1250444483172405254
1250444588864634881
1250444703750905858
1250444811578081280
1250444892238684160
1250445012422266885
1250445074447597569
1250445190562754561
1250445863752695808
1250445862171443201
1250446193676738561
1250446280465305600
1250446353307762688
1250446506827616257
1250446653070417923
1250446827171786754
1250447216847847426
1250447907268026369
1250447904898252800
1250448112331763712
1250448351012716549
1250448539509051394
1250448538024267777
1250449840376631298
1250478086895865863
1250487017349185536
1250503233199575040
1250503240912908290
1250503248575856640
1250503254796054539
1250503265298591745
1250536253176664064
