1265914033363968000
1265941279671803905
1265959209096695808
1265965038168207360
1265982402435796992
1266000773520867328
1266008955916075015
1266023422754263040
1266033387137105923
1266042045560283136
1266057900096548864
1266066708047020034
1266072007835254789
1266091691972403200
1266111580242149382
1266269796049526784
1266288507418361859
1266307293332684800
1266334220760293376
1266361903468564480
1266388669830770688
1266391724055760896
1266393763754237957
1266429098655543296
1266440207345344513
1266634952394723328
1266659614994513920
1266675820405428225
1266694092445986816
1266734357412147205
1266745195636363264
1266772861106245633
1266791486634332160
1266815642931474434
1266994823573078016
1267024519224610817
1267063028475977728
1267097701663019009
1267109742062768129
1267132983896444928
1267145818554937350
1267153873002733568
1267194453640581121
1267363818935648256
1267382628807827456
1267407266455662592
1267423649385967616
1267432960531345409
1267456616795906048
1267475309479198720
1267476768979668997
1267480764100345856
1267496591138738177
1267516262860705794
1267530603945005056
1267721864249401344
1267735705578545157
1267757107132203014
1267774460897132545
1267799115708223493
1267801136679051265
1267820011218890765
1267827831330836481
1267834934758117383
1267838047275663361
1267841384750493696
1267859853076242437
1267878648096239616
1267897270004903936
1267909601397075968
1268089448996233222
1268108825996992512
1268132067122044930
1268148928203161602
1268169371815489537
1268191206841946116
1268195351258902529
1268200518255403008
1268205585964638208
1268206133891739649
1268230465636327426
1268241035727167489
1268249115047145473
