1288714567699304448
1288714602834993153
1288714815704379398
1288715460977065984
1288735955986321408
1288736306764423168
1288744348100653057
1288744569958543360
1288744685192847365
1288745236315987970
1288747709298618369
1288753698730938371
1288823329223311361
1288823407581310976
1288823628566585351
1288823648405594112
1288830416280006662
1288838796361052162
1288838821002596352
1288843139126636545
1288843500964937730
1288844715484471298
1288847303835516929
1288849829393825794
1288849972226592768
1288860561875369985
1288886840431448065
1288897701032136704
1289110471539294213
1289112725730275329
1289112905338806279
1289112948489834497
1289112992207065093
1289113016953450496
1289113085186396160
1289113149476659201
1289116338053578753
1289120674771017729
1289120716798005249
1289122442699513858
1289122903758458881
1289124642960150529
1289134446516543489
1289134649747406849
1289138483727077376
1289140327660445702
1289141716629544961
1289152373441490947
1289168942032797696
1289196611659116545
1289196693339148289
1289196755532173314
1289205982833254400
1289206684632494082
1289214463799775232
1289218876731822082
1289218918293241858
1289223545004765184
1289231908199530496
1289241514057465856
1289257163676725248
1289262526715183104
1289267082136129536
1289455827732971520
1289472745927892993
1289500871680643075
1289546423806185472
1289591722175995905
1289594501242077185
1289594576211021824
1289594630464368640
1289594915236638723
1289594942654799872
1289637021133221888
1289818464455139328
1289863259416334336
1289907803071696896
1289954108200247298
1289999408612818944
1290012681580220416
1290180602021388289
1290212670621138944
1290212693048090624
1290212710567690241
1290212771297021952
1290212802255257605
1290212847251668992
1290212893179420672
1290234066386604033
1290235117244420098
1290235476633243651
1290235757483847680
1290246127950864386
1290264954273071104
1290296066483470338
1290296278086123520
1290296307395866629
1290296334751272962
1290296370780237825
1290296535255851008
1290324045817249796
1290326516757340161
1290326637071015943
1290542991350759424
1290558955576528896
1290559337497329669
1290559564291756032
1290588035210293248
1290609475716513792
1290611633027534848
1290611652652662786
1290611685007515648
1290633081444093953
1290633141850382336
1290641135145234432
1290658718267445249
1290658761426821132
1290674536904568833
1290674563928535052
1290678889644163073
1290720567864287232
1290721190248669184
1290721353117704195
1290721361392959497
1290905376150429696
1290916634933243904
1290923655560601600
1290923791271567360
1290923862071422977
1290923938814603266
1290923969294610433
1290924146835238912
1290950423109611520
1290960522523877376
1290960739822456833
1290960789097123840
1290969926832857088
1290998740912943110
1291004931110051842
1291005060399468546
1291009228963033091
1291012981631995909
1291013021628796928
1291013114939441154
1291013156828073984
1291020379016908800
1291020422671142914
1291020503549911041
1291037737123033088
1291038167823458304
1291038214300590082
1291041274435211269
1291056991411023873
1291075140411887617
1291107491410059264
1291107531541090305
