1321600635222052866
1321606423495823361
1321617748527513602
1321622781210087425
1321627814345560065
1321807498492354561
1321823865165778944
1321823864213721094
1321829393099034629
1321844492362633216
1321858836626579456
1321863115680567297
1321878691081723904
1321889541343641601
1321895830173945856
1321900863351238659
1321904638992396288
1321910929806819328
1321915963399352321
1321926461054423040
1321933578897248256
1321942639109918720
1321949962494636032
1321960506425450496
1321967552965218305
1321983911057129472
1322168741111672832
1322194045612032002
1322196873487286276
1322209648418672642
1322215436524670976
1322229277887238145
1322234732235513856
1322247900286513152
1322254443644026880
1322270801370902528
1322278350933688320
1322282861093744640
1322299741804195841
1322304775740887042
1322312941891395585
1322320377943527424
1322329396263354368
1322342775518457856
1322347053670825984
1322356364828569602
1322365174288797696
1322372724220600320
1322380775715598336
1322493526878253057
1322504843244744704
1322512392937525249
1322519943167021056
1322531268152729601
1322536634085187588
1322543347236438016
1322551400191135744
1322561466357211136
1322561466357211136
1322569017412997122
1322585061452034048
1322588817795260418
1322598107809394689
1322613077997740032
1322613559491284994
1322620606098137088
1322623616568168448
1322631427297476608
1322639650029293569
1322640738648313856
1322646873081966593
1322678924485296129
1322679745662881798
1322684683524755457
1322685282165026817
1322688553650827264
1322692328591552512
1322695600106659840
1322699878196301832
1322705178622070784
1322709944509124613
1322714977715785729
1322721017811345410
1322725547504328704
1322730450293587968
1322735117387943939
1322740143741005825
1322746435071139840
1322751468827541510
1322757759591436288
1322865972819251200
1322871257902145536
1322876039144636417
1322881072363917312
1322886357535150081
1322892363350577154
1322896675040456704
1322901204943491073
1322907244871102464
1322914542892929024
1322918821242556425
1322920732381356032
1322922596195684353
1322927509260902401
1322932159447924737
1322937695606362118
1322943986995179522
1322949020164202497
1322952795033538560
1322959086544211973
1322963112857800705
1322967642777550858
1322971669355483139
1322976702419636225
1322981735739645953
1322989285377667073
1323002402534928384
1323009391516405760
1323013947973197824
1323018225895047179
1323023259512659968
1323030495630798848
1323043391840481280
1323043942062006273
1323048424929898501
1323052200814366720
1323057366510817284
1323062266200264705
1323069815880327173
1323073590749614080
1323077868990193672
1323082401774329856
1323087935411924993
1323096239970373638
1323098757173448704
1323105048075792385
1323112598938767361
1323117631033933825
1323122502751653888
1323128955642253312
1323136505435561985
1323228219127046144
1323233897694470144
1323238930339287045
1323244215187447814
1323252268481695744
1323256294925455360
1323262197573836805
1323267619416399872
1323273910981451778
1323281209267527680
1323285487059042309
1323287121814192133
1323291275613757442
1323297566726017024
1323299670580449281
1323306919461756930
1323317447823273985
1323320216038776832
1323326718426320899
1323336825306402816
1323340422794645505
1323344123873710081
1323345575526297600
1323354189876125696
1323357964737089540
1323362494753075201
1323365514400464897
1323369292499484684
1323373064277680128
1323376838874484738
1323383130435260419
1323390735207550976
1323391493885718528
1323399824046252033
1323400746939883522
1323404521523982338
1323409554567094272
1323419193778188288
1323454098025320448
1323457369670512641
1323459889029619712
1323463661235642369
1323467436600025088
1323468473889153026
1323468541476163586
1323471210785599488
1323473727447654400
1323476965312126976
1323480018727612422
1323480103125397504
1323483793806790657
1323487568487452672
1323491343709036546
1323493860035670022
1323497131517378560
1323498138536013825
1323501409694830592
1323505184841080832
1323508959706292224
1323512734781067265
1323516509491138562
1323520285685899264
1323581437459734529
1323592258617188352
1323603835114328064
1323614656158560256
1323626012400377859
1323635543666667520
1323646695171870721
1323649133710770176
1323662679072862208
1323671782969102336
1323680338976010240
1323683519244230657
1323686386956791808
1323694683516788738
1323698268551942145
1323702988381122560
1323706008200376320
1323714564219961350
1323719094290452480
1323722695297695745
1323725896017203207
1323727125380288513
1323728652148891651
1323731677202567169
1323739479069392904
1323747783732535300
1323753975221522433
1323761880234553346
1323770935728607237
1323788300176388096
1323790702577373184
1323803877838364672
1323810798129610762
1323813088102146049
1323813103012818946
1323862422084493312
1323865811031785472
1323867320826109954
1323868327744253952
1324006410745569282
1324057905667149826
1324062214412767232
1324066382846320641
1324095643116163072
1324103124768882689
1324105390049488896
1324107906246086656
1324110423411490816
1324112939310264322
1324115456190459911
