1303816209977221125
1303819481953767424
1303822994616139781
1303825269862662144
1303825789079760896
1303826526224478208
1303827785941745664
1303829546857185280
1303830805253427200
1303832062210834432
1303833322876022785
1303834318310125569
1303834578784784389
1303835840414732288
1303837098848464897
1303838093187842050
1303838354262364162
1303839614248124422
1303840873793323008
1303841868183085061
1303842128942886912
1303843390921027584
1303844648537018368
1303845905364377601
1303847165580771328
1303848675941154817
1303851693076107264
1303855472689197060
1303856727645925379
1303859996996833280
1303860744455221248
1303860744455221248
1303861254935769089
1303862513960919040
1303864276562698247
1303864517474959361
1303865533759213570
1303874848494702600
1303876608894304256
1303880887260590081
1303882145216311296
1303883401083191297
1303884658837540865
1303885920807063553
1303887181543616513
1303888437842448385
1303889695395450881
1303890953657356288
1303892210237288449
1303893469673463809
1303894727683698688
1303895989087068160
1303897242366074881
1303898504318902272
1303899759418236928
1303901020209250304
1303903282314739712
1303908569876701185
1303920649803624448
1303934738923651074
1303967458450198528
1303981861274898432
1303996639317639168
1303997655765352449
1303998915319083013
1304001671266095104
1304006704426708992
1304011739927805956
1304013006439878658
1304014264068431873
1304015131286933505
1304015245342633985
1304015311465787395
1304015353043914752
1304015498397593605
1304015523278184449
1304015595353112578
1304015635375104000
1304015702588821504
1304015749539823619
1304015786361729025
1304015871753547777
1304015920768126976
1304015979966615553
1304018290168266752
1304020052258238464
1304020912287645696
1304028106496278529
1304033139690479616
1304035735486509057
1304038674603151360
1304039419884699650
1304039933066309632
1304043708166352898
1304052014901596160
1304053008230232064
1304054507236716550
1304059552543907843
1304062832644939778
1304064585738194944
1304067067906338816
1304071138012782592
1304072143920128000
1304072684402348034
1304073156378984448
1304074413013372928
1304074495087587329
1304075669454966786
1304076929058975745
1304076986755751937
1304077168885075972
1304078184997097472
1304082201663778816
1304085483136454656
1304086215839354883
1304086360362487808
1304086740702048264
1304087235764129792
1304089005114392578
1304090264743620608
1304091377907773442
1304091381166682112
1304091380004917248
1304091378981507072
1304091385755205632
1304091383452569602
1304091382328496132
1304091389924343809
1304091522690842624
1304092268081672195
1304092476043657221
1304092783762984966
1304094545286660096
1304097301590421507
1304098067554037761
1304100080832655361
1304101588882075650
1304102340425908227
1304106371911241732
1304107631947194368
1304108889957380100
1304109884628070402
1304110145698496512
1304115788895465474
1304116185785532416
1304117437076447232
1304120083573346304
1304121209244856321
1304121975971999744
1304124740479655937
1304124985015848960
1304126505841197060
1304127598566481922
1304127762668679169
1304128069146378240
1304128931365359617
1304129020183932933
1304130532318601217
1304132293485907968
1304133791946928128
1304133803414360065
1304137323504963584
1304138584899846146
1304139841907687429
1304141101805305857
1304142360209747968
1304143616735096832
1304144874816581639
1304145798452707331
1304145801447444480
1304145799970947073
1304146132231127041
1304147393630416896
1304148651355312128
1304149908690173952
1304151164699770888
1304152424815435777
1304153683299643392
1304154943146909696
1304155183228878863
1304156201450696704
1304157458152271880
1304159472303120384
1304162239725867010
1304164000318529536
1304166015392190469
1304167775309639682
1304170039558443010
1304176081444974598
1304177835842498560
1304179702958108674
1304185894421827586
1304187155271634944
1304187898116349952
1304188411004293121
1304189921759039489
1304191180658348034
1304192437963952134
1304192931679449089
1304193696817188864
1304194954932215813
1304196214825668611
1304197474001793024
1304198728899850242
1304199990206779392
1304201245184471041
1304202502850707456
1304203761825525760
1304205019537960960
1304207286701883392
1304208035103924225
1304209046883500033
1304211314143891458
1304213063998947329
1304213579852386304
1304218097092501506
1304218107393777665
1304225910909005825
1304230186574020609
1304231444550758411
1304231938463473664
1304235723214794752
1304242768311709697
1304244031975821313
1304245286005604357
1304246543495634945
1304247805138079747
1304249061948772354
1304250320613265408
1304251580758229008
1304252837749239811
1304252837749239811
1304254094341742595
1304255353635340288
1304256610018226178
1304257868703698946
1304259130581016577
1304260387832041475
1304261645557010437
1304262903315468291
1304264161350778882
1304265418933252098
1304266679170600962
1304267936148975617
1304280265582411776
1304293101931032576
1304329842712883201
1304344252244267008
1304359031813750787
1304360294144245760
1304364059060396033
1304369092044840960
1304374127600439296
1304375644915195904
1304376702592864256
1304376902472396804
1304378161019457536
1304387724565241856
1304394773499912193
1304397022267572225
1304397537999310850
1304405342223241217
1304411382662791169
1304411609155211265
1304411826789249024
1304411888411869192
1304411933009944576
1304412008641687559
1304412082662760449
1304412641201401858
1304413895986155520
1304415155791564800
1304415649247227904
1304416412161716225
1304417671992291328
1304419432664641536
1304420694097264640
1304421552675581957
1304421951805497350
1304423198813908995
1304423713006325761
1304424969691115521
1304426976976023552
1304427992047910913
1304430748464680960
1304434169360060416
1304434530774691841
1304436042758488067
1304437303683801094
1304438298912276483
1304438561421365256
1304439820282933250
1304441075277475841
1304442073345646593
1304444096103223299
1304445353333329928
1304445848147943426
1304446613885247488
1304449630479028224
1304451143674802176
1304452677548544001
1304453397949689856
1304454090957750272
1304454666646966272
1304455159376949250
1304457174911942656
1304457184420519939
1304458947403952130
1304459195367010305
1304460192696823809
1304460639587438597
1304460948007088129
1304461208226017283
1304463726016376832
1304464722549288960
1304466996000587778
1304468497238556672
1304472272757862400
1304472534948220935
1304476047375622144
1304476810458083329
1304479328034590720
1304479827987173376
1304480587563048960
1304483253785690113
1304483596946804737
1304484108219940867
1304485368587259904
1304486628719812609
1304487371514220546
1304491146350125057
1304492162512453632
1304493421164462089
1304494924973268993
1304499954707128320
1304502470996045825
1304504244368822272
1304505500021780480
1304506246414790656
1304509519905648640
1304511036633026563
1304512798316212231
1304512985143087105
1304513795784675334
1304517571883028481
1304521104908783616
1304521345372311553
1304523369958780929
1304524880046690305
1304525121609035776
1304528895396524032
1304532671922540544
1304532931025801216
1304534189669322753
1304535448321228803
1304536444879343621
1304536706457178115
1304540224790425600
1304542242506502145
1304543755270320128
1304543994701987842
1304545010805813248
1304546269214498816
1304547528784916482
1304547769357459456
1304548784656060420
1304551544684077056
1304552059778347018
1304553316026851328
1304555320660946951
1304555330647592962
1304556587483385859
1304557845422235651
1304559094175588353
1304562869095206912
1304563132233326592
1304565143037259778
1304566643897413633
1304566652844077056
1304570423443513344
1304571184374263810
1304577969407643654
1304585277416013826
1304585521738313733
1304588799331139585
1304593068629389313
1304597359788163078
1304600619454398465
1304605407583895552
1304606667754135552
1304607925156098051
1304609183304687618
1304610443550429191
1304611703175421952
1304612960879378432
1304614215592939520
1304615477008838661
1304616733743906818
1304617993511620609
1304619249810444288
1304620511452975104
1304621766950649856
1304623024252096512
1304624283587620864
1304625543476805632
1304626800304287744
1304630074524696576
1304706603195785216
1304721415325626368
1304726446917599234
1304731480027881472
1304736519429660672
1304737529451687937
1304737857672798208
1304738728267710465
1304738787092836353
1304745920219754497
1304751616596340737
1304752628056952832
1304765462824259585
1304767283345190912
1304768233376014336
1304776479625052163
1304780563656605702
1304781672177643524
1304784328539291649
1304787348341702657
1304787861087154178
1304789581817098240
1304790538575642635
1304791081930948609
1304791081930948609
1304792140766212099
1304793136254930944
1304793397966901248
1304796919277989888
1304797163290066945
1304797928926720000
1304799185338880012
1304800445320384512
1304800686106836992
1304804164451606533
1304804461206962176
1304806029931220997
1304808235736596482
1304812015580446725
1304815785634705408
1304817044127277057
1304819561259102210
1304822077023682561
1304822088566542338
1304823335256113152
1304824593555873793
1304827115813179399
1304827874441138176
1304829134590410754
1304829159596855298
1304829626821165057
1304830610704420868
1304832143479263232
1304833161222926336
1304834420453638147
1304834661424619520
1304837176518152193
1304837689309626370
1304838175555289092
1304839693222268929
1304842210534277120
1304844738902794241
1304845984577581066
1304845994207711236
1304846256557129731
1304847242809896960
1304848009323327489
1304849266649821185
1304852276058750977
1304853543464185859
1304854792657874947
1304854801071640576
1304857310225772544
1304858578499637248
1304859835922513928
1304860685927620610
1304861084214423553
1304861095954460675
1304862354631544832
1304864113982660608
1304864858794385408
1304866610939858946
1304868633764454405
1304872410483580928
1304876183478136832
1304879959287173121
1304881773214564362
1304883733204406272
1304887509214584833
1304891282968514560
1304895058261336064
1304898832702959616
1304902608990212099
1304906382504726529
1304909390202499072
1304911667281629184
1304913932172230656
1304917706949312512
1304919226738782208
1304920487248699395
1304921482171019266
1304921746026434561
1304923001188683776
1304924262269059075
1304928025188982789
1304928036878528519
1304930290045943808
1304931056420872192
1304932809694478341
1304933570545360897
1304933736870547456
1304936581464313857
1304939358127087616
1304940356178386947
1304940870022594561
1304941219714404354
1304943388341555200
1304944886173569024
1304947910057119747
1304951680958513152
1304953203054837762
1304955455937089536
1304959230684794880
1304967544198115329
1304968805937016832
1304970063989141504
1304971318945865729
1304972579082506240
1304973836392243202
1304975095883010049
1304976353456988162
1304977610699571201
1304978870123270144
1304980129546936320
1304981389461409792
1304981879972483072
1304982648151040001
1304983903632064512
1304985161767976961
1304986421049077762
1304987677238931456
1304988937555976194
1304989429518553094
1304990196958715904
1304991454004236288
1304992711603355649
1304993969462484992
1304995230496813056
1304996484937658368
1304996979408343041
1304997746005479427
1305068987819200514
1305101333687603200
1305113005882052608
1305115017600212992
1305118288838623238
1305126340505591808
1305127657986830336
1305129099979968513
1305130118453616642
1305141380314992640
1305141692044062721
1305146716211953666
1305147219511738372
1305148235561000971
1305150501474971651
1305151750148562944
1305155524183224321
1305159047335870469
1305160568320471041
1305161828033593344
1305163074027106304
1305165098298888199
1305167352200273921
1305170623639908352
1305174399931363335
1305176673315434497
1305176982796337156
1305178173634760704
1305181949888094208
1305185723017027585
1305185848506318854
1305186708326096897
1305187885709168641
1305189502638465024
1305190513495216129
1305193033093218310
1305193272860606467
1305193586238074880
1305197048199811073
1305200822947438593
1305204598706114561
1305205865109245952
1305208132214415363
1305208372350783488
1305212147602010118
1305214169256517633
1305215922010030081
1305219701191127041
1305220715860365317
1305222729214447616
1305223471828328449
1305227246714593280
1305229258567159814
1305229522674036737
1305231021592379392
1305234557093007360
1305235299874734080
1305235815782592514
1305237037298188289
1305238571251462149
1305242346657783808
1305246121032253440
1305249896463609856
1305250159991959557
1305251919791783939
1305253178871558145
1305253670779596805
1305255432441692163
1305259719360163847
1305261220514140160
1305264503802802176
1305264996863979521
1305266264156364803
1305266264156364803
1305268770257219585
1305271538552320001
1305276319962247169
1305279851637682176
1305280098791288832
1305282369822355456
1305283870015643648
1305284358107025411
1305288147962601472
1305291419444154369
1305293695466565633
1305295194271576065
1305296211801407489
1305298969363443713
1305301997650931713
1305302744773865472
1305305019017842688
1305306519228092418
1305306780994539522
1305310296349835264
1305312319749132290
1305314068757057536
1305317844469518336
1305321618449686528
1305325394351054849
1305326157819269120
1305330185982664707
1305331443959246848
1305332705463357440
1305333962139631616
1305335217259978752
1305336476608204801
1305336717956714497
1305337734215667718
1305338992792133633
1305340250881961984
1305341510158675969
1305342767237718017
1305344027127152640
1305344267892604930
1305345285443510274
1305346543462088704
1305347800419438595
1305348043672297472
1305349058891075586
1305350318419595269
1305351578312945664
1305352834096001024
1305354095180632069
1305355353744441344
1305356609938501633
1305357870276448257
1305359126613168129
1305360386158473218
1305371710158450688
1305413232711143425
1305417007416868864
1305431430772727808
1305447206762274816
1305448465842012161
1305462307217174529
1305463564438777857
1305464072658464768
1305464822054739970
1305466080266199041
1305467684159660034
1305467718234234880
1305467760324079619
1305467783392755712
1305467824056532992
1305467893002444800
1305467972639690754
1305468137551339520
1305468163463708673
1305468201594163200
1305468231642218496
1305468275627786241
1305468312541949952
1305468355768446976
1305468434600341507
1305468935861669888
1305469510619746304
1305469567356076035
1305477910346821633
1305479958379343877
1305480180174131200
1305480929541005313
1305483446295441408
1305484703819071489
1305490995103100928
1305492505123860485
1305500053109387264
1305501188570394624
1305501312021397507
1305502572472446977
1305509467115659264
1305511377969262593
1305516414468599808
1305517670188670977
1305518930027479042
1305521948999417857
1305523209366896640
1305523459607465986
1305524084982378497
1305524083782807553
1305524086169317376
1305524464155856896
1305524803881885698
1305524880184664067
1305525414224433159
1305525725588529156
1305526060847689729
1305526559558823936
1305529248241848321
1305530505115377664
1305531381968179201
1305534030570455040
1305537158560784386
1305537156778266625
1305537154580348930
1305537160448225280
1305537166496403460
1305537164718080003
1305537162931318787
1305537170351050753
1305537168291618816
1305537172079079425
1305541098618658822
1305544338026295296
1305551888092262400
1305553155695009793
1305554415093518336
1305555660797476864
1305555670041755648
1305559435759308802
1305559695902601218
1305563210838192128
1305566990833131521
1305568255399133184
1305569513497341952
1305570760283561984
1305570770689708032
1305571143764643842
1305572031203811329
1305572643047903232
1305574534959882240
1305576308110430211
1305577051731050497
1305578309988896772
1305578992645349377
1305579577104838659
1305581023929999361
1305582084757417985
1305583103671521283
1305585366016167936
1305585860042084352
1305586623560781824
1305589139862106113
1305589635490422790
1305590654697910273
1305591908698411009
1305592969165246464
1305593120348925955
1305593201940746242
1305593409785085952
1305593671107121152
1305596863610007552
1305597190203609088
1305598203593662464
1305600959507128320
1305602227135016962
1305604735148359682
1305604997598580737
1305606252702191617
1305607513820344321
1305608509011226632
1305608771926978560
1305612041563107333
1305612286623506432
1305613302417027073
1305614560355921921
1305616058754068480
1305617327149510662
1305618587533619200
1305619833703325697
1305619851864616960
1305621857274679296
1305623117100912640
1305623608581074944
1305624375811551237
1305625632202805248
1305626888971444224
1305627388823379968
1305628148772540416
1305629408380755968
1305630664750960642
1305631158210899970
1305631924405370894
1305633683425177600
1305633683425177600
1305634934556700678
1305636946379587585
1305638466458443776
1305638708306219012
1305639726666350597
1305640982789193728
1305642243185934336
1305642485469704192
1305643500873097219
1305644758686203905
1305646015287042049
1305646155561345024
1305646257898127370
1305647274970800128
1305648534100889602
1305649792672989189
1305651047898255362
1305652309330980868
1305657584272113664
1305657953257750531
1305669673040728066
1305670931059277831
1305684773742968833
1305687988567969793
1305691568645566465
1305692824462032902
1305694081503424514
1305695343758184448
1305696598698188805
1305697856901316609
1305699117784535041
1305700372900712448
1305701633167437824
1305702892322648065
1305704151251324929
1305705409089622017
1305706664474140672
1305707924413714433
1305709184051277824
1305710441533001728
1305742148273307648
1305779648937238529
1305793860648546304
1305801038109212672
1305808578574389249
1305809844486713346
1305813612720607233
1305818643494830080
1305824695523127296
1305825651073703936
1305825951494926337
1305827210281000963
1305828470090543104
1305828489422086147
1305828537455312898
1305828580014907392
1305828610494914561
1305828694372515840
1305828771761618944
1305829047272906752
1305829086149869570
1305829140751409152
1305829254932893696
1305829287266836485
1305829360243478529
1305832493933830144
1305834300580024323
1305834462844981251
1305834502355324929
1305843620243746817
1305847091122454534
1305847868209745920
1305848350290464769
1305849607457513473
1305850867388739584
1305851566830882817
1305852125101072387
1305853382431838209
1305854642832773120
1305855901111390210
1305856521885159424
1305857039923634176
1305857661464870917
1305858920989290504
1305862944970940424
1305864960535416832
1305870999234150401
1305877542981771265
1305878799666552832
1305880059182538752
1305880300413751303
1305881315229786116
1305884081884925956
1305885344378900480
1305886602015707137
1305887849657626625
1305887859325448193
1305889622459850753
1305890499664982018
1305891625369923584
1305895399740313601
1305896416066367488
1305899039288889345
1305899180771155969
1305900486093164545
1305901198155882496
1305902949789347840
1305904470681956352
1305905725802151937
1305906269434322945
1305906724537159682
1305906986840739845
1305907045359550465
1305910499129712640
1305911262849765378
1305912521509998600
1305913782695272451
1305914273869320194
1305915052508286986
1305915541572419585
1305918049149542400
1305921823473717248
1305922086033129472
1305923346144657408
1305924601319428104
1305925599173566464
1305925861938520066
1305928375119343616
1305929379453661184
1305930391702863873
1305933148664991744
1305936923945439235
1305937694686670849
1305940698181578752
1305940958710726658
1305942219996778496
1305944473369706503
1305945994367062018
1305948247811334146
1305951031830994945
1305952023897022464
1305952286074601472
1305953542751096833
1305955797348777988
1305957065639288833
1305959572964859904
1305962349795442688
1305963347024596992
1305963610007646208
1305966879144652800
1305967123886305280
1305968139440709632
1305969399506108417
1305973264188166146
1305973424402112512
1305974934422925315
1305976192609247233
1305977451961634822
1305981776582643712
1305981982581686272
1305983491285364736
1305987766958911488
1305991038675320832
1305992298237505537
1305996548891959299
1305997139974250506
1305997322925436929
1306001106787594241
1306002364734803968
1306002629131149313
1306003624267579392
1306004873389854720
1306004881459884033
1306006129198002177
1306006139478454276
1306007398298025984
1306009413266927616
1306017063258001410
1306017123152650240
1306017180568432640
1306019974952005632
1306019979670806528
1306024510022455296
1306046403806982144
1306051940569305088
1306055214391271425
1306056469742223360
1306057727974813696
1306058987113242624
1306060246092259330
1306061504375074818
1306062765451337729
1306064020093440000
1306065279177367553
1306066537678360576
1306067795080347648
1306069053551841280
1306070313235603457
1306071572818604038
1306071572818604038
1306072829100806145
1306074087341666304
1306075345980928003
1306076603332648960
1306077863561617409
1306118903584743424
1306129453727318016
1306142033682235394
1306156187130486784
1306156884655775744
1306170967752761344
1306172485021380608
1306173744197533697
1306175998342250496
1306181031431602177
1306186065234087936
1306187083069952000
1306188340253921282
1306188705787510789
1306189599593705472
1306189879961845760
1306189975961075718
1306190069678641154
1306190117657247744
1306190345957511168
1306190381659361280
1306190408066703361
1306190455189667840
1306190516137136130
1306190545740591114
1306190561276297216
1306190592796495872
1306190763064205312
1306190805846065152
1306191861082722305
1306194885242949633
1306202684639375365
1306209982799581185
1306211242747613184
1306217531452149761
1306218790296969216
1306219296515854338
1306220050769154048
1306225584587051015
1306229867411910658
1306232516936970240
1306232631567278081
1306233892744171523
1306235653705936896
1306242019459837955
1306243200152109057
1306247480691044352
1306248736738344963
1306249248141381633
1306249999144103937
1306251256529408000
1306252513780391944
1306253770574245888
1306254013348765701
1306255029276418049
1306256288272220160
1306257548308295681
1306258806331125761
1306259045729198081
1306260060981604353
1306261323286749186
1306267220947931139
1306269869747449857
1306270008310468609
1306270632489951234
1306271891586510850
1306274145064411147
1306276663827730433
1306277679910596608
1306278938658967552
1306280938729402368
1306281695151157250
1306281703451897856
1306283435896516608
1306283688703991808
1306283883676262400
1306285597749895178
1306285877929414657
1306286727993065473
1306286740471255043
1306287845380960263
1306287997566976000
1306288977729777666
1306290227074433025
1306291761287888896
1306292776586403841
1306294541457272835
1306296794259881987
1306297054629683202
1306298819353681921
1306299311399948289
1306299506426863616
1306299504866603009
1306299507848761346
1306300326987919360
1306300331970777089
1306300329990987777
1306300333623324672
1306306868399177730
1306308010697019393
1306308082507681795
1306308129026695173
1306308130737983488
1306308217681719296
1306308262829142016
1306308354910941189
1306308405989175298
1306311893791862785
1306315428076158978
1306316927095070720
1306316926784696320
1306318700409245697
1306321963011518472
1306322222399795200
1306323479537614850
1306324738827005954
1306325998833750022
1306326993240170497
1306327256210583552
1306329268218101761
1306330528170344448
1306331785769496578
1306333044480106497
1306334302070808576
1306335562270466048
1306337064879702016
1306339083699003393
1306340340971036673
1306341599568433152
1306342858425761800
1306344115316183043
1306344609489080320
1306345373997379584
1306346634952028162
1306347890206441474
1306349148422144000
1306350658694664192
1306351915626827777
1306352160599207936
