1357362047940493313
1357372092438638592
1357391293786304516
1357403657449463811
1357418649414492162
1357426241213767689
1357436953768116239
1357441574251220992
1357457730106195969
1357720762434609153
1357752899498102785
1357766038071480321
1357786583240474627
1357796265619292162
1357811242493239296
1357811247446712327
1357818829414498304
1357840250559754242
1358091097579388929
1358130086906593280
1358140908265295874
1358164317179441156
1358445538828550146
1358478130676072448
1358814062877016068
1358818634215350273
1358830507765735429
1358840277327376385
1358845176735817729
1358845189335502852
1358854888436940806
1358874240758525954
1358886076660797442
1358902150827560966
1359177780177620994
1359177783973404672
1359192099330088964
1359206248294539275
1359219538462670852
1359255259181436928
1359528838892503046
1359536382180544517
1359567810641289221
1359581652159238145
1359593084850438151
1359602800641081346
1359610611865370624
1359623271759695873
