1357222358654754817
1357238212406697984
1357243444469641218
1357258055637958663
1357258059182186499
1357258057995214852
1357258056820744192
1357260579006799872
1357304139168894977
1357316727676104705
1357353674826264577
1357353679465119744
1357353684007596037
1357365413089263618
1357383315100205056
1357383831536427010
1357584744754610176
1357606031317233667
1357621070518484992
1357639764296560640
1357664537214918658
1357679705135185928
1357685044857470979
1357718602149945345
1357738456127066121
1357760655542075396
1357963868379750402
1357982381983092737
1357996205028954112
1358012203375484928
1358026698449690625
1358029141262614529
1358085543591092224
1358115812884828160
1358140554517884932
1358140563120402432
1358339193764798464
1358339206137921536
1358371176020660224
1358463282567213056
1358469167888928788
1358531116878204928
1358671907332231168
1358689523333488641
1358770055538950144
1358795467174387715
1358795524913192962
1358795566466088962
1358803838346616840
1358805442093268992
1358831381418229764
1358831854774853632
1358847587151998981
1358868206526619654
1359034294912638978
1359049454075142146
1359052162894995459
1359065289070161920
1359066877423726595
1359087199795499009
1359111932427526144
1359118740202414080
1359139928366592003
1359160840847585288
1359180184004546562
1359183843589251081
1359184187954237445
1359236373274886146
1359396684527206400
1359414299056238592
1359449532413730818
1359475082213621760
1359475835225464835
1359476003291226113
1359476629354016770
1359476882304086017
1359477536376430593
1359477540973338625
1359485765479260163
1359485772634742785
1359531145180897281
1359554552865898496
1359562724385120257
1359567352535408646
1359592368241070081
1359596751196356608
