1313963562784751616
1313967840718811137
1313973628845789184
1313975085712236545
1313976900340121602
1313979695919173632
1313979717561786369
1313979731721818118
1313980227438215168
1313981178676944902
1313988728684081152
1314003827801161730
1314039415875006464
1314039686277537792
1314039761384939521
1314170005785915392
1314173537939226624
1314177472716562433
1314185021842952192
1314192572269711364
1314200381681852419
1314208409995026435
1314208677864206337
1314212704358457344
1314226547776196609
1314230572043173888
1314237870815809539
1314241646154911744
1314247244183470089
1314258239375249409
1314259764277202945
1314264313142669312
1314271844619485191
1314279395134115840
1314283641468485632
1314285181902090240
1314294498785136646
1314301791262179328
1314304849647939584
1314306058949664775
1314306057636851712
1314306056336613376
1314306063424987140
1314306062128947202
1314306060228927498
1314306067476746241
1314306066180648960
1314306064914026498
1314306071322914816
1314306070031015940
1314306068747616257
1314306072669233160
1314306321160773642
1314309593946882048
1314315884022902784
1314320917326000129
1314325524286763008
1314325522508394497
1314325529714208768
1314325528132890625
1314325525930835969
1314325533212188674
1314325531345719296
1314325538241159170
1314325536500592644
1314325534906736647
1314328467102670848
1314330983617851393
1314333500380676099
1314339036631388164
1314346374012559360
1314346577083985920
1314346722462760965
1314347258893213696
1314351116486766592
1314352374471852032
1314358666041139200
1314362400909545473
1314366215717040131
1314373765728333824
1314377540245446659
1314381315156791299
1314505888472866816
1314520988147576832
1314528567968108546
1314539860384976896
1314551981311250434
1314552492018016269
1314553701151932417
1314567610776915968
1314568326308343808
1314568875334422537
1314573160340217858
1314575293508653057
1314577202365726722
1314580281509269505
1314581393549082625
1314582765137006593
1314585159543533568
1314590207505838083
1314590946680422400
1314595206168293377
1314596489054703617
1314596489054703617
1314601516318298112
1314606801195806721
1314612589649747970
1314616161485627394
1314616164920815622
1314616163280867328
1314616168565608451
1314616166934085632
1314616173363965953
1314616171942076423
1314616170281160712
1314629785482596353
1314634232292089857
1314636099650813952
1314641788221624326
1314650589859516417
1314653106148270080
1314656882338955265
1314659649384136705
1314661159371444224
1314662669127950342
1314664430681038848
1314671982689103873
1314671980503724037
1314672232405364736
1314679530603249664
1314686958547935234
1314687084008034306
1314694629707714563
1314696531514200064
1314702683152900098
1314709730258939904
1314713504075612160
1314717278840258563
1314721053873143810
1314724830273564680
1314728603481972736
1314732382256160768
1314736153438883842
1314743703165038593
1314868274258157568
1314875825305444353
1314883379955982337
1314883376843612161
1314906777784385536
1314913576780353538
1314924897093726212
1314929819306655746
1314932446895505408
1314936223266336769
1314939997158404096
1314943778118135812
1314958870955999233
1314962051446472710
1314976566733090818
1314978645191077888
1315000729472466944
1315032829084958726
1315034765943242752
1315036153570095104
1315039489283293184
1315043569791569922
1315046291089625090
1315049443209641987
1315049468480364545
1315253312489353216
1315260865319505920
1315267041423773696
1315291063490236421
1315310452449173504
1315313353049415680
1315321265322942465
1315336359163428864
1315351460356390912
1315374107358375936
1315376396127137798
1315393882654474243
1315409747382853632
1315593053378244609
1315625009650569226
1315642695243706370
1315653452081569792
1315663540485840897
1315663538430660610
1315663546005544961
1315663543958634497
1315663542415228930
1315663549969108994
1315663548178104320
1315663553484009472
1315663551529390080
1315663558647177216
1315663556956893185
1315663555002327040
1315663562384306178
1315663560828243968
1315663564200439810
1315666924550971392
1315679772547133440
1315697868980789250
1315706707679629317
1315710071125336064
1315747231979446272
1315782999573700609
1315794673215172614
1315980444056399872
1316004609102696453
1316007800896663552
1316027263565979648
1316027261796052992
1316027259879190532
1316027266745298945
1316027270595661824
1316027268498550785
1316027274370580481
1316027272420233217
1316030420794798085
1316036182686470146
1316050433274675200
1316056115860340736
1316059372452081671
1316063650679906304
1316067677107113985
1316071200544772101
1316075478491504643
1316081518255562753
1316086551584141312
1316095107951722496
1316098884549177348
1316106936279019526
1316117002243788801
1316122538800340992
1316127068388814848
1316135876410433536
1316142680137699332
1316144684574466049
1316150220951085056
1316151731252846592
1316153744128704512
1316156764124000262
1316159280546902016
1316162552473284608
1316163558892204032
1316166835172040704
1316174382452994048
1316181935484547075
1316186963334971392
1316189480550723586
1316193254828773376
1316325376143118338
1316345382109171712
1316352463654526977
1316370675527942144
1316386760277078016
1316393332126502918
1316396594535768064
1316405788286636033
1316412198235897860
1316415720360734727
1316420646398832641
1316420644930813957
1316420650979012608
1316420649351602181
1316420648105893891
1316420655445954565
1316420653604577281
1316420652287623174
1316420658918756352
1316420657102561280
1316423530553077760
1316423529617915904
1316433321509957634
1316433319580622848
1316433325460992000
1316433323569352706
1316433330863255553
1316433329290436608
1316433327587459077
1316442396360540160
1316449946116259841
1316457495787954176
1316465045723926528
1316472595227840512
1316476372571705344
1316480145062944768
1316483919768809472
1316487694734811137
1316491470962978816
1316499019292528642
