1313962305957228544
1313963562935750656
1313964821021429765
1313967337561821184
1313969853905002497
1313972370638401536
1313974887149518848
1313977408454758402
1313978968752754689
1313979920461123586
1313981052235505670
1313982436989046784
1313984953991024645
1313987470078496768
1313989986673463299
1313991659579998209
1313992508234366976
1313993762247528451
1313995019813036032
1313997536462471169
1314000053116125184
1314002569534959617
1314005086071209985
1314007605333897223
1314009411434708993
1314010119416557569
1314012635747229696
1314015152941875200
1314017670488965126
1314020185922310147
1314020920361709577
1314022702106124288
1314025218860625921
1314027735443009544
1314030251911966721
1314032768523800576
1314035285122924544
1314037801789292544
1314039060567031810
1314040318279385088
1314042834874437633
1314045351670710272
1314047867988971520
1314050384650891264
1314052902642614272
1314054106206658560
1314068001486860289
1314083101992202240
1314098202727997440
1314113302881079297
1314117074034323456
1314117074034323456
1314120850111520768
1314124624045715459
1314128399623913472
1314134492878180352
1314138799409188864
1314140981512622080
1314143503979630593
1314146014949855233
1314148531284967424
1314149789706129414
1314151047863164932
1314153564533452802
1314154823139446786
1314156081216589825
1314158603943776256
1314159856450822144
1314161114297503746
1314162372521594880
1314163631148290049
1314166148661833729
1314168663990296576
1314171180866326533
1314173703626907648
1314174698641596421
1314176214488104960
1314178730567360513
1314181247464280066
1314182505373855744
1314183763820068864
1314185021956272128
1314186280117436416
1314187200137920512
1314188804970946560
1314191313458229251
1314193084125569024
1314193829940146178
1314196347327832064
1314198863289352193
1314200371112239107
1314201379812958208
1314203902993104897
1314206412990341123
1314208929568772096
1314211447774285825
1314216479341137922
1314219007189364737
1314220254445305859
1314221512937750530
1314224029100699650
1314226546589208582
1314229062433271810
1314230320376410113
1314232245448781824
1314234095929622528
1314236611853529088
1314238185375969285
1314239128444301312
1314240324919857152
1314241645093609476
1314242775836221440
1314244161604849666
1314246678317338632
1314247826956787714
1314249196581449728
1314251711456968704
1314253170307207168
1314254228030853121
1314256746681184262
1314258074518130694
1314259261225136128
1314261777702621189
1314264296491155456
1314266810879864833
1314269327395229696
1314270689071968258
1314271843776225280
1314273090705272832
1314274360551706631
1314275789483978755
1314276877205409793
1314277003223330816
1314279393615732737
1314281910189862918
1314283425168326656
1314284426772185088
1314286945208537089
1314289460184576001
1314291495357341708
1314292983102136322
1314294496415428617
1314295665753763840
1314295745495920640
1314297009688453125
1314299526514008065
1314302043176271872
1314303301316354049
1314304559561482253
1314307076135424000
1314309596962529282
1314312110810292226
1314312818255159298
1314314625840676866
1314317143354171398
1314319659118800898
1314321562355601414
1314322175567036416
1314324692069621760
1314325793867206657
1314327208823975936
1314329725318426626
1314332243964370944
1314333687618703360
1314334758474743809
1314337275254251520
1314339795691163648
1314342308322697216
1314343219229077505
1314344824884002816
1314347342544265216
1314348112044068867
1314349858002665472
1314352374627012609
1314354893675732992
1314357407653351424
1314359924458237954
1314362441560731648
1314364957576830977
1314365777294880769
1314366215821963264
1314367474180161541
1314369992494845952
1314372493541625856
1314375023784853504
1314375680138899456
1314375889094873090
1314376597382848513
1314377540270579715
1314380057054339072
1314382141820633088
1314382234003144706
1314382321240375304
1314384119162380293
1314385091137765378
1314387606696730625
1314390123232935936
1314390744581505025
1314392640394268672
1314395156326617098
1314397673085186048
1314398931342696449
1314400191651479552
1314402706212171778
1314405222920318976
1314407739628478468
1314415289010999298
1314422839026606082
1314430390908542977
1314445489950072832
1314460589771628544
1314475686950772738
1314479462293987328
1314483236764958721
1314487011751989248
1314490789897142278
1314493785229987840
1314497553895886848
1314501906492989440
1314503838989275136
1314505889764655110
1314508402949668864
1314510011775680512
1314510919414640641
1314513435816673282
1314515952386666496
1314518469031858177
1314519727377539072
1314520989791813632
1314523502150594561
1314524761041498112
1314526018879848448
1314528536196128768
1314529511892021251
1314531051914637316
1314533568580775936
1314536088099188736
1314538601800237063
1314539860670119936
1314541118697205761
1314542376770174976
1314543226984960002
1314544893197340673
1314546151324958720
1314548266680356864
1314548668113055744
1314551191611768834
1314553701550485505
1314556218090893312
1314557192280961026
1314558734216105984
1314558734216105984
1314559993040035840
1314561251226406912
1314563768030908417
1314566286282612736
1314568006664695809
1314568800780660737
1314571317488672768
1314573129579147264
1314573833748320257
1314575034854322180
1314576350330511366
1314578867298983947
1314580125187543041
1314580342167138304
1314581386267774976
1314582642298249216
1314583900656594944
1314585524024365061
1314586417226567681
1314588934895218688
1314591449875390466
1314593737016836096
1314594721465954304
1314596487603478528
1314598006344343554
1314598988004364289
1314599523075923969
1314601617203789826
1314604033479385089
1314604844511092736
1314606549331931136
1314609066187067395
1314611587710439426
1314612940931239936
1314614099662139393
1314615776700174336
1314616615925768193
1314619135028912128
1314620490795945987
1314621649157853184
1314624165509361667
1314626686181273600
1314629198707793925
1314631715458035713
1314633500750905346
1314634283357798400
1314634827732312065
1314635662038097920
1314636128289533954
1314636748442402818
1314637061308153858
1314637793105195010
1314639264961884160
1314641507190743040
1314642285263429632
1314644298063781890
1314646814763569152
1314649332973547522
1314651848192806913
1314653357793972225
1314655371051458560
1314656171878428676
1314656883119071232
1314659397604265984
1314661914211946496
1314663414996893697
1314664430655938562
1314666365903667206
1314666947359850496
1314669463946620929
1314671982001217544
1314674497010581505
1314675916157652993
1314677013664284672
1314678315580567553
1314679531224158210
1314680741326999552
1314682046829137920
1314684563487031298
1314685980151087104
1314687084838432768
1314689596588912642
1314692113213386753
1314694629925814276
1314695888233590784
1314697146176737280
1314699662943612930
1314700708332044288
1314702185486196745
1314704696175665158
1314707212993024002
1314710037953208321
1314712193066307584
1314712245775986688
1314713881407823873
1314714762480029698
1314716020834144257
1314717280693972993
1314718537408102400
1314719795586035712
1314721053760016384
1314722312084754432
1314723998480162816
1314724829510078465
1314726087075794944
1314727345270317056
1314728309750730753
1314729862028914690
1314730279932776448
1314731941871136769
1314732383015403520
1314733012416966659
1314734575172681728
1314734895013519360
1314736294422097933
1314737411679682560
1314738003194109956
1314739662552993793
1314739929038098432
1314742444882235394
1314744365428998145
1314744961401843713
1314746219629965312
1314747481738162176
1314748115786833920
1314749799472803842
1314749994801328128
1314751252757012481
1314752511203516416
1314755028331032577
1314756286312067073
1314757544343007232
1314760061034655744
1314762580917977088
1314765093968793602
1314767610689413125
1314770128249257985
1314772643749400579
1314775160398868480
1314777678487060482
1314781451817189376
1314785226925588480
1314789001631592449
1314792779696963589
1314796551349264390
1314800327212838913
1314807875773124610
1314815425524375553
1314830527980081153
1314838079505661952
1314848141179604992
1314853177695629315
1314858207546937344
1314863240745111552
1314868277298962432
1314872048779362307
1314875824206606336
1314877718186602496
1314879598492971009
1314883378622144513
1314887148286377985
1314890923092832259
1314894698658496514
1314898472827588608
1314902248443371520
1314906022738190336
1314909797557260288
1314913581482143746
1314917347421876227
1314921123621076992
1314924210297470976
1314924897571934210
1314926800338849795
1314928674160820226
1314931005841694721
1314932447356780544
1314936222943342593
1314938447862345730
1314939997020094470
1314943777719500806
1314947914259730439
1314951321389211648
1314955096040648710
1314958872373686272
1314962645829771267
1314966421940568065
1314967495737040898
1314970195568533506
1314973976486010881
1314979423700103168
1314979942787158021
1314981520780587009
1314985295096344576
1314986553370963970
1314989069819027457
1314994103063642112
1314996620023525378
1315000394725163008
1315001508522532870
1315001508522532870
1315004174426234880
1315007944363311105
1315011719056494592
1315015583465984010
1315016752477077504
1315019271500517376
1315021785469865985
1315023043815788547
1315024302429724672
1315026818563358721
1315029335112384512
1315031851799441408
1315034369703047168
1315036884981039105
1315039401676812289
1315041919140065281
1315043277637398536
1315044434648555520
1315046951348436993
1315048767301849094
1315050367575613446
1315053242997338113
1315057017489420288
1315058333221638145
1315060792509624320
1315064572114477056
1315066896073531395
1315068342164623360
1315072117029838849
1315075891886616576
1315078009188167680
1315079666684825600
1315080906915434496
1315082923310231560
1315087216985681920
1315089733664436226
1315092753009631232
1315094769152950272
1315097207863992322
1315098541413593089
1315102317075664897
1315106091047489536
1315109866864807937
1315110992519598080
1315113640819716096
1315116157242765314
1315117415508967424
1315120381330628609
1315121190617468928
1315123066826043392
1315124966568779777
1315128740343545857
1315132516492365825
1315136289885294592
1315140065002164226
1315147615458140161
1315155167805923328
1315162714012962818
1315170267040116736
1315177813394231297
1315185367541149697
1315192913735933956
1315200463583604737
1315208013419028481
1315215565636722688
1315219337213485059
1315223111973761025
1315226887233458182
1315230665554767872
1315234436850491395
1315238212282052610
1315241986757025793
1315245762842816512
1315249536118525953
1315253311960870912
1315257086024982528
1315259158497763328
1315260861150367744
1315263622101250051
1315264635600162817
1315266833386278914
1315268412680163328
1315269834125594624
1315272185804550144
1315275964172001285
1315279735635632128
1315280390702194696
1315283510597476355
1315287285030584321
1315291064723529729
1315294834731692037
1315296020817993728
1315298611891064832
1315302384436834312
1315306109578682368
1315306161755680768
1315309934599233536
1315313709636481024
1315317483960774656
1315321265788313602
1315325033942745088
1315328809504251907
1315332583409016834
1315336359574290433
1315340133135048705
1315343907954319361
1315345166417326080
1315347682831990785
1315351459966394371
1315355233044885506
1315359008409165827
1315362782607441921
1315366557346721792
1315367911347884033
1315370332073725952
1315374107907612673
1315375431659532288
1315379285784395776
1315381659152379912
1315385431635103744
1315387281503653895
1315389207863590912
1315392981315190784
1315396760026648576
1315400531125268480
1315404305940193280
1315408080901939207
1315410603989753856
1315411858287812610
1315415630808600579
1315417380307206145
1315419406265053184
1315423180308258821
1315424891429105664
1315426958558199809
1315428860742307840
1315430730172784646
1315434504853413893
1315437021578563586
1315439470364233731
1315442055267733510
1315444571246129152
1315447087820148736
1315449605186899973
1315452121102405634
1315454637550571520
1315457156859166720
1315459670706982914
1315462187415035906
1315464704634961921
1315468170409504769
1315469736969302016
1315472256617906176
1315473188336340992
1315476028580597760
1315479803915636744
1315481954943463425
1315483578407370753
1315487358481883138
1315494903015636992
1315502453350035457
1315517553301651457
1315547754458873856
1315562854624395265
1315577953334386688
1315579494640619520
1315581725423009793
1315585501349376001
1315589275015090177
1315593049582440449
1315596824992837633
1315600599828688901
1315604374517760001
1315608150813405184
1315611924000911360
1315615699126104065
1315619473768890369
1315623253491298305
1315627023922987010
1315630799715147776
1315634573590622209
1315638354684399616
1315642123102941187
1315645899423481857
1315649673370034177
1315653453218078721
1315653917393514498
1315654125372223488
1315657222651867137
1315660697225883648
1315660997974061058
1315664772306808838
1315668552653762565
1315672322167062529
1315676099502903298
1315679871767584769
1315683647052279812
1315686840062664705
1315688679919292420
1315688679919292420
1315691199391555594
1315693713163575297
1315696634622283779
1315700158533959681
1315701912830971904
1315703779296112646
1315706298235719680
1315707497005682692
1315708812767232001
1315711329089454080
1315713851707412481
1315716362174570496
1315718879155564554
1315721396589273094
1315722993797128200
1315723912332730369
1315726428801912832
1315730101603119108
1315732720086024195
1315736495257460741
1315739011441471492
1315741528069996549
1315744048922099712
1315746561259982851
1315749078018396160
1315751594407981056
1315754110889598976
1315756627753082881
1315759144691994624
1315761660682936321
1315762612303470592
1315764177374375936
1315766694275624960
1315769210547564544
1315771726974910464
1315774244253466625
1315776760148037632
1315779276696821760
1315781794915024899
1315784309920464896
1315786826590883841
1315789342925746176
1315791859579416576
1315794376325566464
1315796721180569600
1315799409402228738
1315801926252941312
1315804443099590656
1315806959166083072
1315809475937267712
1315811992825819136
1315813907383152640
1315815767288414209
1315819542220685312
1315823317148938243
1315827092479709185
1315830724239425536
1315831833876221954
1315834644538028033
1315836112997437440
1315838416622243850
1315842191110164480
1315844934948270081
1315847224518082561
1315849743386505219
1315854774332461056
1315859807262441473
1315864842859802625
1315872391499661314
1315879940319969280
1315887490570559489
1315895040024227840
1315902589217705984
1315910143578640384
1315917690167459840
1315925241928048641
1315930271749939201
1315935305258553345
1315944185216860161
1315946162512367616
1315948391201939458
1315950404325187587
1315952927891238912
1315955442468687873
1315957954127048704
1315960470873026560
1315962989313486850
1315965504092332032
1315968020418789376
1315970542483185670
1315972486098493445
1315973053814251520
1315974311836966913
1315975570191196160
1315978087356485634
1315980603657916419
1315983120026533894
1315985642560651266
1315988153254187009
1315990669869998080
1315993188247633920
1315995702833672192
1315998219797581826
1316000736140906497
1316003253033738243
1316004311957200896
1316005769213612032
1316008286676688897
1316010802328088577
1316013319187243008
1316015840601534465
1316015872238993408
1316018352721063948
1316021529814036482
1316023386896621573
1316024643644465152
1316025902145458176
1316028418346176513
1316029676616384512
1316030945502228481
1316032193408491520
1316033451716489217
1316034709940441090
1316035968684744705
1316037129785552897
1316038487842287618
1316039743424081922
1316041001845182464
1316042736622071809
1316043518062845952
1316044823892090887
1316046040500322304
1316048551185731584
1316049546410156039
1316051068200071173
1316051983229386754
1316052667718922240
1316053584677490689
1316054848601808896
1316056100945506305
1316057866328043520
1316058617418665986
1316060585851858945
1316061889382801408
1316062392829177856
1316062766642466817
1316063147317493762
1316064598718656516
1316066251987472386
1316067362895024129
1316067421078327296
1316067927913902080
1316068091038781440
1316068388242952194
1316068552521265152
1316068782889218051
1316068905211883528
1316069593622949963
1316069979557711877
1316070710624825345
1316071193921892355
1316072014722084864
1316072255479336966
1316072778202742786
1316073400289370113
1316073693924208647
1316074265398128640
1316074852571324417
1316076756726673409
1316077073576980481
1316077579804311553
1316080013586956289
1316080084915290115
1316080745560059905
1316081266794524672
1316083001491681281
1316083784975028227
1316086299900571648
1316087166016122881
1316088816718020611
1316090365238218757
1316091336915812353
1316091430230650881
1316093849765400576
1316094491829440519
1316095108220035073
1316096366024638464
1316098883584438273
1316099873444368385
1316100565957574657
1316101399239823360
1316102505630248960
1316103915935391744
1316106435181391873
1316108949121310723
1316111465699594240
1316112843201273865
1316113982978048000
1316116498725965825
1316116498725965825
1316119015287410689
1316120273754578944
1316121534180798465
1316124048628219909
1316126290009878529
1316126565219135495
1316129083013492737
1316130508154310657
1316131598350327811
1316134114957971457
1316135820936597504
1316136635009044488
1316138599079915520
1316139148244398085
1316140928730574849
1316141664705093633
1316142202599464961
1316142841895292934
1316144182616969216
1316145361447247878
1316146697882472448
1316146697660108803
1316149214355746816
1316151734553571328
1316154247541592064
1316156764069326850
1316159280593031168
1316161797351641091
1316163055521165312
1316164313749630976
1316166830629761026
1316168346719735809
1316169347140812803
1316171863727378432
1316173121917861888
1316174380821602304
1316175278490746881
1316176239699341317
1316176896917299201
1316178155078643712
1316179413407428609
1316180671610515456
1316181931491377152
1316184446530465792
1316186963272060928
1316189480882036737
1316190508503502851
1316191996306890752
1316192990109536257
1316194513086345216
1316196217479671809
1316197030633508865
1316198567430836232
1316199546020528128
1316202062560944129
1316204579663552513
1316207097273606144
1316207095851687938
1316209612329226241
1316212133806264320
1316214645473112066
1316215903839715335
1316217162160369665
1316219680089157632
1316222195102896129
1316224711752183809
1316227231694241793
1316231003220967424
1316234778602024961
1316238553026719745
1316242330362535936
1316257430561415168
1316272528395042816
1316280077986996224
1316280077521362944
1316287628531118081
1316291401580068866
1316295176038445058
1316298951063228416
1316302725823381504
1316307759441248257
1316310276845776896
1316313666434859009
1316315865650954240
1316317829990248451
1316320342022000641
1316322858625310720
1316325376445100033
1316327891781779462
1316330408313839616
1316332934735962112
1316335441864388609
1316337842226950144
1316339216465358848
1316340476157612032
1316342991145951233
1316344249831632897
1316345507778686979
1316348026881863680
1316350540968800257
1316351799742197761
1316353057823748097
1316355574439669760
1316358090799816704
1316359933223481344
1316360607352807426
1316361865597980679
1316363365317586950
1316365640798625793
1316368157460889602
1316370675007922185
1316373190281695232
1316375707023540224
1316378094639300608
1316378764721487872
1316379482186420224
1316380740251197452
1316383256833478656
1316385775697776642
1316388289801322497
1316390806274613249
1316392280035651584
1316393324929003521
1316395839766568961
1316397327024885762
1316398356277542913
1316402688943415297
1316404647624667137
1316405905995390976
1316408428529504256
1316410382861434880
1316410939260899328
1316413456116068353
1316415974644617216
1316418488978690048
1316421005351452679
1316423528523202562
1316425001298526214
1316426038453260289
1316428555606130688
1316429813347840000
1316431071861444610
1316432021779107844
1316433588162764801
1316436105139372033
1316438625433739264
1316441138010574848
1316443655083831296
1316446171812913152
1316446860484247553
1316448688198152193
1316451204499730433
1316453276049649664
1316453720926744576
1316456237383458817
1316457583847378946
1316458754385211392
1316460012659646464
1316460938539790336
1316462025669656576
1316463787394953219
1316465740095070208
1316466303847354370
1316468828860108800
1316471336982777856
1316473853703598084
1316476372014030848
1316478071218765830
1316478886750765056
1316481403224088578
1316483920511348737
1316484538265206784
1316486436439371786
1316488952925294593
1316491914376601601
1316493986551328768
1316496502815182851
