1313962676108906496
1313962673587974146
1313962678617092101
1313962677325254657
1314196451191394304
1314217720704008193
1314254078684401666
1314258745648709633
1314258750140755968
1314262338732732419
1314290032795058179
1314290030223843328
1314290034368024579
1314299790193238020
1314318289540132867
1314318294120366086
1314318292757155842
1314318291603726336
1314513799970459648
1314535348681277441
1314556380678938625
1314616881588862976
1314616878963318784
1314616883438645251
1314648444372504576
1314648446784147457
1314650544850571265
1314650549455933442
1314650547887239169
1314650551204933633
1314681227723636736
1314681225693585409
1314745299945107457
1314745426256551936
1314745531374108672
1314745869804150784
1314745927203196928
1314746058178809866
1314746929788735491
1314747099674746889
1314747587686281216
1314923874878992388
1314923876875481088
1314986226890477581
1314986229729984512
1315271747390840838
1315271751912370177
1315271750314266624
1315271753497743360
1315297459904679940
1315349246686777345
1315641079400726529
1315641083842490369
1315641082328346625
1315654247401369601
1315716855861055489
1315716852853682176
1316031044827541504
1316083467583660034
1316083464391794690
1316167161740697601
1316365722348670976
1316366455496011776
1316366614904877058
1316366737072365569
1316430809239347200
1316430811000983553
1316462292343681031
1316462296420450305
1316462299142594561
1316462297846616065
1316468285777612808
1316494634936303622
1316494633451638792
1316494631320924160
