1278542249891069953
1278542273865814016
1278568206962229248
1278568219264135170
1278568231289131009
1278568239648423937
1278568247529480192
1278568257994346496
1278568265342767104
1278568272993099776
1278568283097137152
1278568294526697472
1278568303557062656
1278568315678531586
1278568322561380352
1278568398532816896
1278568416635428865
1278568424369721345
1278568432703856640
1278572967837028353
1278572975307010049
1278572984555507717
1278576830941925377
1278576843688415232
1278576865511440384
1278584814363447296
1278584822227664901
1278584828003319810
1278584836484194305
1278584870244057088
1278584879937212417
1278584894986297345
1278586362120282113
1278599753190772741
1278599760799305728
1278599769661886466
1278599809318957056
1278599817208438784
1278599934896418816
1278601651251744768
1278604429390946306
1278607071114657792
1278607078421082112
1278607101091287040
1278607179252146176
1278607370155962374
1278608709883740160
1278608720201764865
1278608727524999169
1278608734684667904
1278608746135138305
1278608752674037760
1278608762509672449
1278608770927677440
1278609442188165120
1278609977612042240
1278611832215928832
1278614734275821569
1278621152060063748
1278621161425973248
1278621181852213248
1278621200135135232
1278621233261752320
1278624714244710400
1278624722440327168
1278624730199855104
1278633467870412800
1278633481401184256
1278633497331142659
1278633504008478720
1278633509851205632
1278633535826468865
1278633580143484928
1278633591346540545
1278640428775063553
1278640442284871683
1278640450585481217
1278640460693753856
1278640507070156800
1278650637518069762
1278652030677127169
1278652057461891079
1278652074134208512
1278652249271676928
1278653122563489792
1278657008015757313
1278657516877099008
1278663184589750274
1278663197109731328
1278663206467223554
1278663517764300802
1278663525888655362
1278663541285888000
1278663550907691010
1278663566447579137
1278663590975868928
1278663601381916672
1278663611066572800
1278663619727761408
1278663631459291136
1278663676128645129
1278663688392708098
1278663697486041088
1278663709716623360
1278663721087369217
1278663960804372481
1278663980173623297
1278666126961115136
1278673572190474240
1278674320345178112
1278676411792928769
1278676432722558978
1278679629684002818
1278681987285430275
1278682877996216320
1278682892483379200
1278682967729213440
1278682986159001608
1278683001732423688
1278683046355574790
1278683108301328384
1278683135010639876
1278683152261709824
1278683168359550976
1278683168359550976
1278683175808614402
1278683210516508672
1278683216531070976
1278683226597404672
1278683231643226112
1278683241575337985
1278683284822732801
1278683840102502400
1278686779542044672
1278686803994820610
1278686818830110721
1278686834311258119
1278686843287076866
1278686853567262720
1278688899557097472
1278689650543144964
1278689759116906497
1278691255493578755
1278694590506295296
1278694619518205953
1278694634085113858
1278694647422992385
1278695234763972610
1278695245270532096
1278696456233287682
1278696465792151554
1278696513343012865
1278696569043386372
1278696577192910848
1278696844831395841
1278698191811207168
1278698202481524736
1278699935500849152
1278701264969371650
1278702794053226498
1278702803104473088
1278706447023472645
1278707611433611264
1278711131645923328
1278714214564204544
1278714217198223361
1278714240388521984
1278716429966196736
1278722189018177542
1278722437799182339
1278725316861661186
1278730989443915776
1278731562016792577
1278731565179207680
1278732897684525058
1278734015495843840
1278735305378586624
1278736581948563456
1278737082039644160
1278740308134694913
1278744081297035264
1278746618200756225
1278748858160492545
1278750548729237506
1278750934856859654
1278751657837428737
1278751690351693824
1278751710098399242
1278753088736804866
1278753385903161350
1278753392031158272
1278753411144572928
1278753427259097090
1278753454626869249
1278753503255638018
1278753516295786497
1278753542849925121
1278753560281391104
1278753569064341510
1278753577247346690
1278753594615967744
1278753597350699008
1278753604522958848
1278753614580809730
1278753628103344132
1278753651604029440
1278753693882617858
1278753728397541387
1278753735582326786
1278753744126083072
1278753752258940931
1278755408618967041
1278755448062164992
1278755445696606208
1278755465439182848
1278757938098733056
1278760132696997889
1278760439627894784
1278761699441610752
1278761765199904768
1278764961196650497
1278765484327002116
1278765510658789377
1278766731566166021
1278770505617747970
1278775277888376832
1278779097699794951
1278798183792029697
1278886519047061505
1278888790539612163
1278894076226678784
1278901660300034049
1278901688733138951
1278903972787556353
1278904012516003846
1278904090404192257
1278904113405853696
1278919685489283073
1278919703956766722
1278919820222889984
1278937654328000513
1278937678311043073
1278937687001612288
1278937701530681347
1278937714876919810
1278937727438934016
1278937769625161728
1278937779725107200
1278937809987002369
1278937821059973120
1278937829851172864
1278937839414231040
1278937860721332224
1278937881147514881
1278937887103504385
1278937902064558081
1278937917235310592
1278937931525259271
1278937976790224898
1278937989364809728
1278937997602361344
1278938019228196864
1278938038073253889
1278938087142424576
1278938104410312705
1278941491168231425
1278946385786798081
1278951055406116865
1278951091716198400
1278951610505363456
1278954047576342528
1278954062017331200
1278954071030992896
1278954084209438720
1278954110323249153
1278954145395900416
1278954177721442305
1278954228359270400
1278954245186871296
1278954256998043648
1278955346401415168
1278956449192869888
1278956462404927488
1278958600841502720
1278958833784758273
1278958873072881664
1278958893880815616
1278958937254002689
1278958949862117376
1278958965846663168
1278958997069074437
1278959034708758533
1278959054111543297
1278959160135122944
1278960379201236992
1278960387799515137
1278960403616272385
1278960450571468802
1278964252162895872
1278964281191673857
1278964303278870529
1278964350456340480
1278964375425073153
1278964878124953600
1278966126656000000
1278966953135280129
1278967337367076866
1278967378685157376
1278967659737034752
1278968158477484032
1278968495087202304
1278970689840701441
1278970769616310272
1278972196996755463
1278974506741178369
1278974566681980929
1278974582586736640
1278974593621991424
1278974605642862592
1278974618959781889
1278974648424763392
1278974664505778176
1278974682847379462
1278974707304407040
1278974707304407040
1278974720101277696
1278977465415872513
1278977489646358528
1278978059283189768
1278981424784330753
1278981643408232449
1278983036592427008
1278983173129547777
1278983549392228353
1278987645226532871
1278987665732505600
1278987673533906946
1278987685277978625
1278987691246354432
1278987924193849344
1278988231489605632
1278989954555752450
1278991371861401600
1278993109444169728
1278995737544724482
1279000468258242560
1279000778028527616
1279002205610221573
1279004106351403008
1279004529967665152
1279006328577458177
1279006432428470272
1279006533515444227
1279007837583216642
1279007842897408000
1279008721671241733
1279008773768720384
1279008850239258635
1279008858522947585
1279008872813023235
1279008907239788545
1279012712547323904
1279012745233522689
1279014444912312321
1279016881966534656
1279018769529081860
1279019670062936064
1279019680968163328
1279019701369274368
1279019710256906241
1279019722512773120
1279020494017232901
1279020515395604485
1279020546198552578
1279020591153131521
1279020654998757376
1279020692017741824
1279020722325766145
1279022872179204097
1279023336090148864
1279023424980037632
1279023448627478528
1279023495419236357
1279023554726633475
1279024904508256256
1279025933656170497
1279026291619102720
1279027579144613889
1279027640058425344
1279028874169458689
1279030079239135233
1279030140480245760
1279034553336766470
1279039638963998720
1279040775758757896
1279040792867241984
1279040818641338369
1279040826090414083
1279040835758235649
1279040845661036545
1279040855391830016
1279040875545452545
1279040921284247553
1279040945892270080
1279040964372430849
1279040979912273921
1279042866753548288
1279042890984042497
1279042900475641856
1279042983787184128
1279043550039216128
1279043763789234177
1279045076635787264
1279048755157905414
1279048762804047875
1279049850194182144
1279052124542943232
1279053777505583113
1279057785016193024
1279063703472701451
1279069181921681409
1279069727822938115
1279073934411956225
1279078801587286017
1279078934089523202
1279078943413370881
1279078951785201664
1279078958177361923
1279078965806870533
1279079065354371075
1279079123361685506
1279079135181234177
1279079158866481152
1279079170434379788
1279079194836819971
1279079229439827969
1279079239254491137
1279079339296948228
1279079351376633856
1279079363259052033
1279079371106586624
1279079441273143305
1279079457370902528
1279079499414622210
1279079507706724352
1279079518100172803
1279079581560066048
1279082590432002051
1279083828926177283
1279085088748249089
1279086402966360065
1279090124253548544
1279091378488827906
1279093912137842688
1279096403856367616
1279099932805345285
1279103963216969734
1279106215323348998
1279111246260944899
1279114190154842115
1279114199889821696
1279114227328958465
1279114239769182208
1279114245955870720
1279114255313354758
1279114273713766404
1279114281922056192
1279114292705603585
1279114299118665728
1279114307536650243
1279114315845566465
1279114321856016384
1279114330479431681
1279114340067663873
1279114349467049984
1279115110792024070
1279117552640278528
1279117800603357185
1279118798189199362
1279118831424802821
1279119299911745538
1279119735452569602
1279120186830880768
1279122829674532867
1279124082982883332
1279124104675819523
1279124193737682950
1279125349947920389
1279127355236274178
1279128631709745152
1279129368464367618
1279130387286036482
1279130414100217858
1279130435067555844
1279130452914245638
1279131379255644169
1279144038600527873
1279144270524538880
1279150517562851329
1279159498628911105
1279282115964801024
1279292614903312389
1279292624344580096
1279292634331262976
1279292660126269440
1279292668741406720
1279297194688905217
1279297256076857344
1279297270308130816
1279297282454806528
1279297296245686272
1279297308044275712
1279297319716954113
1279297333847568386
1279297345797197824
1279297360460492800
1279297371244048385
1279297382262415360
1279297400469893120
1279297524059254785
1279297537862766592
1279306802329460743
1279306833400905729
1279306850102652929
1279306850102652929
1279306859581788167
1279306926824751104
1279307054373638146
1279307116109541376
1279307144098205696
1279307160866955264
1279307183138766848
1279309748211527680
1279309765940838400
1279310365625667584
1279310446496022529
1279310467022966784
1279314134828494848
1279317762263920645
1279317774142181377
1279317788532899846
1279318157249961984
1279318740958576640
1279318799087538176
1279318837285064705
1279318972975001605
1279319000900567040
1279319016968990721
1279319041686069249
1279319692960829440
1279321120940924928
1279321213333114880
1279323934572392449
1279323951697715200
1279323954914738176
1279324307949334528
1279326859864477696
1279327367786369024
1279327410438180864
1279328088673959937
1279330400859566080
1279331021960491009
1279331139606413312
1279332597760434178
1279332641028870144
1279335610189307904
1279335631362166785
1279336521624150017
1279338060975616000
1279339298593046528
1279340444653170689
1279340999207198720
1279342641755222017
1279342656582230017
1279344762290569217
1279346488934633472
1279347580451897345
1279347606334906368
1279347619047899136
1279348060489953287
1279352631165624321
1279352644969037825
1279355486756896768
1279356863168024576
1279357438437789696
1279357585737551873
1279357654746517504
1279358013929857024
1279362830119120896
1279362866567614464
1279362912210083841
1279364621476995072
1279366280039055360
1279366359982444544
1279366530623516672
1279368698734817281
1279374916840759297
1279379449264377856
1279379463889989643
1279379483183788032
1279379520504676353
1279379550988795904
1279379577161297920
1279379595997872130
1279386811459162112
1279386827938500609
1279388887509602305
1279397030306238466
1279397062665277440
1279397081350901760
1279397111969263621
1279397132101877762
1279399101445083137
1279399959150944256
1279400700338896896
1279401660452831232
1279402061575139328
1279402808538693633
1279403436287631361
1279403455925362688
1279403509738352642
1279403535747219456
1279404087340130304
1279404098115317760
1279405683587375104
1279408048369545217
1279408088261496832
1279408117432889344
1279408169459089408
1279408467023986690
1279410671688519684
1279411306177626112
1279411354026291200
1279412106593525760
1279418383835029504
1279419150142771200
1279419375045480450
1279421641555148802
1279429545041506311
1279429844221206528
1279440774887809025
1279440831284379650
1279440852750925826
1279440870715113472
1279440895495077894
1279440916416204801
1279456593420128257
1279456607554940931
1279457608458473472
1279473585917251587
1279473601817739267
1279473627898032129
1279644494007349248
1279644510591553537
1279686703901523969
1279687749776392192
1279687761520451585
1279687771326689280
1279687784131973120
1279687795141943296
1279687827660431361
1279687837844111360
1279687848170586114
1279687873579618306
1279687883440431104
1279687893762691072
1279687904567209984
1279687915615014912
1279687926331432960
1279687935915429888
1279687946044690434
1279687967494344705
1279687977850097664
1279688054509199362
1279695950521532416
1279695979571265537
1279696017378742272
1279702498949898250
1279708319033286656
1279708331783917569
1279708373177565191
1279708407465992193
1279708419717566464
1279708430094282752
1279708445135028224
1279709357450633218
1279710071656714240
1279717936362590208
1279722690748862464
1279726306238873605
1279726323431333888
1279726339902377984
1279726362958454789
1279726753485815808
1279726765896802304
1279726896159305729
1279726907865645061
1279726969719009282
1279732776644874240
1279740415743348736
1279755152912719872
1279755176019197953
1279755201801605120
1279755214434820096
1279755232990330882
1279755239294369792
1279755251143389185
1279755273826172928
1279755631814115329
1279755780070268928
1279755800131534850
1279755812647419905
1279763251832803330
1279770692301586433
1279778185119293440
1279785418863640578
1279785447321931777
1279785456931082241
1279785533674315778
1279785569309130752
1279785582793760770
1279785591270490112
1279785600141398019
1279785610782408706
1279785610782408706
1279785628750798849
1279785651882295296
1279785662464561154
1279785814742970368
1279788587786080256
1279792979381760003
1279793458623008769
1279797790143586304
1279800991429296129
1279801050007056385
1279802757604691968
1279802774377639937
1279802784066527232
1279802806954835969
1279802816484331521
1279802823400722434
1279802834033283073
1279802843084587010
1279802854497230848
1279802865821900802
1279803547681464321
1279807324153143296
1279808345487138825
1279815963911880706
1279827209709117441
1279828712322666496
1279828750541225991
1279835504062726146
1279836029416026113
1279836170021715970
1279838526700478465
1279840039950782469
1279842300567392256
1279845076596916224
1279846221826469889
1279852362706935814
1279852633377865728
1279864441073516545
1279866195483779078
1279866459167096832
1279867721329643520
1279869483365122048
1279870238163701760
1279872501426814982
1279874761938567169
1279876381262962688
1279881305325436928
1279886510117044225
1279988769601585157
1280009900102385665
1280009913176068097
1280009964917010432
1280011148579024897
1280011161849810945
1280011209899675648
1280011225380855809
1280011244045512707
1280011254808154113
1280011267655241729
1280011277176377344
1280011288492548096
1280011306779713537
1280011806124146693
1280011815737573376
1280012249504133121
1280012272585379840
1280012311273627648
1280012335244095488
1280012741625987074
1280012749939097600
1280012758864494598
1280015341662470144
1280015349258293251
1280015358636720129
1280018832971759617
1280018881202061313
1280023798088073216
1280026914611245056
1280027126004056064
1280027205989552128
1280027237505544194
1280027259101995008
1280027267259944960
1280027283105947648
1280027314907217925
1280027322947600386
1280027338386931712
1280027352412688385
1280027366270603264
1280033060873031681
1280034213832646661
1280034919918469120
1280038041965547521
1280038773858938881
1280040957195554819
1280040965114380288
1280040973473546240
1280041799944454145
1280041816721670144
1280041838343315456
1280041846727749632
1280041867531505665
1280041864234708992
1280043458108051457
1280043498755035136
1280043512210259968
1280044044140392448
1280044435024338944
1280047242016161792
1280047268050198528
1280047277491527681
1280047290577760258
1280047454210207745
1280047752232284161
1280048320111677440
1280048327644647426
1280048358099496960
1280048535984115712
1280052364100149248
1280052838316625922
1280056034904719361
1280056045486985217
1280056159181963265
1280056170925957120
1280056188684701703
1280057681949188096
1280057712362086400
1280058187165687809
1280058980845457409
1280059595713646592
1280059652135411713
1280061206737424384
1280065827132276737
1280066531993534464
1280070053426315264
1280071263499755520
1280071306986348546
1280071600415608833
1280071870616829952
1280072798157889537
1280072817254510592
1280072922359627777
1280072981197336578
1280074098337624064
1280074186409553920
1280078866850164736
1280078896973721601
1280078908235415558
1280079755828748288
1280079786220683264
1280079825546498048
1280079870698164225
1280079892739129347
1280079904638468097
1280083358060511234
1280084368984244225
1280094398148218880
1280094418914156547
1280094428431110144
1280094444826644480
1280094465714270209
1280094487407099905
1280094503978885126
1280094575688847360
1280097308529623041
1280097726122860545
1280097773296193538
1280099505287954432
1280099514209222658
1280099533964312576
1280109465363243008
1280109475937038337
1280109628974682112
1280112154969083904
1280124893884022784
1280124902012588033
1280124911659474944
1280124920291344386
1280124941011169280
1280124974012026881
1280125003493789697
1280125022326132738
1280125416112558081
1280127034417692672
1280127046602145793
1280127685717626880
1280131487438974976
1280131496909713409
1280131997629808640
1280133004833284097
1280138008625283072
1280138262665990146
1280144034174910464
1280145433734635521
1280145808235659265
1280145881384312832
1280145978109169665
1280148321168953349
1280149594228342784
1280149594228342784
1280150587447955457
1280151884871933952
1280151894955118592
1280151921257578496
1280151971505352704
1280152028547887105
1280152058457456643
1280153009784225792
1280153027584950273
1280153046320918528
1280153096757313537
1280153157335756802
1280153167955734528
1280153339154571270
1280153368728567809
1280153405860851712
1280153733821849609
1280153744764735490
1280154797782577152
1280156417790488578
1280157004821135360
1280157148719259648
1280158392431120386
1280159209577996288
1280159253114818560
1280159268000456706
1280159441137123330
1280160623251394560
1280161133182271488
1280163277650169858
1280165693506404352
1280165747675860992
1280166960689565700
1280167159113662467
1280168449793241088
1280168471679176705
1280172498315870208
1280172513444745217
1280172527382401025
1280172538304348163
1280172552585912322
1280175751023726598
1280175999318134789
1280176030922268672
1280176802535702528
1280176857472798726
1280176866112999426
1280176908274147328
1280176921331093504
1280176935855890437
1280176995930910720
1280177053032218624
1280177099853172736
1280177106610278401
1280178212912406529
1280179797415649280
1280179822858252288
1280180234327916549
1280180248685031425
1280180501064683521
1280180509910405120
1280181539939201025
1280182470915358720
1280182798670839813
1280184907000619013
1280184980962979841
1280185058847076352
1280185067432706051
1280185792023998464
1280186318195167233
1280186327439486981
1280186339275747330
1280186363426586625
1280186584462233600
1280187850324148225
1280188300330926082
1280188375375503365
1280188425539391488
1280188784336932866
1280189126390792198
1280189340455448583
1280189454284738561
1280189546051907585
1280190074584522752
1280193165455233024
1280193488160768003
1280194488305094657
1280195102762246144
1280195156055068672
1280195164716380161
1280195169833361414
1280195178054238209
1280196847479468032
1280197310518001668
1280198842546302977
1280199088072523776
1280199165847515137
1280200879291981825
1280200925462888449
1280200941485129733
1280200969930838016
1280201374903537664
1280202940842721283
1280203644676300801
1280203660534874113
1280204444018360320
1280208305193922562
1280214320656330752
1280215765338202112
1280216267098644480
1280216305879089152
1280218034418876417
1280218528314986496
1280219536457957377
1280219785410818048
1280220390204342273
1280220400006369285
1280220419933560832
1280220442524102657
1280220448584871936
1280220455304073220
1280220464900640773
1280220476137246720
1280220494688669702
1280220508982775813
1280220553014587392
1280220578121691136
1280220584878788608
1280220594584334337
1280220613173563400
1280222323438686209
1280222498458669068
1280222566448324620
1280222583703711744
1280222593946189827
1280222606763929601
1280223386531246080
1280227193654829064
1280232510778195970
1280233632846811137
1280233890536402944
1280238947537387520
1280241432155099137
1280243952675848196
1280244448602046464
1280250961760587777
1280354181480615942
1280364065047576576
1280364076519096320
1280364087646527488
1280364128343855106
1280364143565058048
1280364162934341634
1280364215883182086
1280364242655477760
1280365501210865665
1280366268718120960
1280367939045208064
1280370873099264000
1280376459169849346
1280376477607960580
1280376521002291202
1280377959073882113
1280377976534847493
1280377997669908481
1280378034844024832
1280378117446647808
1280378154192904197
1280379714473951233
1280380470744829952
1280380829684957185
1280381471073751040
1280382138903343105
1280384483733180416
1280384521347661824
1280385125210099712
1280385137847554051
1280385194776760320
1280387616689590272
1280387835334451200
1280388156227977217
1280395664673976320
1280395690468880384
1280395703135752192
1280395739064041478
1280395778364715008
1280397388834844677
1280397837306597376
1280397850472591360
1280397867291742209
1280397896031092736
1280398214982762497
1280398718861299723
1280399185221689344
1280401932578967553
1280401950476034049
1280401983015399424
1280406013561241601
1280406026739744768
1280406026739744768
1280409002329980929
1280409013516189696
1280410473675067392
1280411318034579456
1280411531663081472
1280412739807195136
1280412761676267522
1280412770673049603
1280413215026003970
1280414752452337670
1280416194814771200
1280416213370355712
1280416256768774144
1280417805444222976
1280417845575405573
1280418859862962176
1280421294631194624
1280421393356775426
1280421402932383744
1280421412587671553
1280421424944029696
1280421435111084033
1280421455931596800
1280421501578219521
1280421836728217600
1280424254119596034
1280424378707181568
1280429142274641920
1280429158536032256
1280429924822716416
1280430716686405633
1280433930903195648
1280433951434141697
1280433972674269184
1280434032518615041
1280434044531073024
1280434088550240256
1280434112734662656
1280434161501835264
1280434200148148224
1280434227205505024
1280436483413938177
1280436505345843201
1280436529761058816
1280436542687895552
1280436560274522112
1280437733002031104
1280438685041864704
1280438753580986369
1280438781854855169
1280438912360624129
1280438932258291714
1280438945613045761
1280439588914413569
1280441406700630024
1280442178385391616
1280444323407036416
1280448722179104770
1280448734543974401
1280449060881797122
1280449427635912707
1280450425578311681
1280450434516373509
1280451181039493120
1280452164033314816
1280452174410059776
1280456699296522240
1280456708654018560
1280456726907674624
1280457797520547840
1280461672331841536
1280472650062716929
1280472660280049664
1280472667762634753
1280472677870944256
1280473070289838080
1280473081916592128
1280475986119794688
1280476008928481289
1280483790746419201
1280484103083692039
1280484112839704576
1280484123350573056
1280484132603265024
1280484140257808384
1280484168544247808
1280484182767042562
1280484192971874306
1280484204418080768
1280484218049572866
1280490011771711488
1280490027898802177
1280490037713473536
1280490046852935680
1280495675126448131
1280495682030362624
1280496451563503616
1280496461596241920
1280496490855759873
1280498887497744388
1280499387978915842
1280499445789011968
1280502412906827777
1280502511519096836
1280502735704596481
1280511389216509952
1280514580180094981
1280514593463377920
1280515747807211525
1280518975378657293
1280519268103307264
1280519549021048834
1280521441843335169
1280521786216591360
1280524469052813313
1280525246387359745
1280529198776492032
1280530017827598338
1280537115219103745
1280537123846840320
1280537140347240452
1280537146680639488
1280537154297479168
1280537159544471552
1280537172458778624
1280537179576569861
1280537191064707073
1280537197289095170
1280537202699763714
1280537211025469443
1280537219703484417
1280537241992015872
1280537263504490497
1280537272073543680
1280537277995929600
1280537291996479491
1280537331611598848
1280537359122128897
1280537377795117058
1280537407629275136
1280538646995664897
1280540910003130371
1280543430104551438
1280543667556683779
1280543687848660992
1280543694404423680
1280543715061268481
1280543729271570432
1280548474291920900
1280548967193903114
1280550427679916032
1280551992801275905
1280552162968375296
1280553494437650432
1280553846205538305
1280554094869057538
1280554769308942336
1280566581496631300
1280570104883838976
1280570358190551053
1280570373570953218
1280570395469524993
1280570618111561733
1280570815701037061
1280570880909860864
1280570937813929984
1280570944877146113
1280570950145228807
1280570955497119744
1280570964267458561
1280570970248548354
1280570975634051073
1280571011273052160
1280571037546090501
1280571042629648385
1280571051030740996
1280571057141886977
1280571061873115139
1280571064825847809
1280571075517128704
1280571110824779776
1280571135399211008
1280571151056613376
1280571315951452161
1280571396624703488
1280573078725111814
1280574084536053761
1280574338882813962
1280574587298865152
1280574601219670023
1280574844501983232
1280574859253342209
1280576142492217346
1280576643917111305
1280577437319995392
1280580917594030087
1280587498842963975
1280587532909056000
1280587543726174208
1280587543726174208
1280587616493207552
1280587639293390851
1280587672369664001
1280587682943508480
1280587698366033921
1280599046734954497
1280602818588610560
1280603777989558273
1280603818594574342
1280603833828282371
1280603845182271488
1280603870482313216
1280603888295596032
1280603903831281665
1280611855497601027
1280611879656861706
1280611907137875968
1280612174239596544
1280613215525838848
1280613463312797708
1280716569794969601
1280716591957671937
1280735363015868419
1280750449700806657
1280750737744695299
1280750758921736192
1280750789393354752
1280750810956251136
1280750868254556160
1280752218057043968
1280753168595529728
1280753187583135744
1280753200774217731
1280754617081528320
1280754649461592064
1280755516105506817
1280759508780888064
1280759540443734016
1280760108147003392
1280760666895323136
1280760861267832832
1280762023924633600
1280763669866074112
1280764413277024262
1280764421514694656
1280764430448549888
1280764441156608001
1280764626108583936
1280767389605531648
1280770926515294209
1280772439790714880
1280776226278424576
1280782021732818945
1280783483808493569
1280783517761355776
1280783526699425792
1280783553815609344
1280783589744009216
1280783617959112705
1280783638775443458
1280783733423996928
1280783755536404480
1280783770535288833
1280786320013615105
1280786340376989696
1280787537682972673
1280788061329252352
1280791708037513221
1280791736542007297
1280791817290682369
1280792598559559680
1280793726244261888
1280796359805853696
1280797548249264128
1280798886647513088
1280800353282396160
1280800382558535680
1280803141143924736
1280805469007884290
1280805477622984704
1280805492013576192
1280805528919310336
1280805556845006849
1280806176842829825
1280806420351537152
1280806476135763968
1280807889872060416
1280807916170330113
1280812912081358849
1280813108659916801
1280820260736839680
1280822789130326016
1280842749156220928
1280847665358688257
1280849118789865474
1280853969221410816
1280856349115658240
1280858107455946752
1280859776528928769
1280860509454176256
1280860598172028928
1280861789060657152
1280862046565924869
1280862555590856704
1280865666829094913
1280866473443946497
1280866721977577472
1280868454116057088
1280868460378062848
1280870216122142722
1280871747726848000
1280871745235423232
1280875615428710400
1280875819058036736
1280880678251487235
1280880681715892224
1280887131045576704
1280891979048632324
1280892002398330881
1280893242322673665
1280895759584563200
1280895774235254785
1280896859221999617
1280897047445606406
1280898529347715073
1280899537733849093
1280901301396746241
1280902057717891072
1280902206183608325
1280905827256340488
1280908294438166528
1280913382036692993
1280918668168265730
1280920023591247878
1280922927958044672
1280923434302742530
1280923449012207618
1280924896856604673
1280925957512212480
1280925990194163715
1280926005474004992
1280926819793997826
1280926832695664642
1280926854673772547
1280926940308877313
1280926947367890951
1280927004154568706
1280927056663101443
1280927068528816128
1280927082957221894
1280927089676423170
1280927099700875264
1280927119317573632
1280927138808553472
1280927153656340484
1280927164515389441
1280927175428976646
1280927184522223618
1280927207435702273
1280927213592903680
1280927229371994112
1280927235751514114
1280927244400168961
1280927252415422471
1280927260795719680
1280927270891393025
1280927276809490438
1280927283843411969
1280927291728711680
1280927300058591233
1280927308631683072
1280928686590562304
1280929218075996163
1280929484946931713
1280929733069410309
1280932283931856897
1280936042837823488
1280936266993934338
1280936514017546242
1280936536511582208
1280936552366039041
1280937025970081795
1280939237769129984
1280939530544205824
1280942117074984965
1280946150787493896
1280952013115850752
1280952032392892416
1280952052760358912
1280952090291036161
1280952113238093824
1280952117180739584
1280952135929286661
1280952154371563521
1280952164081381376
1280953631454486528
1280956173429223424
1280957275490988032
