1336973594744791040
1337047309721497607
1337055057041383427
1337056351927889920
1337083565968863234
1337086893603827719
1337087137007759370
1337098194061316110
1337317234100887553
1337357189304954880
1337358146587725825
1337358830250962944
1337389617281183750
1337393087425949697
1337697926080987142
1337802915252199429
1338463622717169664
1338464743401598978
1338471361333895168
1338471678020612096
1338479772456935424
1338807766085939201
1338808048090042371
1338811877175005184
1339127970628296705
1339137527450652672
1339139703778504705
1339154749799673858
