1359638348177018881
1359642073792667655
1359645844014792705
1359649616585760770
1359653905760718850
1359657166244872193
1359658509802102786
1359660942800412673
1359664716487012354
1359668491838775301
1359670252540411905
1359672265353424899
1359676041766264833
1359679815830425600
1359683590997635081
1359687365695057928
1359691194134130692
1359694917270929412
1359698691368644612
1359702467907366914
1359706241862352899
1359710014685011969
1359713855975419905
1359717564142780416
1359721336990498818
1359725112765857794
1359728889694728197
1359732666665426949
1359736439672614912
1359740212864237569
1359743986169225218
1359747762296918016
1359749579084881920
1359751563531665411
1359752796820672512
1359755295912833025
1359759074796052481
1359760350317604865
1359762860235251712
1359766613646585858
1359766635259772929
1359769187569332228
1359770411710447617
1359774172168089602
1359776049538686982
1359777960971161604
1359778522122846208
1359779555653935108
1359781232603770882
1359785511443976192
1359786197258764289
1359786769500278786
1359787882014273536
1359789271159369729
1359789916645908481
1359791804229550082
1359793062755651589
1359793927612678147
1359795671608483845
1359796837989892098
1359797602477309954
1359798094813155330
1359799336318742531
1359800611206750208
1359801653415858179
1359801966063419399
1359803127088750594
1359804373476364288
1359806901471608833
1359808161050472448
1359809402753097729
1359811871583404037
1359813177433726976
1359814455383756800
1359814875627847685
1359815713477787649
1359816759939842048
1359816971106271241
1359818943406424066
1359818950729732101
1359819471779684353
1359820262485680131
1359820269469241344
1359820584268529666
1359821578574454785
1359822001611960323
1359822867077160960
1359823260431622150
1359823305545506820
1359823312877219840
1359826349725282310
1359827057522409478
1359828293445369859
1359830809386041345
1359831772226351105
1359832178763399168
1359832791651876869
1359834570275786756
1359835590695518217
1359837101274062850
1359838359032627204
1359839601716789251
1359840875350786052
1359842138142478338
1359842749130936327
1359843391534727170
1359844650580914177
1359845908175867907
1359845908175867907
1359846699167059971
1359847169109463041
1359848426268147718
1359849673058566145
1359849974058647557
1359850511298682886
1359850943127420930
1359853459584000003
1359854717464109062
1359855471876784130
1359855975512088580
1359856982388334595
1359858475963092995
1359859749295112194
1359861010421678080
1359862268473856009
1359863527314489349
1359864771672240129
1359867301781254153
1359867413878231043
1359868558302474241
1359869816614567940
1359871058879254533
1359872332815335424
1359873590972317699
1359874833648001032
1359876108557160449
1359877365569060865
1359881140618883075
1359882399853723655
1359882405096620033
1359883658547646467
1359884915584679937
1359885715455279104
1359886173511036929
1359887029530730500
1359887434708897800
1359889950636986369
1359891210165506056
1359892547217276928
1359893852249853955
1359894968597270530
1359896242600476673
1359897501713760259
1359898759853977600
1359901275853385729
1359902533783859204
1359905041373659144
1359905045337235462
1359906308762271748
1359906839475945473
1359907565619077129
1359908825080475649
1359910072718041096
1359910786685140992
1359911340211601413
1359912597726916617
1359913858966691844
1359915115018137606
1359917632384864259
1359920151714496518
1359921415311544327
1359922666917007361
1359923926172897280
1359925165706989571
1359926440888848391
1359927699200966660
1359928963016101889
1359930216148332549
1359931473034424324
1359932737612832772
1359933989570699266
1359935247111045123
1359936507537154054
1359937765388013572
1359939023486279682
1359940265788727301
1359941543096954880
1359942800066940929
1359944058853072900
1359945316921917440
1359946575339020289
1359947833625968641
1359949089572536321
1359950347465355271
1359951610642857986
1359952869689073665
1359954123463020544
1359955368974032896
1359956638271176705
1359957897799757827
1359959349389455361
1359960416747716611
1359961552519110657
1359961674439090178
1359962370056028161
1359962468404051981
1359962934957506562
1359964190560186374
1359965446397718533
1359966706798632960
1359967963110080516
1359969228070260737
1359969727523794946
1359970260036771845
1359972949516824576
1359974254159294469
1359977744763920395
1359978029531987977
1359980560492474369
1359985579446988801
1359991739306676229
1359993182679891971
1360000812693540865
1360008229149937664
1360015778360262658
1360019554315952129
1360023328581439490
1360027103698296835
1360030880417341441
1360045977659392000
1360061103104012290
1360065552732065797
1360076176497270785
1360083727695679493
1360090691225980929
1360091700731940865
1360099977003958275
1360101648618688513
1360104694119616518
1360110150376390656
1360113924868354054
1360117701281202176
1360121459222319109
1360122154268909571
1360122166671527937
1360122777357979648
1360123714017361925
1360125249531092995
1360129029756567553
1360130283287281666
1360131524855689216
1360132800335253505
1360134057678540805
1360136057187143681
1360136067714850816
1360136085276360707
1360136098756915205
1360136565100482563
1360140333233942528
1360144129745911809
1360148820147994624
1360148838955253760
1360148847251632128
1360148867296219136
1360150416135233536
1360151406070562816
1360152931316678657
1360153435170086914
1360154133395869696
1360155070004924417
1360155453582422018
1360159223208943616
1360163008312463360
1360164269946515458
1360165517223460865
1360166761002242048
1360170545975873537
1360174322338430976
1360177800804773889
1360177809214291968
1360177819616219138
1360178100127072257
1360178104132661252
1360179059838373891
1360181865177468931
1360183059342123009
1360183115549790208
1360185648188170240
1360186996463960064
1360187004244344840
1360187215389872129
1360187228295745537
1360187685462278144
1360188150900023297
1360188170478977024
1360189703497134080
1360193198027587587
1360196222531883008
1360196730604683271
1360196962667094018
1360197590105509888
1360197598519431168
1360198232652079104
1360199490267983873
1360200245158756353
1360200762677223425
1360202009387945988
1360202024533569539
1360202024533569539
1360203278571753476
1360204507200692225
1360205782701252612
1360207022596059140
1360208298729996288
1360209539069542404
1360209586741993472
1360212056830541824
1360213329646600196
1360214587539398661
1360215846547816457
1360216670627856393
1360218362782089217
1360218614390022150
1360218867990200324
1360219689721413632
1360219767752253440
1360220124037472256
1360220934951628804
1360220939611492356
1360221203420618757
1360221633970114562
1360222146648297476
1360222151740190721
1360222636983353346
1360222688896237573
1360223397729468420
1360223461562540033
1360223499420368902
1360224020776574976
1360224653705420803
1360225912680312832
1360226919392886786
1360227156043964418
1360227925245714436
1360228429543706628
1360230942049189892
1360232188512452608
1360233347436466179
1360233353178398739
1360234413779542016
1360234760354861059
1360235149951197191
1360235979815198722
1360237247300308999
1360238496884133891
1360239738200854530
1360240567540662276
1360240996475314182
1360241012401176580
1360242266791550979
1360243514160779270
1360243801164496900
1360244771244003335
1360244786855297028
1360246047210168322
1360247287847428096
1360248564090306562
1360250099792809984
1360251062893092870
1360252340285157390
1360253137911762949
1360253596596633601
1360254854023766017
1360256112377946116
1360257362531995654
1360258628356370432
1360259382861320201
1360259886312005636
1360261145634996228
1360262387329232898
1360263663026909185
1360264921062244352
1360266162416701440
1360267437590138891
1360268695692451840
1360269783669866505
1360269937110093824
1360271463169802248
1360272458964680710
1360274990822797320
1360276276259524608
1360277505706442752
1360280046460678148
1360280092988047364
1360280418243739656
1360280627556339714
1360281267787423750
1360281274976526340
1360283795707097091
1360285053893431301
1360285432353857538
1360286310557224960
1360287558937112577
1360287665921359876
1360288828506923009
1360290086844260355
1360291345580097541
1360292602793312260
1360293177505288196
1360293861160087559
1360294882879942663
1360295120608890881
1360295764174462981
1360296377604067332
1360298901203537923
1360300139869577216
1360300152569798657
1360300954386538496
1360301410802229248
1360302654635839489
1360305184551751681
1360306445410009093
1360307705945100289
1360309062534062087
1360311479778607104
1360312737193226243
1360313995429879812
1360315252202737667
1360317755057127427
1360319409785561098
1360320286965571586
1360321544090771457
1360322801488572427
1360324441767559173
1360325318255476740
1360325419979968513
1360326560276881411
1360328088199036932
1360329094257377282
1360330352397549578
1360331610051276801
1360336642393972740
1360340419859669008
1360344196020854788
1360347968864456707
1360351744207839235
1360355561796214787
1360359292482838530
1360363069604589571
1360366840946577412
1360370617732780039
1360374391813603330
1360378164950814723
1360385717810167819
1360393521644138497
1360400814871900169
1360408704429019136
1360415914592768002
1360423464142852103
1360430999167983619
1360431016461152257
1360438619824140298
1360446115733250048
1360449889747038210
1360453650531942406
1360453663844622336
1360457438789566464
1360461212849422340
1360464988473819137
1360468767252307976
1360472538321735680
1360476313136562179
1360480088861605890
1360483846718947331
1360486148804653059
1360487636692008960
1360490455113355267
1360491396570828802
1360495187563323394
1360496445804150786
1360498550849888258
1360498948352319495
1360502736652013569
1360505851656744962
1360506496056889347
1360510288328548355
1360511372019253250
1360514052301144064
1360517838918848512
1360519078587334658
1360521635623817217
1360523762945437699
1360525386610839554
1360529147207053315
1360532167642783745
1360532176379461634
1360532936433557504
1360536710770270211
1360538773898067972
1360540485690003462
1360541743993806850
1360541986932076545
1360542493532708871
1360544245262790659
1360545734215483394
1360546776957284355
1360548037676982272
1360549293686460416
1360549293686460416
1360549475006230528
1360550551960829952
1360551846566322182
1360551973989318658
1360553070300651527
1360554278574825472
1360555588690804737
1360556845153345537
1360559344996155394
1360560602721181701
1360563135929851904
1360564645229166595
1360566002573017092
1360566911499726850
1360568169816031232
1360569654813589504
1360570692329222144
1360571946275131393
1360574446264721414
1360575807429763076
1360575970160295936
1360576976931717120
1360578235982053376
1360580113159569408
1360580559718735872
1360582016782241793
1360582304092028932
1360585784890384385
1360586910872326146
1360587042548293634
1360588300633985025
1360588749487357954
1360589549483683846
1360592340860157953
1360592947926994945
1360593340027334659
1360594576122208258
1360597111629307905
1360598366984503299
1360599628450775044
1360600886234517505
1360602145393938438
1360604653583433733
1360605915230203918
1360608434178187271
1360610208473579522
1360612266475982855
1360613467154227205
1360614724677828609
1360615994100641793
1360618483608924165
1360619317461741570
1360619743552495616
1360622274286600195
1360623533861257223
1360623887621500928
1360624791712129027
1360627378599436299
1360628550198562820
1360629824537186305
1360631083411333126
1360632341450928133
1360634843999178752
1360636115443720196
1360637374120816643
1360638633431154690
1360639271296712707
1360639459700731907
1360639759731859470
1360642434565341186
1360643666226905091
1360646182461145093
1360649946794397697
1360651218469736454
1360653733307236359
1360657711692722178
1360661282664374277
1360662540037087236
1360663798047264772
1360665063858798595
1360668832000397312
1360672608681943042
1360676380703391745
1360680585488924680
1360683914843410434
1360687706142031880
1360691482143973387
1360692939652005890
1360693299246473218
1360694861477912579
1360695028247650308
1360699031664685059
1360702806383075330
1360706580841390083
1360710381312872450
1360725455658229762
1360737635820572676
1360740587960479745
1360755684552437761
1360770753365483522
1360785852876656642
1360803320831610882
1360808985721516034
1360816053211836416
1360823601004429312
1360831151485685764
1360834926980005888
1360838701299949571
1360846251051397120
1360849843061686275
1360850009156059140
1360853801331228674
1360855042379554819
1360857578142588932
1360858817257431042
1360861334041100288
1360865134667776001
1360868900217495555
1360870158542209024
1360871416191713283
1360872675581771781
1360873933336162305
1360875191421853696
1360875968466989058
1360877285201633284
1360880234871074816
1360884000445894657
1360887020143472641
1360891537199165441
1360895332712927235
1360899099176927238
1360902874633555968
1360905864664743936
1360906635934273537
1360906936095559680
1360910423999066114
1360914203918413825
1360917975059099651
1360918980572110850
1360919215184740356
1360920410896949250
1360920490374819841
1360921732236861440
1360924267253219329
1360925525708005376
1360926781797236736
1360928023445262338
1360929298606129152
1360930556993806341
1360933073517481992
1360934314725109761
1360936831236395008
1360939347910946819
1360940622417457154
1360944407462113283
1360946478089449476
1360946915383382016
1360946921049894913
1360947600573272067
1360947670173499394
1360948296345399299
1360948676659712000
1360949432028704778
1360949933910679555
1360950690231816195
1360951937135484929
1360952704370159618
1360953207623720964
1360954465289928707
1360955723853815811
1360957890593509378
1360959496969986053
1360960862039719939
1360963272258764805
1360964452917645312
1360967033735667713
1360967770452721671
1360968322351833092
1360970372749869058
1360970803437797377
1360972551044947968
1360974597441662982
1360975838494220288
1360977645626941440
1360978242275078148
1360978378996781056
1360979743512944640
1360982134140268545
1360984663876128772
1360985922519633923
1360988729284960261
1360989695589683202
1360993471117590528
1360994728939053059
1360994919729541124
1360994925131792385
1360997231130796033
1360998487924482050
1360999767606779908
1360999767606779908
1361001024656392192
1361004800100487173
1361008572608507909
1361011088519794697
1361012329521901569
1361016131948003328
1361018215636303883
1361019896767864836
1361022411630661635
1361023670387429385
1361026959510294528
1361027430866034691
1361029960652255239
1361031221631934467
1361034996782260225
1361038780245934085
1361042527764156417
1361045074856075267
1361046318693679106
1361048690027356169
1361050094712283137
1361052613169590280
1361053871251021826
1361057375684288514
1361059406536994817
1361060150837182464
1361061417907011586
1361065195246862342
1361068969608806402
1361072933200941059
1361076520522027012
1361080293826977793
1361087842202583040
1361095394793512962
1361103460507254785
1361110491347697665
1361118041384357888
1361125591597072385
1361133142661300224
1361140691385143296
1361148241937649665
1361155790598524930
1361163340467306503
1361170890797498369
1361178440402108416
1361185989234941953
1361189765874335744
1361193539011563522
1361197108750135300
1361197314229080064
1361201089131995136
1361204864085278721
1361207380722253825
1361208667224367106
1361209442382057472
1361210630078889986
1361211138910789635
1361212414398783489
1361217930588016640
1361218282796253184
1361219964737359874
1361221202757488641
1361222482049593349
1361223726541533192
1361225892173905921
1361227513394040833
1361228772683440139
1361231272421416961
1361231367925731329
1361234148275474432
1361234161965629440
1361234168001277955
1361234174842134529
1361235063262875648
1361239073243860992
1361241457819062272
1361242256628400129
1361242614092230659
1361244977829969920
1361246398029717505
1361248763902382085
1361248903895613441
1361250162132271106
1361250490697269248
1361250989509083136
1361251368166711304
1361252565388771331
1361254913368588290
1361255179568357380
1361257712374468609
1361259523344850944
1361260229187502080
1361261472186179591
1361261496060301312
1361264003796844544
1361264101469609988
1361265261169553409
1361267777953296384
1361268902676815873
1361269042464628737
1361270296301477888
1361270314135654400
1361271554827550720
1361271833027366915
1361271838278627332
1361271843915784192
1361272607396556800
1361272613692198912
1361272813567569921
1361274788413640704
1361274794776424453
1361274801051082754
1361276595554701315
1361277844622635008
1361277940374323200
1361278393711550465
1361278399373860864
1361278404537036807
1361278889209774080
1361278896847601668
1361278902811975683
1361280361301499907
1361281618581852164
1361282877883875328
1361282990815522817
1361282997824217089
1361283771656531980
1361284136531558403
1361285394617274369
1361286651738226690
1361287910759280640
1361290427652071424
1361291694134722561
1361294203142238208
1361295459722162177
1361296565411991554
1361296570608738305
1361296575268593668
1361297977139228672
1361299240035713024
1361300493889392643
1361302999113617414
1361303011176443914
1361306794740572160
1361309052765151233
1361310561041014791
1361311327768244225
1361312530937872387
1361313076964978688
1361314335797174278
1361315594851778563
1361316144506953728
1361318111018967045
1361321895493263366
1361322812720508928
1361325662699675651
1361325746006949895
1361325762184425472
1361327153506254859
1361329434956099585
1361330694992109569
1361330945165582339
1361331266000482304
1361331951110656001
1361333209464766469
1361335725912899587
1361337029397725185
1361338242818330625
1361339500954333186
1361340759719489537
1361343276725506051
1361345055672446977
1361345096592093187
1361345792183836672
1361347050290483203
1361347055105552389
1361348310838226952
1361349566675755022
1361350826594304005
1361352069995630595
1361354601795100673
1361355860174372867
1361356112080089090
1361357873461264386
1361359046050160642
1361359624557985794
1361360045624147969
1361360891510468619
1361362151013777408
1361363408273215496
1361364666480525313
1361365192727265282
1361365926021586946
1361367502949859334
1361368442205577219
1361369701083922433
1361370959417114627
1361372216798162944
1361373474376318980
1361373474376318980
1361374716615938053
1361375991315259399
1361377249920966661
1361378513798979592
1361379768852242440
1361381026166095873
1361382266342047744
1361383542467534850
1361383610616598538
1361384802981728261
1361386060991893504
1361387318616145923
1361387520886456321
1361388576395657220
1361389915523735554
1361391090889355272
1361392349616754689
1361393608105086982
1361394865632915457
1361396125647929348
1361396649910747139
1361397409327251458
1361398640733007874
1361399898457968648
1361401156673687558
1361402415539494916
1361403674321440777
1361404932830674948
1361406189599342600
1361407447164997635
1361408706164981760
1361409963558641673
1361411222357250048
1361412482754088964
1361413741905022976
1361415000531759105
1361416258894225408
1361417515432177666
1361418022309695488
1361418387025399810
1361418774142877696
1361420256057655296
1361422929347506177
1361426321474256901
1361427587201966084
1361428844339736582
1361431357847719936
1361432614511534084
1361435114530607110
1361438005362388992
1361438905959145474
1361441423447498755
1361442711824445449
1361444353886081026
1361446458298429440
1361450229560717312
1361453989343072257
1361457779773440004
1361461554458337289
1361465329201856512
1361469088774557697
1361472881604100106
1361476655810805762
1361480464356290561
1361487979483713538
1361491960792571911
1361495527523840000
1361499303957716996
1361503110435385346
1361506853931388938
1361510710510039042
1361514403770880006
1361518178631897094
1361525727489888261
1361533605340676097
1361540828079001609
1361548376739831812
1361552154205511680
1361555927372075009
1361559701486452736
1361561462892822529
1361562742516285440
1361563476993466368
1361567251758002177
1361568510120452097
1361571011326480385
1361574245931900929
1361574310192828419
1361574802738323461
1361578576827580416
1361580338531753985
1361580690089861133
1361581822472241152
1361582203633864704
1361582351780839424
1361586113417199616
1361589900471128065
1361591662661808128
1361593675688640515
1361595438130937856
1361597451841531904
1361601213393866761
1361604476516388865
1361605001043443713
1361608553107251201
1361608560128499712
1361608761048203267
1361609823150891012
1361612550421495813
1361616316034134018
1361620100219027456
1361621357612699650
1361623898773721090
1361627433603063809
1361627648942825475
1361628748131557379
1361630166179536900
1361631409715245062
1361635199939936258
1361638976524869636
1361640234451099649
1361642029936222208
1361642753252327424
1361644571193729026
1361644795324751872
1361645267372691459
1361646057357250562
1361646405941669888
1361646508295282692
1361647486495051776
1361647494409682944
1361650130437373953
1361650300889812995
1361650868840464388
1361650995500109832
1361651386233085953
1361652814620016642
1361653621486723086
1361653968666034176
1361654073565585409
1361654661741223941
1361654677566353410
1361654704187539458
1361655330959200258
1361656589476896769
1361657857389834240
1361659648030433280
1361659657975197696
1361660364883165186
1361661613217116160
1361662870468067328
1361662880446349313
1361664139559600128
1361665399163670528
1361666572964790276
1361666657832357892
1361667914714210310
1361669159528976385
1361670431959318529
1361671690263138304
1361672735852748800
1361672948269142017
1361674205499129861
1361675465258319873
1361676714556882948
1361677981165510660
1361679240043900941
1361680498079195143
1361681755493847040
1361683014070263808
1361684272701145091
1361685533307645952
1361686773311574022
1361688054830936065
1361691819638099973
1361693081008037895
1361694342415585281
1361695313875132423
1361695599817555978
1361696858838626306
1361699373298700288
1361700631636045826
1361701252359479303
1361703147375370243
1361706913168195585
1361706965165105154
1361708206364504066
1361708214786678784
1361710056627204098
1361710066425081863
1361710696149311489
1361714469659942912
1361718246613868551
1361722022720585743
1361723263915761665
1361723284296003589
1361723293049516032
1361725801520103425
1361729571469615108
1361729571469615108
1361733346225774594
1361737123590717444
1361740898149752834
1361744675204382724
1361748447880237056
1361751501429948421
1361752298456776704
1361753274580410368
1361753283925311497
1361753291907084288
1361753324345827329
1361754251475705856
1361756027251806212
1361759753798623232
1361763529439674369
1361766061008420870
1361767306758512640
1361767957228060675
1361768576957505537
1361769839401050121
1361770212790566913
1361771078511599617
1361772354158886917
1361773613578354691
1361774882372075529
1361777146935574530
1361778644918693897
1361779902555578375
1361782151415435268
1361786194489733122
1361789527573098497
1361791230275948547
1361793745042219015
1361793749827870720
1361795003585097733
1361797520230412301
1361799090623897600
1361801292935557122
1361802089752629249
1361805102642823171
1361808842049355780
1361811302172221444
1361812605325570052
1361814747302285318
1361817653900369920
1361820168100446216
1361823943661932550
1361827724562694154
1361831494390538240
1361835266785366016
1361839041986052096
1361839401165352961
1361842814661910537
1361846591464873984
1361850371409408005
1361854141480468480
1361858005399134213
1361865470207553538
1361869243566940161
1361873104591552512
1361880566166093825
1361884946793697286
1361901149486538754
1361903217160957952
1361916826825986052
1361922093818994690
1361923231318478848
1361925848459173900
1361929332780916738
1361929638763786240
1361931400686018560
1361933398617505800
1361935502253961216
1361935947483521024
1361937190461276164
1361938950227697664
1361940962839326720
1361942232249618433
1361943791830257665
1361944297604546561
1361944738413314050
1361946502432755714
1361948504516485127
1361951030074896388
1361951180436471809
1361952289007820802
1361953546799902721
1361956048182083585
1361959837937119232
1361963598264758272
1361967397276708869
1361971162289483776
1361972924400480257
1361972924194955265
1361973008710201345
1361974938341695489
1361975012677279745
1361978699411775493
1361979970202062848
1361982489087135746
1361983745503428608
1361985006520967171
1361985528405651461
1361986262740140032
1361988024712708096
1361989016246243331
1361990037383110658
1361991296043397125
1361992554238144516
1361992574056161280
1361993341467033602
1361993351382396937
1361993369677873152
1361993613039796224
1361993801145942019
1361994175839932418
1361994185180602369
1361995121751908353
1361995573734301697
1361997589172936708
1361997864210210816
1361998606295777281
1361998614596362240
1361999349962661888
1362001362066825219
1362002623629570050
1362003159196000261
1362003882449268740
1362005140371341315
1362008895737262081
1362010424267452427
1362013945163378689
1362015204872192003
1362016445119537162
1362019804807385090
1362019813200166916
1362020236145422341
1362021494201720833
1362021545565159424
1362022755663806467
1362023998159257600
1362027169078276096
1362027791311638528
1362028543228665856
1362029044540309504
1362030002154446849
1362030304500867073
1362031561823178752
1362032819833368589
1362034083841388547
1362035343046946820
1362036596154003456
1362037852180262916
1362039005160865797
1362039102510538758
1362040367898624005
1362041625615224836
1362042884275507207
1362044127626469376
1362045402313330693
1362045610124341259
1362046659241390082
1362047918052622343
1362049176138375169
1362050436925112320
1362051650148573193
1362051696449486849
1362052954749087749
1362053504311951360
1362054202395160576
1362055469897043968
1362056754163552257
1362057984285769735
1362059244019871745
1362060501249884162
1362061745234210822
1362063016557219845
1362064275464937473
1362065518698631174
1362065533089234946
1362068053102575618
1362069297095409670
1362073086280028163
1362074342432133122
1362074955341529092
1362075600844898306
1362076843122262026
1362078116273938434
1362078236256198657
1362078254220328967
1362078279616847873
1362079194432348160
1362079204674789376
1362080492393267203
1362080618817855489
1362080649730027522
1362081165868486656
1362081891176833026
1362081931333152771
1362081931333152771
1362081941768536077
1362082407436935179
1362082574420557837
1362082593450172417
1362082923378270214
1362082989560238086
1362083154169839624
1362083467870232578
1362083686255120386
1362084397579575298
1362084470879379459
1362084486574391296
1362086333288710160
1362088184222466055
1362089441851015171
1362090700305797130
1362091942721449986
1362095733894238210
1362099499217412098
1362100766429831168
1362102026696589314
1362102244347424773
1362102252622774279
1362103287445602308
1362104565609476103
1362105803067514888
1362107061132275713
1362108320627195905
1362109599021731840
1362110838203703297
1362111090637893637
1362114594806902784
1362118367042273285
1362119625182388224
1362120900561297409
1362122158365941760
1362125932643893251
1362127191312654343
1362129694997372928
1362133484710592516
1362134695115436034
1362134741722542087
1362135970527793156
1362137243847065602
1362138517267230735
1362139799101050891
1362141033639907329
1362142290945470464
1362143532631416833
1362144351149785093
1362144539264356356
1362146823889125377
1362148582996983819
1362150169639333893
1362152357367275520
1362156130777112576
1362158839357968389
1362161416116064256
1362161706747781122
1362163681488953345
1362167493259886596
1362171233727610882
