1273399417349996544
1273408462484013056
1273416959980449792
1273437239238942720
1273460237819949056
1273464620922146816
1273466120205451264
1273467417465946112
1273471214871248896
1273474156672290817
1273476524675674112
1273478758687793153
1273481995306307585
1273487912471080961
1273493274712510465
1273498168622223361
1273498598928498689
1273499831915483136
1273503885706043393
1273506921111269377
1273509289622155264
1273514486419382273
1273519585334120448
1273524667697987584
1273529776729468928
1273530427760939010
1273535246848405504
1273540651452416000
1273545722730864640
1273551184213749761
1273555040159051776
1273556334030585857
1273561576247721984
1273567386491392004
1273570173254057984
1273574948469190657
1273580404491124738
1273584256430804993
1273584254694408197
1273584508953071616
1273586280950087685
1273589047190003713
1273594421389524992
1273597618170613761
1273598097776672768
1273600368203743234
1273601646380138499
1273606918708355073
1273612416337817602
1273616509181534216
1273621664593588224
1273621910287499264
1273623831912026112
1273626536751628288
1273626963584876547
1273628629696753666
1273629772871057412
1273631330551595008
1273631399887732741
1273634289998073856
1273635943740854278
1273636354639966208
1273636619245977606
1273642148412502016
1273646617988665345
1273647329703333890
1273647935159521280
1273652957964390401
1273656917211197442
1273657782571618305
1273658510811725825
1273658737220255746
1273661761401602049
1273662779837349889
1273666157434855424
1273666304570986506
1273671673292771328
1273671868193611777
1273672563168854020
1273674481198907393
1273675852480425986
1273676331482525700
1273677055109009409
1273677623441440768
1273677690697060353
1273679070690193410
1273683375891648513
1273687987772108802
1273688788934496256
1273690237173186560
1273690709334294539
1273692871481266178
1273694678416834560
1273696027401433089
1273702509350133762
1273708491916685330
1273713528545906694
1273718686600310789
1273731829099626496
1273742943489318918
1273756343107805190
1273771810555940864
1273796782984761344
1273805327436337154
1273809994987778048
1273817088004628481
1273824693535952899
1273828358896443393
1273828881993170947
1273829665979928581
1273834753251213313
1273839617142374400
1273839833069346818
1273845429420142592
1273848604931866625
1273851338091347968
1273856870856433664
1273861935155609600
1273867382621114370
1273872439076884480
1273877826727555072
1273883158593835009
1273888380112289799
1273890117342629888
1273892012715118593
1273893786939273218
1273896123447549952
1273899546905542657
1273904685871751169
1273910048931094528
1273914341251780608
1273915786403491841
1273921186213306370
1273926661973651457
1273927090526715904
1273928094437556225
1273931391160459266
1273931817872232448
1273932888862535680
1273936639790891010
1273937160987643906
1273942495391555584
1273948240896032768
1273953299453087746
1273958781685243904
1273964476530819073
1273969118971117571
1273969821806444545
1273974881886093313
1273980963471659010
1273983980870787072
1273986305513455617
1273987909260062720
1273992199970205698
1273992356069588994
1273993728357793793
1273993728357793793
1273997697318608898
1273999310926106626
1273999860241498113
1274001672700932096
1274002835945000965
1274004479260704769
1274009310889160704
1274013388109012992
1274015240544563200
1274016614950875141
1274017102173782016
1274022766598131714
1274027596800577537
1274028257600569347
1274028449867485185
1274030065500729344
1274030655467409417
1274031277067337731
1274034630111440898
1274034963999064064
1274038740772683779
1274040901724262405
1274043253495660546
1274043518235918340
1274046803130961926
1274048384618430465
1274049254747598848
1274050652256325632
1274053388553117696
1274058911243554822
1274064771348860928
1274070929098801153
1274071557426548736
1274076654697172994
1274078300638502914
1274082905581670401
1274116192198934530
1274122654803546113
1274145087967178752
1274156709305561088
1274191129253117952
1274196023750123521
1274196553754906627
1274201900871823360
1274204438773760002
1274207799619325952
1274211148854972417
1274213644788776961
1274219024730206208
1274219249779855360
1274224927328161793
1274227973063938048
1274230756597018625
1274236658091769856
1274242513189167106
1274247707385880576
1274247894678323200
1274252613962338304
1274253011393622017
1274258653487550464
1274264017427726336
1274268830114680832
1274274267354537984
1274279595219525632
1274284735666282496
1274287646790033408
1274292746300411904
1274293991027195905
1274299298948186112
1274304335489482753
1274309650121404416
1274314885556514816
1274320148862775296
1274322935113711621
1274325991217868800
1274328550955499520
1274333872751366144
1274339156261511169
1274339341108760578
1274340004303683584
1274345100190121984
1274345474150064131
1274350566781718530
1274355914875830272
1274359123342172160
1274364387134930944
1274365377158537218
1274371970549911561
1274373461427789824
1274378477656047617
1274380323036565504
1274396806940692488
1274397465949634561
1274404647369953282
1274405284711194624
1274411829884792832
1274416407124549639
1274433568010371074
1274441927979601920
1274472960330551296
1274483860252786689
1274506654831259649
1274540799414460421
1274548627835420672
1274565825941438465
1274573022599528449
1274573424522932225
1274578131874185217
1274583282466897921
1274586577738530816
1274589334059069440
1274594754064506880
1274596981260894208
1274599850068381701
1274604965407985665
1274610238822457345
1274615988970029057
1274627032278802432
1274632172574584832
1274634176881451009
1274639607196536833
1274641363330576384
1274645786161303558
1274650828624797696
1274654591100030976
1274656070137532416
1274661342184648704
1274671341355008006
1274674275480473600
1274679760485003268
1274685146894159872
1274690655097323520
1274696171596976130
1274701491803230208
1274705488622518274
1274706660477591565
1274712172803866625
1274715975577939971
1274717980069429249
1274723042439172097
1274728442538450947
1274740765541969921
1274773724705800196
1274785406450630656
1274801587391795202
1274815011391778816
1274827039518965760
1274842089130467330
1274854249793495040
1274887835942821888
1274911327409057793
1274913997637275648
1274915741247197184
1274919753551958017
1274924396138893312
1274936789728260101
1274937145476681728
1274937981581905920
1274939553405599746
1274942378042851330
1274942538676350977
1274945046819868672
1274947562823471105
1274952760300122113
1274958323863953408
1274962370507481088
1274963490856411136
1274968709686321152
1274974941608370176
1274980451959144454
1274985583698460672
1274993550019702786
1274998950622306304
1275031643980529664
1275050516897243139
1275056348393287681
1275061643194462220
1275067312500948995
1275073135277010950
1275074898872766465
1275078969457471488
1275080285692948480
1275082325483597825
1275084213113491456
1275086206720774144
1275089174018883590
1275094817387798529
1275101168549662722
1275101927710261251
1275105524862853120
1275105578680029186
1275105788567183360
1275111749365137408
1275112097001680907
1275118012719411200
1275119532789714946
1275122732204732418
1275123982509973505
1275126425528475655
1275126425528475655
1275127206117867526
1275130213236649989
1275131056073641992
1275132421378379777
1275133354497781761
1275135615173099522
1275139889747689474
1275140457690017793
1275142131657703424
1275147124808835072
1275147955650125824
1275153426159210498
1275159521128783873
1275165565783506944
1275170798689452044
1275181593347403777
1275190537591676929
1275204163505475585
1275216986730102787
1275245533045690368
1275262401718468608
1275271385892507649
1275271527433412608
1275276763204124674
1275277474008641537
1275281277260910594
1275282805371650048
1275288159803359235
1275293943845060608
1275295702705483778
1275297693145980928
1275299137890725889
1275300709907468289
1275304811525791744
1275309963548729347
1275315115013832704
1275320195037515782
1275326096146403331
1275329096340340737
1275331429157789698
1275337211718832128
1275339173772304385
1275342523838410752
1275347814332149761
1275351260384890881
1275353523497119745
1275358090414772225
1275358846920376325
1275364242292641793
1275370103262060546
1275371485578899457
1275371731797106689
1275375955045945347
1275381310492749824
1275387064113139712
1275392101254127617
1275397576221765633
1275403229900279811
1275404030215323650
1275409413701095424
1275414805919289345
1275415779203264514
1275420348650074113
1275425558437007361
1275430873370898435
1275435696824545287
1275436526189465601
1275438059459186688
1275441574256586753
1275443761405784064
1275446957171826691
1275447400656564224
1275447765900779521
1275448819719614468
1275451769292681217
1275452007898214400
1275452984692891653
1275453243951157248
1275453928696500224
1275458680205578241
1275460340948578305
1275462920235888640
1275464203902636032
1275470156609839107
1275470359450587136
1275472081984073728
1275473232267747329
1275475325795864580
1275480706089656322
1275480732815802369
1275481691759534080
1275484348423327744
1275487054282055680
1275488413366587397
1275490313528905728
1275492296218337280
1275492371371827203
1275497805554028545
1275497989830778885
1275503039785336834
1275509024746807296
1275513616465367045
1275514952598597632
1275520713684848640
1275526779143434244
1275532806291161088
1275551237438668800
1275596580624662530
1275613013027020800
1275619809221382150
1275639340698345472
1275639836750286848
1275640305228877826
1275640364922294272
1275645450343919619
1275650804653928449
1275656242426503169
1275662002300628992
1275667366265921538
1275672244006662144
1275677524983455745
1275678629364670465
1275682771478949889
1275687978778734592
1275693037486776322
1275698777878396928
1275704035157434375
1275709600407445515
1275713246914281479
1275715070165729280
1275715306112135171
1275719069921140738
1275721842481934337
1275723101377122304
1275728857610555393
1275730142950809601
1275735692832837633
1275737944180035584
1275737943332859904
1275743023259942912
1275745251890733057
1275747011485204480
1275752478177480707
1275755065123446790
1275760360398770177
1275765898868142082
1275769317901176837
1275771388331204611
1275772871898529794
1275775452670496770
1275775458743853056
1275781112095178753
1275782993664184320
1275786514010705922
1275788029903470597
1275788292408201217
1275793670642577408
1275794622351106049
1275796135064502275
1275796984247574532
1275797756217634817
1275799676701245450
1275805364064264192
1275805641261617152
1275807425514405890
1275810399284269057
1275810496646651909
1275811086395150338
1275811209158242307
1275813867176824832
1275816585886863360
1275817132912250881
1275823331640516609
1275824295864918016
1275824689147973632
1275828454014029825
1275829021150982145
1275832518105796610
1275834264639201280
1275836213379969024
1275841005112229889
1275843014443905028
1275846522006130691
1275852745304571906
1275853145613230081
1275853546248982528
1275854051402530816
1275855039320514562
1275855638980177921
1275856461323780096
1275857307172208641
1275859200246190080
1275864251761135616
1275864280362094593
1275867683083423745
1275870127355985923
1275902923965333504
