1316504063278821378
1316533005356331009
1316550621156257794
1316595917416534016
1316600952682696704
1316706657796325378
1316710443663208449
1316712315669164032
1316712513367613441
1316714226933792771
1316716183069118465
1316716340313501697
1316717985239887872
1316721750244306945
1316722173990637569
1316722352726716417
1316725535880417281
1316725716097138694
1316726098873536513
1316729305712427009
1316797258403319808
1316801016436752384
1316802409621000193
1316802675065970691
1316802832964743168
1316803550622687232
1316806668244713472
1316806971161542658
1316807144218537987
1316807567901970432
1316808477919055875
1316808649558437888
1316808789245521926
1316811091419291648
1316811231689420800
1316811456801800192
1316811605426999305
1316813616352563202
1316814093613965315
1316814278536712205
1316814436406104066
1316816120721088514
1316817587972509704
1316817978932047875
1316819903572324353
1316823679020523526
1316825513357434880
1316825668542488577
1316825808812507136
1316827441109831680
1316833741780783110
1316838352939778055
1316838594590519296
1316840027733753858
1316840027712884736
1316840027704492034
1316840027700310017
1316840027691905030
1316840027691905025
1316840027691851781
1316840027687616512
1316840027679330304
1316840027675070465
1316840027670937600
1316840027670839296
1316840027666644993
1316840027662544896
1316840027654172672
1316840027654107137
1316840027641589765
1316840027641573377
1316840027641479168
1316840027628933120
1316840035451310086
1316840035208114177
1316840035199709184
1316840035191328768
1316840035191226372
1316840035191226370
1316840035178684418
1316840035174547456
1316840035174490118
1316840035170349062
1316840035170344960
1316840035161968641
1316840035161956352
1316840035161907202
1316840035157774336
1316840035157770241
1316840035157716997
1316840035153571840
1316840035153567751
1316840035153518593
1316840035153477636
1316840035149328386
1316840035145191427
1316840035132604417
1316840035128422402
1316840035124154369
1316840035115831300
1316840035111653377
1316840035103248387
1316840035103191040
1316840035103186950
1316840035099070465
1316840035073830917
1316842541136965633
1316842541128601603
1316845061569744897
1316953271169417218
1316953271148400644
1316960820568461314
1316964599233728513
1317057723419267072
1317057743535079425
1317057743535079425
1317057934946390018
1317057985793937408
1317060242694430727
1317060420105109504
1317060755443810305
1317061038966267909
1317064006553788416
1317066208231985157
1317066334585442304
1317066490055708677
1317067284087701505
1317071057602383877
1317071369906114560
1317071512931807235
1317071632758951936
1317074080957423616
1317075032753893376
1317075462615715842
1317075884852060161
1317076595904073728
1317078675548942338
1317082883102834693
1317089176303636480
1317089803742171138
1317089838357749761
1317089945039835136
1317095464483815425
1317100913983688705
1317100949459116032
1317101070267617281
1317102763260694528
1317102784613941248
1317102916939939840
1317103122481881090
1317106037950918658
1317107498365628416
1317107534222807040
1317107659858939905
1317111573761187840
1317111688202682368
1317111816263270401
1317112005594124291
1317114078851117056
1317114759444049922
1317114897155657728
1317115130631639041
1317118117642985474
1317119080344715270
1317119216168898560
1317119399640313857
1317120640084828162
1317120844255121408
1317120996273459200
1317121469051293699
1317124409057026050
1317129451981934597
1317130079537868801
1317130205044027393
1317130362255015936
1317133218781474818
1317134873568677889
1317135018230190082
1317135159209172992
1317137011757764608
1317140757900414977
1317144546044710915
1317148329583718400
1317152097184395264
1317153482575650816
1317153977058942977
1317154097951350786
1317155873517690880
1317156657181360128
1317156796054802434
1317156946210861056
1317159645413257217
1317160199602450433
1317160349251010562
1317160497947529216
1317163416218406912
1317163632875261952
1317163853810118661
1317164004008169483
1317170957811879937
1317171744315265026
1317171975597469697
1317172121991323648
1317174727560093704
1317175644292288513
1317175842485751808
1317175984920104960
1317178514483892225
1317180150774222851
1317180375433695235
1317180506203705347
1317182298220040194
1317186057826422785
1317189841659039746
1317190574101958656
1317190744864624641
1317190951597723648
1317193606332112897
1317193833046806528
1317194006149926912
1317194190816759815
1317197379548958720
1317197533689663491
1317197739286024193
1317198199354949632
1317201157278830601
1317202411379896320
1317202411367374848
1317202411363225602
1317202411342225410
1317202411342209029
1317202411342172160
1317202411329605633
1317202411329564672
1317202411325444105
1317202411325394958
1317202411317059594
1317202411317055492
1317202411316981760
1317202411312865280
1317202411296051202
1317202411296010243
1317202411296010242
1317202411291815936
1317202411279339520
1317202419848237056
1317202420494192640
1317202420242522112
1317202420137680896
1317202420133482496
1317202420120866822
1317202420112515072
1317202420108242944
1317202420104155140
1317202420104122370
1317202420095684609
1317202420087357440
1317202420078989312
1317202420078870529
1317202420074688516
1317202420066361345
1317202420066299906
1317202420062212096
1317202420057968641
1317202420057952256
1317202420053774336
1317202420053716992
1317202420049522702
1317202420045434885
1317202420041175045
1317202420032831494
1317202420032745472
1317202420024381444
1317202420024356868
1317202420016029697
1317202420007653376
1317202419999297537
1317202419974012933
1317202419961430019
1317202419936362500
1317204929950457856
1317207446755135488
1317225062441902080
1317225062425120768
1317225062412537857
1317225062387384326
1317270362938331139
1317270362929963008
1317270362917425155
1317270362904809473
1317279172750921735
1317319435754102784
1317342083972214784
1317391155458342912
1317550958747000833
1317550958696665096
1317550958684012544
1317550958650527745
1317550958650494979
1317550958637973519
1317550958637928448
1317550958629605377
1317550958629576704
1317550958625304577
1317550958621216768
1317550958621184001
1317550958617022466
1317550958604320770
1317550958596050952
1317550958596030465
1317550958583435264
1317550958575046656
1317550963515920386
1317550963507560448
1317550963507462145
1317550963503337475
1317550963494952961
1317550963486580736
1317550963486543879
1317550963473977349
1317550963469799424
1317550963469787137
1317550963461378050
1317550963461378048
1317550963457204224
1317550963453022211
1317550963452989447
1317550963452936196
1317550963436228608
1317550963432054790
1317550963427770369
1317550963427770369
1317550963427770368
1317550963411005446
1317552220574011393
1317554742806126593
1317558511144939522
1317558511128240129
1317559767162912768
1317562292213514240
1317568573418721283
1317571094954594304
1317571094891606017
1317574875020775424
1317588709638836224
1317607582148775936
1317708246887653378
1317714543204798464
1317718316157460480
1317723347111772163
1317724609886683136
1317725870325456897
1317727118286114816
1317727121679241216
1317728383623696385
1317729653231071235
1317730897077161991
1317732159667507200
1317734678103732224
1317734678099525633
1317744740511719424
1317745993568440320
1317748525678186496
1317752301860290560
1317752301843611648
1317756061496037376
1317762353149214720
1317762358534692864
1317763611708751872
1317766131961253889
1317766131961180160
1317766131940282368
1317771162118651904
1317772421882105856
1317824024282566657
1317825341113720837
1317825487209713664
1317842897467834380
1317845405334372353
1317851947249127424
1317853485761765378
1317857479578013697
1317858383244963842
1317860506208772098
1317862664522039298
1317864038211198977
1317873092916580352
1317873355903668225
1317873536174796806
1317873711702310913
1317880639119675392
1317881363761070081
1317881514517037056
1317881710684622855
1317895742095327234
1317896817829466115
1317897148281856002
1317903285152403456
1317903527591747584
1317904016265912320
1317904603124584454
1317908311765848065
1317909546606755845
1317909696662089728
1317910040909651971
1317913346570657799
1317913346566443014
1317913346545455110
1317913346537148416
1317913346537029632
1317913346532933635
1317913346532847617
1317913346524483584
1317913346516127749
1317913346516111364
1317913346516058116
1317913346503593984
1317913346503475206
1317913346495123458
1317913346486751242
1317913346482601985
1317913346478362624
1317913346478309379
1317913346465816578
1317913351725383681
1317913351700115456
1317913351675170822
1317913351666737153
1317913351666700290
1317913351662555142
1317913351658373122
1317913351658344448
1317913351658311680
1317913351645704194
1317913351645691912
1317913351641583616
1317913351633162244
1317913351633162241
1317913351629033476
1317913351624732675
1317913351616331776
1317913351607955458
1317913351599673354
1317913351582846977
1317913351574388748
1317922159109591040
1318045466672664576
1318046727866359810
1318046733000212480
1318049242242535425
1318053020173701126
1318059310954500096
1318059310950350849
1318059315069145089
1318060568914370561
1318179366048796672
1318181535653179393
1318181568377217025
1318181666561601538
1318182633017364480
1318183244655923201
1318183378177433606
1318183561728581632
1318188929603014659
1318191534601326604
1318191668298919944
1318191996582899713
1318195205074571264
1318197333457330176
1318197366550335495
1318197469604446209
1318200251984056320
1318200777408643073
1318200803732131840
1318200909357350912
1318205284653912071
1318205961174212609
1318206124844351489
1318206266154602498
1318209064313249792
1318212838452756482
1318216603771850752
1318217136016412672
1318217302966489088
1318217452552130560
1318220388787245058
1318221255586230278
1318221426030219269
1318221598944579586
1318224146690641920
1318231711088545792
1318231924079579146
1318232072520163329
1318232240493559816
1318235475694526464
1318235727021428736
1318235871808806912
1318236082333470727
1318239244620599309
1318239437080461312
1318239598171066368
1318239749300195328
1318243030697205760
1318244287797207041
1318245044709695488
1318245189056593923
1318245345395118081
1318248070065344512
1318248307647520769
1318248494897991681
1318248645708423175
1318251842724368385
1318252132601049088
1318252300436201472
1318252455201734663
1318252455201734663
1318255614028615682
1318261902095601666
1318265683449446409
1318265748104544256
1318265935275433985
1318266124157505543
1318269461162590211
1318269545065418758
1318269701290643463
1318269847365668864
1318273219921666049
1318273397240041482
1318273607651516417
1318273927899209729
1318276998591119360
1318280780511150081
1318281539055124481
1318281788695957504
1318281968937730050
1318284550443798528
1318284893017788416
1318285094960979969
1318285279011241984
1318288321664159744
1318288321660026880
1318288321643237382
1318288321626460162
1318288321626411015
1318288321626386434
1318288321622233091
1318288321618071554
1318288321618038787
1318288321613860865
1318288321609695242
1318288321609650176
1318288321605521408
1318288321592832005
1318288321584521216
1318288321576116226
1318288321567666176
1318288327532007424
1318288327523565568
1318288327511035907
1318288327498485762
1318288327498412034
1318288327494258688
1318288327490129920
1318288327490084870
1318288327485935621
1318288327481712640
1318288327477428226
1318288327473270784
1318288327469113346
1318288327464931330
1318288327464898564
1318288327460737027
1318288327460724737
1318288327460651010
1318288327456546817
1318288327456493571
1318288327456493570
1318288327443910658
1318288327443886080
1318288327422976001
1318288327422971904
1318288327418806275
1318288327414583298
1318288327414583297
1318288327406215169
1318288327406178309
1318288327402049536
1318288329947971584
1318289576230793216
1318293351146336258
1318294609219510278
1318407857570795521
1318409116772126722
1318409116751220737
1318410373842767874
1318485876633182208
1318486142766010369
1318486174801985536
1318486282180481024
1318488387209355264
1318491424636194816
1318491517963653122
1318491635836137473
1318493420839702529
1318494046541807616
1318494092943368193
1318494215236628480
1318497208883347457
1318497238902099970
1318497358691422213
1318497546092896257
1318500976228290560
1318501005739413511
1318501110374633474
1318504759599517697
1318593087145496576
1318594542233333771
1318594692980813824
1318594839135604739
1318596610469863425
1318599134606131203
1318599304550977536
1318599443273404424
1318600378485714945
1318603592002080770
1318603755667980295
1318603887247589380
1318604415251763200
1318606362830667776
1318606518531612672
1318606661498667009
1318607938253062144
1318609580998483974
1318609703451189248
1318609856253841408
1318610440222638080
1318612308923383808
1318612540381929473
1318612964220469253
1318617319963320323
1318617443313614850
1318617591829663744
1318618248510869504
1318619610552422401
1318619770019786761
1318619928572866563
1318621778361634819
1318623280069287939
1318623488299667456
1318623637847613440
1318624297271889921
1318629323344142338
1318630115606147072
1318630302026256390
1318630520893460481
1318631837028188161
1318634178724888578
1318634396753297411
1318634535433678852
1318635609200730112
1318636758456741892
1318636925931147265
1318637068239634434
1318638125225287684
1318642164226756609
1318644586240217088
1318644744881397760
1318644861629849600
1318645670773968907
1318647325548531717
1318647465147535360
1318648198127362049
1318649135180992513
1318649320049094658
1318649433937018881
1318650721299025925
1318651965656748032
1318651965073752067
1318651965069459456
1318651965065363456
1318651965061156864
1318651965056966656
1318651965044293632
1318651965035995138
1318651965035941890
1318651965031763968
1318651965019181057
1318651965019127812
1318651965015023616
1318651965014970371
1318651965002387457
1318651964989841408
1318651964985585664
1318651964968894469
1318651970157162497
1318651970123694081
1318651970094305284
1318651970094305283
1318651970081771528
1318651970081652746
1318651970077544449
1318651970077470720
1318651970077458436
1318651970077458436
1318651970069082112
1318651970069069824
1318651970064965640
1318651970064912384
1318651970060800000
1318651970060771329
1318651970035568641
1318651970027245571
1318651970023030785
1318651969997856771
1318651969993609216
1318651969964302336
1318651969960091652
1318651969960087561
1318651969955876865
1318651969951727617
1318651969951666182
1318651969951641601
1318651969939120130
1318651969939116037
1318653224493158403
1318654485070270465
1318655737728557057
1318655737728479233
1318656999287029760
1318658255430864908
1318662036792934401
1318670837650804736
1318673356951080961
1318673356921671680
1318706074158063617
1318706074158043136
1318706074145476613
1318768984888664067
1318771505581461505
1318772759938453504
1318776536066129920
1318848578169819136
1318857075473190912
1318858816604278790
1318858959919472640
1318859269610065920
1318862097049133057
1318863175018840066
1318863420666630146
1318864503380037634
1318865886657323008
1318868043326492673
1318868175241596929
1318868250944561152
1318868651194408960
1318868680382550016
1318868814495424512
1318869038819323904
1318870912184295424
1318870964688617474
1318871125510807552
1318871261519450114
1318873452841926656
1318875944669634561
1318877936590741504
1318878718987767809
1318879889576132608
1318881374045163521
1318881626626117634
1318885254866882561
1318907408744390657
1318911294309683200
1318911443903852545
1318911637240381441
1318913192358219778
1318914065972998144
1318914194088054784
1318914391350325250
1318915460272951298
1318967805883142150
1318971571181129728
1318975356255219715
1318979132445888517
1318986675125686274
1318990458199027713
1318999257274351619
1319001041136963585
1319001224654577671
1319001779095339008
1319004555309449217
1319004748524212232
1319005561292267522
1319007113511829504
1319007286644379649
1319009331271159808
1319013092093775879
1319023159773978627
1319023159765585920
1319023159748792320
1319023159748775942
1319023159740452864
1319023159740370945
1319023159732035590
1319023159731998720
1319023159731982340
1319023159723569152
1319023159711064066
1319023159698509824
1319023159694286855
1319023159694286849
1319023159690092547
1319023159690092544
1319023159685877761
1319023159669100544
1319023159669084160
1319023159660711936
1319023166224781312
1319023166220587017
1319023166216429569
1319023166216409088
1319023166207987713
1319023166203875332
1319023166203875329
1319023166203854851
1319023166199681030
1319023166199574534
1319023166195404800
1319023166195367941
1319023166182858753
1319023166182821888
1319023166182785031
1319023166178664450
1319023166178660352
1319023166178627587
1319023166178603008
1319023166174494721
1319023166174433290
1319023166170255363
1319023166170238976
1319023166166106113
1319023166166097920
1319023166161903616
1319023166161813504
1319023166157692933
1319023166153498626
1319023166149349376
1319023166145048578
1319023166128312325
1319023166119923714
1319023166111571968
1319024418925039616
1319034490623303680
1319034490619035650
1319034490610765826
