1288595489957478401
1288603369758744576
1288603369758744576
1288611354975318016
1288619373071138816
1288625399367454725
1288627272707170304
1288635509116477440
1288643955572248577
1288652105608318976
1288660336732704780
1288668313690791950
1288676662528352261
1288684947641901056
1288693014173380608
1288700681218658305
1288708661569884160
1288716588431048704
1288724328712998914
1288732035587215360
1288739770617794560
1288746023729471488
1288753629965451265
1288761354913026049
1288769231853584384
1288776784692076544
1288784644285095937
1288792553287045120
1288800558002909186
1288808578275586049
1288815145309929474
1288823193264893952
1288823259027431424
1288823393941430275
1288827973945176064
1288830046015295488
1288831964154335232
1288837220238065664
1288837597503135746
1288841666821083139
1288844131415085056
1288846490006413313
1288854400841252866
1288855522532364288
1288862318797914112
1288870432372936704
1288877262595657729
1288878007067783176
1288882369387257856
1288886374335156224
1288887329030115328
1288894627752411137
1288902809891602439
1288911086637416448
1288918750062944263
1288926878514937865
1288935198747500544
1288943021896151042
1288945210203021314
1288951661789155332
1288952430646894593
1288959538863976450
1288963772363800577
1288968167700795392
1288976485253079042
1288984752989655040
1288993280299081728
1289001386542354434
1289009134814343184
1289016723220332544
1289024319230705667
1289031929694740481
1289039756190523392
1289046259429445632
1289054162240626690
1289061942594871297
1289069976289251329
1289077873580617728
1289085745966329856
1289093558453129216
1289101160822050816
1289109125171941376
1289117131133472768
1289124935835820032
1289132838630109185
1289140781631115265
1289148554855030785
1289151070107766787
1289153071742885888
1289155168219652099
1289159771031924736
1289169028842319873
1289175090286845955
1289182681956093954
1289182867214360581
1289182948281864193
1289183046378250240
1289190069169872896
1289190794906107906
1289194352091299841
1289198522634362882
1289206496945827840
1289212113643139074
1289214236116176896
1289221898623160321
1289229420108976128
1289232804367093763
1289234617317253121
1289236921366073345
1289239803196837888
1289248015534796800
1289251855361433601
1289257266533863430
1289259772923875328
1289263694262595584
1289267875392323584
1289275550876434432
1289277399180414982
1289283141354442753
1289291027908632577
1289295862879772673
1289302821766959104
1289306060591960065
1289310044094255104
1289314256211632131
1289317664439980033
1289318079311171585
1289321365057699842
1289328995922829312
1289336783751335940
1289344323645890561
1289352633652662273
1289360385276096512
1289361179970805760
1289368742195916800
1289376844001603584
1289380051696287744
1289388081942941696
1289395983135076353
1289397447463014400
1289405572270264321
1289413591737622528
1289421309080776705
1289429342494351367
1289437021346226177
1289444598813614080
1289452279750365184
1289460200701718529
1289462558139719681
1289470208319483905
1289473771821121537
1289481748535902209
1289485122387890181
1289493271320965120
1289501180280705027
1289506175076036609
1289514311094693889
1289519197945389056
1289527208516521985
1289535234401280000
1289538881298153472
1289546893534494720
1289551551560740870
1289554197738741760
1289562054664130561
1289567656467562497
1289575657601548288
1289583501843394564
1289591161900998658
1289598943874052096
1289606900019900421
1289614456314458112
1289622142716391424
1289630069678202882
1289637693798809600
1289641305379766272
1289645703170363392
1289653671651811328
1289661706860285952
1289669467555815424
1289702679170568192
1289710830766891009
1289718616921763840
1289743499177295872
1289751323425091586
1289759032354496512
1289775976403148800
1289784036114587648
1289863567605264385
1289885619510943745
1289889298960068608
1289897329630355456
1289905423525478400
1289913560290664456
1289915353384935424
1289922996195528704
1289934552241065984
1289958986452594691
1289974934723162112
1289982661360902145
1290003867070017537
1290012325387223040
1290012325387223040
1290042130484797441
1290049947111325696
1290093029710114816
1290120347862183936
1290125216757161986
1290138537598128129
1290146467353464832
1290148359462727681
1290161543162654720
1290188960195416064
1290198225433976834
1290211839792386050
1290216396761083904
1290225940744663040
1290230323469574144
1290232425994317825
1290234587692621824
1290241679547539457
1290249411872817153
1290253534584123393
1290261352615784451
1290263245752659968
1290266321020739584
1290266964728803328
1290271006687408134
1290276363107102722
1290284191222038528
1290290238833664001
1290290328461746176
1290293139853336576
1290301099446906882
1290303625953075201
1290308791003742208
1290316919929700353
1290318731005042688
1290326339032174593
1290334418935193601
1290341913564835842
1290342590345351168
1290350263933513729
1290357013155852292
1290358209019097091
1290366385026150401
1290374580440367104
1290382851519782912
1290384695427919872
1290390608549478403
1290398257961631747
1290406214837379072
1290414465658368001
1290418717973794816
1290422819889852422
1290426788510937088
1290434872218136576
1290442899956563973
1290451102580842499
1290459013050781703
1290467215385427970
1290475406743633921
1290482972303343616
1290490595182440448
1290498164349259782
1290505906581577730
1290513576055246849
1290521483870076934
1290529498383949824
1290537406970703872
1290544967811833856
1290552678196682754
1290560357283639296
1290568304332021760
1290576295018061830
1290583928173146112
1290588347510001664
1290596134415675392
1290604184350461952
1290611864309772289
1290619614108540928
1290627673509834752
1290635484318896128
1290635692511498240
1290643117939601409
1290646420006088705
1290651229681483782
1290659160628047872
1290666722211631109
1290674102324232192
1290674550699696130
1290675019140550657
1290675286443470853
1290676519501737990
1290684429921378304
1290690848259219456
1290698992851079168
1290699268206911489
1290707235660804096
1290711743791063041
1290713536184942593
1290714367722434566
1290719400866193409
1290721197479596033
1290721917452922891
1290727344882290688
1290732470112059392
1290740069922414593
1290748023321047040
1290756061037760512
1290764014394511360
1290767918209392640
1290770319557320704
1290775895926603777
1290783617963130883
1290791525929148417
1290799385060802560
1290801807166406656
1290809478431023104
1290817268268650496
1290824928695132163
1290832577331441665
1290840773219495936
1290848483663118336
1290856234350977024
1290863801173192709
1290871727149457408
1290879606191464448
1290887363338670080
1290895036142555136
1290900662205677570
1290908427896729600
1290916159731240960
1290923753225031681
1290931350837526528
1290938959879712768
1290946650442207233
1290950727515463681
1290958310171172864
1290966261451706370
1290973941763317761
1290981629775749125
1290989421182017538
1290997076315312131
1291005088476127236
1291012693806264325
1291020652712009729
1291023907416240131
1291024255002349569
1291027175374753797
1291035166744485888
1291042960570630144
1291050654748872709
1291054106212270080
1291057044015857664
1291058341607874560
1291066482223448065
1291074239009873923
1291074311420350470
1291079830734241792
1291080073047490560
1291082793146028032
1291083804321357826
1291090432647102465
1291091855023644673
1291098446615777287
1291102506492329985
1291105862988320768
1291108494544908294
1291116687677423617
1291122468653092864
1291129890918539264
