1319040771182465025
1319042532865658880
1319044318347362304
1319045801981640704
1319046756743733248
1319056371518742528
1319059392617205760
1319062413854081025
1319070970926202882
1319073989935976450
1319077009813884929
1319080027888156677
1319083051197124615
1319089098582298624
1319092116224618501
1319095128687058949
1319098150007820289
1319101170942676993
1319104191256793088
1319106205198024705
1319107962921754624
1319109222513213440
1319112245209665537
1319115260742295553
1319118281018609664
1319121301106286593
1319124323148455942
1319153287183085568
1319155311794704384
1319156612175626240
1319160065723633664
1319161832423251969
1319165340581007360
1319167104193613824
1319170682060668928
1319172460198187009
1319175532962078720
1319178232286109697
1319178399697506305
1319178743265583104
1319179434499444736
1319181198405619712
1319181196702732288
1319181825009471488
1319184214743449602
1319184719037300739
1319186484096794624
1319189195508883457
1319190022738894849
1319190506648358912
1319191398877364225
1319191788255588352
1319192153684365312
1319193527738421249
1319195288951791618
1319196165531979776
1319196939284566016
1319197049385005057
1319197322908258304
1319198219767894021
1319198812108455936
1319200661490356225
1319200991716216834
1319201618592698370
1319203090415947776
1319203473427210241
1319204095404769280
1319205339200409600
1319205549523804161
1319205858413318145
1319206373025026048
1319207021288280064
1319207620306239488
1319208216061005826
1319209102208389120
1319209414457524230
1319209469180600320
1319211163683590145
1319212114213560320
1319212906475622400
1319214668309823488
1319215882913144834
1319216429191790593
1319217102646018048
1319218189851648000
1319219305884635137
1319219954311438336
1319220353147850757
1319220856757886977
1319223490197770240
1319223591511130114
1319223975788990466
1319224349816225794
1319225255706169344
1319226996325580800
1319227023919878145
1319234042924011521
1319234346235138049
1319234868161748995
1319235547760656385
1319235817211125765
1319236069179723776
1319237389336907777
1319238557542895621
1319239328183320579
1319239624020164608
1319239683147169794
1319241090415906817
1319242101914206208
1319242590068330496
1319242851654520838
1319244617301266433
1319246378619539458
1319248137207283715
1319249930708504576
1319251826273849348
1319253525680033793
1319255185399709696
1319256946978017280
1319257526500732928
1319257640808087552
1319258681465360384
1319258709525204992
1319260466770829314
1319262281893629952
1319264059674472448
1319265754194321411
1319267514195595264
1319269276159778816
1319271037624897536
1319271129110859776
1319272800461459457
1319274561657946112
1319276322053472258
1319278083304611842
1319279846644617217
1319282362308415489
1319283865530187778
1319284663072903173
1319287394718212103
1319287588067262465
1319289215679524864
1319289962148237316
1319293024476647426
1319294957866418176
1319297463275167746
1319297644049494017
1319298502292221952
1319302495550820360
1319306331065585664
1319307024346324993
1319310044358467585
1319313075619700738
1319313363634212865
1319315260621443073
1319316339803258885
1319318083564130304
1319320121333207043
1319322751300177921
1319322783722110977
1319326919758958603
1319329676226166784
1319330360027680769
1319331148124880896
1319331981046566912
1319331978764783616
1319335111482015745
1319335209666547715
1319335237365735426
1319335293519040513
1319336113987850246
1319340759104053249
1319342795451174918
1319345276885168129
1319345285219471363
1319347601775480838
1319347805975175170
1319349750387310593
1319350311019024385
1319354047497949185
1319354987202416653
1319355345089724416
1319358035739947008
1319360217822466048
1319360494327812097
1319362653995794434
1319363204363988995
1319364796391825409
1319367995190398983
1319370054228729857
1319370054228729857
1319375474498256896
1319380009908379649
1319380509034745880
1319382509298323459
1319383098245742593
1319385543696855041
1319388059239124992
1319403157542363136
1319451478533210112
1319457515529175040
1319460535193247751
1319463556719513601
1319466575439810561
1319466576622637056
1319468589422968832
1319471610659803136
1319474631233949697
1319477648356200449
1319480668854886402
1319483687755567105
1319486710821040129
1319489729663016960
1319492748626579458
1319495769494343680
1319498788076244993
1319501809606660096
1319504828926730240
1319507849979088897
1319517055843008512
1319522355144724481
1319524270771494916
1319525968948695040
1319527732817108993
1319529517011116032
1319531253356527616
1319533013114433537
1319534802903699457
1319536030933045249
1319536540247314432
1319538300521242624
1319540060967079936
1319541823933657088
1319545357538414594
1319546604362268672
1319547106953220097
1319550631309463552
1319554153149063168
1319554431864721409
1319555919383040000
1319557679451414529
1319559465637715970
1319561200976408576
1319564722740527104
1319565316586962948
1319567173787045888
1319568257326718976
1319569863145291776
1319570007886626816
1319570871061798912
1319571897093414912
1319572490620948480
1319573533459161089
1319575293925969921
1319576029371957249
1319576643128729600
1319577055500042240
1319577478072029184
1319578814830215168
1319579008074457089
1319580622348865537
1319582337462657030
1319584100592779265
1319584101033299968
1319585864452800512
1319587622784782336
1319589385688547328
1319591147472326658
1319592924523433987
1319594670301843459
1319594771397152769
1319596378394427394
1319596964653289472
1319598114387431426
1319598204661436416
1319598645185024000
1319598705583017985
1319599104247431170
1319599657287405569
1319599954697080833
1319600467555590144
1319601715331686406
1319603477040037890
1319604508603842566
1319605239599726593
1319607001983426561
1319608765654700033
1319610660414771200
1319614048229593090
1319615808851611651
1319616734828122112
1319617572397060097
1319619330473066496
1319621093926313984
1319622858600030208
1319624862315458561
1319625138107801605
1319626384373878785
1319628140608618498
1319628392665317376
1319629903013306368
1319631663492726784
1319633425440059393
1319636950429683713
1319640477415710720
1319643997304926210
1319645755532075008
1319647525255716864
1319649326117888000
1319651062647840768
1319651366713909248
1319652801681739776
1319656326562185217
1319657522475782145
1319658192276754432
1319659872900743168
1319663373345239045
1319664849174122496
1319665206818230277
1319666971403800578
1319668657514029065
1319672432698019848
1319674842610892801
1319674996680237057
1319677704678027265
1319679981287542785
1319682497907740680
1319685289401589770
1319687375002439682
1319690076415283206
1319692672374919171
1319695207282114561
1319697837991538688
1319701429905403907
1319702517471711232
1319705150366355459
1319707796439531522
1319710181832491013
1319711744298803206
1319712701459927040
1319713388407234561
1319715211532697600
1319715694381072386
1319717336941760512
1319717733160919041
1319719592865026049
1319720248883482624
1319721724699619328
1319722859527274502
1319727128229908481
1319727796437065730
1319730006520696833
1319730390005841921
1319732881019834368
1319736777977057284
1319737952310874112
1319740526967619589
1319741776475885569
1319747747692617730
1319764353147613186
1319768063441502209
1319771930103341062
1319775641986846723
1319779386250452994
1319817139507822592
1319820913131589634
1319824685685743617
1319828522983149568
1319832237538410496
1319836008133832704
1319839785083699200
1319843559864963073
1319847337154445313
1319851108215459840
1319854885760868352
1319858664061140992
1319862437781397506
1319866253343862785
1319869983111991297
1319873790332096512
1319885174017085440
1319895636670631936
1319896554975621122
1319898924296081408
1319900239961141249
1319904002574790656
1319906486848507904
1319907732888211458
1319911539831427073
1319911574753202176
1319911574753202176
1319913560747708417
1319914816698449921
1319915282857627648
1319916782971387904
1319919124282224640
1319922831187152897
1319926609147760640
1319927866751094786
1319930382326824960
1319934236598611968
1319937933508550656
1319941704779243520
1319944152394719233
1319945564763684869
1319949293030154240
1319953034181476352
1319954367483699201
1319954375360565253
1319954381907890176
1319954390132940800
1319954398106308608
1319954400761307136
1319954404922052608
1319954412798869504
1319954419975221248
1319954416741527557
1319954427252494337
1319954435427258369
1319954444826693633
1319954452166676480
1319954456373563393
1319956938185113600
1319960692015927296
1319964105269268482
1319966883014115329
1319968133696847872
1319971942082949120
1319975715970887681
1319979683203715073
1319982532939730944
1319983231299616768
1319983916044984322
1319987226386812929
1319987937858277381
1319989381718036487
1319990803981361153
1319994616976936962
1319998332211691520
1320002104661102596
1320002413269581826
1320005659249836034
1320005880625102849
1320005908466905089
1320009855869005824
1320013235664396288
1320013451486527490
1320014400753991681
1320021411210153984
1320024372665528326
1320024773192306689
1320026516684738562
1320028543414317060
1320031787431624705
1320032513918717952
1320032526992367619
1320036090624069632
1320039905570004994
1320041405092368389
1320043628635500548
1320045531419316227
1320047590440865794
1320050923733798917
1320051189355024384
1320055018473639942
1320056460370345984
1320058726657687553
1320062611472470017
1320063219688476673
1320064513522229248
1320066290380394503
1320070056718536708
1320073827095896064
1320077669543849985
1320078606291234816
1320080373410385921
1320081402407325697
1320085213020590081
1320088927370346497
1320091060803129346
1320092869110190080
1320094288122957828
1320094798720737288
1320096481030922245
1320096505336823810
1320098533312237570
1320100304365539329
1320104146125660161
1320107832063217667
1320108544578998274
1320111576834363394
1320115362571145221
1320119125579091968
1320122921088618497
1320126686726422528
1320130505128411137
1320134224779816960
1320134224494661632
1320138057467809792
1320141777119121408
1320145548893184000
1320149327206035456
1320168306633023488
1320172002498543617
1320175787002257409
1320179526517796864
1320183437051953152
1320194626280632320
1320198490958548992
1320202173599391745
1320205972258914308
1320209725871501313
1320213570056032257
1320217272275865601
1320221047933853697
1320224826309693440
1320228726664290304
1320232370562338816
1320236160510316544
1320239924860325888
1320243694759530497
1320247473517039616
1320251246075314177
1320255023998259200
1320258842102550534
1320262584772210688
1320266345301278721
1320270119155716097
1320270122725113856
1320274057422622721
1320277670656167938
1320281468275404803
1320283359302590464
1320283364558077952
1320285221804298241
1320286494679064577
1320288995214053376
1320289988563685376
1320292770121134080
1320296563881762817
1320300319134388226
1320303941205303296
1320304156637364224
1320305355675533312
1320310105468960768
1320311644707311621
1320311645114073088
1320315418721062912
1320317088184094720
1320319233356632065
1320322984855425024
1320326840662347777
1320326856957112321
1320330538473893889
1320334475415441408
1320338104222404608
1320341379155898369
1320341891402158080
1320343707892285440
1320344806493769728
1320349462762561536
1320353169831055364
1320353202328473600
1320353359090585600
1320354372719697920
1320355113253351424
1320355206878593027
1320355685792698368
1320355727958036480
1320356528050872321
1320356942200623110
1320356943551172612
1320357473618960384
1320357818575237120
1320358134435794945
1320358273904709633
1320358499365343232
1320359757627129856
1320360703946035202
1320360717132943361
1320362910179360772
1320363698540695553
1320364689432477696
1320368296382824448
1320372113354772481
1320375839448551427
1320383391850692609
1320387171380043778
1320390074715021312
1320390914129358848
1320390914129358848
1320390918114074630
1320393635192578053
1320394819311644673
1320398485909344257
1320402292206518273
1320406017902084096
1320409898891477000
1320413546715467777
1320417340987768834
1320417370993819650
1320421118084337665
1320421117660725250
1320421902901514242
1320424903254921216
1320425051427082241
1320428689641906177
1320432490876645376
1320436220820946947
1320436243096883200
1320440074929086467
1320442662441361411
1320443764406669314
1320447580283772928
1320451315424808963
1320458866556129282
1320462892865593345
1320463141348802560
1320463370408087554
1320466415401504769
1320470316628512773
1320471094529327105
1320473964578263040
1320477737916780544
1320477758837952523
1320481513444618241
1320485641474478081
1320485834160803841
1320489077108604932
1320492838786895872
1320492837499293696
1320496613077430273
1320501913209704450
1320503672862920705
1320505422994964482
1320507181855367168
1320508944276688896
1320508943924400132
1320510705876033536
1320512468255444992
1320514230731366401
1320518006632554497
1320520661002051586
1320521022018330625
1320524043330686978
1320550720408604674
1320553739326050304
1320556762941034503
1320559780977659906
1320562798292832256
1320565818091069440
1320568838698737666
1320570855286542336
1320573874464083969
1320576891997294592
1320579914819608578
1320582935255330816
1320585952218271746
1320588974449188864
1320591991974055937
1320595013370302464
1320598034481319936
1320601053092524033
1320604072232259584
1320607093452427265
1320621853963157504
1320624823266148353
1320625498507104256
1320628249467170816
1320629993437843456
1320631752604475392
1320633518637174785
1320635278567055361
1320637039990235137
1320638821134991360
1320640562354135043
1320641760968802304
1320642322414055428
1320644086806814720
1320645867091709952
1320647610416451584
1320648869294854144
1320649371713785857
1320649799004266497
1320651154708189184
1320652895155556352
1320654653890154496
1320655158850834432
1320656415426547712
1320658179265540096
1320658930603757571
1320659940063780864
1320661703240175616
1320663461135851521
1320665225578844160
1320667007533154305
1320667741381165059
1320668784030552064
1320670510351556609
1320672274333290496
1320674128966389760
1320675793513680901
1320677558137008129
1320681077158121472
1320682845694791680
1320684603838005249
1320686363197558785
1320688124180267009
1320689887457280000
1320691648268034049
1320693412203515905
1320693449352425474
1320695088725581826
1320695174171746304
1320697464610017281
1320698693666955265
1320700493379866625
1320702219470209025
1320704080487043073
1320705740978462720
1320707502380601344
1320709196019572743
1320711098199363584
1320712787040096258
1320714614125023233
1320715273197002752
1320716313539584000
1320718086195085313
1320719834779389952
1320721598027091970
1320723358787522561
1320725118855892993
1320727459583660033
1320729528507994113
1320730402605178883
1320732165395677186
1320733928278417408
1320735454539505670
1320735532708732928
1320735760853721088
1320737452991139849
1320739623103062016
1320740974163800064
1320742838481637376
1320744496968179714
1320745648438808578
1320746257061761025
1320746988573478914
1320748020829458434
1320749797381414919
1320751897251401729
1320753364070768643
1320755865486589953
1320756827139825669
1320758937478696961
1320762135518040070
1320762554088624128
1320764627471474698
1320766195432304640
1320769160264241153
1320769246973071360
1320771408063025157
1320772278460780544
1320773940785065986
1320777271943319552
1320777463572635649
1320779331648606208
1320781113795710997
1320782097796259841
1320782751348510723
1320784510007562241
1320785817665708032
1320786586947248129
1320790722153504773
1320791560213176320
1320793337222385672
1320795161853628416
1320796165609279490
1320796462289166336
1320800212806414342
1320801800455409665
1320803734457384960
1320807425478447106
1320809172846432259
1320810936458989573
1320811290781224961
1320811572449738756
1320815912317050880
1320819797978943488
1320822011405488130
1320822011405488130
1320825580007366656
1320827294626254849
1320834954578841600
1320835937153200133
1320838116031299589
1320839626198818818
1320843040030920708
1320843149695176705
1320843498241871873
1320844908719202305
1320851957364494336
1320853717659299842
1320867809577127938
1320869571562188802
1320871332859514881
1320883413285523456
1320898009891282944
1320901027021946880
1320904049869393924
1320907069814427648
1320910089092583425
1320913106986504192
1320916128261115905
1320919150320099331
1320922165777211392
1320925186548518915
1320928209387589632
1320931244629217285
1320933240446853120
1320936258772881409
1320939295675420672
1320942301267591174
1320945322500251649
1320979815487414274
1320984314163662850
1320985332473569280
1320987096543383552
1320988898848395264
1320988897636192257
1320990618173296640
1320992380540112896
1320994142135222272
1320995904904712192
1320997667460317194
1320999427885191169
1321001209709449217
1321001994132344833
1321002624800460800
1321002633822425089
1321002965403082753
1321004712909524992
1321006474190114821
1321008233637683200
1321010023716298752
1321011269940486145
1321011760363638784
1321012741189062657
1321015284501778432
1321017074911748097
1321017546569584642
1321019924442210306
1321020568255291392
1321022328583655425
1321024090568859648
1321025849953583110
1321027614522384385
1321029374657875968
1321030131813650432
1321031135397318659
1321034659082457090
1321036493150949376
1321038184071991297
1321039945755168771
1321041707962638338
1321041706524004354
1321043465296355329
1321045227600302081
1321046990046875648
1321048751906107394
1321049324579659776
1321050594929483776
1321051715299430402
1321052278594437123
1321054037266079744
1321055796764041218
1321057608258719745
1321059455824502785
1321061099849076737
1321061098175537152
1321062843584831492
1321064779029618688
1321066367026630663
1321066616478597124
1321068130093981697
1321069889545797632
1321074343850422274
1321074578257514500
1321075174373003265
1321076935905189889
1321077866860302340
1321078700394369024
1321079842457165827
1321080564628291584
1321082222947028992
1321083985448046594
1321085745864597504
1321087507304534022
1321089301975867395
1321091164645326848
1321092792228159491
1321094552267169792
1321094685159526400
1321098077646839809
1321099838713454592
1321100763670761484
1321101601130663936
1321103363812065280
1321106884062040066
1321110401443123204
1321110462285684747
1321113028373422081
1321113930681507840
1321115944366866434
1321119215554863104
1321121206494515200
1321122741035143171
1321123183311917058
1321124499648110592
1321126261155123201
1321128093533282309
1321131524444639238
1321133478893752323
1321133581264191489
1321135570865823746
1321136327283322880
1321137040373809152
1321138117370433542
1321139435652730886
1321139852314816514
1321141615298334720
1321143374771113984
1321145140141039618
1321146900373012483
1321147720330027012
1321148712719163392
1321152197367898115
1321153943943159809
1321155781551673344
1321157468018401280
1321159230745923585
1321160990302605313
1321162754091294721
1321164530832056327
1321168037006004225
1321168538174799872
1321169909188055040
1321171574339325952
1321171876576710658
1321173325498978305
1321174607748042785
1321175084778901511
1321176846134874119
1321180195957678082
1321180370927292418
1321181296476016642
1321182634903568384
1321184395290697730
1321185111849738240
1321186156827070467
1321188455288918021
1321189176415498242
1321193202565734400
1321193420191391750
1321198631324667905
1321200252066607104
1321202013636562945
1321205533802639363
1321207173205106688
1321207440508178443
1321208506159112194
1321208737617612800
1321214781676752898
1321230196436045827
1321231957880164352
1321233719244541952
1321235483586953220
1321260394409873409
1321263414036074496
1321266438020177922
1321269455796740102
1321272477381779457
1321275495640686592
1321278515107500032
1321281535568449539
1321284556192911361
1321287578293800960
1321290597542625282
1321293616917217285
1321295629591678976
1321295629591678976
1321298647020175363
1321301670282874880
1321304689254780930
1321307706926469120
1321310728905699328
1321313746346717189
1321341873919827968
1321347920596213760
1321349348882599936
1321349483691651072
1321351245907562497
1321353005069963264
1321354767151566848
1321356531858853889
1321358293336469504
1321360054826795008
1321360175182323712
1321363583154999296
1321364947289493504
1321365335426084864
1321367031883681793
1321367101819523072
1321368862399541252
1321373644380114944
1321374164956172288
1321375908167589890
1321377672128323584
1321379430409871361
1321381194899034112
1321382954556411905
1321388306291187712
1321390001855303680
1321391767174975488
1321392516751642626
1321393526173802496
1321395470619582470
1321397107601932288
1321398960360165376
1321400571241398274
1321402331854970880
1321404094536364034
1321405875505025025
1321406725560406022
1321407646411403266
1321408875774562305
1321409380089319426
1321411154611195905
1321412963027324928
1321414663943368704
1321416424687050752
1321418188450615298
1321419948955226112
1321423470320910337
1321423604769263616
1321424499523391492
1321425247250296832
1321425287477923845
1321426996371607552
1321427185572470788
1321427853196496896
1321428756800614400
1321430517460439040
1321431526580625409
1321432277558153219
1321434040377946113
1321435802803589125
1321437589270876160
1321441086796169217
1321442847590129666
1321444609227186178
1321446191314407435
1321446437926948866
1321448154370289664
1321449892322172928
1321453408428138497
1321453419186585600
1321455297874010112
1321456939818192897
1321458703388839936
1321460466451963904
1321462225593315330
1321463987628875776
1321465750423588870
1321467508793200642
1321470290262659072
1321471036135772160
1321471382421721088
1321472796975894529
1321473092158431232
1321474398797336579
1321474568620560384
1321476320321294337
1321478138505891841
1321480877071831041
1321486887299809281
1321487820217847809
1321488651159805952
1321490306869665792
1321490413019037696
1321492173532106752
1321493937517985792
1321495699196882946
1321497462964736001
1321498718743441409
1321499658028568576
1321500573171146752
1321502244408381440
1321502388293914625
1321504004564803585
1321505764125626373
1321507548671987712
1321508167797395456
1321509287408111622
1321510162327285762
1321511045920411648
1321511048059494400
1321512891506434050
1321514571346157570
1321518197384925184
1321519856752173057
1321521335722479616
1321521620712902657
1321523320928362496
1321523379829092352
1321525141831065602
1321525226908405760
1321525628185858049
1321526915241566214
1321527284872990721
1321528665629462531
1321529254115483653
1321530426830266368
1321531685117272066
1321532200538525696
1321533949517193216
1321535025159065608
1321535709455536128
1321537471474290690
1321537514256171008
1321540997852078082
1321545020349075456
1321546803720921093
1321547791165018119
1321548218325520385
1321548228895121410
1321548548056506374
1321548555442704386
1321550401481646081
1321552092046262274
1321553830174167040
1321555285157314562
1321557518951350272
1321559115894841346
1321562051580469254
1321564400793374721
1321565121215385600
1321571447236554752
1321571491998289922
1321572951750250504
1321572978174402562
1321574870111715328
1321574968325529603
1321576733217345536
1321579953364865030
1321580265995702272
1321582018052923392
1321583778771460096
1321585537908690946
1321587301407969288
