1250634650051100672
1250635504195960832
1250635556591144961
1250641010608259072
1250647229850886146
1250648088299143168
1250648656291803136
1250653821803671554
1250658247406694401
1250659007171309571
1250664148096241667
1250670871565545472
1250671217201348609
1250672288153964544
1250676019893321730
1250681172407001093
1250686046846750720
1250686434874441728
1250691762567483394
1250694037364977665
1250699332896129033
1250703502822772737
1250709295588618241
1250714426040352769
1250719608287432704
1250721432243404800
1250724742253993984
1250730109973204992
1250735977515159554
1250741504982822914
1250743151213645824
1250744716733427713
1250745533536362496
1250746655155974144
1250752107696861186
1250757323712278528
1250763288964710402
1250768771360440321
1250774054941982722
1250777861776199681
1250777917048717312
1250780002314063873
1250782853283164161
1250785208481218563
1250788068690403329
1250793291546796033
1250793520610320385
1250799233462079488
1250803181896032257
1250804119130030082
1250804164575277057
1250804651995398144
1250809813757460484
1250813400218812416
1250815500348796929
1250815707501166597
1250817768825503749
1250819740882386948
1250823443634937862
1250824927386746880
1250829157199683585
1250831808540872709
1250835280157986821
1250835549134389248
1250835851522777089
1250841701419225088
1250842139593969664
1250846094168395776
1250847641078038530
1250851569349939200
1250853920110452737
1250860162174377984
1250863266999517185
1250865861533085696
1250871839552913411
1250877946304303104
1250884295964704769
1250890297346842624
1250954276853239809
1250964965118410753
1250997597902385158
1250998261382549505
1251001374374068224
1251002213385846784
1251002787024064515
1251003656964648964
1251008775139573761
1251014470257840130
1251020112590749697
1251021374719758336
1251025419291279361
1251028793424334848
1251031037788000257
1251031736881905669
1251031872957747200
1251036298003054592
1251041475191869440
1251046950314672128
1251052372983414784
1251054701954715652
1251059285452369920
1251060068537204736
1251060399534940161
1251060601159323648
1251063370029109248
1251063565831868422
1251064578563354624
1251064935876100097
1251065233755574273
1251065557371281409
1251068415206477824
1251074259742490624
1251077725663739904
1251080457191653376
1251082887514017793
1251083136034799618
1251083953504739333
1251084600102838272
1251084787479121922
1251087050280968193
1251089860665933829
1251089884279955456
1251089908128759808
1251090603632463873
1251092037530771456
1251093608364679168
1251095600747208704
1251101493752745985
1251106534467215360
1251108737533857792
1251110384318197760
1251113211157512197
1251113506050584576
1251113599407403008
1251114031093624832
1251115857859743746
1251119639494643729
1251120269906886656
1251124745401176065
1251124822366617606
1251130481757863936
1251136405952176128
1251141931226333184
1251142680274448385
1251145713431412738
1251152022847418369
1251157138153418758
1251162336699707392
1251164754816761856
1251164996601593857
1251168027455995911
1251170035906891776
1251170568394555393
1251173378729431040
1251175892086329352
1251177660056772611
1251180547516387329
1251181435374927872
1251182439730417665
1251187696883597312
1251195209964281857
1251195766829453314
1251199158805037058
1251201425536925697
1251207182248542213
1251207247591587840
1251208903397978117
1251209937876914176
1251210762024112129
1251210762024112129
1251211327990882304
1251212670298198018
1251218827867820033
1251224723989635079
1251230945316712448
1251236757154279426
1251242667935227910
1251245855908286464
1251248523963707394
1251253289578123264
1251295463069888513
1251360554456961025
1251365734720159744
1251370591334141953
1251371001813831682
1251376680150728704
1251381768671956992
1251387266431361025
1251389868225298432
1251393191657553921
1251398607967793152
1251404059636105217
1251409358686208000
1251414654192099337
1251419894584954880
1251425341253529600
1251430742258790402
1251436163900018689
1251441514007363584
1251446851628384256
1251452212615827456
1251456592643530752
1251458648313860096
1251462079732690944
1251465200290709505
1251466330206863362
1251467480725426179
1251472304019771400
1251477586653347846
1251483110140792833
1251488292283068417
1251493578729156610
1251498778546384896
1251504235700723712
1251509287198904322
1251512956644401152
1251518348422262786
1251523823733784581
1251524721360977921
1251526826771521536
1251529672069984258
1251529945135878144
1251535971545419777
1251541589698248704
1251541615367409665
1251547825810309121
1251549651863560195
1251552828524503040
1251553120980787200
1251555916530495488
1251559028049752066
1251564740515696645
1251570500721049600
1251570785124311040
1251572929407660037
1251574387096027142
1251576562714959872
1251576938336059392
1251577597831655424
1251581026742173697
1251582103784951814
1251582312703307777
1251582806943248389
1251587968747397121
1251594296840654848
1251600326286888967
1251606153102004226
1251615676168638471
1251698046724911104
1251738293877817345
1251750624254926853
1251756584709099520
1251761641663987712
1251767092023562240
1251769358914924544
1251772546237767681
1251777971788099584
1251778547749998592
1251783261325492224
1251788726948237312
1251792984380715009
1251798241282269184
1251803605134442497
1251808719530274817
1251813859222052870
1251819247677984770
1251824658892161025
1251826010208772096
1251831121739952130
1251836346378915841
1251842175131934720
1251842932522602496
1251847990744055815
1251849202436575233
1251851359420321797
1251854683427287040
1251858342772908033
1251863615369609216
1251868824149929987
1251869888446173184
1251872027599949824
1251877572058796032
1251882751982174215
1251888225670574082
1251894387803635712
1251896564945215489
1251907506852544520
1251907973531795456
1251918980970958848
1251925388093198344
1251931395913584640
1251933759923990530
1251935753531199488
1252018288906862592
1252031532123992064
1252058622940643333
1252083544584785920
1252085185463693313
1252086000450523137
1252086524621008898
1252086620796354561
1252100933334556674
1252108579752026117
1252108855200436224
1252113962189180930
1252115597204357120
1252117539381022720
1252125153946931200
1252130358478475269
1252135728332627969
1252141030889193472
1252146094512971777
1252148866587164672
1252149868140941318
1252151381588410368
1252152445070909440
1252152581398433793
1252160711742152704
1252166038382350336
1252166370256699393
1252171941156454401
1252176986170101760
1252178112500109313
1252178282847625216
1252178573345067008
1252178632988135426
1252179111755341824
1252179223948730368
1252182537922850817
1252182673805791232
1252182724858740736
1252191018394542081
1252196607447220227
1252201964663902211
1252205592908890112
1252208243008581635
1252213522248982530
1252219303941849090
1252224828800733185
1252229898141413383
1252230598942289922
1252234984187850757
1252240865453576193
1252243619790098433
1252246186725163009
1252251388811399169
1252251618898255874
1252257729797935105
1252261206276046848
1252261234008866816
1252263328266756097
1252265262616887301
1252267946233212929
1252269868080128001
1252270142559526913
1252270475163635712
1252271926497685510
1252273433792204801
1252275428691238913
1252276354701307911
1252278906603950086
1252281011330846725
1252287184314552322
1252292477484175362
1252295334656688130
1252298319243681792
1252302929601744898
1252304020355547146
1252306131336212483
1252306131336212483
1252320812662743040
1252321904226172934
1252411174391410689
1252441099542593536
1252445984644358145
1252447381116903428
1252449472065478657
1252450160933851136
1252452829400379392
1252458281152458752
1252464039583723520
1252471752631910401
1252472127346925570
1252475743541645314
1252476180378329091
1252476890490769411
1252482103469539328
1252487396953919490
1252490012693848064
1252493586555428864
1252495470125080577
1252500596625747968
1252503869701185537
1252505987409379328
1252509261038596097
1252511181954330629
1252512268396498944
1252514460788502528
1252515919433207808
1252519584080502784
1252523489967443968
1252523749124997122
1252526529826951168
1252528640035872768
1252529923358588928
1252531415503306755
1252535097045245952
1252538018172452864
1252540567533297670
1252546197799211009
1252552076347035649
1252556309511225344
1252557149705850880
1252562524060487680
1252562703064973314
1252568290087534597
1252568424376676359
1252574140709691392
1252578540131962886
1252578648231538688
1252580067844202496
1252585714849583105
1252591790282153985
1252595494729273345
1252597012375240704
1252602914721406979
1252606035992489989
1252609086895599616
1252609167728279552
1252611342587977728
1252612279620771842
1252613863997988866
1252615876093845516
1252616903639601155
1252617142752722946
1252622412920872960
1252626634953371648
1252629173329448967
1252634723924480039
1252636208930357248
1252640697448087555
1252640786451177475
1252641644182200325
1252645950142713857
1252646728492363779
1252652341628731393
1252655810334937088
1252656833103306752
1252658525077229572
1252659696172924930
1252663665054138369
1252664660043665420
1252669246636732419
1252669885433421833
1252675778040471552
1252681189779034112
1252687898111082502
1252694022503759879
1252710615455600643
1252719983194497030
1252749040451756032
1252790263610826753
1252806428592451584
1252808293413580802
1252808318420049924
1252809722517794817
1252810296663531521
1252813550495490051
1252815176077676547
1252817731042152448
1252822379803185155
1252836246776242176
1252841810822443008
1252842024568418305
1252843058250477575
1252844064916951040
1252849445290389504
1252854494217383936
1252858660717424640
1252858815067770880
1252860094988996608
1252863174564433924
1252865292222386184
1252870712961851393
1252875950607360002
1252881326429986822
1252886394357178371
1252888333606420481
1252888961422327809
1252891487232241664
1252896689779888128
1252898815507599360
1252904148246331392
1252906415926239232
1252909470084202496
1252911722895233024
1252914821693083649
1252921182258692097
1252926354913406977
1252931541304565760
1252931677195767811
1252931723060490240
1252936805743239169
1252942404296081408
1252947702347898880
1252948833362948099
1252953104653393920
1252958504610082816
1252958642573361152
1252964460232351747
1252969670061285377
1252971549180727297
1252971847764844545
1252972960773804033
1252975364915310592
1252977201915613185
1252977263748026368
1252977566463528961
1252979951818678272
1252981012872691714
1252981529082462208
1252984370350166016
1252985286323326990
1252991234433593351
1252996262984585216
1252996756486467590
1252997096120164357
1252998048059478017
1253000610401660928
1253003260836839425
1253004459824775168
1253006131095654400
1253007250622480384
1253008782378110977
1253009669574066177
1253012416234954756
1253014103423156224
1253019838307540993
1253020720508084227
1253021212860649473
1253021633796878343
1253023021016760320
1253024491820777472
1253025413913346052
1253028983307997184
1253029356475203584
1253030775974486018
1253030899865837569
1253036793735372808
1253042119440322563
1253047777111822336
1253053668200534018
1253060069568151553
