1321736782212407297
1321758657017688064
1321758805542211588
1321773021204516864
1321816054708883457
1321848770267500545
1321867422220066821
1321884152925462529
1321892152906031106
1321906400063344640
1322100176593571840
1322124289777303552
1322137674044461056
1322161902177394703
1322189515608322048
1322224654052974592
1322240350560292864
1322272562731077632
1322470366015418370
1322513399746449408
1322577069339897857
1322638473774485505
1322856494879154176
1322879562464718850
1322941218658004992
1322996583781335042
1323195896801173504
1323247990144839681
1323308639768162305
1323328497759199232
1323360984598196225
1323552889307058176
1323571281917317122
1323593013520592896
1323613920804900864
1323639067024650241
1323659612877410306
1323680779810070534
1323685446476566528
1323697199897735168
1323723372417744900
1323906076341727237
1323922479216316418
1323934010347819009
1323967732744810497
1323997428480004097
1324023097603751941
1324032097057734657
1324059084727873541
1324060814265995264
1324084502214414338
