1281592633173868545
1281646971451658240
1281648261258899456
1281674287896825856
1281890088008417280
1281904567261843456
1281934136228433920
1281944864448544769
1281945128849080321
1281967128036417537
1281977839005442050
1282000222776942593
1282374773889212418
1282682255815643138
1282981083844423680
1282994290143223808
1283006762552037376
1283049219394351104
1283073952332394498
1283098265735618567
1283101220912193536
1283106468963786753
1283114485335707648
1283121878446596097
1283157916154048512
1283318154832121857
1283328637756829697
1283335283035996160
1283358767795654656
1283378980125540352
1283390106183716864
1283418958859730946
1283452845212213248
1283458166693548032
1283461776760123392
1283463018215604226
1283463056920645637
1283463142962606086
1283466344525070342
1283466369934254082
1283475397225611265
1283476999567278083
1283478262614761474
1283480321598595074
1283481044080111617
1283485380579221511
1283502234958004230
