1280985012515422210
1280988783329107968
1280992559343579140
1280996333097082881
1280999247345848320
1281000110562979840
1281003883393884161
1281015210770382853
1281018982506487808
1281032068575748097
1281037857499385858
1281045406244372482
1281049181260398594
1281060508951556097
1281075606499672064
1281086929988194306
1281090732049289217
1281094479634731008
1281114612583116800
1281118840395640832
1281129712106868736
1281136017513185281
1281158653236490248
1281162427653140482
1281166203663179776
1281169977526140929
1281175572882894849
1281183063565725696
1281186838422515713
1281186842071752707
1281201210679275521
1281201434663550982
1281203951539326977
1281205712870428673
1281211504948154368
1281211693880786944
1281219050903793670
1281224844093374464
1281226601259077634
1281230375654576128
1281233679465971712
1281234151455125506
1281245475182690304
1281247493280477185
1281249251599634434
1281253024929705985
1281256857584242692
1281258561050308608
1281264032587091979
1281268124269129729
1281270329554460684
1281273237318615041
1281275674188107777
1281276549262647296
1281279449233649665
1281279836401602562
1281287121391816705
1281289272503554053
1281289515139772416
1281290773183582209
1281297064672935937
1281307634507722752
1281313554667356162
1281320972625367040
1281324748782350336
1281334058467893250
1281343621510213632
1281347400473485321
1281347400473485321
1281347619311300610
1281355764016254976
1281362497044221952
1281370046497984512
1281377599009292289
1281387757252878339
1281392696637054976
1281404019714469888
1281407797796708352
1281422898859855872
1281437993241214976
1281441768161124352
1281445756281520135
1281450025411842051
1281453093738049536
1281483294035582978
1281485808369758208
1281498395220127744
1281512695473340416
1281513493812916225
1281517265624735750
1281520285586542592
1281536141649489920
1281539914849558530
1281543694173134848
1281548497049792512
1281556777767768064
1281558794573668354
1281562566100168704
1281566485471789056
1281573889802407936
1281576207994310657
1281585773079408640
1281586671717318656
1281589213364879361
1281594853797830657
1281604088514269185
1281607862922485761
1281609881359921152
1281613385537396739
1281617174101032961
1281622962257326080
1281626738846339072
1281635613779820545
1281636048632557569
1281641752395472898
1281641837023891457
1281645611415220225
1281646767461871616
1281648015003058176
1281653664398991360
1281656931065659401
1281659791803375616
1281668260866351105
1281680843828686849
1281681350890790913
1281683472411754496
1281685121758662656
1281696448686546946
1281704356673458178
1281705254321557506
1281711545697828870
1281716070127144960
1281722870394023937
1281743758053302272
1281745520961236995
1281747533144842240
1281755086205542400
1281758857597837315
1281760620497580032
1281762632366686208
1281771947307786240
1281785285014167552
1281800381110968322
1281815480571965440
1281821019582455808
1281831838542106625
1281845682018512904
1281849240512352256
1281853230146871296
1281857014617067521
1281860370005741568
1281864215792427008
1281865522661986304
1281872103847886848
1281875989023399936
1281877640450719744
1281880235080908800
1281883428321779712
1281886465601961984
1281887207280779265
1281891190351302660
1281894757027975175
1281895803276210177
1281897977628549120
1281900392436178945
1281903058025209857
1281905373255995395
1281907839317848065
1281910822726504448
1281913629265149952
1281917403711057922
1281918660425076737
1281919918867312642
1281923693707317248
1281926965398659073
1281932501796163584
1281934561103020032
1281936277672284161
1281940051627175936
1281944050086617090
1281944372708343811
1281945875049218048
1281953389564137473
1281956912825696256
1281960765314994178
1281966479127109633
1281966591782125568
1281969495553142785
1281970250494251009
1281981579129163776
1281997965855531008
1281998436280066050
1282011777769721857
1282016807440789505
1282023098791886851
1282024357083086848
1282027013814059018
1282029390214434821
1282032410092351492
1282034423228063745
1282038198168719360
1282041974875402241
1282044498810417154
1282057074340327424
1282062105651314691
1282068397287776258
1282070690712231936
1282072176057819141
1282075947030794240
1282087271974526976
1282091046613078016
1282102445372583936
1282106145994182656
1282107910038917122
1282117472666214400
1282123009914998784
1282147669486366723
1282162772235685888
1282166544005566464
1282170318682034176
1282174093517717504
1282177868550856708
1282181643269283840
1282201549096222720
1282210176406368257
1282212345637269504
1282215617702109185
1282233736604483591
1282237859399901184
1282238266658488320
1282242041318117376
1282244815183282176
1282249591069519878
1282267207049842690
1282270229989597184
1282272240575238146
1282275281353543680
1282277022107144192
1282281300104105989
1282294894594338816
1282310744155942912
1282313766282166272
1282321307238096897
1282336414680510464
1282343965702799362
1282359065637789696
1282364095975456769
1282366652940718080
1282374162309419008
1282377936889352192
1282404408899309573
1282408141003554816
1282419461698359297
1282421977051881472
1282427067548741632
1282434562359013378
1282439592994467840
1282442110197796867
1282449661152784384
1282468533805305857
1282479860560977922
1282483633270386688
1282487408261566467
1282494959585820672
1282498732806873089
1282510059122184192
1282525256436142081
1282528931829239810
1282528931829239810
1282532706706812928
1282540257162874881
1282544031323566091
1282570456759967750
1282574230396309506
1282593109134671872
1282599567628931072
1282603023336865792
1282614495643348994
1282614865635549185
1282624562002264072
1282630855421116416
1282634628214321153
1282638404191059968
1282642177991073793
1282644559856570368
1282645955137994753
1282647714598023168
1282650986226634753
1282650986213814275
1282657277711757314
1282664827316568064
1282668603205193729
1282672383896309761
1282676194094321664
1282679323812679680
1282679930501959682
1282681755217080320
1282684324047925250
1282691402778980353
1282692510536675331
1282698900856594432
1282702576186793984
1282723592652947459
1282724603840933893
1282734788340707329
1282736652599922690
1282742040271491073
1282751698214236160
1282755482994782208
1282759488009797634
1282765203151757320
1282769898041683969
1282770548767051778
1282793254057017347
1282796949935026176
1282812049123418112
1282815822092660737
1282823372095623168
1282827214694895617
1282846897099636742
1282861120789737472
1282866657052983296
1282879994906046464
1282887545639108608
1282891319694811136
1282896839365328897
1282902644185604097
1282906419159801857
1282930326646525952
1282952984079618053
1282958775251603458
1282964806421680129
1282970628971098113
1282977136278552576
1282979904578113536
1282981916774285313
1282985735474290688
1282989466404233216
1282993246499569669
1282996958886596608
1282999595375693827
1283002301091688448
1283008340755460097
1283010102606172160
1283022181908115456
1283023597548732428
1283027215136038912
1283028976672202753
1283038590428164099
1283044517994795012
1283047851094716416
1283049864226418688
1283055903583895554
1283057414246367239
1283064964417085442
1283066725391495168
1283068738745573376
1283072513673555968
1283074095182118915
1283074275268866048
1283076288761065473
1283079719269863424
1283088678961795073
1283091388930953217
1283095163158462464
1283098983758528512
1283102712716877825
1283105069894959107
1283106488211382273
1283109511595732993
1283110262447370240
1283122700626595840
1283124850584891398
1283125361862160390
1283130395513495553
1283132911605157888
1283140915058679808
1283142222888734723
1283146552622686211
1283151282526720003
1283153664761303040
1283156695162683392
1283158077361930240
1283174435177070593
1283174441615331334
1283185760007450624
1283193405401702407
1283196325341822976
1283212184885932034
1283219735375732737
1283238608091205634
1283253707535265793
1283257482912116737
1283265033439334402
1283268807239204864
1283273474279186432
1283280132245987334
1283280135815340038
1283297832338952193
1283307729981968384
1283318749681115137
1283319138803421187
1283323213280350209
1283323416779644928
1283327191699394560
1283330966681862145
1283333815885324288
1283336339015041024
1283338115839655936
1283339572512948224
1283342291269120000
1283346066050478082
1283349154438291456
1283349840970297346
1283357390952226816
1283357395205398529
1283361165557432321
1283366953730506753
1283368715325587456
1283372490333421568
1283374503523954694
1283387589831954432
1283392450246127622
1283395139587596289
1283401780794187776
1283402690685526020
1283404702907080709
1283408478560821250
1283416028261879808
1283417559174438912
1283421563723939843
1283425344188551168
1283427352060600320
1283429113382924292
1283432553366671360
1283434902214434817
1283437003774791683
1283442451508674560
1283444217822547968
1283446617509638144
1283448825739444225
1283450001251872770
1283450827051610113
1283451762641448962
1283453776549089282
1283457550923395072
1283458702561902593
1283461644824256515
1283465199115046912
1283470393693605889
1283470640079675393
1283474412134707200
1283476427581554688
1283481709955002370
1283485187691679745
1283487449566650368
1283490924547514373
1283495299718184961
1283495332802891779
1283502849289342977
1283506326132400128
1283508385636331520
1283511657440911365
1283517445328666627
1283521724009467904
