1339344561873752067
1339346818677796864
1339348639051882497
1339352106847916034
1339352111071551491
1339359659463983104
1339367211958452225
1339374760531283968
1339376138834030593
1339382309208924165
1339388854260936704
1339389857752371202
1339397408938201094
1339404960686104577
1339412509481164801
1339418233737240579
1339420058406318081
1339427609990598656
1339435158680821760
1339442708662902785
1339450256812077057
1339457806265700354
1339465359133462528
1339467873853575176
1339470389525815297
1339471649037541377
1339472905822978048
1339475421553958913
1339477940107657222
1339479688314560518
1339480457633783811
1339482973008244736
1339484232679387137
1339485488583983105
1339486747152035841
1339487609639346177
1339488007884300288
1339489265693188097
1339489670393180160
1339490523871113217
1339491782594314240
1339491782594314240
1339493038683467777
1339493703342276611
1339494978523983874
1339495213816012800
1339495558088683521
1339496813611655168
1339497655844679680
1339498073425362944
1339498558324690945
1339500590334943232
1339502120630972416
1339503104971124736
1339504070827134977
1339504362905845761
1339504619685343232
1339504781321244673
1339505622841212930
1339506879903526917
1339507687369924608
1339507895424212992
1339508138106642432
1339508418722336769
1339509396980772869
1339510524996947968
1339510659051118592
1339511250930249728
1339511913605152769
1339513172026265600
1339514430791569408
1339515687027568640
1339516190738292736
1339516626107060227
1339516922157797376
1339516945461338113
1339518207258931204
1339519562107248641
1339520720410451968
1339520953211117575
1339522444701392897
1339523238087553026
1339524496307474432
1339525756381216768
1339526107754864642
1339526624363081733
1339527014164951043
1339527881614110720
1339528272842022912
1339528305574375426
1339529534073434114
1339530789852221444
1339531210272477184
1339532045970751493
1339533304790458371
1339533686950211584
1339534565233352704
1339535819846107136
1339537080939126784
1339538336235597825
1339538480121208832
1339540854537658369
1339540856102109184
1339542113504129025
1339542373198667784
1339543371375910915
1339543827275800582
1339544629411270656
1339545888440631296
1339545930782138369
1339547147851751430
1339548406755287042
1339549664727711747
1339550920670142473
1339552180588728321
1339553435570626564
1339554695535333377
1339555956385001474
1339557213938061312
1339558469842718724
1339558536385327104
1339558904548757505
1339559727395729408
1339560989491138560
1339562244384976897
1339563503359766528
1339564761856536576
1339566021829677057
1339567279537795072
1339568538193977348
1339569794010537987
1339571058219872256
1339572310098006018
1339573569534177280
1339574829209563141
1339576088645779456
1339577345322184707
1339578605735653376
1339579863267639296
1339581119436505095
1339582379187294211
1339583637000351744
1339584232914472968
1339584896470196224
1339586154652344321
1339587412905713672
1339588581539516416
1339591186109984769
1339592443268747269
1339593704152002563
1339596219941699584
1339598736696123403
1339598938635059210
1339600103049289743
1339601254016696333
1339601583609278468
1339602206425632768
1339603443149754370
1339603768485113860
1339605026159742976
1339605275440001026
1339606285902176256
1339608155114909696
1339608802564464641
1339611267603030016
1339612440955334656
1339613833829212160
1339616352152240128
1339617652390686720
1339618869602906116
1339620049791926272
1339621212104867840
1339621385015050241
1339623900855021569
1339623989946281985
1339626419484323840
1339627408954146816
1339628936788099072
1339629582983553029
1339631450568732672
1339633959429353472
1339633969692696576
1339636484652019713
1339636821299523584
1339638340686114818
1339638675320295425
1339639001725218817
1339641517766549504
1339644035322015745
1339644110572056579
1339646550595792898
1339649067589259268
1339651586411343872
1339654099827118083
1339656617894289412
1339657100117602306
1339661653550510081
1339663770482860042
1339664167989555201
1339666201094594563
1339666676988702722
1339669202890878976
1339669725979299841
1339671715232821253
1339674232503058438
1339676748875755521
1339679265948889088
1339681784259342337
1339684301592473602
1339686815943581702
1339689332211331073
1339691848412114944
1339694364826742784
1339696886308073473
1339698789435760642
1339699399153336320
1339699978466435073
1339701914066403335
1339704430648844291
1339705783156678657
1339706947101069312
1339714429815042048
1339714492792528898
1339714499302072325
1339722049682608134
1339729600532889600
1339730423157501952
1339730909893943302
1339736443346972674
1339737149848039424
1339744698836119552
1339752247857733633
1339759795964928002
1339765882986348544
1339767346102226948
1339774891139194881
1339774896998649856
1339782445122670592
1339789995763261446
1339797547859243008
1339805094422999040
1339805094422999040
1339812644866449408
1339820197176373249
1339827667110137859
1339827745401024513
1339830260624461824
1339832776539983877
1339835293264982016
1339837813307678721
1339840328501776384
1339842026813222912
1339842844505325569
1339845360496291841
1339846620125523968
1339847877334609920
1339850396257411072
1339851651193171969
1339852910449012743
1339853564236197889
1339854169923088390
1339855426502995968
1339856683787558912
1339857945601949698
1339859204849496064
1339860461370695680
1339861595258826754
1339861723118002176
1339862977487532033
1339864236261031936
1339865495642763264
1339866751685812224
1339868010761379840
1339869270608650241
1339869891646599168
1339870528937611264
1339871785597231104
1339873045733883904
1339873045415137281
1339874303182065664
1339875559061524482
1339876817973489665
1339878078227615744
1339879337819049984
1339880593358807040
1339881850517512192
1339883109454651396
1339884368769245185
1339885624678080514
1339886885775273984
1339888141470208000
1339889399413301250
1339890659508056065
1339890976412889088
1339891918097006593
1339892228421013506
1339893176279191552
1339893397184786434
1339894432661970944
1339895692781891589
1339896434246774785
1339896949781254144
1339897028617367552
1339897993420521472
1339898210341548034
1339900726181507073
1339903244605267969
1339903874644275200
1339905758872408064
1339907018715516929
1339908277115740161
1339909534668775428
1339910790766342145
1339912050890452995
1339913307373891584
1339914569028956160
1339915827223678977
1339917084537593856
1339918341234896896
1339919274115293190
1339919999864025089
1339920859214077953
1339922119258464258
1339923374714347524
1339924634490327046
1339925890491424771
1339927149302718466
1339928407208046593
1339929667369914368
1339930924578910208
1339931066983993345
1339932183075708929
1339933443229179905
1339934699020558338
1339935958586826758
1339937218295717894
1339938473441148929
1339939731015151621
1339940989948063747
1339942249543708672
1339943508518514688
1339946025172295683
1339948542861971456
1339951058890731523
1339953578128125954
1339956091162157056
1339958608306577414
1339961124196921347
1339963641915973633
1339966157881798656
1339968674602639360
1339971191235338240
1339973707134066688
1339976224903491585
1339978738155589632
1339981258517082114
1339983775590195204
1339986288624189441
1339988657713934336
1339988804413874177
1339991322355240962
1339993837628960772
1339996356971290630
1339996778263945218
1339998873234923526
1340001390178013193
1340003905246277632
1340006421581197313
1340008941049286656
1340011454011871232
1340013970854469632
1340016487663345664
1340019006691045378
1340021522723954696
1340024037016285194
1340026553854554114
1340029070797582336
1340031587182927875
1340034106281897984
1340036621366939654
1340039136925921291
1340047019579158530
1340047024071319556
1340049202735411201
1340051722656509954
1340054238009896961
1340056751849304069
1340059269199261698
1340061916278960135
1340064303009947650
1340066820569575426
1340076919354757121
1340079446901092352
1340079659816464384
1340081089134661633
1340084437015384064
1340091984028033024
1340095555435966465
1340099536329564161
1340103002653401090
1340107084550037504
1340114637874999300
1340122185134960641
1340129732864700421
1340144835232149505
1340152385839263751
1340159932398755840
1340167483022565378
1340175034015465472
1340182584114987009
1340190133224697856
1340197681399025667
1340205233293701122
1340209005617143809
1340212781325422593
1340216558514282503
1340220331152314368
1340224107829407746
1340227864772419585
1340230030476124161
1340231655223676928
1340239204568199169
1340242981731901440
1340246755837919234
1340250530967400448
1340254303911636995
1340255564438376448
1340258081935126529
1340261855554629634
1340265623394287617
1340269210619043847
1340269405943586816
1340273179932184576
1340280729993957378
1340280731931697152
1340284505253421056
1340288280982671360
1340289353160024066
1340290789302218752
1340292055508107265
1340295830931161089
1340295830931161089
1340298339175329793
1340298600295903232
1340299602860371968
1340303381278175234
1340307154348240896
1340310931230908418
1340313443325374465
1340315963292594176
1340318477777813504
1340322251783217152
1340326033271234561
1340329803031965702
1340333577196740608
1340336095687548928
1340336707141586945
1340338613079433216
1340341126998405122
1340343642830086144
1340346160607850498
1340348678897364996
1340352454358151176
1340356226455138304
1340358743863791622
1340361262375514117
1340363776110030851
1340366293808123904
1340368811720122370
1340371325899182087
1340372586430160896
1340375100642783232
1340378875092750336
1340382651690135553
1340386425095729153
1340390194483228673
1340393976524926978
1340397750555439109
1340401527811420161
1340405300172623873
1340409076006739969
1340412849387155463
1340416624126517254
1340420399084040193
1340420418893701120
1340422570173231104
1340422655099494402
1340424177036259328
1340427938823598080
1340427948889927681
1340431724195569665
1340439270159511557
1340439273728860161
1340445056289935366
1340446823790612481
1340454376071176192
1340461986300215301
1340469471782297609
1340477025849651200
1340484574531489792
1340492121921478658
1340495462709792768
1340499673413464065
1340507220874817538
1340514771544715265
1340522418012614656
1340529871458611200
1340537421579100160
1340544972601307139
1340552520347885568
1340560071680471040
1340567620744036353
1340571397060476930
1340572884452995072
1340575171527274496
1340578945033510916
1340582721303834625
1340586495917371392
1340590269620731905
1340594044515303430
1340597820517191682
1340601596800098305
1340605369480081408
1340609143640645632
1340612920762359810
1340616693601738752
1340620468605362179
1340621728209367042
1340624241536937990
1340626063932702720
1340628017186521088
1340631795176525824
1340635568821170176
1340639343128535043
1340643116005638152
1340645635553452032
1340648149577306113
1340650668584001537
1340653182050050048
1340655701077716992
1340658220675837955
1340658218280898562
1340661540324847617
1340661992047177729
1340665765721206784
1340669541534330881
1340673316567314432
1340677091373756416
1340680132546203649
1340680867526701056
1340684641100021763
1340688415545847808
1340689717910769664
1340692192277520384
1340693449750835201
1340695964907155456
1340698484119392257
1340700998092906498
1340701720003883009
1340703515895758848
1340707288760369155
1340711066364481536
1340713580870709248
1340716099923554310
1340718617260908551
1340721208996859907
1340723650119540738
1340726163505897481
1340728679740166147
1340731197882851330
1340733714914025473
1340736231039242242
1340737490030899210
1340741265084825602
1340741578202238982
1340745038809227264
1340748815251468289
1340752589399441411
1340756362922516484
1340760140639838211
1340762235405266944
1340763915668627459
1340767687325192193
1340771464312745984
1340775238959833090
1340781657331261444
1340782787666845700
1340786167743188993
1340786563358322695
1340790337564979200
1340794112224743424
1340795361003253761
1340801663255384064
1340804554347130883
1340809211186470912
1340816763253121024
1340821819583062019
1340824311762997248
1340831860587450376
1340833391554539522
1340839412637315073
1340846959201054720
1340854511498358785
1340862060159266818
1340869610548113419
1340877158433091591
1340884711535685633
1340892260536373249
1340899810472308736
1340914907320111105
1340915278201413634
1340917424313556997
1340919941655093248
1340922460133339136
1340924973477732353
1340925772949827584
1340927491758845953
1340930010002157570
1340932525846372353
1340934178037219331
1340935041078226944
1340936260911849473
1340936366415331328
1340937084400513027
1340937555827691520
1340940074456920066
1340940803192070145
1340941332106403841
1340942594776428544
1340942592129851392
1340943259766575104
1340945108825468929
1340947622589321217
1340948880842735617
1340950141721849856
1340951993037312000
1340952657285005312
1340953915349721089
1340955172948860929
1340956431038738432
1340957692551188482
1340957692551188482
1340958947784732672
1340960205895573504
1340961465872822273
1340962724101156865
1340963983696809987
1340965240046034945
1340965461735985154
1340966499767476224
1340967755231731714
1340969016190447618
1340969758951436288
1340970274599137280
1340972789763858433
1340974175557709827
1340974867345190914
1340975306044301312
1340976567011389441
1340977823511678978
1340978475277180932
1340979080519364609
1340979134323957760
1340980337854300160
1340982858261905410
1340984117052248064
1340984796005150720
1340985371295924224
1340987890105499651
1340989148388323329
1340990405165412353
1340991665247547398
1340992687453966336
1340992923501010944
1340994181876109315
1340995437969469442
1340996700782129152
1340997956590252033
1340999212654350337
1341000471021056002
1341001732126601219
1341002990354903047
1341004248474128386
1341004450794795010
1341005503611199490
1341006764142157829
1341008022802460672
1341009279025868802
1341010540689321985
1341011798347100160
1341013054952235008
1341014313117634561
1341015573573070851
1341016828328468480
1341017510389407744
1341018087496298497
1341019347712663554
1341020604523302918
1341021863007424513
1341023122963750912
1341023128332414976
1341024378616750081
1341024397407252483
1341025118613630978
1341025636660490244
1341026896503578625
1341028153804918786
1341029414637871105
1341030673113636864
1341031931190886400
1341033186164428800
1341034090850627585
1341034445848113152
1341035703019433987
1341036963445567489
1341038219471843336
1341038595503775744
1341039479835013130
1341040736301690880
1341043252573696000
1341045772859695106
1341048285990182913
1341049544721752068
1341050804871061507
1341053320903929857
1341054577580396550
1341055840875409411
1341058353146040326
1341060870147891201
1341063387439116290
1341065903589519361
1341066411301593088
1341068420327075846
1341070936196476934
1341073453294776323
1341078383803940869
1341078488166653954
1341081004912627713
1341083520362528774
1341086036932308992
1341088552873058306
1341091068612370435
1341093587480666114
1341096105631772673
1341098443859701768
1341099877510635520
1341101136133152770
1341103653902553088
1341106171168604162
1341108813571756036
1341111203863654401
1341113720743878660
1341114975809646592
1341116234323124226
1341118752054718466
1341118767716306944
1341121270126174209
1341123785882284040
1341126303626498051
1341128816828297217
1341131332953526274
1341132776284835842
1341133852207685643
1341136366466437120
1341138674885554177
1341138884521025537
1341141401061519360
1341143916595335169
1341146436403159040
1341148949344874501
1341151465545617409
1341153982090194946
1341155468941684737
1341156500069347329
1341164046377230338
1341164049711689728
1341171599601520640
1341179148673441794
1341184360356167681
1341186697976016898
1341194249262555136
1341201797155831813
1341209348492697600
1341216899640791045
1341224449325080577
1341231996702486530
1341239549792579585
1341247096339521536
1341254648687161344
1341262198421766144
1341269748567470081
1341277297169608704
1341279814427299841
1341280182435495936
1341282330032410625
1341284848640679936
1341287360772894721
1341289879494389762
1341291135671676928
1341292393887379462
1341293653881466881
1341294912554283008
1341296169914404866
1341296586538831873
1341297430063669248
1341297498258862080
1341298262607880192
1341298687436345345
1341298876180029441
1341299945928871936
1341301203079192576
1341302463752712192
1341303719095394304
1341304978049282050
1341306237447778305
1341307497567690754
1341308754567032834
1341310011537022980
1341311270360899585
1341312529579077639
1341313788511981568
1341315043368071169
1341316301868904448
1341317561300992000
1341318332411219969
1341318357350576129
1341318679393415170
1341319172844883968
1341319599707607042
1341320022849929216
1341321336061374464
1341322596529397761
1341323853516173312
1341324466958307329
1341325112499449856
1341326368408276992
1341327628792434688
1341327849849053185
1341327985102614529
1341328216095637504
1341328885766623232
1341328885766623232
1341330142971486209
1341330426317697024
1341330900471193602
1341331323504476160
1341331537934098432
1341332500669468676
1341332663634956289
1341333921276047360
1341335177692405760
1341335313210290177
1341335992628891648
1341336434616184832
1341336754264166401
1341337322843987975
1341337771152183297
1341338837138726916
1341338951630680064
1341340157312643074
1341340210030915584
1341340655063318529
1341341170778189824
1341341659016118273
1341342728341377026
1341344412949999617
1341345243418005507
1341345307288883200
1341346501667254272
1341347862702125058
1341348717480296450
1341349018430042112
1341349521960431617
1341351536308477955
1341352787066687493
1341352794406735872
1341354052056190977
1341355242991071232
1341355271713648641
1341355377879887872
1341355634848108545
1341355704913960962
1341356388589723649
1341356569150275585
1341356886113828867
1341357308593508353
1341359086873546754
1341359394764808195
1341359692484898817
1341360455894392833
1341360540090855426
1341361603695026179
1341362859142504448
1341364117924433920
1341365377956253696
1341366634854887425
1341367894995820544
1341367894463164417
1341369153538695168
1341370409904705538
1341371669257043971
1341372925186813956
1341373843789778944
1341374185986285568
1341375444269080580
1341376700114989067
1341377959731617793
1341379217615970306
1341380477521936384
1341381735641190408
1341382991491330048
1341384250977869828
1341385509340372994
1341386766637535233
1341388029911576577
1341389284817981440
1341390542631002117
1341391799374532620
1341393061465763843
1341395576911519751
1341398092919283714
1341400609111609351
1341403127472410625
1341405642007965697
1341408159118843907
1341410676095541250
1341411048784605194
1341413190417133571
1341415710262738948
1341418224135659520
1341419484557570050
1341419806105460738
1341420741695311880
1341423258688778244
1341425775732514816
1341428291551567872
1341430808205287425
1341433326247264257
1341435840178864128
1341437361545211905
1341438358514520065
1341440875226951681
1341443390362279937
1341443580355878912
1341445906080653316
1341447169644093441
1341448425204830209
1341449680698421248
1341450941946576898
1341453456276676608
1341454715612217347
1341454941286772737
1341455975295967232
1341458488929742849
1341461005356986375
1341461200870256640
1341463525345079300
1341466040652476418
1341468557385805824
1341469815953829892
1341471073674661897
1341472710984151045
1341473590303199245
1341476107594440707
1341478624105549835
1341481140578889730
1341483656934793216
1341486174511247363
1341488687637524480
1341488690615492614
1341491206535131143
1341493722232610818
1341496239146328064
1341498758203367424
1341501274131484673
1341503788843196417
1341506306868436999
1341506360639447041
1341508820745531394
1341511339672526855
1341513854405251072
1341516370702417927
1341516903215476737
1341518890401148928
1341523130565734403
1341526433202642944
1341526437354942468
1341533986103947264
1341539932368744448
1341541538363568130
1341549086428815363
1341556635446087686
1341564186552315906
1341571737260093441
1341579287527387141
1341586837211652096
1341594387290198016
1341601936953516032
1341602137143447553
1341609483441725444
1341617033671274496
1341624585779884032
1341632135615098880
1341639684460597248
1341642201181417472
1341644718183227392
1341645704888987649
1341647232551055362
1341649752400801798
1341651010687823872
1341652267171274753
1341654784613478400
1341657299371388928
1341659818193502208
1341660320549449728
1341662335929360387
1341663590084960256
1341664849571549185
1341666109221552129
1341667367278039040
1341668626965868544
1341669885462626304
1341671140595560449
1341672401118097409
1341673658599821313
1341674916966506496
1341674915997638657
1341676175949787137
1341677434702323712
1341678690019753985
1341679948344545280
1341681206904152068
1341682464192950273
1341683725961203712
1341684982545321984
1341686243164368899
1341687501262614529
1341688757695746048
1341690017471754243
1341691273883873281
1341692534909755394
1341692534909755394
1341693789405114368
1341695047830532096
1341696306218201088
1341697566728200199
1341700082136170496
1341701340922343424
1341702598819254273
1341703858658172928
1341705113740652545
1341706374179336192
1341707634156728320
1341708376452059136
1341708892175253507
1341710147308187648
1341711408816394240
1341712667090821120
1341713925382037504
1341715177293541378
1341715183333498881
1341716441607843842
1341716568653357057
1341717699139919872
1341718955111624706
1341720214258528258
1341721471987683329
1341722729859395584
1341723989857722368
1341725249088438273
1341726506620432384
1341727763452088321
1341729024956133379
1341730281955442688
1341731538266959872
1341732797954871298
1341734056501886979
1341734058074779649
1341735314742775810
1341736574317252608
1341737832604442624
1341739089062707200
1341740348591190018
1341741606416900096
1341742863114260480
1341744124177887234
1341745380095094785
1341746639720099841
1341747897478602752
1341748297317412864
1341750415034101761
1341751673736335360
1341752931289337857
1341754188909441026
1341755445334208514
1341756706943094785
1341757964051472384
1341760480000561157
1341762995161067524
1341765513173721092
1341766771754348544
1341768029810683904
1341769288043147264
1341770545273204736
1341771389150347265
1341773064439250944
1341775579834671104
1341776134598512647
1341778097461485570
1341780615214100485
1341781032195022849
1341781872267980800
1341783133499342848
1341784389324255235
1341785647066083329
1341788160964120576
1341790368371716096
1341790681967321089
1341792125265047552
1341793195190042625
1341795712615526404
1341796863352160257
1341798227587305473
1341799486448947202
1341800744593338368
1341802002553196550
1341803261473546243
1341804523153711107
1341805780652208128
1341807038523957250
1341808296378970112
1341809554024230913
1341810810415419399
1341812068832440336
1341813329178861568
1341815844683341825
1341817105193316354
1341818362809241601
1341820879068655617
1341823397500776451
1341825912841637891
1341827168758886401
1341828428312563712
1341830946979532801
1341833461485756417
1341835226964738049
1341835975916449793
1341836707017203712
1341838494113644547
1341841011761397760
1341843527622377472
1341846045505019904
1341848559096872961
1341849596612517890
1341849819376185351
1341851078590160902
1341853593931005955
1341856112560271361
1341858625535537152
1341861142294093824
1341863661346955266
1341866178130620422
1341868693047918593
1341871212100800513
1341872612029456384
1341873727974289413
1341876243050991618
1341878759012651010
