1339348384596054016
1339352109528039425
1339357258761777154
1339362343478824960
1339367567354433536
1339369727286755328
1339374868920496133
1339381693900337160
1339386846640529408
1339391897933127681
1339396151766880256
1339401223703846917
1339406420865904640
1339411616962666503
1339416757400952835
1339421977560420352
1339456504689270786
1339461572322881537
1339467228987715584
1339467698288386049
1339470378117304320
1339473542824472578
1339476728159346688
1339479820221243394
1339482229811113984
1339484197627572228
1339485335215108096
1339488602196217856
1339491672007315456
1339494745656217602
1339497994845118467
1339498436136226816
1339499630858543104
1339502326634205187
1339502859231047680
1339505921899290624
1339506953530257408
1339508301583802373
1339509197608787970
1339511586071994370
1339514649570664448
1339517905503924224
1339517952362725378
1339519499767312384
1339522656970936321
1339524099324964866
1339525970672447493
1339527215009177600
1339529303751585792
1339530431084019713
1339531100952129537
1339534265781018624
1339537425941458947
1339540625532792834
1339543655972016128
1339547355784355840
1339550126801629187
1339552762720378882
1339553282990223361
1339555950492065797
1339559031480971265
1339562137623138306
1339565299973156864
1339568518157774848
1339569538426400770
1339571717447049216
1339577989361586176
1339581224092717059
1339582168234770434
1339584589040238593
1339587664865943552
1339590159046565890
1339590914256211972
1339594035644649472
1339596416579072004
1339599600949231617
1339602775890485249
1339605878442344451
1339609107800731650
1339612374492430340
1339614967201476611
1339615463328903168
1339618566807674884
1339621675969736705
1339624836944056321
1339627392319500292
1339629582354440192
1339632745094344704
1339635847013015552
1339639008775852034
1339642685532073984
1339643797639213058
1339645497070501890
1339646834235551745
1339646866208796682
1339649954814554117
1339653003989671943
1339654100498210816
1339657206019596289
1339657889326264320
1339661162187804674
1339664130932953089
1339665330604523521
1339668558796779522
1339671431316172801
1339674700746813443
1339677907107667968
1339681110477959171
1339684233728679936
1339685395718696960
1339688533880127488
1339691849708138498
1339695875552112641
1339701004858699777
1339705432256999430
1339710495364964352
1339715589733048323
1339720828708155398
1339726056048250880
1339731164261720064
1339736295447379968
1339741486615818241
1339746685807955975
1339751767941279745
1339756832118681604
1339762002290479105
1339767045244809217
1339772213466116096
1339777420472299525
1339782608906055680
1339787745930211434
1339818737235595266
1339820190540984321
1339825221524709378
1339827990096560139
1339828374802468864
1339831603426693121
1339833149455544321
1339834653667155968
1339836569113518081
1339837862364233728
1339841068641243136
1339844134304149509
1339844484390072321
1339845492914737153
1339847245647253504
1339848890124824576
1339852087312695303
1339854824452534274
1339857897120034816
1339861439243284480
1339864163888336901
1339867212342063104
1339870396775063553
1339873774741680128
1339876697936683008
1339879922689601537
1339883126739316736
1339886344307400706
1339889504778416133
1339889830524837888
1339891646557794304
1339894185541943296
1339897349385183238
1339897969768853504
1339901095074787332
1339904128831647744
1339906364773179393
1339909454570147840
1339912611496931329
1339915761423425538
1339918930635350020
1339922157913186304
1339922349328642051
1339925369378451456
1339925369378451456
1339926094074527744
1339928535885090820
1339931787250855937
1339935004902760449
1339935600707825665
1339938817428627460
1339942030538104834
1339945204128882690
1339948338423226370
1339950805835788292
1339954436467265537
1339957728739995649
1339960313773473792
1339963536328564739
1339966246415196162
1339966763103084549
1339967510788059136
1339969868788076557
1339972959054819336
1339973567316942848
1339976189386108928
1339977592997355521
1339979944445829125
1339982502337925121
1339985627358638080
1339987665576488969
1339988685190815744
1339989880110256128
1339993124328845314
1339996377741488130
1339999614452285440
1340002683575554053
1340002776181596164
1340005779450056713
1340009050893922309
1340012051335360517
1340012777826562053
1340015990395035652
1340019211591151617
1340022443038138371
1340024240159006722
1340025537595658242
1340028627254194178
1340029819765940224
1340032946661691393
1340036113638023169
1340039337661112322
1340049911279185920
1340053343448797186
1340058092957036545
1340058980329156608
1340064112299130882
1340077102800973825
1340082043879886849
1340101736539836416
1340106861127856129
1340112058101215233
1340117161638047745
1340122285794095104
1340127506410692609
1340132672040017920
1340137818526527489
1340142944788094979
1340207568816377856
1340212664119771136
1340213623436800002
1340213791192199169
1340215224448806912
1340220477630001159
1340225614700105729
1340230794233692161
1340235901511843841
1340241116029923329
1340246321274482690
1340251350416941056
1340255904466399232
1340256523474366466
1340261733508780033
1340264371138809858
1340269616464097282
1340274723956137986
1340279822212325377
1340283615163379720
1340285002249084929
1340290186178158597
1340291329553821697
1340296503827546116
1340301734875439105
1340306968821583872
1340312024157483011
1340317080567095298
1340322026393886722
1340322044077109248
1340322184779210753
1340327300211093507
1340332426535591936
1340337534967156736
1340342732578033665
1340344226803032067
1340347972597460993
1340353047105572864
1340358244666122241
1340363361767272451
1340368464314327040
1340373555775754240
1340378612227317761
1340383711678873600
1340388785624932352
1340394020942581760
1340399096973156353
1340404280285667334
1340409404999479297
1340414570381385733
1340419335844745220
1340424514090483712
1340430466768355336
1340435531495301121
1340440747041021953
1340446823778021386
1340451888471404545
1340457037092810752
1340462128256458752
1340467255335915531
1340472361968144386
1340477453375041536
1340482683449839617
1340484069767974913
1340489308835352576
1340494408890920960
1340499618891771906
1340504805446471681
1340524588338458626
1340565181454290944
1340569834032164865
1340574900860411904
1340575517645389825
1340575699225243650
1340577512267673600
1340580669412544512
1340585767421272064
1340590921977573378
1340595247554936840
1340596168041050113
1340601419498401792
1340606532740898816
1340609932589199361
1340611698831585281
1340616923114049538
1340622054954024960
1340627307514486784
1340632436519133186
1340636687144263680
1340637597484331008
1340642793266548736
1340649619626356736
1340650079393333249
1340652989132976129
1340657114121965569
1340658177554178048
1340662205197520916
1340667995539058696
1340672653045231617
1340677703368929282
1340683893767352328
1340688060028219393
1340693339142836224
1340698564012494856
1340703819953483780
1340707961270906883
1340713116317921282
1340718320052563970
1340723433567641604
1340728571581657089
1340732736844279808
1340734407250948097
1340739595873488897
1340744704485453826
1340748807252758529
1340753966183964673
1340759090440630275
1340764294401671170
1340767704630870016
1340771840986406913
1340781013895659524
1340782787717152773
1340787855916994561
1340793047056068608
1340798240460050438
1340803504345104384
1340808660931493890
1340813854029312007
1340840163870724098
1340846747350929410
1340851935805583362
1340857013975322624
1340861557992022017
1340866708576362496
1340871871953313794
1340876954136956928
1340876954136956928
1340882095162404864
1340887194672754689
1340893343623069696
1340901067748487169
1340907035366477825
1340912121467564032
1340915629906407425
1340917028874547201
1340918833725489152
1340921901779185664
1340928034766000129
1340930002007814144
1340932925894914049
1340933243806363650
1340934735640604674
1340936409033674752
1340939452928110592
1340942525964664833
1340945307018948608
1340946525409689600
1340948367078256641
1340951535610720256
1340954733918494721
1340957980402065408
1340959241759297536
1340961146677936128
1340964358139031553
1340965424511508481
1340967527472635907
1340970718381617154
1340973772615135232
1340974069878026240
1340977491394129921
1340980322440196098
1340980894878806016
1340983367291052032
1340985575113940992
1340986601023942656
1340991263106097158
1340992489637998593
1340994310523785218
1340995056069652481
1340996334082506752
1340997184251113478
1340997809705771010
1340999298708877315
1341002342712430592
1341003869359398913
1341004832455467008
1341008070420381697
1341009537462136832
1341011356376387586
1341014296671776770
1341016823932858368
1341019976250122241
1341020587972542464
1341023817767014400
1341026015641030661
1341026508878585863
1341028393127727105
1341031655096655874
1341034755916263429
1341037830500474881
1341040914861608961
1341044567404142595
1341047475004694532
1341050324291870723
1341053916503552001
1341057026273796096
1341059751770271745
1341062910513197057
1341067663691407364
1341068154638897152
1341069438397853697
1341073033763704838
1341075708735606791
1341078802672332802
1341081919623225344
1341085034783125509
1341088157853474825
1341091298812551170
1341094464476094466
1341095539102892044
1341097277629358090
1341098699594878977
1341103059624222722
1341106282049249282
1341106835328253955
1341107420253233152
1341110514362019841
1341113810682343425
1341116714633846788
1341120194807271429
1341122973449728002
1341125437657853952
1341128661441912833
1341131845501652998
1341135005200871424
1341137022665297920
1341138143446183943
1341141301505519624
1341142055544901632
1341147130661138463
1341152353408462848
1341157847283875841
1341162743144075264
1341173076973785093
1341178308839530503
1341183492726677505
1341189423648698368
1341194557694816256
1341199645415010305
1341204712272646145
1341209839188520961
1341215023813840897
1341220208111968256
1341225415017459718
1341230597415591937
1341235804803313664
1341244918346473472
1341250001138294784
1341261596023205888
1341263450434101248
1341268633033576448
1341272256337436672
1341273924491984899
1341277517798387712
1341280561814495233
1341283614194085888
1341287090357760002
1341288830595452928
1341290306021539840
1341296059813941248
1341296411590225920
1341297167269568514
1341298015429128192
1341298331847450624
1341301201795756035
1341304336996036608
1341306632014344193
1341306757025570817
1341309842414288896
1341309946726637569
1341310180416507904
1341310550857437184
1341311124524961793
1341312777948975105
1341312990298189826
1341314850857885698
1341315272695799808
1341317630007922692
1341318494294519808
1341319047594569728
1341321904850935808
1341322106030723076
1341325143214354434
1341328137666387970
1341329184786960385
1341330319463616515
1341330629162577920
1341331314608357377
1341333881967030272
1341335064819478528
1341336956089851912
1341337090101919744
1341337778039218183
1341338652161560577
1341339159999426561
1341341722429829122
1341342229139480576
1341344735789801472
1341345732410957824
1341348464433786881
1341348475276017664
1341349721571545089
1341351626485985285
1341354240736960516
1341354850236444673
1341355494615756802
1341356589849206786
1341359433633423363
1341359515091017729
1341360669250232321
1341362497245351936
1341363803397746689
1341366354713206786
1341366851104813056
1341367889211867137
1341369407394689024
1341371078933921797
1341371300762292224
1341372684526088192
1341375810545065984
1341378929173688322
1341379547305041924
1341381970178269185
1341385030489223169
1341388108319911936
1341391275912785926
1341391275912785926
1341394426682347524
1341397552181211146
1341400682616811521
1341403933948964869
1341407537116143625
1341410306560561155
1341413562099625991
1341416687153913861
1341419767119441923
1341422806156922883
1341423567305666560
1341426800547786756
1341429846988251136
1341432880711540738
1341435244067614722
1341437896264478725
1341439656399925255
1341440660503736320
1341443942064250881
1341447153491849219
1341450371701628929
1341453604138442754
1341456681260167168
1341459043836174336
1341459717118410754
1341462795137773569
1341465891528183810
1341468997095743490
1341472122170978309
1341475399059050497
1341478451413463041
1341481572957085696
1341482827326566400
1341484662896652296
1341487724184875012
1341490769757163520
1341490862589681664
1341493800980652033
1341496239909728257
1341499391585234954
1341499794892746754
1341502829316456449
1341505596865081344
1341510825262067712
1341516078384594945
1341521344958246916
1341526687310331906
1341531970430513157
1341537142758141952
1341542324493570048
1341547498368884741
1341552608138432513
1341556890535415809
1341561961998409730
1341567048325971970
1341572200416104448
1341577416519651330
1341582522849832964
1341584066857066497
1341589255005597697
1341590612253024257
1341595846798925829
1341600972452356098
1341606968037945346
1341612318300528640
1341617033654513664
1341632504621576192
1341637552311296001
1341646503060901888
1341649735581655040
1341655724066279424
1341656482429939712
1341657002179739649
1341660128832045056
1341663376150319105
1341666458330345474
1341669571745492999
1341670636071038977
1341672265612734464
1341673818834792448
1341676859512242177
1341677665405825026
1341677985443815424
1341681202026188800
1341684470622146561
1341687567960469506
1341690725503815683
1341692695610331137
1341693794589224960
1341696935636430848
1341700077073653760
1341703262609797121
1341706383960535041
1341709520578473989
1341712629501472768
1341712854257430531
1341715776970080257
1341718935629139969
1341722071458603008
1341722906095661063
1341726186116952065
1341727299117469696
1341730497802743808
1341730542870556677
1341733582038061056
1341736622296018944
1341739866565042180
1341743103112306689
1341746032787505152
1341749105605959681
1341752198204694528
1341755330221502464
1341758440016916482
1341761889123119106
1341764601411715072
1341768695480246275
1341771832739975168
1341774960700911616
1341778050648829956
1341781179972939776
1341784414410436611
1341786136256110594
1341787451573059590
1341790864394362880
1341793702721835010
1341794449203060741
1341796097530978304
1341798028932505605
1341801181111324672
1341801338154434560
1341807484353318913
1341810618551164932
1341812391772876808
1341813743622250498
1341816857477738503
1341820037884223488
1341823160056987650
1341826410839760896
1341829489614069760
1341832685195563013
1341835910443372547
1341840251589947394
1341843319807197185
1341846396526321664
1341847615458209796
1341849485874499585
1341852606617038854
1341854848107601920
1341857907898544128
1341861001042530304
1341864132157579264
1341868590224584706
1341873853790826503
1341878990219427841
