1339483572856614912
1339508476922486791
1339530353854328832
1339563148534308866
1339588608055865345
1339618367892840448
1339837000464142337
1339872033602236416
1339899766071844865
1339910350800609281
1339929659048341504
1339929696860049412
1339986978507517954
1340169064086458369
1340227521745399809
1340263525902639104
1340283142813433857
1340611808898527232
1340953080267988993
1340980997135998976
1341012991077208064
1341032945621102593
1341068321437986817
1341081100806991872
1341302428302454790
1341328816824836096
1341337318507089920
1341345803105955840
1341386289233489922
1341424480116232194
1341683078255751169
1341711819711365120
1341726608156209153
1341789971729018889
1341798456495620097
