1339436386382974976
1339444839079948288
1339451309980864512
1339466664837038080
1339467990413303808
1339468173758873600
1339470133132218368
1339474155935313920
1339483716985470976
1339484869055967232
1339485807414046722
1339506028354940931
1339506638496157696
1339515706497511424
1339537094927134726
1339544236308353026
1339552262759301120
1339553236009795584
1339555598891966464
1339557231608688642
1339559969318989824
1339563503611424774
1339567976362758145
1339589000500166658
1339590903317426181
1339592764183310337
1339596194037690370
1339616933025607681
1339620506929131527
1339646544367157249
1339649153211785217
1339649629579784195
1339668255900889092
1339799229091483648
1339816287460093955
1339828398584160256
1339843891877568512
1339869049778548737
1339871970364698624
1339875077266006016
1339875978273824768
1339878209928753152
1339881295258804224
1339899574782201862
1339914394155802627
1339920111851999232
1339922131250016257
1339928579354873858
1339946114255118337
1339952382889877505
1339954110112665603
1339955214774923266
1339958776041009154
1339980959534501888
1339995270105460737
1340008932274790401
1340055135351959555
1340173805306736642
1340189097969725441
1340190911565766656
1340215522353397760
1340218776017580032
1340227127011135489
1340243804591370248
1340243942827319297
1340265741489192960
1340280840203472896
1340286986385547265
1340295331104362496
1340327895131185164
1340358658409050116
1340371324485722114
1340535404794175488
1340544302569697280
1340569658198470656
1340577078085902338
1340589622041202690
1340595662795239425
1340611641977794560
1340646138874105856
1340655027363438592
1340667543812530176
1340684423696703488
1340704312427745280
1340721940139536391
1340733709025042433
1340735918391631873
1340751661367758853
1340774865645809664
1340884592937611266
1340888426783137792
1340908869296541697
1340919194628599808
1340959671906136065
1340962175188430849
1341017053436801025
1341022683769810945
1341024042959171586
1341035353248047105
1341044892152320004
1341045753519742978
1341046141698400258
1341096102343405569
1341132117149949955
1341247430180958209
1341247441392287745
1341264434354937857
1341291519555346436
1341292536661504001
1341303365200998405
1341334220199907328
1341340137125457921
1341368368104927233
1341373916300894210
1341398812024336384
1341412917288312835
1341430243425398786
1341433229035880449
1341434262759874560
1341443019204141057
1341452603557900294
1341468022393999360
1341468545083957248
1341499543322505221
1341607821771743234
1341625636104908800
1341641914983075842
1341661191173758976
1341669130898968578
1341694744167141377
1341696520018640896
1341708253877690369
1341719650044928000
1341746595939971072
1341778648509124608
1341805112969314304
1341805410739757059
1341809159872925697
1341821239116107780
1341830270274682886
1341830295834800130
1341840471681851400
