1336922263220850689
1336936048753061891
1336936050631962624
1337016822189658114
1337032214689804291
1337152555042926602
1337345237170184197
1337371056361926659
1337375172349882368
1337378929141800961
1337672835842584576
1337700193802850307
1337733160201666561
1337810204436664322
1337843416684769288
1337855632473526273
1338041138415099904
1338230209460494339
1338405337515307008
1338416570062790658
1338419260838846464
1338431675727011840
1338444164686618624
1338446749258625028
1338467320323321856
1338485644906164224
1338499857661747202
1338523272292524033
1338527281455706116
1338561412793241600
1338789246635810816
1338812589866967040
1338828056572649472
1338858561372188679
1339118164135849984
1339151982473437184
1339154900593369090
1339158083457740801
1339161149636489216
1339164723221291009
1339247140384727040
1339251189247041543
1339254964548354050
1339274961698123776
1339295659493560328
