1339375719756001280
1339450427406999552
1339473871435689984
1339526199794675712
1339560255580205059
1339586746393063425
1339617671420268547
1339625160505176069
1339625282681102336
1339632493553717253
1339643967416221697
1339646504571682816
1339664546315821059
1339668220027006983
1339676800276779009
1339706942172717058
1339710946143571970
1339752442167259138
1339828290442375171
1339860572016435200
1339886025661960193
1339920460969111553
1339948591956303874
1339976693671469057
1339986474213715970
1340005141987151872
1340014589707247617
1340018824259784709
1340030621620551681
1340040098319110145
1340040131584114691
1340040229634371584
1340042905948463108
1340054230770589696
1340326022005272583
1340356226866098177
1340386421375455235
1340416618300522496
1340441624028045312
1340658602009309187
1340688412232339456
1340718843078062080
1340726807625121794
1340728753404735492
1340737436851302401
1340741670275604480
1340755939402653699
1340763775343988742
1340790587063226375
1340849594733879298
1341035894028062722
1341048443431731202
1341052156540022787
1341057099359531015
1341068215951253504
1341068340358471681
1341081019814981632
1341096732587909121
1341112702865973252
1341126300229054467
1341126815142842371
1341141394153418754
1341179242416140288
1341265913614635009
1341294932926099458
1341320385451716609
1341353680390549505
1341409953962143749
1341424734186188801
1341443490195140608
1341468004849229827
1341489256032841732
1341492634485964800
1341511252997189634
1341519103627046914
1341533541998485512
1341564644520062977
1341623578823962624
1341647222010732544
1341663683756388352
1341683290969939969
1341711636151881730
1341742891551617030
1341760482894614531
1341783107301744643
1341783237862023171
1341790680365092871
1341813321587191814
1341824480679768066
1341835974381285382
1341852726741889028
1341858620363972610
