1303818020435918849
1303821487946838017
1303825009207635969
1303828485451001859
1303832494089949185
1303921151492710402
1303921358926118914
1303921760941858816
1303922164995887104
1303922789485862915
1303923305435533314
1303923656947458049
1303928896644173824
1303934182310150144
1303936481942216705
1303936483959746560
1303939999042342913
1303942008852156416
1303944048852566017
1303946781487702017
1303950247077519361
1303953548783374337
1303957776671150080
1303958260798623749
1303961878977294336
1303965335729643520
1303968883561443329
1303973168487510021
1303976667577229312
1303979956968534017
1303983477990227969
1303986929512460288
1303988363180023809
1303990428627333122
1303993869282021383
1303997531429507072
1304001167106727937
1304004852025118722
1304008430869532678
1304010171983818753
1304011921188847617
1304012256733265921
1304015626369986561
1304015906692124673
1304019467740078081
1304023050497806337
1304025735909314562
1304029085497274368
1304032852997218304
1304037105979609095
1304041160583852034
1304043776768389120
1304046059749093377
1304049633111560193
1304053450620239872
1304055716580339713
1304057146565419009
1304060720200458242
1304063459731083264
1304068776166674433
1304072329467760640
1304076558831845378
1304080167342669826
1304083958334803968
1304088560795029510
1304091145887154176
1304091585374756864
1304095964580413441
1304099872312889345
1304100159597563906
1304104934892240896
1304108702589480961
1304112041737760774
1304113553381691393
1304118083913764872
1304120902767054848
1304124613438451715
1304128320578170880
1304131931609747457
1304132137805910018
1304137456506286080
1304141511945318400
1304145791376936967
1304149339263115264
1304151468119920645
1304155348547371019
1304159640729669634
1304163503436165121
1304167322891026433
1304170963324620803
1304175214599774210
1304179939344871424
1304185696668864513
1304190650016030721
1304283531296698369
1304283531296698369
1304283777674416128
1304284408246042629
1304284578702659584
1304285222637314048
1304285597171945472
1304286044800667648
1304291157107716096
1304298894730428417
1304302961103904771
1304306301984530432
1304315656410669056
1304318113937272832
1304321532328660992
1304323994196291589
1304327536747438080
1304331291408695297
1304334787239346176
1304338690982977536
1304343090170343424
1304348154557542400
1304351566871265281
1304357151838789632
1304361637189648385
1304365476055838723
1304371200177647618
1304376883736387584
1304381885511069697
1304382509141164032
1304386897083600897
1304390591887925249
1304394549087928321
1304397747785736194
1304398780981272578
1304401891309297666
1304403789315702785
1304405580182941697
1304408177807630340
1304410403104067584
1304411547284975616
1304412520560709632
1304416861392719872
1304420829623709696
1304421462347055105
1304424275189936130
1304427306748907521
1304430067070709761
1304433445733629952
1304435263263977472
1304441179963097088
1304445388104044544
1304449186042175492
1304449994267791361
1304452870968872963
1304456804735299584
1304460591164280834
1304464569922924546
1304469172739624960
1304470520289689603
1304472666137657344
1304476972131680256
1304480459745906688
1304484001512665089
1304488069366722560
1304489606419746823
1304493133187686400
1304496500798631936
1304500761506783232
1304505031048261635
1304508616527970304
1304510734504689664
1304512332303917063
1304515321479528453
1304516662369153024
1304518792249257984
1304522863479861253
1304523852119244801
1304524233846988805
1304527937467748353
1304531454223941639
1304534841157877763
1304538374351523841
1304538392206729217
1304541877950087170
1304545381888536577
1304548899517075458
1304552359033548801
1304556122385403905
1304559713976299521
1304562943179345922
1304566642735808519
1304570738196840449
1304575214794268673
1304580596526723073
1304583834810355713
1304593380798849024
1304641387816771584
1304655164800933888
1304672767271489537
1304678482417459200
1304683487245590530
1304689059302969350
1304694253377990656
1304698979142205442
1304703913405407235
1304708702566600704
1304713726117978112
1304716541632667648
1304718500422967296
1304723161628409856
1304728108663218177
1304732892921290752
1304737718849744896
1304742661849481216
1304748414584975360
1304753564074545152
1304755687919149057
1304761363252883462
1304766236665040898
1304771517264297985
1304777275993452546
1304781817871036416
1304785095505727488
1304788343230730243
1304792407058395137
1304793051664191489
1304798321228353537
1304798970586312710
1304801625459036162
1304803848570241024
1304804389585137667
1304804857916862465
1304805852617101322
1304806342213935104
1304807090091892738
1304808077624053760
1304811294734921728
1304814394099093507
1304817155830054921
1304818142590504961
1304819196715511808
1304819718700904450
1304823893157449731
1304828469449285632
1304831729253965824
1304835560893227008
1304837394324226050
1304838117061525505
1304839366460821504
1304840102640840704
1304841580088627202
1304844876916326401
1304848319462739968
1304850267314229253
1304851089112608768
1304852820814950400
1304853565673005059
1304853577249193984
1304856037967695880
1304858924068339712
1304859568812552194
1304861499698147331
1304862207528833026
1304864527729733632
1304866275303325699
1304866816074883073
1304867560807161858
1304868806192496647
1304870036373491713
1304871274154426371
1304874021947936769
1304875007563227136
1304876996560814080
1304877513173282817
1304878251123380225
1304881612753195008
1304883712782405632
1304884582139990018
1304885209347895296
1304886195420360706
1304887698658856962
1304888535401590786
1304889775598571521
1304892745459339265
1304897446800240640
1304902226603843586
1304907179535855616
1304912178445783040
1304917117419089920
1304920349608419328
1304923572087947264
1304926791589601281
1304930253845004289
1304940464102158339
1304958640802205696
1304980818629136384
1305004704972275718
1305008459545534465
1305008466243850240
1305016122811580416
1305016122811580416
1305023575502524418
1305031126440972290
1305034634783268864
1305038650800066561
1305038656881786880
1305038940865466370
1305044726668832769
1305049432627576833
1305052737378439168
1305056174753054720
1305059990189867008
1305063706460651522
1305067168162344961
1305071411648749570
1305076005028196353
1305080111293751296
1305084892884226049
1305088910482182144
1305093424413016065
1305098170322636800
1305102611213844480
1305107582001065984
1305112386890850310
1305113660403134465
1305116940197941248
1305121779715891201
1305125475606499329
1305129284936388609
1305133680856371201
1305135223785558021
1305139089671434241
1305141320063897602
1305141363613282306
1305143358973718530
1305144907502424066
1305146228632678402
1305146965873786882
1305147713017778176
1305148210009321473
1305148956477992960
1305150681041510402
1305151912539500549
1305155149523046406
1305157869843734530
1305159666167681026
1305161846995943425
1305163097917845504
1305167063720263680
1305170327954169857
1305173076070588420
1305174312970850306
1305175810060570628
1305176313528025088
1305178300046770176
1305179646431039489
1305182073574109185
1305184565196140547
1305187275433807878
1305190589420404736
1305192626891743234
1305193027275755521
1305193865247367168
1305195526598598656
1305197149043466246
1305199627466047489
1305203440595931141
1305205629905260547
1305207359158063105
1305208170378391559
1305208353216438274
1305209836121083905
1305210576193413123
1305211077643378691
1305211812984610818
1305212308466040832
1305212306519924736
1305213628208033793
1305214863917150209
1305216109893898241
1305218588173893635
1305219999305531394
1305222409801347072
1305223541848264704
1305223539981791234
1305224895773790209
1305228106312146944
1305230355876675584
1305232334313140224
1305234978301784065
1305235755799842824
1305237400323588098
1305238570555371522
1305240042512830466
1305243825850462208
1305245066584354816
1305246349416251393
1305249809490685954
1305252541295480833
1305256000249831424
1305259492624474113
1305262751850401793
1305266242039750657
1305269450954993669
1305273173747871751
1305276642168844288
1305280333303209990
1305283537453621250
1305283579916812290
1305287368254070785
1305290831532879872
1305370736350113792
1305371195332636674
1305371819143245824
1305372201844080640
1305372867421515776
1305373208481206274
1305394514975170561
1305398574457421824
1305402439080837120
1305407066639605761
1305411044446273538
1305414210323652608
1305418315741958145
1305422508330545154
1305424565213032449
1305426756711653376
1305434910480650240
1305438891445497857
1305442760691011584
1305444091455516672
1305446062971383808
1305450996676603904
1305455650613452800
1305460209138184192
1305463573234282497
1305463612476207106
1305467832092839938
1305472119854321664
1305475605929046017
1305478506567143425
1305478723744010240
1305482984947175428
1305487240651567110
1305490214522101761
1305491236325908482
1305494659242889216
1305499064973361152
1305503019870629890
1305506877971759109
1305506909366243328
1305511210813722624
1305515105463959552
1305520712971673600
1305525303985532928
1305529920475541505
1305531839226970114
1305533343103168512
1305538676743602182
1305541282568310785
1305542556445442048
1305542867386015745
1305545556840853504
1305552843378655237
1305557072034045958
1305561337586757635
1305566425109671938
1305569661334032385
1305573428280385537
1305582242647994371
1305585890291527681
1305589129149911041
1305592292103909376
1305595818922119169
1305595822994849795
1305598392429613060
1305602216280158209
1305602908642213889
1305604487026020356
1305606055913717765
1305609337361043456
1305612578509512704
1305614646787944448
1305615848372043776
1305618256347238401
1305621489862021120
1305625980753633286
1305629697838112769
1305633654396399617
1305733082411008000
1305733413127757824
1305733980902297600
1305734172628090881
1305734589680201728
1305735280150933509
1305735596233560065
1305740928989229056
1305740927126900737
1305748371672576000
1305755041597394945
1305755041597394945
1305755841430204416
1305760396737998849
1305764299340738561
1305768555087048704
1305771855731724289
1305775645985832960
1305778382227955712
1305779854860857344
1305783450453135366
1305787811061288961
1305792353601572866
1305796836142256128
1305800686458810368
1305804054455615494
1305812114444038144
1305816048441200640
1305819939404754946
1305821968197996544
1305826446745706501
1305829724422377473
1305829953083240449
1305833061603475456
1305836609460408321
1305838115240783873
1305840290247389185
1305844564482195456
1305848370414661637
1305852086932963328
1305855274104885249
1305858696229068802
1305862967330770950
1305866387320172546
1305866392508473347
1305868265256824834
1305868268738093060
1305868267223945216
1305868273129578497
1305868271678259201
1305868270311006210
1305868274635345922
1305869672768827392
1305872930279239688
1305876850552561664
1305880076412649473
1305883288947625984
1305886523947130880
1305889733831258113
1305892855790133250
1305896175023816705
1305901568940797953
1305901923468546048
1305904297910165515
1305907686177943553
1305908204124213248
1305912335442358275
1305915569594683392
1305919141153583104
1305919816063221762
1305920549496008707
1305923088429744128
1305927137866772482
1305930388615954433
1305934760632606720
1305938408183943168
1305939222906515459
1305942182432591872
1305946007436431361
1305949459998806017
1305954150807670785
1305959183574011905
1305963211754176512
1305963453232885775
1305967486710558728
1305972515903283201
1305979129049894915
1305981349594099712
1306095469513195521
1306095998062800897
1306096474472812546
1306097024530632705
1306097723662372864
1306097855933952001
1306099368920059906
1306102587431755779
1306106065067573248
1306109366655950848
1306109516182777856
1306112808984162304
1306116123633627137
1306116939509628929
1306119347803480064
1306123513154146304
1306126853757902848
1306131767968116737
1306135733434974209
1306136575630364673
1306140521258266624
1306143814005002240
1306147298683092994
1306151048818692098
1306154649095987200
1306157888013041668
1306161114288402432
1306164565185527810
1306168547203260416
1306173083515060225
1306177516290240512
1306182143677288448
1306185791077593089
1306190243528404994
1306190336788660226
1306193981009690624
1306200388027248641
1306203047421505536
1306206590454894595
1306208285771661315
1306209892760420359
1306212376539168768
1306216399367532545
1306220276393414657
1306220275088982016
1306220280755482624
1306220279350394881
1306220278041714691
1306220284152877057
1306220282110193665
1306220286015143938
1306222163930877952
1306222169861611520
1306225198543319040
1306229917449949185
1306230581177520129
1306233340496932865
1306233450937155593
1306237634679902208
1306242015785553927
1306246688001138694
1306246862937165824
1306251617147248643
1306256419608461315
1306259419844489218
1306259424487649282
1306259422973394945
1306259428497395713
1306259434436464641
1306259431055855617
1306259438249144321
1306259435870879745
1306260592865562627
1306262529056833550
1306263668133330944
1306265776383557632
1306270400888926212
1306274140303904768
1306275836430110721
1306276863120216065
1306280521601880065
1306285232845451264
1306288887250157568
1306304542275969025
1306313551351631873
1306316960599355394
1306316966089625601
1306316964445523968
1306316970757849089
1306316968060911620
1306316974188834816
1306320979501645827
1306323762313416704
1306327273541427205
1306331280473292810
1306333430175719425
1306334786986876929
1306335801161035776
1306337971864588292
1306342245830987779
1306346235314364416
1306350186629922818
