1303921361371508736
1303926350403731457
1303931375289012224
1303936501802242050
1303941510573023232
1303948587357933569
1303950705049382915
1303952674384228352
1303957030714126336
1303960606303752192
1303964096228921345
1303967980137648131
1303971633837805568
1303975380144066560
1303980132013608961
1303985158266261504
1303989442470961152
1303992888922124289
1303996453254311936
1304000138994647040
1304004600413016064
1304008173662208000
1304012224890122240
1304015608514838528
1304018861281488897
1304019212927741952
1304019971845099520
1304022803281313792
1304026707431763968
1304030622353108992
1304034847057481728
1304039911054618624
1304044594712248320
1304045278480281601
1304051757912338433
1304057866312192001
1304064009348542466
1304068336578449410
1304072343548026880
1304076307878285317
1304079913339805697
1304085582419767299
1304089323592192002
1304093377038815232
1304095543648550914
1304096628052316160
1304096638496059394
1304097492896751616
1304097595665657857
1304097868551196673
1304098109459439616
1304101356152774658
1304102640280834050
1304104174934790147
1304108688182050817
1304113302813933568
1304120292898471937
1304125192206266371
1304128817393553410
1304134382924582912
1304137963048235008
1304143497973424128
1304147462819581953
1304283769428377600
1304288656774115328
1304293640752291840
1304298873955987459
1304303696914927616
1304312532308570112
1304316367060041728
1304320515734200320
1304324493377245185
1304328517166018561
1304332539260215297
1304336326796476416
1304340091960201216
1304345418072031232
1304350172370087936
1304355919057367041
1304365718012600320
1304372681358405632
1304372881003098113
1304378487394926593
1304382615336767488
1304386886845247488
1304391103358136320
1304396671560933382
1304400670079029254
1304404240559988737
1304410687410712581
1304416364602458112
1304422534310432769
1304430064767991808
1304434484239044616
1304440119915614210
1304444904597266436
1304449430058303488
1304453997395402753
1304458230177951745
1304458929032830979
1304459115264081920
1304459210349043718
1304463516087324672
1304466026663378944
1304471683928141824
1304476981250199553
1304481975923769345
1304486800203943938
1304492137648713728
1304497243957997568
1304504043256119302
1304646150339940352
1304651174801440768
1304656149887713281
1304661256280965120
1304666295737241600
1304678210844553216
1304684357064577024
1304689799262076928
1304695000500973568
1304701430553600000
1304707952914374656
1304713959589769216
1304719735821611009
1304730598712455168
1304735971850813440
1304742668321394688
1304747669957627906
1304753947253583873
1304759153454469121
1304763933090291717
1304768937243148288
1304774423493455873
1304776788875280386
1304781820676972544
1304783275442016258
1304786862050095112
1304792552332288001
1304802120206606336
1304812104898277377
1304826914251706368
1304826914251706368
1304831483081875457
1304837129525223425
1304842081639239681
1304848325145956353
1304853570261581824
1304858079721332737
1304862801953984513
1304867328467914758
1304871783133257731
1304876247563018241
1304880990364598272
1304885446363828235
1305126482583392256
1305192637650141189
1305196404856549376
1305200988463280129
1305204982241734657
1305209354342346752
1305215352578736129
1305370814292930562
1305375914910511104
1305380901027799040
1305394405348696064
1305398656288395266
1305403240519995392
1305408773855629312
1305412497021767687
1305416511025184775
1305419538977226752
1305423273761689601
1305427022894837760
1305432418975965184
1305433463022125056
1305436213709545472
1305439910170710017
1305443507054817280
1305448503842398210
1305454832703201280
1305462234571771904
1305466078542397440
1305469577879580672
1305469986366947328
1305474122785357824
1305481999788969986
1305487977146089482
1305495777624625154
1305501747532779520
1305508997957595137
1305515601255899136
1305521695747436544
1305525568289542145
1305526685517971458
1305530663005827073
1305536696289824774
1305540576461365249
1305541490668646404
1305541768776159234
1305542761123319811
1305543089994510339
1305546832454529024
1305550054942441472
1305553585908875269
1305557553502449664
1305561578335604741
1305565408423010304
1305573183790120960
1305577386067595265
1305581733610487810
1305585883819773953
1305590443028164609
1305594254476050433
1305598389242015745
1305602214581407747
1305606064063369217
1305609835413635077
1305614060474511361
1305618773332951042
1305624210572824576
1305733134789599232
1305738173994201088
1305743408825335810
1305748349048492033
1305753351871660032
1305757065152008192
1305760797793058816
1305765967776149504
1305769792037625856
1305769799092449280
1305773408060354560
1305776524205977600
1305781093602263042
1305781713298231296
1305783452625764352
1305784950646546433
1305786232312664064
1305787287125602307
1305788075193372674
1305790833241788416
1305794221371256832
1305797655369584640
1305801472123207680
1305805122337943554
1305810200687976464
1305813001421946880
1305817564271054848
1305818712986054661
1305823860894429184
1305828178942930944
1305829737454018561
1305831336406650880
1305832490951749634
1305834533531549700
1305839881428643843
1305847004602527745
1305854213528915968
1305858880673636352
1305862656629317640
1305869972141469696
1305873709094273024
1305904040061042688
1305908289960640518
1305912172669698048
1305913988765618176
1305914204583596034
1305914436813815817
1305914740124848129
1305920628877414402
1305928147477696512
1305934263989211138
1305940931930185728
1305944944599801863
1305948703438635008
1305952417041838080
1305956233963352064
1305959926448218115
1305963465438367746
1305967494356701184
1305971298057756678
1305975911909654534
1306095598471446534
1306100599474225152
1306105579665010688
1306110643431518208
1306115863247032321
1306121948968161285
1306124540221812737
1306126888897712128
1306134492310941696
1306138204706410496
1306142330840395778
1306148814588383233
1306156001121501184
1306160871350120448
1306167419698917376
1306171167749873664
1306176318350991362
1306179864014315521
1306181537780715520
1306183207726002181
1306186336920100864
1306193203146752001
1306197336729759744
1306200969508782082
1306204068466094082
1306207419983441921
1306211133414572034
1306216659347279878
1306221225761484803
1306228671364173824
1306234092544024577
1306253226807898114
1306253467950944260
1306265531071320069
1306266596072189952
1306266929703854080
1306267065356029952
1306267754614456325
1306270136953962501
1306274139616038912
1306280248305213440
1306288257613824006
1306292690510897153
1306296748164476931
1306304773646438403
1306308504412721154
1306314292283740160
1306318745212772355
1306322713288626179
1306327024575934466
1306334019014066177
