1308998427175419907
1309090050903334912
1309122065857904641
1309145687406280706
1309175858201071617
1309192523471093761
1309207074140827650
1309207452160790529
1309369965808553984
1309377340275859456
1309411936136765440
1309448602566176768
1309476020924358657
1309476638091026432
1309507171898601472
1309544424502894597
1309547362659045378
1309574306687594497
1309576535809101826
1309735415931383808
1309746875604570112
1309752895114555397
1309802484857278469
1309825486055518208
1309963494209531906
1310101287590006784
1310101349833609216
1310105460981325826
1310107476579299328
1310116085862223872
1310124830851846144
1310173525114793984
1310214451094786048
1310238856042762241
1310265189388951553
1310294440972615680
1310337550377250820
1310451039485784064
1310455360671690753
1310506125620662272
1310530659304321024
1310556942889357314
1310557178743357440
1310584046112722946
1310588870350778371
1310616575767183360
1310811733641043971
1310817023975399424
1310827915140042752
1310849599570145281
1310866714398162944
1310868455030128641
1310893600889360389
1310912659244625921
1310925323203207169
1310936127587708931
1310942407316221952
1310953491163230211
1311016489227616257
1311020466509942785
1311163357345570817
1311182695750344704
1311198061046181888
1311223536598515714
1311241215652790272
1311281745271099393
1311309932474630145
1311309945133051911
1311309967207600129
1311326391208734720
1311346949761781761
1311395253614718978
