1309032772162465792
1309095304797577218
1309095329854349313
1309106006773899266
1309124688736591873
1309198463243087872
1309366961948766208
1309501518698160134
1309508502306594817
1309843103503855617
1309910188699389954
1309932016754978817
1310473427124355073
1310492741311356928
1310501997624385537
1310504206470647810
1310504300284698624
1310506781647548421
1310597508465332229
1310848156716994560
1310930781020327936
1310973301511118849
1311039823419977728
1311203318165917696
1311220416762064901
1311268036234670082
1311300695300206593
