1352030446662660096
1352037448512131074
1352041096369631233
1352045720057085965
1352047801916682243
1352056826322448384
1352059452724293633
1352060215714336770
1352065619684896771
1352071036733419522
1352072974820651010
1352073533279657984
1352077367162916867
1352084854930862080
1352087961848991744
1352095456550133761
1352103700903440384
1352116748292657152
1352118890084626432
1352131535722446848
1352133963855360002
1352144420683059201
1352146809171402752
1352149154160668672
1352151022182010883
1352151810287562753
1352154030060040195
1352156851312455682
1352157760943751169
1352159983350255616
1352160451426197505
1352161521732890624
1352161543744585728
1352161657296990209
1352164276828598272
1352168051689533442
1352169183052771330
1352169214820409344
1352169232134508544
1352169251180785664
1352169641699893250
1352171826592571392
1352172575657512962
1352174594573131776
1352175374793322497
1352175537414938624
1352175601319342082
1352175786321719297
1352177132152217600
1352179142347915264
1352179376557871105
1352181699065638914
1352181780355440641
1352181862446338048
1352183151095762945
1352186926271442945
1352187750385123328
1352188233938034689
1352188716396195840
1352190043905994753
1352190539630858242
1352190923447410688
1352192704122396675
1352192728461934595
1352193638667874304
1352193900627320834
1352194963958857731
1352198250804236288
1352199317361188870
1352200974354542594
1352202025661050883
1352204319651745792
1352205800274587655
1352206328509460481
1352207200362573831
1352209575781478401
1352210366542061568
1352212091902431232
1352213226583425024
1352213350323609603
1352215294350131205
1352216206531551238
1352216316132917249
1352216775535042562
1352217053340557320
1352217125096710147
1352217539955347456
1352218865799983105
1352218886662475777
1352220899810930689
1352220991536189442
1352223491760807942
1352224675099680773
1352224986199678980
1352227320258588677
1352227349899702273
1352228354745839622
1352228449784483842
1352229071946735618
1352230819377647616
1352232224800661506
1352232569161588738
1352235999640731649
1352236018339090433
1352239774623551488
1352240275964440579
1352240781235527681
1352241438722031626
1352243549283123200
1352244015895347205
1352245953659600899
1352246041748373514
1352247324391587845
1352249120229117955
1352251098975907846
1352254874201649158
1352257249822056448
1352258648781844480
1352262423802044417
1352266198369484808
1352269031290658818
1352269182184914945
1352269973956272128
1352273748288790528
1352277523078537218
1352281549459230721
1352285191285448704
1352288352951816192
1352288644825014272
1352292530046590976
1352295936681271298
1352296779526639618
1352303636869763074
1352306841485774854
1352310295184732160
1352310673594834952
1352313139057078279
1352313824985145353
1352313824985145353
1352314106070642691
1352314845203492865
1352316109316358144
1352316444277690370
1352317362289176576
1352318464103510027
1352322413971828736
1352323399624884225
1352323425809928193
1352324897566056448
1352326654706769923
1352328424568795136
1352330333329514507
1352333524347588614
1352336537640431617
1352338307246682113
1352340798961025029
1352343293326225409
1352345447986323458
1352349458252656640
1352349482445320194
1352351034996359168
1352353627084619776
1352356774863634441
1352358720735424515
1352360615860432896
1352363755829669894
1352366954024103936
1352370084975665155
1352373445745647620
1352376666832723969
1352379856160514062
1352383110151888897
1352384491755626496
1352386236779012098
1352390978900946944
1352403756000948225
1352406518369574917
1352409491598409728
1352414480580435973
1352419529041829888
1352419549094817792
1352419567050629120
1352419600743464961
1352419644737466368
1352419678711410690
1352422164453076994
1352423905009561600
1352425394033594369
1352432520806223872
1352436019438739460
1352441838427320328
1352447494769307648
1352449967273684996
1352452745878528001
1352466278305456130
1352466416423809026
1352466489308307460
1352466542462726144
1352466575656411137
1352466605603741697
1352468871496790017
1352470232602976257
1352470265922543617
1352473405417783296
1352479584407736320
1352481927354339331
1352493991250563072
1352494495959494656
1352494544739315712
1352494566327414785
1352494592499847169
1352494616948461569
1352494657863876609
1352494678143336450
1352494705603391492
1352494741821288448
1352494767582679041
1352494791678951426
1352496611180630018
1352499219467268097
1352512135134380032
1352515414945918977
1352517812028370945
1352518108087517185
1352521846462230530
1352521883057410048
1352525657931046918
1352526615981535232
1352526868986126336
1352530394130898944
1352532940799025155
1352533207783096321
1352538962406084608
1352538980999376896
1352539588745715713
1352542889277087744
1352542913830543360
1352546535037399043
1352546684589453313
1352549697676857344
1352550876947374080
1352556621675831296
1352556636431388672
1352559643961270274
1352559881925120003
1352564588798205956
1352564608628912128
1352564653159837697
1352567313397112832
1352568885367742464
1352572471208251393
1352572747856154625
1352574731413762049
1352575905974120454
1352576962166980610
1352578035971719169
1352583491196743682
1352585576759898112
1352586055938158593
1352587870591193092
1352588114640982018
1352589830841106432
1352593605609705474
1352594861782949888
1352597380755931139
1352600579554611200
1352601155424161792
1352603649051140096
1352604930289278979
1352608705305403394
1352610521921572865
1352611240925933568
1352612480015622151
1352616255023312896
1352620029876035586
1352623804783108097
1352627579791040513
1352631354412785664
1352635129429069827
1352637428276846594
1352638904201961472
1352639792396177410
1352642679084089346
1352646454184181773
1352649662189228033
1352650228881530880
1352651800915161090
1352655035465920512
1352658581552771072
1352662151970881537
1352663631910023170
1352665534362488848
1352666075461201920
1352666962434945029
1352669173445496833
1352669519395905539
1352672833919463424
1352676424122048512
1352677680982990849
1352677751837364224
1352679915624288267
1352683014678044672
1352685933200605185
1352686809382350850
1352686811844370432
1352686810640637954
1352689264732106752
1352692815512408069
1352695514937122822
1352695833146363904
1352698649906704387
1352699592488460290
1352699666270457858
1352701373792608256
1352704609182228480
1352706287683973121
1352706357263282176
1352707855804227585
1352711171862884354
1352714719996628992
1352718123460386818
1352721717177823232
1352724811324280832
1352728233440112640
1352731437896761347
1352732155101782024
1352737369250811905
1352741463243808768
1352745310741782528
1352749082125733893
1352752861684363267
1352755490376347649
1352758584287911937
1352768554232406021
1352774667770204163
1352783749495328772
1352793980367499273
1352794093320081409
1352794093320081409
1352798390355169280
1352810919643009025
1352813447604563968
1352825933498081280
1352828655790129153
1352841095391154176
1352843591199191040
1352856182495580167
1352858798738829313
1352861896983113729
1352864667429986305
1352872183522078720
1352875041801777153
1352876820375461888
1352877323670982657
1352881502678372352
1352884035194920960
1352885277602136064
1352885352197988353
1352889052656099333
1352889738588540928
1352890557945753600
1352892827265421313
1352896602269233152
1352900377117478913
1352901094154924032
1352904152259710977
1352906671488724992
1352914259219533824
1352914381353447425
1352914407429431297
1352916986456584192
1352917377357406209
1352917899904757760
1352919251783303170
1352920945564987392
1352921494838501376
1352922385108897793
1352923205145604097
1352924512531197952
1352924529975296000
1352926801425784832
1352930576085389312
1352934041767522305
1352935779690041344
1352936899447582724
1352937552970440707
1352939860827504640
1352943520085127168
1352943943021944832
1352945036229562369
1352945209655623680
1352947644226826240
1352953145643724803
1352953205177655296
1352953225322786817
1352957000292904961
1352959536819294209
1352959556398276609
1352959626581569536
1352960027196325888
1352960775095078912
1352962246633259009
1352963825419636736
1352964550266478593
1352968325072998401
1352968941623193602
1352972099707662339
1352975874585366529
1352978625990164480
1352978653160878081
1352979649677074433
1352980380748537859
1352983424416452608
1352987199378051072
1352990974109220866
1352994749247053827
1352997625348444162
1352997660727386112
1353001237801824256
1353004728163192833
1353006767605768193
1353007583985094660
1353008254197100544
1353011757988671488
1353015311084216322
1353019178735824896
1353022658787602432
1353026468872335360
1353027353174274049
1353029767973531656
1353031179281305600
1353033471711735814
1353034218432028680
1353037442593525764
1353040942647934976
1353043044975702018
1353044465833934848
1353048132200910849
1353051561417711619
1353052650846244865
1353056184031391744
1353061185067749378
1353064961937817602
1353068630620037120
1353070334153420802
1353070477678264320
1353071921076690945
1353074790311976963
1353078125697986563
1353081275968598022
1353081568118628352
1353081597159944192
1353084443423100928
1353087704930594817
1353091258084941824
1353094999760646155
1353098581952122880
1353101936782942211
1353105231798808576
1353108663477678080
1353112494370402306
1353116354757459970
1353119153855594496
1353119885195431937
1353131370701271041
1353134235385802755
1353146692359610368
1353152192044265472
1353156864553463808
1353161041539182592
1353165731496681472
1353175768071872512
1353177190297456641
1353181408710295552
1353188617007542275
1353191074014130177
1353192388727070720
1353196292219035653
1353200581016485889
1353201286926184449
1353206098707279872
1353218779459837953
1353221155818254336
1353233807600709632
1353236716971167745
1353240007977414656
1353243018015498240
1353246270329151491
1353248618166292480
1353249513805393926
1353252647332179969
1353255971255148546
1353259253776207873
1353262768078663686
1353266510958047232
1353269632078139392
1353272907087163392
1353276239465877505
1353281573668474881
1353285444524535808
1353289007283765248
1353291329569222656
1353292237648621570
1353295737958838272
1353299082597593090
1353302405262278656
1353305524591329281
1353307532522094592
1353310024265850885
1353311076197277696
1353312942352117760
1353316485876375559
1353320097188880385
1353322964956176385
1353326930502758401
1353327944916217858
1353330381890723840
1353333872134647811
1353334639180607489
1353336933787840513
1353341908488228864
1353342520294592513
1353345368268951552
1353345722255613956
1353346085343924237
1353347144338571265
1353349587105423362
1353353362054340608
1353357137423032321
1353357543330914306
1353357755298566144
1353360911780601856
1353362941697875978
1353362973667024896
1353365503348244480
1353365851232153600
1353368461355806720
1353372236619657217
1353372236619657217
1353372975349837825
1353374839483068418
1353374851873046529
1353376011136675840
1353378749002125314
1353379786090041345
1353383002798223360
1353383560938364930
1353385544458383361
1353387336164397057
1353388717965193216
1353390975696171009
1353391110790508544
1353391338989834240
1353393025393815552
1353394885735411715
1353395713498116096
1353397051665612800
1353398660361576449
1353402435604258818
1353403462273396736
1353404523700752384
1353406210171539456
1353406462840745984
1353406491915657217
1353409873858490368
1353409985091424256
1353410035452235777
1353410072270016514
1353413759918690304
1353415238448787457
1353415261232181249
1353417439464321025
1353417535044124673
1353417743228395520
1353419098886029313
1353419296408363010
1353419551724105728
1353419566525935616
1353421309817090049
1353423851452051462
1353423937884069888
1353425084585676802
1353426414901616641
1353428859350179842
1353429169309290496
1353431051289325569
1353431246244896769
1353432107700379648
1353432634567888902
1353434041320677377
1353434045410144257
1353434049931603968
1353434054251655169
1353434061117808642
1353434065488195584
1353434063839834113
1353434071490322437
1353434069548331010
1353434073054605312
1353436409185529857
1353436432979927040
1353439630838947840
1353440184096976898
1353440902900035590
1353442262211026945
1353443958819442688
1353446289606897665
1353447734024392704
1353448992143781889
1353451508700860417
1353455283465551872
1353459058397868034
1353462833388908553
1353464021547180033
1353466608115716096
1353470383140335616
1353474157892169730
1353477980450910208
1353480229818421248
1353494314735849481
1353501882958848000
1353503501456986112
1353507983234379776
1353520808749101061
1353523033957347330
1353523958180675585
1353536012694278144
1353538254608461825
1353542947921342467
1353547799514783745
1353551079900917760
1353553387619545089
1353555638903779330
1353557998472474624
1353568533083521024
1353571032448311296
1353584513784414208
1353597980247519238
1353600312037285888
1353601158791749633
1353605762526945281
1353605790133874688
1353606463533539328
1353606579225047040
1353606654856671233
1353611172604469249
1353612652350754816
1353613426472448000
1353613828483854338
1353614440609050625
1353617603067973633
1353618824755605504
1353618889809276930
1353619570267975680
1353621501363314691
1353621524205469696
1353621562046492674
1353622502732345349
1353622531270434824
1353623288505839616
1353623304419102720
1353624472792801288
1353624568171286529
1353628928083038211
1353632081314775042
1353632702583500805
1353633133724372994
1353636477574537217
1353636615198040064
1353640219598348288
1353640252305530880
1353640263235866625
1353640310220451840
1353640547563544578
1353640666564329472
1353644027422375937
1353647802266513409
1353649051372298241
1353650400625364994
1353651577190420480
1353651883014033409
1353652018754310145
1353653207612993538
1353655102440144899
1353655351829176320
1353658793318625282
1353659126904139777
1353660613441056768
1353662901844758530
1353670451344535553
1353674226616528897
1353678001209131009
1353678001175580672
1353679691081781248
1353682703623852032
1353685391979773953
1353685550822273029
1353687316775268352
1353688924980449290
1353689752789250048
1353690609803030533
1353693100514959360
1353694161162088448
1353694650247376897
1353694844393316353
1353695333533028354
1353695791068676097
1353696875644248066
1353697978226266113
1353700651352485891
1353701520596983812
1353702887206113282
1353704425647263744
1353708200206295040
1353711975071703041
1353715749932691456
1353719495337140227
1353719526005764096
1353722572626649089
1353723299759443973
1353726308564533249
1353728087830261760
1353734417278148608
1353737211305463814
1353737529695084544
1353739905592078340
1353743772321013761
1353749601166254085
1353752742314074113
1353753470009028609
1353756348870221838
1353758760188211206
1353758939926687744
1353759210325073933
1353759965010391041
1353760495669571588
1353761978037243906
1353762300465971205
1353762300465971205
1353762373966954496
1353764703131066368
1353764726115868672
1353766039155310593
1353767328379531264
1353768731449634817
1353769233189113856
1353769939975491584
1353772613554872320
1353772912860422148
1353775638117822464
1353779811416748036
1353783194995273738
1353785575715860489
1353788340437471232
1353790964880572416
1353797252230373378
1353799944486969345
1353802513984737283
1353803077543997442
1353806017432268800
1353808271472267267
1353809944248803329
1353813087908999169
1353815885715304453
1353818542634893312
1353825263482773505
1353826317029011457
1353828796676374528
1353831384616472576
1353834099845324801
1353837699266916352
1353840448914280448
1353846746468777986
1353851051430928385
1353856040765423616
1353858862072410112
1353860785328578561
1353872022024163328
1353883513645314048
1353892026492841990
1353894560167063553
1353900731481403393
1353912038003777542
1353915782321893379
1353917597499207680
1353927083702026240
1353930550537572352
1353930944177176576
1353942347592196096
1353945846535098373
1353957346494603266
1353961070931701761
1353961505721606144
1353961560184664067
1353967438354907136
1353968003868725248
1353969541781590016
1353969883583832064
1353973506539712514
1353975879744028672
1353977534749278209
1353979990854037506
1353982860936552448
1353982908990681091
1353983279742013446
1353983765987655681
1353985813428793344
1353987540706074625
1353989039590928385
1353989457104564224
1353991315910963201
1353992527997788160
1353995090478456833
1353996411315040257
1353998865414942721
1353999473672933376
1353999567935713286
1354002640250744832
1354004401753640960
1354005213347196928
1354005269362184192
1354005308302090241
1354005325721038849
1354006415208296448
1354010189863776257
1354011757304553473
1354011836451008512
1354012793658368002
1354013964875804672
1354014532197298176
1354015907807453184
1354017168015450113
1354017217361420288
1354017739720028163
1354020191013920769
1354021502929276928
1354021514811764742
1354021669451550726
1354025193455431681
1354025216285040641
1354025236237328384
1354025289479843840
1354029064407887879
1354030516408881153
1354032839327584259
1354033848397553664
1354035143707684869
1354036614448648193
1354037645341503489
1354038788641730561
1354039295384973313
1354040388978405377
1354041405195345922
1354041868359770112
1354042957859586049
1354044163898093569
1354044801801400320
1354045534898696199
1354046815805595650
1354047421983174657
1354047661666660352
1354047938675302402
1354048514209230850
1354049604690579456
1354051713758498816
1354052029388378112
1354052231516086274
1354052967717105665
1354055488493686784
1354059138230325249
1354059175089885184
1354059263497433094
1354063038165508098
1354064351917985792
1354066813588447233
1354068051436707841
1354068451514609664
1354070587963015168
1354072840891490309
1354074363000205312
1354078137693462529
1354081824239218693
1354081912881516544
1354084825637003264
1354087194315681795
1354088095059234816
1354090266169389056
1354094365745020929
1354097649306238976
1354098312488607744
1354101355082887169
1354104364261117953
1354109813203066881
1354110482534297601
1354110896335966208
1354111391540633600
1354113016342720512
1354114416036499456
1354117802030985216
1354118047880065027
1354120872391536640
1354122313009156096
1354122704631246848
1354125072471117824
1354126360059539464
1354127050827849732
1354127830381191168
1354129495826063361
1354130287857455104
1354133871747600384
1354135963539271680
1354136027997339648
1354137751663341568
1354139006540402693
1354142335714660355
1354145559586729994
1354148830242099202
1354151514244325376
1354154337723965441
1354154342979428354
1354154382179397640
1354157926932488194
1354159541353664520
1354162268842438658
1354165531058855937
1354168280181841921
1354171005535715337
1354173572588171267
1354175908861644802
1354178531211796483
1354181164349710337
1354186536187781121
1354189290302005254
1354192350038339584
1354194958815780865
1354202563705503746
1354204940017823750
1354207301675134979
1354207301675134979
1354217861821169667
1354228913162096643
1354238093193261061
1354243168590565380
1354248000353280002
1354259383941820417
1354261638174670859
1354262915591925762
1354269161548079107
1354272645089538056
1354274405128556548
1354276921702572036
1354278210293346307
1354289515821735941
1354293218343604225
1354304696048111616
1354307350329516032
1354312628227760128
1354323395735941122
1354326265394831360
1354327034290466817
1354327090787708928
1354329796012982276
1354332245599940611
1354332974406369283
1354333822398181381
1354335583116652544
1354336450234507265
1354338928782962688
1354339107615334407
1354342040436420610
1354342066109734913
1354342378790768641
1354342574790758400
1354345968196591617
1354345982490779649
1354346042616127488
1354346153731473410
1354347714167906304
1354347741959364611
1354348872542388232
1354349928441671682
1354352617342820358
1354353530073718785
1354353703709511680
1354354339360464899
1354354915691393024
1354355369682853893
1354356019372154880
1354357478356615168
1354359144199942146
1354361253502705665
1354361531820101635
1354361635268386817
1354361674803933184
1354365028095336454
1354366846976339969
1354368026687250432
1354368049638469633
1354368803392659459
1354372570179624960
1354372577834094594
1354373562413543424
1354376352900648960
1354378363603922944
1354378885866151936
1354378938521444354
1354380127451406339
1354381193307975680
1354382619509727233
1354382824984350723
1354383902727520256
1354384968827469826
1354385543791071233
1354387396620656643
1354387565827256321
1354387677219442689
1354388008989024263
1354388063334649857
1354388479950647296
1354389818655072256
1354391452336476163
1354392075551334403
1354395227025502210
1354395806653177859
1354396091593191427
1354396368585027585
1354397412362694657
1354399002222096389
1354399349057458176
1354400120666775552
1354400235926249473
1354400683265568768
1354402776990707714
1354404034782887936
1354404721776320512
1354404818908033025
1354406279402434561
1354406553189666816
1354410326549278721
1354412605872480257
1354413779094790145
1354414102018310151
1354414635324231682
1354415863193980934
1354416618059800582
1354417876342595585
1354417979459592196
1354418559749910532
1354420248460599301
1354421652877000710
1354423310080208896
1354425426278379520
1354426449952985090
1354428062981623812
1354428949149884420
1354429201412022279
1354429270194577409
1354432975820226560
1354433406344589312
1354436138312867840
1354436750957977600
1354439108127563776
1354440525479202822
1354441414910873600
1354441618242330624
1354443040627318784
1354444179959652353
1354446663784538117
1354447974013800460
1354449786452242434
1354453079408734214
1354453435911983119
1354455724697526274
1354459316741414913
1354462059405185025
1354464974467432454
1354467898690039808
1354468043578101763
1354470695040909316
1354471395183513602
1354471732149690375
1354474714140389377
1354477420431233024
1354479454752563201
1354482929121058817
1354485070816563203
1354486647317012482
1354488125637193728
1354489425204375553
1354490683017596932
1354490764303228932
1354492709646577673
1354495322823733249
1354498296493076485
1354501292073353216
1354504255089074177
1354506482793013251
1354506648275083268
1354509892485345280
1354512238149853185
1354514291186139140
1354514533113618433
1354517175051186177
1354519872911323142
1354521696959688704
1354522998200553483
1354526088047845376
1354528958524620800
1354531871166787591
1354534846501150729
1354537865426952199
1354540901843030023
1354543847641145347
1354547122947956738
1354550123125235715
1354553160103243779
1354556105670713346
1354559395502370816
