1352028134581948424
1352029314406113280
1352032660483403781
1352032992483393541
1352035599864233984
1352035680688484356
1352042492888195072
1352043119512993794
1352043230616035331
1352046189554790401
1352049264549978114
1352050779914465282
1352056236598980609
1352056597166452736
1352058330009673728
1352061850838470658
1352063361748398080
1352068394829287424
1352073429378359296
1352074842200109058
1352075957830443009
1352078461247086594
1352081461956890626
1352083494441160707
1352088529480916995
1352088594538610689
1352090542323089409
1352093560762339328
1352098593776263169
1352099430413946882
1352103629830946818
1352105702983045123
1352108660390912000
1352113693312487427
1352118727609782275
1352118744156303361
1352123759742869504
1352128792781840385
1352133827733327872
1352138859145027585
1352143892460703744
1352148926820884483
1352153958689759232
1352158991749550080
1352163701319614464
1352164026017484801
1352169058309959680
1352170247793463297
1352175451674841090
1352179133128732675
1352180339976753152
1352184157909053442
1352185939678806022
1352189191090651136
1352189400604569603
1352189937328693248
1352194229787914241
1352195372106412032
1352197593359552512
1352199133172436992
1352199257391030272
1352204290325164032
1352209329676402689
1352214356809932802
1352216192568578050
1352216525160136709
1352219389882372098
1352224430097891328
1352229456274984960
1352234489427099649
1352235466565718016
1352236239940796425
1352237005980246023
1352239527662915585
1352244555953782784
1352249588833402883
1352254626280574978
1352257138719031301
1352259197451210755
1352261803326074882
1352262173053997057
1352264688541655042
1352269731546370049
1352272199646789632
1352273378049028097
1352273850264920064
1352273903641571329
1352274754846257154
1352277121926889472
1352293951370375168
1352294654960689155
1352300814480642048
1352308194245308417
1352309396882284546
1352309498631892992
1352314297343483906
1352317919728951301
1352318066454106113
1352318178131652620
1352321130581917705
1352322816755060737
1352325833575247873
1352328733756157952
1352331543029706752
1352334475737387010
1352335076286148614
1352337106572607497
1352337191930888201
1352337280984358912
1352338555121635330
1352338555121635330
1352338579368906752
1352338743915634692
1352338761074532361
1352338777742696448
1352338805957808129
1352338858873118726
1352339257864712192
1352339308859035649
1352339443538153478
1352349036498575361
1352350978209624064
1352351013311819783
1352351082534612994
1352351157772017666
1352351260352118798
1352353019585679360
1352353339997114379
1352353357390864395
1352353513943269378
1352355258522087424
1352358867636793345
1352361381941682178
1352361649555038215
1352361883433635841
1352367032210219009
1352368141721067529
1352371373822398468
1352373971333902344
1352374215262003205
1352376575250018309
1352378266997428224
1352379199181508608
1352379572898177027
1352379873118060544
1352379988650160133
1352380115842457604
1352381873272586240
1352382983177703425
1352386118994571273
1352387296532844544
1352387367336878085
1352387411519696896
1352389449120968706
1352390519259860992
1352393123805220867
1352393213668171778
1352395475979218945
1352398067438215169
1352404833924313088
1352405098551418880
1352405620318642176
1352409660955869184
1352411011597225984
1352411546668814336
1352412454525911040
1352413168115478528
1352420716726136835
1352425749739933699
1352429057468723205
1352430782741098496
1352433059564449797
1352434381156016131
1352440849087385602
1352445882357084160
1352448574835941376
1352450498264096769
1352450920877973507
1352455948623876098
1352459897934286848
1352460981947879426
1352466017176358916
1352471048122339334
1352474471538417670
1352476081132105737
1352481119095164929
1352486147537027073
1352491180790059016
1352492514498891776
1352496213870825473
1352501247157313537
1352506280406085632
1352508796841521152
1352511317085569024
1352511419384619008
1352516346773348352
1352521379686576129
1352526419125932035
1352531446280331264
1352533964242759681
1352536479474438146
1352546545892290561
1352551578608291841
1352552097691000833
1352556612347691009
1352558257798189056
1352561645319499778
1352566678190661632
1352571716321619968
1352576744520249349
1352581777974579202
1352586815396487169
1352588030071083011
1352591844111228936
1352596877208764420
1352600196698435585
1352601913632546819
1352602466848653313
1352605685310246915
1352609460854812675
1352613235019583493
1352617015593234433
1352620785236635658
1352624562329026562
1352628335151484928
1352632118795509760
1352633789604720644
1352634236054855686
1352636857629159426
1352638270291767300
1352638338897948674
1352642862685556737
1352651145051856897
1352651455795261450
1352653568893984772
1352654801838993411
1352657098874740738
1352657631727525888
1352658273330196481
1352659996539047940
1352667462664392704
1352671293959794692
1352672081159344128
1352674095951994881
1352675841663266818
1352676401934168066
1352676555454033929
1352678985986158595
1352679059378102272
1352685454089351169
1352694134121918468
1352694745110339584
1352698018747789320
1352698447091138561
1352700421836574720
1352702379246952451
1352704122437455874
1352710382838804481
1352710433849942022
1352711479519277057
1352712865011163136
1352716467419144192
1352716512600195072
1352719260439748614
1352722929805643776
1352722966908383237
1352723011728715776
1352734490213408768
1352735552571924481
1352741545997438976
1352746142979805185
1352748856476372996
1352749912396603403
1352752910367510529
1352760455584858114
1352762983353470978
1352768009472004097
1352769603743567873
1352775555255472128
1352775969602297857
1352776096069021698
1352783106185555969
1352788137584418816
1352793170547978240
1352798205600129029
1352799339463118848
1352803237292699648
1352804037712781313
1352808270004514817
1352813307246219264
1352818336506081280
1352823369557708800
1352826200259874816
1352828404366675968
1352828499887710208
1352833435895795712
1352838469224169472
1352843503760338944
1352848535457198080
1352853568534044672
1352858601765953537
1352863634980933632
1352868668011499521
1352873426533314560
1352873703252533248
1352880988573982720
1352883767531032576
1352888803313254400
1352893833973878785
1352898867050766336
1352898867050766336
1352901163335643136
1352908933413949441
1352911075776159744
1352913966893326337
1352919002134106112
1352924032866414592
1352929066291228672
1352934104891879429
1352939132654333954
1352944165563326468
1352949201546604544
1352954232035561472
1352959265254764544
1352964302651731968
1352964880035287040
1352969331588517894
1352971508562292738
1352974364812054528
1352979400472539142
1352983172573614080
1352986947703214081
1352990722392088578
1352994498683482113
1353008742695116800
1353012207777419266
1353019600166858752
1353023149433114628
1353030081854238720
1353032635564634112
1353035307013328899
1353036829776355330
1353041157106913281
1353041759950032897
1353043777208913925
1353047055560826880
1353049761226649602
1353054948351766529
1353056322204409856
1353063049523982337
1353075355993526272
1353077841324240899
1353081194842365955
1353081233509675014
1353096929249529856
1353096948098719746
1353096997478289409
1353100942418309123
1353115297339777031
1353122843492569089
1353125496062672897
1353130398847537152
1353133282767081474
1353134637745283074
1353137942861066242
1353138051552137216
1353144654749863936
1353146379820916736
1353147505517551617
1353150525408088069
1353153193694306305
1353155558422040576
1353162596317204480
1353168051856805889
1353176956657782784
1353181159820120065
1353183120007131136
1353187406359392256
1353192561834254337
1353197082128101386
1353200857005707265
1353204545942298625
1353208566673330177
1353215838187261954
1353215956412207109
1353218473137115136
1353222540605317120
1353226022695612421
1353231055839318017
1353236093135691776
1353243068774764546
1353246155451281408
1353251192445542402
1353256221718048768
1353266289851117568
1353271321426157571
1353276354545000449
1353277966336151552
1353281388766756864
1353286420954193920
1353288937821925377
1353291453993107457
1353296491054415874
1353298553058156544
1353301520322863106
1353306553512849408
1353311587327590400
1353316620035190784
1353321536137007105
1353321653011288064
1353326686956302338
1353331719336812551
1353336752568639491
1353341786979229696
1353342331764662272
1353346819040944166
1353350822063575040
1353351852079931392
1353356893905842189
1353357381007257604
1353362414692048896
1353365494447804416
1353371991731015685
1353372032147148805
1353378977541402624
1353379772248817666
1353382392170479616
1353387031674589185
1353387958326489088
1353392929100840962
1353395107081281536
1353398853198893056
1353399610648059905
1353399943231373315
1353409625660428290
1353411112935411714
1353413621515227137
1353428982985879552
1353430933102161920
1353431425832239105
1353433488381407233
1353434073230962688
1353434089001508865
1353434104637882368
1353434124401315840
1353434141732139008
1353436429301526528
1353447874860707841
1353454086226493444
1353461599248347141
1353474266344411140
1353474339518214146
1353475296520007681
1353477683112538112
1353477804298555397
1353484639445213184
1353485420714209286
1353489670286446592
1353490349100941312
1353491877639512064
1353492781591785473
1353497623915765760
1353497813619978247
1353502846755500033
1353507152892055552
1353507885720985601
1353512913227534336
1353514169119641600
1353517946337955842
1353521839004246017
1353522983470419968
1353528012663189504
1353533045740068868
1353538085401845760
1353543112191303682
1353544684337983488
1353544732211728393
1353545967744634880
1353548145334968325
1353548443998855168
1353553181201063937
1353558211748478976
1353560835294064642
1353563244925837312
1353564838040014849
1353568280385118208
1353569007874437121
1353576289181986823
1353578344261046273
1353582486492602368
1353583380223447041
1353588410745761792
1353593443906277382
1353598477821911044
1353603510189907969
1353608543283408896
1353613579916779520
1353615228554989568
1353618609759727616
1353619770730369024
1353623642731470848
1353629102297636865
1353632332503150592
1353634896611168257
1353638742280429569
1353644792882753537
1353648808652111874
1353649654173323265
1353656258574782464
1353661449009127424
1353661449009127424
1353663908251398145
1353668941424582658
1353670262714064896
1353670677035851777
1353674924963946497
1353675688721539072
1353676461673123840
1353678486464991234
1353680817554247680
1353682950689148929
1353684791309160448
1353688160522256387
1353689648627736578
1353693609111875584
1353699506123010048
1353706073912315904
1353711082150391811
1353716292964872197
1353725574267564037
1353725861959065605
1353726565884981248
1353729951694868481
1353732158158827521
1353732581372518407
1353734120870875136
1353736889304453120
1353737763129073664
1353738764288364547
1353738790679040008
1353738804897718272
1353738825986699285
1353738839752376329
1353738858685472768
1353738872916750343
1353739130463784972
1353739406272729095
1353739736515448832
1353740818591354890
1353741286830972929
1353741322776174593
1353741367269335041
1353741427948269568
1353743286561857538
1353749012709601281
1353749432462946304
1353750491516313601
1353750541931786240
1353754603003719680
1353757380958441478
1353758212235939842
1353768607818289157
1353771168008982532
1353775041461284866
1353775056732753922
1353775823204003842
1353780791432650760
1353780976686608385
1353781018675847170
1353781104118030337
1353781166306963459
1353783787516260352
1353784960663121927
1353790440403828741
1353795835436408832
1353803983182311424
1353819810371612673
1353821507064123392
1353822775669088256
1353824090516312066
1353824445446709248
1353825579368243202
1353826927480627202
1353826941799952384
1353826960519147520
1353830450280673283
1353832085941850112
1353839388497743872
1353839421813116928
1353840070533419008
1353843191401783296
1353843820933369857
1353844244323184640
1353847618632212481
1353855171986550784
1353858311137882113
1353859737968799744
1353862718080520194
1353868080120651776
1353868811020115968
1353870268696043521
1353877817985884160
1353877958868393985
1353885368404340737
1353885595257376768
1353892918533099520
1353894477262319617
1353900068248506368
1353900472596275201
1353903692810838016
1353910066101903362
1353915566692724736
1353923117039677440
1353930665784274945
1353935699280445441
1353940732239818754
1353945767686381568
1353950798447734785
1353952003378962432
1353955831734099969
1353958443137159173
1353958860021592064
1353960865255440384
1353965898139242496
1353968415447216129
1353975966436106242
1353980997499424771
1353986030609850370
1353991070057590785
1353996097056813056
1354000302970605569
1354001130305462274
1354006168205549570
1354007030038581249
1354011196614078464
1354016666103947264
1354016705089945600
1354021269176520707
1354026296016330754
1354031329415815169
1354034884919009285
1354036368180056065
1354041395997253636
1354046428759244801
1354049868453429248
1354051465380130817
1354054149298511872
1354056495063658497
1354066565944193026
1354067294536699905
1354071594944098305
1354076627685130240
1354081670568280066
1354084177663156226
1354086694115532801
1354096304645951491
1354096545033900035
1354098019097055233
1354098960026066945
1354099379641098241
1354099901928366080
1354101452650795008
1354107817221894144
1354107915058221056
1354108928611770368
1354109897974161409
1354113851512512514
1354118855350747138
1354120852544098308
1354120878242615299
1354121211467456513
1354121808455356420
1354122520941756423
1354122551950258179
1354123492359360514
1354124108259352576
1354124259455619072
1354124274458615808
1354124332428111873
1354124352309125121
1354124381920907265
1354124410622533632
1354124436828516354
1354126631242244099
1354128879879933968
1354129460178673664
1354134313655275520
1354139393892757504
1354140237308579847
1354140758908039171
1354144739256377355
1354145647801327617
1354145658798825476
1354145682647560192
1354145693108215808
1354150717330747392
1354150838982369280
1354151691386580993
1354157197815635972
1354160017553944579
1354160167215116288
1354161343750930438
1354162441744166913
1354163742972506119
1354164658589069313
1354165184970051586
1354169916690214916
1354172592836513792
1354172853483134977
1354176352560312327
1354176352560312327
1354176798586765318
1354176838109720578
1354179786508263424
1354180000782671872
1354183770216296455
1354186219442348034
1354186331086344196
1354187477909704705
1354187514693742600
1354187538035052544
1354187552404742144
1354187554342531074
1354187565000220676
1354187578107420672
1354187590484840451
1354188241486946305
1354189687896862720
1354190872515108864
1354192560764448770
1354195907005345792
1354201324359974918
1354201447580258308
1354202456855441408
1354205826785927169
1354205877201477635
1354210006481084417
1354217560120586240
1354225106025766914
1354229667109068800
1354230450802159621
1354232659342364673
1354235679207612417
1354238713916579844
1354240208716218370
1354242085847621635
1354247758970986497
1354248039347576833
1354255577178808320
1354257821618089987
1354259042399526912
1354262858272559108
1354263189970628610
1354268871000133637
1354277954860195842
1354282987337216000
1354288439584116739
1354291143631020033
1354293054560034818
1354300603669729280
1354302071554469888
1354308153454829570
1354311291062546438
1354313186422484994
1354315215907606529
1354323255566299141
1354323353838915589
1354330429784899589
1354330802759282691
1354333319169769473
1354338353626267648
1354343385541222405
1354345901964185602
1354348418781630465
1354353455406710784
1354356259592364033
1354358484956028935
1354361554486009863
1354363518229876739
1354368555698032640
1354370013075890179
1354370175978491905
1354373584706101250
1354375011318984704
1354375020378615816
1354378617933897732
1354379622272569344
1354379890259337216
1354379902204530692
1354383651904040968
1354383872905998337
1354388683974172675
1354393717398884359
1354396935335993353
1354398753113870340
1354401605349609474
1354403783451627521
1354408816553512960
1354410875126304776
1354413849798004743
1354416933353873413
1354418882979610626
1354423916144418816
1354424697895624704
1354424713594855425
1354428957316304899
1354433982994083844
1354439000119861248
1354439015932588033
1354442442410352642
1354444053690028034
1354444804298444803
1354445610733068294
1354445810583404545
1354447824142917632
1354449082555764738
1354449220296699907
1354449254727757828
1354449285606203392
1354449467647385600
1354449488522444800
1354450340200861703
1354454115351408642
1354454747252748290
1354454823190589444
1354454843998531585
1354454863439142912
1354456631900164096
1354461360323764230
1354464283854303235
1354467206642491395
1354468526967435268
1354473917596004361
1354479084714209283
1354481828724400139
1354482316584886273
1354492947119693828
1354493602295132164
1354493661631934467
1354495055168499716
1354495195157581830
1354496071775498242
1354498962267516931
1354499077858336776
1354503696793669640
1354504843386359811
1354504874508115971
1354512140305133568
1354512410359582723
1354513142248824835
1354513595854434307
1354518004336365576
1354518755385225222
1354525180333334530
1354525221794041857
1354532467038937088
1354536760131399685
1354536778225618945
1354536795711692810
1354536811079589889
1354537731888721924
1354539519916314629
1354539851408957440
1354539867439558659
1354539887828103168
1354539905964269577
1354539926663081987
1354540018275119109
1354540227688341510
1354540374866452484
1354541499262922752
1354541512198127622
1354544342648696834
1354544383849336835
1354554398131843075
1354560119728730112
1354561999443787778
