1092449723640885248
1092449722621665280
1092449762056593408
1092450144690360320
1092462472483741696
1092479360706203648
1092492475141365760
1092513710332145664
1092524578205765632
1092524578180657152
1092524578050637824
1092524709701447680
1092529734251106304
1092782571791007744
1092798949646319616
1092802459247013888
1092818446331641856
1092819098738851840
1092819219312529408
1092819356701024256
1092828464053407744
1092844429042421760
1092862383897395200
1092878487931834368
1092889699063136256
1092889979183947776
1092966108821217280
1092980637479460864
1092994101300084736
1092999128659959808
1093006305516769280
1093147559391096832
1093163619515277312
1093173241634570240
1093173353140105216
1093173489023025152
1093173744019881984
1093173854762160128
1093174012635680768
1093174012623142912
1093174141346209792
1093180316775317504
1093197178359767040
1093213740420554752
1093230348564131840
1093240433285709824
1093240433122181120
1093240543948218368
1093240653151129600
1093240870667730944
1093240992210259968
1093240992180903936
1093246457040289792
1093262560713994240
1093499760714153984
1093517695767793664
1093534081671970816
1093550647075618816
1093567030949756928
1093583612509859840
1093591224609591296
1093591343715241984
1093599921683484672
1093616643962531840
1093641415366791168
1093646400091578368
1093660230469201920
1093870831862759424
1093884800291823616
1093885484718325760
1093885916861681664
1093887587721330688
1093904236910391296
1093921056270761984
1093940029007761408
1093954052583579648
1093970702393401344
1093973214278094848
1093973584224141312
1093989778549325824
1094012923129880576
1094245218579349504
1094264818977198080
1094285284341153792
1094306191826710528
1094327214131367936
1094347936794927104
1094614221684396032
1094635322032508928
1094642151470845952
1094656463618916352
1094664788016271360
1094677888891277312
1094956213832482816
1094965726530682880
1094978775534702592
1094983830514139136
1094983830392451072
1094984057677582336
1094984172370833408
1094984172203069440
1094984451199827968
1094992170636005376
1094997055301476352
1095005181387984896
1095018345705951232
1095019684364255232
1095020122794835968
1095020212842311680
1095021343173758976
1095021379206946816
1095023211396452352
1095023843394154496
1095026509125947392
1095026560745328640
1095029205698527232
1095031650893877248
1095032267142021120
1095032438588358656
1095032474663555072
1095032584034230272
1095033093075939328
1095033310160539648
1095033348702064640
1095033481200091136
1095033993903386624
1095034247755251712
1095034611133018112
1095034857166696448
1095043468760698880
1095053938620092416
1095054236679921664
1095068387112378368
1095073347518500864
1095073474824073216
1095073596119150592
1095316089490296832
1095326837675298816
1095342972223279104
1095359007827599360
1095364172118925312
1095367579093340160
1095374851999715328
1095390709862023168
1095407178654142464
1095423228133236736
1095675837796487168
1095692074148659200
1095707811579858944
1095723952436056064
1095736261330026496
1095736261132861440
1095736378661441536
1095736378548195328
1095742212594417664
1095758206855532544
1095774750486548480
1095791374954311680
1096039843845623808
1096055933883613184
1096059831574822912
1096059969600917504
1096071733201772544
1096087677357707264
1096103423639015424
1096120278046949376
1096137581396402176
1096142262931726336
1096154001333207040
1096167082528567296
1096181184000868352
1096185995861598208
1096401921684979712
1096418063082233856
1096434136984834048
1096450284480536576
1096450520187846656
1096450550009380864
1096465576774447104
1096465576338309120
1096465696245071872
1.096467773751e+18
1096486142898257920
1096493685938814976
1096501790965678080
1096518260919431168
1096783638971277312
1096804532141604864
1096825438347976704
1096846682770341888
1096867568432889856
1096888658102288384
1097150876941275136
1097171780500971520
1097192628091793408
1097213303296790528
1097234986829258752
1097496664242307072
1097513066474946560
1097529549942935552
1097546181281017856
1097563113229086720
1097579887823646720
1097596787311951872
1097613657880576000
1097857266907258880
1097873578131943424
1097888503147446272
1097888540271218688
1097888792046899200
1097889589543555072
1097889724251934720
1.097889969883e+18
1097906661879177216
1097922904262615040
1097939313919213568
1097966899244208128
1097967033415802880
1097974665853714432
1098214328002625536
1098226438048804864
1098230983973892096
1098247541349588992
1098264199699070976
1098280592586797056
1098297110317809664
1098303420832862208
1098313745024143360
1098580041691262976
1098596610462924800
1098613252135755776
1098626907623604224
1098641158622904320
1098657355875737600
1098672013449875456
1098672140990251008
1098672139975213056
1.098672176193e+18
1098672286050205696
1098672286020845568
1098673720015704064
1098690256843534336
1098940791978934272
1098952987278495744
1098961860802551808
1098983806407712768
1098999549157351424
1099011777453608960
1099011899872722944
1099016206252687360
1099032543981129728
1099033870492684288
1099048939175710720
1099050109361373184
1099080132927598592
1099317710381633536
1099338570618286080
1099359389692166144
1099380254848765952
1099401720919146496
1099422821619589120
1099683827570696192
1099704663434244096
1099725626636992512
1099746473657417728
1099767293721104384
1099787974605197312
1100029832375746560
1100046487906631680
1100063022205333504
1100091395149307904
1100094346689310720
1100094345833861120
1100094363785486336
1100107287463710720
1100123975684947968
1100389503875907584
1100405510954573824
1100412634615017472
1100412634497597440
1100412634476666880
1100412634438938624
1100413576282394624
1100421707163205632
1100437322800214016
1100437969448693760
1100454139644051456
1100473076771418112
1100487030629371904
1100487163802726400
1100487163651731456
1100749687685087232
1100766006635626496
1100782557011034112
1100784563192762368
1100809248840318976
1100825588246425600
1100848854151385088
1101117263200116736
1101132805491359744
1101151000721797120
1101158816803102720
1101158816773750784
1101158816681549824
1101158816660553728
1101158895521853440
1101159017584517120
1101159274493952000
1101164375149289472
1101180118666526720
1101196004995579904
1101209366403923968
1101211882306846720
1101481467333484544
1101499573649006592
1101513558083465216
1101513609308499968
1101513671681941504
1101515179936882688
1101537835881062400
1101547642398695424
1101564174067527680
1101575231750238208
1101580523456131072
1101852793772670976
1101873438338228224
1101879280127094784
1101900182147481600
1101921226484838400
1101941952902299648
1102218520178380800
1102239342444068864
1102260352681738240
1102281280341897216
1102301875230199808
1102567536837754880
1102584177357135872
1102600252899708928
1102616869058564096
1102618365393321984
1102644790481600512
1102658492266106880
1102659438354284544
1102660693000704000
1102677087079546880
1102680506523680768
1102924632057937920
1102940765263663104
1102949599055147008
1102953771410300928
1102953771334881280
1102953799335985152
1102954862344617984
1102959144208949248
1102975730915463168
1102992394348302336
1103008920908500992
1103023833299251200
1103023969639239680
1103023969605689344
1103024258966605824
1103034621858582528
1103293614808096768
1103310455899127808
1103327126529417216
1103343880710352896
1103360792806731776
1103377607637286912
1103394627359567872
1103394627141492736
1103394627053412352
1103394650088460288
1103394775691128832
1103394775661568000
1103400845994061824
1103642327355138048
1103647372951932928
1103664018995191808
1103680629848371200
1103682578161258496
1103682578148716544
1103682694813224960
1103697514849595392
1103725728921800704
1103742115333455872
1103758653818105856
1103779248265940992
1104010302310572032
1104028163452080128
1104044765564362752
1104061193679978496
1104068297392304128
1104078004588826624
1104104018371072000
1104116675652345856
1104118107721924608
1104390389706969088
1104411429879332864
1104432070313603072
1104452947428159488
1104474078902128640
1104495074124185600
1104722519578284032
1104755721164517376
1104776564582043648
1104797536609599488
1104818408217108480
1104839724173324288
1105085217063268352
1105101507433766912
1105127249601273856
1105138141873299456
1105138206398398464
1105153802112561152
1105163153606889472
1105177601818198016
1105178923242008576
1105179045925396480
1105179183930593280
1105185857181569024
1105451519644762112
1105468465484308480
1105485014433697792
1105501865893117952
1105518441367244800
1105534929864146944
1105543146904129536
1105543146878976000
1105543285114880000
1105543285106532352
1105543295390896128
1105551742647894016
1105806200246099968
1105820202816757760
1105834115121774592
1105846536968245248
1105846561723109376
1105847956652081152
1105861075344506880
1105877203189927936
1105878266332803072
1105878265443639296
1105880102804557824
1105886871916347392
1105889825197047808
1105890562228535296
1105890889740795904
1105891246701195264
1105907091942899712
1105923613004361728
1105940239498047488
1106163398558052352
1106163398482579456
1106171512128761856
1106188129868890112
1106204796179091456
1106221147107012608
1106237480142073856
1106246031535161344
1106254938865352704
1106311545468915712
1106322833796411392
1106531369876967424
1106544500246306816
1106547526302396416
1106563008782888960
1106563910365265920
1106580315156426752
1106596921517502464
1106613421682900992
1106630073061396480
1106911404077039616
1106932137939402752
1106952914415861760
1106973656868143104
1106994299101761536
1107015397549723648
1107279407897554944
1107300316284882944
1107321078089695232
1107342035193917440
1107362591481962496
1107383600020946944
1107625667980640256
1107641966697811968
1107657015667630080
1107657189353771008
1107657188368150528
1107657320132239360
1107658355483521024
1107674662534815744
1107691385061179392
1107708142442463232
1107719585023827968
1107724727777406976
1107741361552478208
1107986238005526528
1108002808610082816
1108020585488109568
1108035404522024960
1108045296523718656
1108052860363788288
1108061743928901632
1108078688019599360
1108087950347255808
1108087955627929600
1108095123223646208
1108103206293434368
1108103206226280448
1108345125082673152
1108357922386526208
1108367796361146368
1108379026945687552
1108379380471029760
1108379493910147072
1108393748822716416
1108410091013853184
1108426131315806208
1108442147513163776
1108453141731786752
1108453180071915520
1108483606094204928
1108484086790873088
1108706033726382080
1108722807934984192
1108734630616879104
1108739260901982208
1108752583957643264
1108756353940684800
1108773189340053504
1108790604153135104
1108807241531035648
1108809862014750720
1108809964364222464
1108810085906726912
1109071626132443136
1109088069867708416
1109104327472369664
1109113646649667584
1109113659291254784
1109113806448398336
1109113806293217280
1109121056890073088
1109137665742516224
1109154285131128832
1109170502038441984
1109173988813664256
1109173988809474048
1109173988763287552
1109174103418855424
1109187242042507264
1109446956181569536
1109467842922143744
1109488733840121856
1109509623915134976
1109530251372216320
1109551393881419776
1109815884057661440
1109836775848112128
1109857912988622848
1109878547827576832
1109899185250336768
1109920321950441472
1110159651457433600
1110176006592233472
1110192619215355904
1110194482266419200
1110194594589917184
1110209503159562240
1110226164067590144
1110242697351184384
1110259306769862656
1110276168706674688
1110524808108953600
1110541416135094272
1110547956384624640
1110548438297513984
1110556512827703296
1110556619086139392
1110556618947739648
1110556730742710272
1110558280202547200
1110574896818597888
1110591243925549056
1110607854455672832
1110624522137423872
1110885939260416000
1110906455933239296
1110915328681431040
1110919777088880640
1110919908290891776
1110919907510759424
1110922675839528960
1110939539911200768
1110963220913840128
1110988109997592576
1110994310055505920
1110994502494363648
1110994772586569728
1110994901624373248
1111251480386985984
1111267520915427328
1111267954065371136
1111284566780715008
1111300920799870976
1111317530155642880
1111333887937007616
1111350502229491712
1111366600442159104
1111611978034933760
1111628329331933184
1111634744024936448
1111644939820195840
1111661799181553664
1111678406461190144
1111695273959587840
1111699825886724096
1111699858958749696
1111699868899258368
1111986694851571712
1112028214031900672
1112049104480292864
1112069740720201728
1112090626730967040
1112353106141110272
1112373992982224896
1112394881597665280
1112415773270654976
1112436654105595904
1112715390348677120
1112731349830516736
1112764313243127808
1112778158825238528
1112788837724553216
1112788956863741952
1112789180399190016
1112791145464193024
1112800048751022080
1112817916741894144
1113055988846866432
1113075475084185600
1113087601496506368
1113101285606207488
1113114372468027392
1113161572321558528
1113161679964188672
1113207275982938112
1113211440616415232
1113418378323136512
1113440274011885568
1113456135619665920
1113478772605497344
1113489089100230656
1113528965443063808
1113539170360877056
1113798404180721664
1113810099636768768
1113810960484118528
1113829835670020096
1113849272036884480
1113850351390789632
1113869346399510528
1113887216760250368
1113929609479970816
1113929698143240192
1113929697874862080
1113929866745921536
1114147681822216192
1114164045379190784
1114183668073947136
1114200024219574272
1114220910918144000
1114237524535279616
1114241041534681088
1114247454923345920
1114259165382418432
1114517870984269824
1114539512275845120
1114561154825715712
1114582046012334080
1114603179184939008
1114624322088394752
1114885539742867456
1114906682029740032
1114927569109962752
1114948709874319360
1114969355949883392
1114990234176036864
1115230820418097152
1115247174646890496
1115263783755296768
1115280150244069376
1115296752859590656
1115313361779142656
1115329973202685952
1115343836358819840
1115343948120317952
1115411508891127808
1115597985176375296
1115614095624024064
1115623400351965184
1115630450670809088
1115640332744572928
1115650833285251072
1115671218806566912
1115687326477357056
1115702804813877248
1115702804650319872
1115703932720959488
1115958612290043904
1115971067808501760
1115974969639436288
1115991578710020096
1116008193648410624
1116026281764753408
1116036372727508992
1116047697784516608
1116059527256866816
1116074022398242816
1116074743382335488
1116074819915853824
1116319492685144064
1116328043046494208
1116337612913106944
1116347425550163968
1116360448612417536
1116378042279055360
1116380955890024448
1116393225504292864
1116409834130296832
1116426191995572224
1116431223059038208
1116431362221858816
1116431361806667776
1116431361794105344
1116431361328414720
1116684429882212352
1116701268087574528
1116718117248471040
1116734477894598656
1116751086226935808
1116767445153394688
1116784049241169920
1116785921318379520
1116785920936685568
1116785920819200000
1116786015136550912
1116786015006597120
1116786014591303680
1116786061034905600
1116795878801596416
1117057603413135360
1117074333594193920
1117087553000280064
1117099631207440384
1117120771908878336
1117141907187077120
1117162799317254144
1117426288225062912
1117447427634749440
1117468311183396864
1117489563705008128
1117510593202798592
1117768824705748992
1117785148702056448
1117801756816216064
1117818125095964672
1117834981735321600
1117851584380252160
1117868446518140928
1118125111528370176
1118134951654907904
1118151861327081472
1118158085183373312
1118158354357071872
1118168717031038976
1118185538207592448
1118202147336871936
1118218753962065920
1118242571703209984
1118243657251946496
1118265815269244928
1118495574678835200
1118512440772366336
1118529555902414848
1118559757906870272
1118576110231486464
1118578621797552128
1118580889544478720
1118608826389889024
1118854195426279424
1118870800193474560
1118887660964151296
1118904271511150592
1118918365396049920
1118934121173192704
1119226142546907136
1119242516791009280
1119250047584153600
1119250173673320448
1119251175637946368
1119251292524883968
1119251306596765696
1119251808705294336
1119259114515968000
1119292586001412096
1119586518744563712
1119620245143027712
1119641883372871680
1119662773540200448
1119684914587344896
1119965299728703488
1119986403193044992
1120007794441228288
1120029188705144832
1120050368736579584
1120303240103567360
1120320110445645824
1120337213823254528
1120348283078160384
1120359111093362688
1120371679711125504
1120386810994221056
1120401136303910912
1120409365004070912
1120672424339607552
1120689031203913728
1120692707972780032
1120693533193789440
1120693769089835008
1120693768963940352
1120693768724930560
1120693816615481344
1120693936832569344
1120693994659504128
1120712694397657088
1120729301136093184
1120746237366554624
1120762539674148864
1120778759102136320
1120778871169847296
1120778870414819328
1120779379766956032
1121033057924993024
1121049909271117824
1121062377187835904
1121066570527191040
1121082877779873792
1121105894941523968
1121132407154008064
1121147298380165120
1121167637550125056
1121231021398212608
1121396694749515776
1121408902875308032
1121409023838961664
1121409023214018560
1121413348153790464
1121430165123469312
1121446778518351872
1121463137390166016
1121479744405606400
1121482753260830720
1121496096096829440
1121530251543232512
1121757092736585728
1121773685285765120
1121790291743084544
1121806644223074304
1121823259220238336
1121847029670588416
1121849636409442304
1121849636405370880
1121849666612674560
1121849712641024000
1121849890374672384
1121875877007171584
1121887066844016640
1122115732177813504
1122144878878707712
1122150980609630208
1122165784585936896
1122186650023604224
1122207538672480256
1122228428915265536
1122496948307681280
1.12251758365e+18
1122538480020656128
1122553066077736960
1122573951421558784
1122594843153379328
1122846249978408960
1122862605004169216
1122878962324127744
1122889533710852096
1122898588953141248
1122898604123934720
1122900603469008896
1122916963276271616
1122933610636632064
1123201961942241280
1123202088593448960
1123202088333344768
1123202905228632064
1123203036271214592
1123207662701826048
1123224000572854272
1123240090728321024
1123256450921521152
1123272558789447680
1123288661594910720
1123301277725855744
1123305019338625024
1123321377975566336
1123335449249030144
1123338737704951808
1123363975004139520
1123369082315845632
1123372331567591424
1123372394733871104
1123377274982682624
1123382309799985152
1123567498610212864
1123584910642561024
1123599200426631168
1123599623933841408
1123599707970920448
1123599707882835968
1123599724710432768
1123601247578329088
1123617831264899072
1123634438871629824
1123651051478032384
1123662119252180992
1123662211006775296
1123667406621163520
1123683766143266816
1123702049361756160
1123934166364688384
1123950542798098432
1123966630713860096
1123982732760178688
1124000854925815808
1124020049856159744
1124294795785121792
1124317397769498624
1124333546921963520
1124349652386689024
1124377818060791808
1124389159966314496
1124393940474585088
1124666745078390784
1124687630883540992
1124708521818374144
1124729448048353280
1124750545217048576
1124771188583141376
1125036935100227584
1125057820112642048
1125078708635742208
1125099599780294656
1125120482578247680
1125380444688719872
1125397305450954752
1.125414184576e+18
1125431029764972544
1125431880210427904
1125432043104538624
1125433240964272128
1125447892548890624
1125463991382368256
1125475355412914176
1125497965332893696
1125743842194534400
1125760207584407552
1125765399440707584
1125776305583263744
1125792659904323584
1125808766509776896
1125824873488617472
1126100450347032576
1126110145887514624
1126117051414863872
1126117968369324032
1126118051999563776
1126118051806687232
1126118061269032960
1126133658920861696
1126150015544713216
1126166625563160576
1126183502158925824
1126205142318112768
1126469621509492736
1126486230475079680
1126487737882873856
1126487871718871040
1.126488012702e+18
1126502890259079168
1126519452160471040
1126536055144849408
1126548820437929984
1126560232543608832
1126573305648111616
1126584877879648256
1126823449358417920
1126840061750857728
1126851506400059392
1126851505615712256
1126851505376645120
1126851636222144512
1126851644216487936
1126851719114231808
1126856416894029824
1126873278004563968
1126890143686823936
1126906500063072256
1126923113512538112
1127206227983859712
1127227616174510080
1127248508518584320
1127269646338527232
1127290541937500160
1127311416858484736
1127559051330621440
1127578931069116416
1127599814856859648
1127620708136308736
1127641342912487424
1127662743069310976
1127919426299465728
1127936128928100352
1127944308232007680
1127944327156641792
1127952892776861696
1127965140761051136
1127983476702052352
1127994579842740224
1128011783510343680
1128030333620891648
1128030812203569152
1128042239706435584
1128279549542895616
1128295905650724864
1128312777616109568
1128314534203150336
1128325807586279424
1128336421478109184
1128353031567945728
1128369640806207488
1128641682562592768
1128650421797629952
1128658041526792192
1128674653071867904
1128691266378768384
1128707620334964736
1128724226914103296
1128735403299811328
1128735532278636544
1128735532220129280
1128737944565686272
1128740840556388352
1129006089129943040
1129022695415402496
1129032480718295040
1129043083428016128
1129086462576795648
1129102730667208704
1129118574554091520
1129147459945603072
1.129363651562e+18
1129380049969401856
1129382192180801536
1129396406874193920
1.129413012518e+18
1129429627724816384
1129445983052607488
1129462597823160320
1129492369844383744
1129740932486766592
1129762068561899520
1129783220982222848
1129804596392669184
1129825739132592128
1130108095504379904
1130129491521605632
1130150628565630976
1130171510579187712
1130192400863977472
1130456645044248576
1130473253158510592
1130495798075113472
1130495899073994752
1130504831221882880
1130506723486240768
1130517291307884544
1130539182928158720
1130557051539738624
1130811229721759744
1130830103796158464
1130846962138267648
1130863576560930816
1130865802557702144
1130888881082163200
1130907478923849728
1130924019153289216
1130940245741117440
1130950246882795520
1131179913745174528
1131196869722423296
1131213631885119488
1131230487870083072
1131235904041963520
1131235998636150784
1131236072762028032
1131236278471671808
1131247351836884992
1131263715192520704
1131273860932878336
1131289633889947648
1131543304712151040
1131560165604560896
1131577053751468032
1131591478327877632
1131591619512283136
1131591619252240384
1131591618711183360
1131593886084861952
1131610745957953536
1131627669571944448
1131644217552494592
1131904181516865536
1131920792739033088
1131929091521896448
1131937656773009408
1131954261120770048
1131962160249221120
1131970876755329024
1131987481333817344
1132004088688914432
1132279656797888512
1132310609737994240
1132341820724326400
1132645818803138560
1132676774893113344
1132679036495421440
1132707979105583104
1132987320024686592
1133018527466696704
1133038156721336320
1133057534019952640
1133076481771487232
1133095782352134144
1133348699709628416
1133365058472484864
1133370956745977856
1133371508636692480
1133381670869110784
1133398528963895296
1133416148085743616
1133432501312086016
1133449110747586560
1133712345727930368
1133728302466764800
1133728423543791616
1133728430766399488
1133728611020824576
1133729206737756160
1133746064761212928
1133762929956986880
1133779788622118912
1133796715243421696
1133813511346376704
1134079279514472448
1134095872504094720
1134108705719500800
1134108842948739072
1134108879321804800
1134112480781885440
1134137576430940160
1134160799738597376
1134163900134494208
1134176399529562112
1134439134993498112
1134454521751592960
1134470343324831744
1134487753419296768
1134506076227940352
1134522177737383936
1134542717143396352
1134608137766481920
1134815116204085248
1134846322236936192
1134877775066750976
1134909988701429760
1135214242620219392
1135276659949678592
1135527309916758016
1135544166765801472
1135556663866511360
1135557159859761152
1135568576327405568
1135585440336142336
1135602329644883968
1135624197609328640
1135660465646907392
1135892712715108352
1135909578804097024
1135926444389994496
1135943300668694528
1135960159669411840
1135977019475410944
1135986355400597504
1135986461671641088
1135986461445173248
1135988346776379392
1135997943335530496
1136005641066242048
1136246546981445632
1136263408330911744
1136280277679050752
1136282981134471168
1136297129813729280
1136313993923047424
1136322792759189504
1136333363525148672
1136342600833802240
1136342629912911872
1136350338154467328
1136366582303735808
1136376568438317056
1136389374986379264
1136624560885895168
1136634350471188480
1136651213641043968
1136669078570045440
1136692394789941248
1136708844028141568
1136715808028184576
1136750867707813888
1136978113978687488
1136994984727646208
1137008931497267200
1137011836811919360
1137028699759546368
1137045561255895040
1137062419547734016
1137071217805090816
1137079285313875968
1137347804882460672
1137378755603828736
1137409715120594944
1137440413168615424
1137721515607306240
1.137752476504e+18
1137783422670245888
1137814877534375936
1138066038279548928
1138082899012587520
1138101516953366528
1138118374024667136
1138135241682558976
1138151204628959232
1138151202175311872
1138152100997849088
1138430186012270592
1138447042857132032
1138463909067800576
1138480893327302656
1138497632635170816
1138514492617363456
1138789303268646912
1138799257815789568
1138799257316679680
1138805904848109568
1138822533204127744
1138839194850254848
1138855987560030208
1138872593702739968
1138889209186607104
1139153450141388800
1139170312703135744
1139186920406355968
1139203783358070784
1139220396149039104
1139237253656535040
1139253859904360448
1139273486990487552
1139514077473050624
1139530680742887424
1139547444671340544
1139559370914762752
1.139559388514e+18
1139559421913247744
1139559622061244416
1139559748129435648
1139559747835895808
1139559747663872000
1139559873757306880
1139563903988510720
1139580764767608832
1139597372823154688
1139614234092986368
1139619636629200896
1139888542195310592
1139920004357533696
1139951966367432704
1139983167128035328
1140253699127881728
1140285621010862080
1140316611754233856
1140348325763387392
1140604008949846016
1140620868076396544
1140621023227842560
1140621023127252992
1140629421327618048
1140637730512281600
1140654591031291904
1140671451973988352
1140693952049401856
1140744161181753344
1140965640158765056
1140974339141058560
1140982515659870208
1140999362996297728
1141016225323147264
1141033087045963776
1141049946457694208
1141076120558809088
1141318216913956864
1141335074190823424
1141351936740024320
1141368797112279040
1141387550340395008
1141404276226441216
1141421143192158208
1141436120389042176
1141689913395568640
1141706773189054464
1141723635855609856
1141740583846842368
1141757374195294208
1141774325806247936
1141791081119571968
1141801033791881216
1141801033716436992
1141801142051123200
1142046765266407424
1142063651307839488
1142081301190762496
1142097350481108992
1142114207695024128
1142131072622354432
1142147524662300672
1142147524230373376
1142147654421495808
1142147680447225856
1142147810067918848
1142147809946341376
1142147931136507904
1142425512855388160
1142457218194989056
1142488432373108736
1142519884087209984
1142792429457870848
1142823401796644864
1142854338479644672
1142885795268898816
1143137958456963072
1143154890195329024
1143171679184654336
1143188537820483584
1143205404173881344
1143225233815605248
1143245841416761344
1143245841395789824
1143282025165664256
1143502357688410112
1143519222598946816
1143536152412119040
1143553476573745152
1143569548664332288
1143586410554908672
1143595214776537088
1143620133186875392
1143629438086762496
1143863493394935808
1143880346670456832
1143897208942682112
1143899720886169600
1143902019025063936
1143914095063764992
1143930929297182720
1143938726718005248
1143947792978796544
1143979990490537984
1144224612882014208
1144241476882354176
1144258336382181376
1144275198092488704
1144292057038692352
1144311285548560384
1144327792890404864
1144337605175271424
1144337621897949184
1144337664226865152
1144590276339601408
1144607137064267776
1144623997025492992
1144640859922731008
1144657746702340096
1144674583318056960
1144683745456394240
1144683854663507968
1144683854395039744
1144693139283873792
1144962727066177536
1144996705412231168
1145030429021528064
1145064146872016896
1145328330343931904
1145359592639086592
1145390798260883456
1145422255326994432
1145673159716286464
1145690019019055104
1145706882079842304
1145723747111964672
1145740599259217920
1145757464874364928
1145774574002462720
1145774573813673984
1145774594680328192
1145774678050521088
1145774711848210432
1145821755866517504
1146039825918844928
1146056687171903488
1146073549599383552
1146107133538291712
1146124129260769280
1146141102300368896
1146400706863255552
1146417637913780224
1146428554726518784
1146428633680109568
1146428687409188864
1146428696582139904
1146428796662362112
1146428796209442816
1.146428795207e+18
1146434428052357120
1146451290765049856
1146468147823820800
1146485050092994560
1146492574733086720
1146765614763188224
1146788759968657408
1146812918807371776
1146836829011886080
1146857714246660096
1146879105591402496
1146901584191860736
1147127497475182592
1147144365778919424
1147161212775477248
1147178074179624960
1147189026929225728
1147195042722959360
1147211798682185728
1147234274795544576
1147234296463319040
1147234409793433600
1147501959269814272
1147534173265125376
1147566635991142400
1147598106541903872
1147867623377526784
1147899833220509696
1147931543878459392
1147963000403439616
1148212390691037184
1148229254385164288
1148246113209786368
1148262978929745920
1148279834872877056
1148304413783724032
1148322865403564032
1148574026119491584
1148585048507113472
1148590887905222656
1148607748940161024
1148624610172313600
1148640847816200192
1148649774075318272
1148667990935818240
1148679550760574976
1148679597963264000
1148679633132564480
1148937165742772224
1148949698591502336
1148949698415333376
1148949878543962112
1148955038456459264
1148966352876691456
1148978008868491264
1149013117722091520
1149049288061784064
1149049776203280384
1149049830217584640
1149049878800216064
1149049878678556672
1149049887935406080
1149049905257885696
1149049979119554560
1149049979572563968
1149050133675413504
1149050249530564608
1149050257399013376
1149050358133641216
1149050357856821248
1149050434830655488
1149050475825774592
1149050475670638592
1149050515034169344
1149050560793985024
1149050661268611072
1149050661247606784
1149050661230825472
1149050660857552896
1149050660740050944
1149050663374077952
1149050775517192192
1149050775169052672
1149050774825111552
1149050774640574464
1149050841837527040
1149300566914424832
1149317424233222144
1149334311423885312
1149351310392733696
1149368000744759296
1149384865722372096
1149411498059583488
1149661192639488000
1149677547342503936
1149694404694892544
1149711287972225024
1149728132942970880
1149761849996599296
1149812099050332160
1150037667310161920
1150069884220583936
1150101843420372992
1150133804197208064
1150404842059423744
1150436796255428608
1150468763596263424
1150500723345559552
1150748613406011392
1150765606934855680
1150782326626050048
1150799181608620032
1150805305653125120
1150805414101041152
1150805413765558272
1150805473563676672
1150805798551007232
1150805835993559040
1150806014054322176
1150806148926324736
1150806228056117248
1150806278656155648
1150816056841265152
1150832908942417920
1150845581704736768
1150845702454632448
1150859098176524288
1151114237848301568
1151130872512438272
1151147735510372352
1151164595173826560
1151181456351387648
1151198317092777984
1151469858594402304
1151486719449030656
1151489984874065920
1151489984639242240
1151490033360220160
1151490158535106560
1151501873100337152
1151503577355083776
1151512638221950976
1151517214648012800
1151534856461017088
1151551645442031616
1151558307665960960
1151568504979677184
1151585368334045184
1151836271897133056
1151849865921609728
1151849977506930688
1151849977083305984
1151849976936456192
1151869240577839104
1151886854762958848
1151903712941674496
1151910394845433856
1151920573032910848
1151920590489608192
1152202182906851328
1152219040632516608
1152235910664249344
1152252838346727424
1152269624316219392
1152279823869448192
1152279823529717760
1152279854521487360
1152286489906204672
1152303394318704640
1152573880713785344
1152605839364120576
1152637801789296640
1.15266976226e+18
1152941552374861824
1152973520198164480
1153005477669867520
1153034167359291392
1153287080409219072
1153303941855240192
1153320803808829440
1153335835091247104
1153335835074469888
1153335834445254656
1153337662054576128
1153354274006589440
1153649244403879936
1153666081040601088
1153682937457590272
1153694763218022400
1153694762953859072
1153694762609893376
1153694799255314432
1153695952475213824
1153696064081412096
1153696089045905408
1153696179517042688
1153699794667393024
1153716663180779520
1153733523615965184
1153750380817371136
1154010356576129024
1154027210791096320
1154044068764086272
1154060931397296128
1.154075671163e+18
1154077788464451584
1154094645736960000
1154111512010797056
1.154135130988e+18
1154373240573349888
1154390098915614720
1154406957287202816
1154423821891448832
1154440688735531008
1154457541201416192
1154463334613303296
1154463519632482304
1154463519234023424
1154463577849376768
1154463587290812416
1154463708506017792
1154463708380143616
1154474401313636352
1154476762698416128
1154476916151390208
1154476915849220096
1154737136312229888
1154753996411867136
1154771648500908032
1154788467701764096
1154805333099012096
1154819308809310208
1154822199351681024
1155110850073702400
1155142054449700864
1155173262319587328
1155204213623984128
1155477260935323648
1155508719498813440
1155540173515579392
1155571633471545344
1155821288277073920
1155838143477747712
1155855070979874816
1155871868978679808
1155887387710513152
1155887459852529664
1155888330342567936
1155888835529719808
1155905589278584832
1155929182649499648
1155951439765618688
1156185174654312448
1156202062956453888
1156218936725311488
1156235760321933312
1156243695555043328
1156255514549993472
1156268116688723968
1156273261652656128
1156289893208875008
1156323277515759616
1156540273519988736
1156546439390085120
1.156552233452e+18
1156558631841796096
1156569960342335488
1156586569584861184
1156603431303491584
1156620295781978112
1156636520721330176
1156636646470758400
1156638091215593472
1156657914528116736
1156911230147276800
1156928073092272128
1156944932940189696
1156961865576194048
1156976776020709376
1156997781569069056
1157010615606677504
1157019178680930304
1157274613774241792
1157281979324346368
1157282402483539968
1157291466982604800
1157308374054256640
1157313835751133184
1157325189354536960
1157342049538125824
1157359010275835904
1157391878104539136
1157396909121843200
1157423221383270400
1157648070374547456
1157662410678968320
1157679523456069632
1157711484392288256
1157743446490329088
1157755417323327488
1158015486380118016
1158037127277531136
1158047451657490432
1158409964123279360
1158412727574024192
1158413490501095424
1158429578446168064
1158446327560380416
1158735476905447424
1158747143210971136
1158824580351430656
1159088558591959040
1159105298323386368
1159105299049046016
1159105651311828992
1159105917813743616
1159126609661714432
1159151996424937472
1159187963298930688
1159445659394744320
1159462520400334848
1159479388062330880
1159496246698172416
1159514396630159360
1159531755239550976
1159559540553211904
1159807295380959232
1159828120612016128
1159844792538472448
1159861654231932928
1159878511605223424
1159895375291068416
1159912236703502336
1159918008535531520
1159918138114412544
1160185031626776576
1160216750862082048
1160232850546974720
1160234108318113792
1160552956657319936
1160584918356938752
1160616381278298112
1160648333674856448
1160893955405471744
1160909171786682368
1160910826984923136
1160933618019131392
1160950330059894784
1160967188691509248
1160984076179968000
1160987937888231424
1160988069551640576
1161001309761417216
1161257604078854144
1161274464430100480
1161294727695740928
1161311449156923392
1161340648039079936
1161345675508047872
1161619744753143808
1161636595432402944
1161653539631960064
1161657734162518016
1161657946310422528
1161669820066205696
1161687184740667392
1161709162948153344
1161725935424614400
1161973165486219264
1161982376060358656
1161999325494427648
1162016100013547520
1162032956657098752
1162049823366889472
1162074589532479488
1162090048168366080
1162361151847567360
1162363130334367744
1.162377730845e+18
1162394638004756480
1162411471864811520
1162428317330550784
1162445176696115200
1162720739507802112
1162752454167072768
1162784411177431040
1162816372512120832
1163085647168626688
1163117355284738048
1163149355991425024
1163181276116992000
1163431673842851840
1163450047796846592
1163468419867521024
1163487679511781376
1163513949234630656
1163531405042835456
1163792302680264704
1163810700491468800
1163839731320479744
1163857882615635968
1163874592282349568
1163891958491865088
1164157467573575680
1164175832413298688
1164194199669006336
1164197831277719552
1164231119987978240
1164243271872319488
1164265925291499520
1164520619968536576
1164522507241738240
1164538975173959680
1164542958177271808
1164557345831174144
1164594084201320448
1164643318506164224
1164880585279639552
1164900605107875840
1164911421379022848
1164911925198819328
1164917480260812800
1164934325101584384
1164951189198376960
1164968052028530688
1164990733075517440
1165259474585706496
1165269421188878336
1165291428408414208
1165323391416639488
1165354862227402752
1165405927144660992
1165623368726528000
1165655091988373504
1165679196091375616
1165686790512152576
1165779111169658880
1165964117049581568
1165982486591094784
1166000937405747200
1166019227670712320
1166031428485820416
1166037595496861696
1166055966971977728
1166331787238420480
1166350150689648640
1166368530381643776
1166386900116168704
1166405270089678848
1166412177114374144
1166413282229592064
1166424050450743296
1166435891683966976
1166460062245818368
1166681841509818368
1166687545482186752
1166700209822416896
1166718583138918400
1166736956321161216
1166755324331773952
1166773706498203648
1166793396033327104
1166805816135098368
1166854446401380352
1167052776834310144
1167061390819020800
1167075662580125696
1167080724782112768
1167089950652805120
1167104632809762816
1167114186440290304
1167114244267159552
1167114375464968192
1167114375456591872
1167115638474776576
1167127529234325504
1167145647159631872
1167164019045744640
1167203905727586304
1167416431664861184
1167434802787749888
1167452917462372352
1167453173637926912
1167471543347220480
1167489923089350656
1167508286159147008
1167513761659441152
1167526659538522112
1167540460950347776
1167558347681402880
1167784560425390080
1167802478135578624
1167820848004239360
1167839216547651584
1167857589331406848
1167875962609909760
1167894334080839680
1168190786158116864
1168223246669557760
1168234691582922752
1168254957373579264
1168282583165276160
1168521210830962688
1168544870644011008
1168566258150903808
1168588153130799104
1168609292901130240
1168668813912608768
1168861206247092224
1168879574232510464
1168895931242176512
1168904899804966912
1168905042713305088
1168906495980949504
1168919077966012416
1168937453622837248
1168955820752691200
1168966647648047104
1168978046700937216
1168982999607783424
1168983192843489280
1168983251433730048
1168983288628830208
1169228122224504832
1169246491724144640
1169261586021801984
1169263472552620032
1169264352874127360
1169268919963738112
1169290218995892224
1169314862637441024
1169338404422610944
1169346291094183936
1169358478709858304
1169593273935126528
1169602687790440448
1169615422238482432
1169621122436009984
1169626938035621888
1169648389195206656
1169666758325821440
1169671475437158400
1169677987643580416
1169685131315093504
1169696798413377536
1169698533609545728
1169698715675824128
1169698845720289280
1169707792262979584
1169956920641433600
1169975296499572736
1169993665802096640
1170012036014706688
1170030404772028416
1170048137853095936
1170048270711894016
1170048270082674688
1170048374021771264
1170048491525218304
1170048774913368064
1170056348597403648
1170067149530025984
1170328370669903872
1170360328540041216
1170392293674799104
1170424503022891008
1170697562107645952
1170729510028947456
1170761474404495360
1170793434002657280
1171051337972441088
1171062453968482304
1171062489485910016
1171062638132039680
1171069497656139776
1171081274435391488
1171093157121011712
1171096769138233344
1171105993159249920
1171115047831126016
1171122552741253120
1171122583204446208
1171123823846088704
1171123914908557312
1171123955836563456
1171125345250156544
1171125417547378688
1171125540171984896
1171127440204283904
1171129581111271424
1.171129662938e+18
1171131426173046784
1171132712029184000
1171132737341648896
1171134228622434304
1171134239783477248
1171134257399508992
1171152041642795008
1171397273974185984
1171405882103668736
1171415531502616576
1171426600518373376
1171432641767149568
1.171432641742e+18
1171433901966815232
1171437427157716992
1171449507881476096
1171463845975482368
1171491086415450112
1171508138899492864
1171763198061449216
1171786613212504064
1171804342594232320
1171823036913397760
1171839013994618880
1171839574110285824
1171839824719994880
1.171865449858e+18
1171878104631074816
1171888014945075200
1172121877080420352
1172124961173098496
1172143332757299200
1172161698297499648
1172180074310844416
1172214199994462208
1172232665619152896
1172314378680639488
1172489361193078784
1172507728490762240
1172517540913979392
1172526103413624832
1172536009571086336
1172544545457942528
1172562842169630720
1172581216853331968
1172599587657441280
1172682590110801920
1172864836050522112
1172896292315570176
1172928251288793088
1172959735500476416
1173035444822532096
1173235275704799232
1173267239014981632
1173298696626348032
1173319225991147520
1173329900574597120
1173581558093164544
1173599927034736640
1173618338515292160
1173636667263111168
1173657616549109760
1173696227881476096
1173696227726319616
1173696245321412608
1173696306864381952
1173940669745905664
1173952044144762880
1173961559548317696
1173979962900172800
1173998299684265984
1174016673222987776
1174305077248634880
1174319167039856640
1174325730773262336
1174325848750678016
1174325848528302080
1174327972096028672
1174346345391562752
1174364715658698752
1174383085934317568
1174392755763712000
1174394029997510656
1174401463633829888
1174441902806044672
1174675636163686400
1174684575643160576
1174701855018016768
1174706680627650560
1174715812244008960
1174719426400329728
1174728752867225600
1174735981108506624
1174747492052799488
1174747735377031168
1174747912556994560
1174754929069711360
1174781746820390912
1.174781767125e+18
1174781796711567360
1174781931898249216
1174781931571109888
1174781931122302976
1175026827984875520
1175043688562647040
1175060679394504704
1175077414126399488
1175094274641276928
1175111157583101952
1175131514385960960
1175403822656774144
1175435272504434688
1175467247994920960
1175498941745565696
1175771236619755520
1175803198025666560
1175835161910546432
1176113239408730112
1176130102129811456
1176146957380792320
1176165582447808512
1176202323917529088
1176205091373760512
1176239523728154624
1176247617514328064
1176473918200303616
1176485549592461312
1176494749580238848
1176497422165520384
1176497442700845056
1176513126344380416
1176531493218398208
1176543266927521792
1176585012591910912
1176585012071862272
1176840417955987456
1176858671814467584
1176865024368939008
1176869813853073408
1176879533661806592
1176900419827765248
1176918790669504512
1176937163243610112
1176944712252612608
1176944711866748928
1177202413897490432
1177212928921149440
1177231102848708608
1177247731431219200
1177251550915375104
1177258532896432128
1177269483569913856
1177285461867409408
1177568098464993280
1177586444291981312
1177604814563356672
1177623189201068032
1177641559283634176
1177659562817675264
1177666742501482496
1177675029745688576
1177706998206476288
1177940276863754240
1177972235430178816
1178003949468704768
1178035656343408640
1178305715154366464
1178334901059358720
1178369398215774208
1178401109183991808
1178651211404316672
1178669586272722944
1178687955772174336
1178724693811122176
1178739537356476416
1178805095775047680
1179015612133187584
1179027901771079680
1179033984069783552
1179043163018842112
1179043162628734976
1179043162456825856
1179052354429165568
1179070726302785536
1179152918978727936
1179160561441005568
1179374980372602880
1179393350845304832
1179411722492362752
1179430093241962496
1179448602999115776
1179467133849395200
1179468813617844224
1179479884369993728
1179500419514556416
1179740640499896320
1179756547775303680
1179756660287520768
1179756659608100864
1.179759013183e+18
1179780903087808512
1179784801605361664
1179784927811952640
1179785112734621696
1179795750357782528
1179806068324610048
1179823942502113280
1179839425720836096
1179842556714205184
1179847563584970752
1179859673266184192
1180105043929944064
1180110979159543808
1180123691142799360
1180141781339557888
1180145375681888256
1180160156887322624
1180178529805312000
1180209724907823104
1180212244673679360
1180226090897465344
1180230334203535360
1180482281460424704
1180514276085248000
1180546200384225280
1180579663053086720
1180847437545644032
1180879142331527168
1180909338287902720
1180931485249015808
1181205408171642880
1181214397672382464
1181223202095284224
1181241529664360448
1.181259905443e+18
1181276878734266368
1181276883025092608
1181276955825434624
1181287828551979008
1181309223013146624
1181545959727218688
1181556854985543680
1181578394829541376
1181596621152358400
1181634111427039232
1181649966432952320
1181666830517178368
1181914526331092992
1181915353317875712
1181933590994706432
1181951964185288704
1181970334658023424
1181988700403712000
1181991785406648320
1182007074110267392
1182021161632305152
1182021413928087552
1182021413546450944
1182023174537580544
1182303275485450240
1182309148307984384
1182314097997692928
1182328687032709120
1182342024953024512
1182359342236028928
1182384459657764864
1182395377238073344
1182404185423306752
1182642175152140288
1182660393270947840
1182678748069613568
1182706344136237056
1182713221209378816
1182729084528418816
1183016228824195072
1183053462927499264
1183390433231151104
1183447308064739328
1183776728579301376
1183826308658319360
1184081239650779136
1184099645800288256
1184127015223517184
1184138367753175040
1184159507334750208
1184169822583689216
1184176866581762048
1184449919618289664
1184469547685953536
1184508013186572288
1184514344815681536
1184558787551780864
1184562154743173120
1184805894883872768
1184810545301643264
1184828912553082880
1184839679314714624
1184847359068557312
1184848869336719360
1184891078484340736
1184933098250739712
1185171554923175936
1185181745689382912
1185202630823424000
1185226108461092864
1185247203671101440
1185266552733614080
1185284421248831488
1185316631322476544
1185531043568324608
1185567539197337600
1185601266501730304
1185639502892670976
1185919348575215616
1185957348042559488
1186007185450553344
1186261103497678848
1186265269557178368
1186282997269565440
1186303407067451392
1186315205309063168
1186327289119891456
1186338232277065728
1186349437553119232
1186365541772152832
1186628024076328960
1186662283533045760
1186664764371542016
1186681116792672256
1186693203623329792
1186703093632831488
1186717861793931264
1186988900180529152
1187010289574797312
1187030715499716608
1187041170708406272
1187052213581033472
1187054829773959168
1187065054933475328
1187072704710610944
1187076974835052544
1187090568666648576
1187102141757952000
1187345887305125888
1187364815058210816
1187364876731211776
1187377484435722240
1187384509135839232
1187400131747954688
1.187418743842e+18
1187442388878397440
1187704611345518592
1187714430563442688
1187735201251840000
1187737743717273600
1187744623910948864
1187760479038595072
1187768783794036736
1187773811246153728
1187778602777153536
1187801751031861248
1187819871125622784
1187830572850319360
1188073092733644800
1188076937681485824
1188110289956429824
1188167158410498048
1188456315254906880
1188490287645188096
1188520486835240960
1188555220399333376
1188797823082471424
1188817546226683904
1188837325331148800
1188850919053635584
1188865761693065216
1188871301445931008
1.188882623223e+18
1188893438290341888
1188900993985142784
1188915173932843008
1189157050489679872
1189178824329695232
1189187889025802240
1189207481815310336
1189207872728715264
1189217832602624000
1189219724804136960
1189237713582596096
1189249540592939008
1189258349096906752
1189520854738227200
1189533739468148736
1189547252940976128
1189561814478135296
1189571081318928384
1189580220497612800
1189591800341770240
1189612935234109440
1189626781923459072
1189880187556704256
1189905363363127296
1189918951981096960
1189934303234478080
1189950164150214656
1189962489108320256
1189973566248366080
1189986648811089920
1190237700374310912
1190268001129500672
1190279325788069888
1190285118625202176
1190297954881544192
1190301554185842688
1190308015007776768
1190328906093645824
1190345264151900160
1190351049393082368
1190368855983611904
1190369136037240832
1190369929356288000
1190639963265740800
1190667639892463616
1190693812064194560
1190720735595171840
1190986491348033536
1191037071579856896
1191064499987603456
1191096460026241024
1191346239448727552
1191364480078364672
1191384110540963840
1191395430044721152
1191414057724776448
1191436199015206912
1191455576989020160
1191707843734523904
1191726694752759808
1191746245032849408
1191770401866735616
1191801208517865472
1191809409497866240
1191809662267600896
1191809690528833536
1191819232838856704
1192073908851216384
1192085414787596288
1192098067748659200
1192124240239177728
1192142396391329792
1192159969006772224
1192178595063570432
1192187650222018560
1192429552519303168
1192445274494570496
1192477058133307392
1192494209145671680
1192511485760684032
1192512545636179968
1192528904164139008
1192802462069067776
1192826476535668736
1192852279826829312
1192869141859966976
1192871612472840192
1192871612451872768
1192871611860434944
1192872301076897792
1192886259766714368
1192908355234336768
1193180698468896768
1193213166681018368
1193238072676237312
1193266510288052224
1193548366728310784
1193594671999664128
1193636698665697280
1193879807295180800
1193891273347870720
1193920575703592960
1193946238422593536
1193987258724102144
1194259810063130624
1194268285342273536
1194296106265518080
1194302292972965888
1194359719294636032
1194609615713030144
1194664983688351744
1194683849856471040
1194696939603931136
1194710276555333632
1194717281751838720
1194978042264903680
1194990370465206272
1194996412888559616
1195016040071204864
1195024225695870976
1195337182422208512
1195343951781335040
1195359556731392000
1195368611310911488
1195378431095164928
1195391011935133696
1195410138192060416
1195419445956612096
1195439572064317440
1195439696916160512
1195439696492544000
1195439696417099776
1195439696001818624
1195447631360733184
1195713382911021056
1.195751134713e+18
1195784601693757440
1196086596837281792
1196164102676193280
1196419945439072256
1196425830693527552
1196443059346722816
1196461816886550528
1196480696056979456
1196500336086790144
1196510133196603392
1196521539568635904
1196787214300176384
1196823456840605696
1196842835091349504
1196860949640228864
1196877866778218496
1196881330723807232
1196893161819381760
1197151365363126272
1197169734388764672
1197181305110351872
1197201021556199424
1197220567105060864
1197231134221967360
1197242965263036416
1197512625820749824
1197525079703375872
1197564891588153344
1197566596895690752
1197576408341585920
1197587737873915904
1197869764280029184
1197896272230912000
1197924343931658240
1197957344161943552
1197977048486154240
1197988127194984448
1198252115367477248
1198307232833777664
1198346490294546432
1198347993038147584
1198623362412679168
1198707366218420224
1198965638905155584
1198984188399104000
1199003581933858816
1199017156614262784
1199048128156098560
1199057670097063936
1199345817984745472
1199357685008863232
1199406215715065856
1199683323230138368
1199703176691273728
1199722335747620864
1199741931347206144
1199760589075177472
1199764183899918336
1199780179297624064
1200069844252659712
1.200089507456e+18
1200111621835804672
1200130996705878016
1200413859569426432
1200434998832254976
1200456140540305408
1200463185255522304
1200477530932875264
1200481299187806208
1200513934668828672
1200795372182024192
1200803524042526720
1200826827104759808
1200856270707802112
1201153988487450624
1201169836509974528
1201226459144163328
1201492475501842432
1201513309872295936
1201584123996966912
1201610800483438592
1201874761573392384
1201882536894509056
1201903170588463104
1201928388644134912
1201940162487431168
1201950485961486336
1201962565590499328
1202219759795888128
1202244927712837632
1202273613912649728
1202287442671341568
1202316233309331456
1202336273031151616
1202336387250491392
1202344829256122368
1202580940859564032
1202620897821151232
1202641440167383040
1202665947993198592
1202690607333941248
1202698407850188800
1202948059803635712
1202967524209549312
1202984800702873600
1203003227870027776
1203030094211620864
1203052240933548032
1203052388145418240
1203052388136960000
1203332087983595520
1204033462384177152
1204055352574140416
1204073469018816512
1204094108538753024
1204113232169967616
1204129591956320256
1204398867753639936
1204417992810881024
1204420002503217152
1204438646268530688
1204458255038189568
1204463859509141504
1204764355297992704
1204787176803880960
1204806808466014208
1204808766660763648
1204829728584224768
1204872871463526400
1205122399429177344
1205137080432635904
1205146539770941440
1205161139233005568
1205182782701527040
1205202408093167616
1205217931975639040
1205232484398575616
1205485049279401984
1205506417668562944
1205520755250925568
1205532086469300224
1205542650046074880
1205551845629976576
1205572094664282112
1205579392375836672
1205864276029820928
1205915868741410816
1205958520325234688
1206231191298486272
1206274473512579072
1206317005181243392
1206569925973815296
1206592071898939392
1206606039669493760
1206606160071217152
1206610693576892416
1206618074524405760
1206631581659607040
1206935332391981056
1206948420524613632
1206966334980055040
1206986180362936320
1207004321432449024
1207294699448479744
1207294833892712448
1207303253068787712
1207315389513908224
1207351569597026304
1207373468326604800
1207382020181151744
1207401397727252480
1207664891412303872
1207686032365412352
1207705439644848128
1207714210425327616
1207729448927289344
1207729725025783808
1207741137416523776
1207755335668314112
1207781401355018240
1208021236300824576
1208041872893067264
1208061003092709376
1208070054337765376
1208092199692460032
1208108468177121280
1208125923133927424
1208134988115238912
1208428424324358144
1208460884814770176
1208494355759206400
1208770177011245056
1208806159882301440
1208837617388834816
1208854780325576704
1209117462660296704
1209119353200877568
1209139104153296896
1209155911740248064
1209161499660472320
1209182893903372288
1209204286091124736
1209475823432085504
1209512314908618752
1209535504502398976
1209576567590006784
1209821147321323520
1209875235316682752
1209897854258622464
1209918787111260160
1210205380959178752
1210229288278134784
1210278360519233536
1210567011358654464
1210588399037497344
1210613662462951424
1210625145192271872
1210640498504982528
1210653837134061568
1210666674594177024
1.21068176596e+18
1210947267772985344
1210950290414931968
1211002634062245888
1211327776952901632
1211643606915833856
1211665252145868800
1211687392303861760
1211719136017076224
1211739986573352960
1212007758964412416
1212015657178615808
1212029394279161856
1212049819700727808
1212069161649745920
1212083247737450496
1212105399224143872
1212127357047377920
1212229532830314496
1212357841413189632
1212392288783097856
1212413428880547840
1212435324653182976
1212456715158994944
1212478357297909760
1212725231837687808
1212744357897547776
1212763737746235392
1212782866138062848
1212800338551549952
1212800946754990080
1212832119396982784
1212840789174296576
1212841125184180224
1212850050252062720
1213098440462344192
1213120339334578176
1213149530415341568
1213159478385938432
1213172933729890304
1213176455561195520
1213192097567846400
1213208421920579584
1213481722689523712
1213547903811231744
1213842346250518528
1213922624016916480
1214181580283011072
1214200960014266368
1214220087491776512
1214239462097592320
1214264122621276160
1214302064559480832
1214302119639048192
1214547997209571328
1214566108360933376
1214584479072882688
1214603359610658816
1214621981842259968
1214640348204544000
1214906607177482240
1214925984425754624
1214946524855181312
1214964487922573312
1214983615299440640
1214998462653222912
1215021526149406720
1215021526132674560
1215281067227107328
1215292645779611648
1215305988078743552
1.215323885543e+18
1.215337189263e+18
1215350527120244736
1215376699174674432
1215629885986803712
1215645727667511296
1215664918713847808
1215682719620960256
1215701086826266624
1216002582398881792
1216054414890471424
1216091920704987136
1216376294910386176
1216408253812428800
1216447001283497984
1216720561826607104
1216739182091042816
1216758363469598720
1216769125177077760
1216780207966781440
1216813919332970496
1217084874437419008
1217096280352206848
1.21712003145e+18
1217127492101771264
1217147621715869696
1217168002480791552
1217169914152280064
1217221103099269120
1217444334909390848
1217463757644926976
1217481072822407168
1217493150153039872
1217510013813641216
1217526369451683840
1217576106733244416
1217805458053959680
1217824262297440256
1217833891651780608
1217847369603198976
1217858303402893312
1217869877471563776
1217904103394811904
1217918704387796992
1.218169859391e+18
1218189738374574080
1218218286934040576
1218226885177618432
1218235546541142016
1218252149685178368
1218253291974512640
1218276878085214208
1218296438356049920
1218543326959456256
1218606480741584896
1218933133900468224
1219250732479733760
1219301309595209728
1219337809250660352
1219620417897402368
1219632995369398272
1219644796064686080
1219660175222755328
1219685599692623872
1219730744391733248
1219983992000274432
1219986323001487360
1219999199489556480
1220010989824958464
1220029366207483904
1220046721708974080
1220062331767533568
1220081076770680832
1220330348275556352
1220360636686917632
1220383935034773504
1220421697242832896
1220422195039653888
1220706419441311744
1220724695827468288
1220743311251714048
1220771497079463936
1220787862150492160
1220795677334286336
1220800946768433152
1220817299814469632
1221085574246936576
1221127592973164544
1221185726991228928
1221459035406336000
1221537544594239488
1221786437055655936
1221805065754771456
1221832236133122048
1221856762913009664
1221902825661353984
1221906876465668096
1222157641528545280
1222191627579600896
1222226602400133120
1222519783444361216
1222538896610906112
1222549682540503040
1222549972601769984
1222550380967534592
1222558527111254016
1222576547195949056
1222582940066029568
1222595772463620096
1222609362780409856
1222616273005182976
1222617157965578240
1.222885068408e+18
1222904811076640768
1222925949383200768
1222939536776474624
1222955891189743616
1222974513719271424
1222981708582203392
1223019810495266816
1223244295592955904
1223264427211923456
1223275496290619392
1223288335503970304
1223303686627176448
1223311237968203776
1223323311662411776
1223340959519428608
1223351496940625920
1223361739560902656
1223367603894333440
1223623549568548864
1223661824589139968
1223703828081582080
1224002288802574336
1224048092116410368
1224093888945827840
1224096430115237888
1224327626455687168
1224345806360150016
1224355370346471424
1224366718258155520
1224387079318245376
1224393335508434944
1224394072267411456
1224407207330177024
1224421576784908288
1224704185444290560
1224728067932938240
1224776645845884928
1224783751227564032
1224803565207793664
1225070026891329536
1225088464976273408
1225128966853447680
1225146830775881728
1225452340142104576
1225467947587690496
1225495970705788928
1225513733130260480
1225526544027791360
1225543696227196928
1225771443847340032
1225782016613941248
1225800139006189568
1225826936204746752
1225848676821716992
1225857817208381440
1225884194397659136
1225905834959556608
1225917404905168896
1226151950862954496
1226197248578592768
1226251103676837888
1226548565016752128
1226864401237577728
1226883051814154240
1226889315256586240
1226908439219179520
1226927315822743552
1226939640814481408
1226946687186411520
1226947541360611328
1226959773138116608
1226969207520288768
1226977901553364992
1227226537700839424
1227245918879129600
1227261646277574656
1227280895343759360
1227291962245570560
1227310082913972224
1227326648934191104
1227334859648929792
1227334859980406784
1227351610512330752
1227591474763718656
1227609561458188288
1227628256708440064
1227656363972624384
1227668447657631744
1227693868348575744
1227952066720620544
1227969390722867200
1227992679268651008
1228021520221511680
1228038642909810688
1228080163449188352
1228335593991671808
1228375603734368256
1228375836031623168
1228375859800805376
1228395242459729920
1228442548290686976
1228455996902825984
1228686911381950464
1228772478262140928
1229065655401558016
1229404456317571072
1229431365722148864
1229481901192368128
1229514612565053440
1229763503721975808
1229782630545141760
1229801498571395072
1229820912075202560
1.229837736884e+18
1229845789381464064
1229846798203850752
1230133687079051264
1230149792342269952
1230195774828482560
1230196210448916480
1230204150866161664
1.230214224712e+18
1230227052323885056
1230239887397396480
1230492557253251072
1230511218542202880
1230554341444116480
1230571576057311232
1230849310587269120
1230850564579364864
1230868632235847680
1230879618191822848
1230890429236883456
1230909049639776256
1230938662134853632
1230956864382345216
1231228910207148032
1231310696169734144
1231599092884758528
1231681139649253376
1.231939088393e+18
1231954438111232000
1231970292962078720
1231989167950909440
1232007281878982656
1232025653085687808
1232301751761547264
1232324879590055936
1232339473708527616
1232365901460180992
1232389923594022912
1232395618250784768
1232666932798685184
1232693054924034048
1232710169563410432
1232729046104059904
1232745899299917824
1232768980038930432
1233037075064197120
1233054689031344128
1233066009080274944
1233093192955957248
1233111322734276608
1233385371066667008
1233403988776714240
1233422360641970176
1233433556531208192
1233445517725773824
1233472688573894656
1233765140232798208
1233850936059142144
1234135059193565184
1234476059573334016
1234491153598369792
1234507510507286528
1234512546390036480
1234527447409922048
1234565394444308480
1234574196409294848
1234592239516618752
1234592703813386240
1234593975207702528
1234835927643623424
1234854299693395968
1234872668815609856
1234891291495931904
1234920988137185280
1234938849488506880
1234939102279196672
1234948412124139520
1234957723558711296
1235201588261683200
1235219977499799552
1235238329412616192
1235257199578013696
1235269767231156224
1235278858691194880
1235288654026878976
1235308690099646464
1235557938443350016
1235576553716752384
1235594674980540416
1235613080945668096
1235645002492948480
1235658398097534976
1235671434237800448
1235679329146884096
1235691811185790976
1235711188090138624
1235927620560334848
1235946596015190016
1235965877411078144
1235992295301881856
1236009160942194688
1.23602665866e+18
1236026769066659840
1236027525857529856
1236038595846254592
1236294280559329280
1236351159113220096
1236390674104188928
1236635281408888832
1236718324425383936
1236996663224537088
1237003963133812736
1237015471532244992
1237048383925358592
1237063851373363200
1237097638765494272
1237110407938048000
1237124250642911232
1237141613991919616
1237362862781235200
1237380944123879424
1237399822463885312
1237426749589409792
1237431021362196480
1237449924394061824
1237468723314937856
1237470402617712640
1237719677117358080
1237734167665881088
1237743080830308352
1237761756707069952
1237778317375426560
1237794169822810112
1237801210830356480
1237812538718531584
1237820592839102464
1237828713988972544
1237835827625037824
1238085556019646464
1238115693448564736
1238134914471604224
1238165943718641664
1238177696154353664
1238189272580136960
1238216500701519872
1238444953635823616
1238458028460040192
1238477793647890432
1238487597921505280
1238491877000785920
1238494786845278208
1238513185382113280
1238531605414711296
1238550704735817728
1239516859352977408
1239548255966507008
1239564579753132032
1239620696776544256
1239636805621886976
1239929089785499648
1239936846529843200
1239938436540305408
1239939376278376448
1239940724289871872
1239941370321788928
1239942035429351424
1239945212824346624
1239946460696895488
1239947126978813952
1239947718274973696
1239948559170101248
1239949639387942912
1239950302142439424
1239952647932780544
1239953149949083648
1239954398383652864
1239954699798757376
1239967302805622784
1239988859297021952
1239988910547243008
1239989019213213696
1239989183680319488
1239989258397585408
1240004503014948864
1240043994584940544
1240258636900859904
1240261680040488960
1240276806386753536
1240284830874710016
1240295646961287168
1240328444354990080
1240357306912706560
1240358025136951296
1240358094774898688
1240358175028793344
1240376938348326912
1240395303397863424
1240620040048738304
1240642939497451520
1240660048776515584
1240673140524683264
1240686839020675072
1240703342826807296
1240721704026079232
1240740830605914112
1240981223020920832
1241004826508570624
1241019924170113024
1241044310696570880
1241044388278648832
1241044449305735168
1241044665979342848
1241044722464043008
1241044771721838592
1241044829334839296
1241045285729681408
1241057700265504768
1241068992065921024
1241081827642802176
1241094380800352256
1241107496405815296
1241362174766874624
1241420055948255232
1241469636652281856
1241730855246204928
1241804404854005760
1241858432967290880
1242062120331681792
1242075439084048384
1242112992357089280
1242115735465406464
1242137541270257664
1242157007840436224
1242195513606393856
1242449847426469888
1242456296009465856
1242461922026565632
1242469976478449664
1242478530115534848
1242485830045794304
1242503952878501888
1242523326859313152
1242541948092776448
1242549047371669504
1242784048327647232
1242802665790242816
1242821544713297920
1242855622489583616
1242861562043551744
1242864223274897408
1242864566943563776
1242873887064539136
1242886217785643008
1242901568623726592
1242910093169102848
1242949640418463744
1243158013273391104
1243196517617410048
1243207334614138880
1243215521539149824
1243224697845751808
1243249108393046016
1243252631516086272
1243266473470177280
1.243282830786e+18
1243527183177482240
1243545309864693760
1243564758604943360
1243576767773921280
1243604197796347904
1243615775027576832
1243616940037472256
1243658812512485376
1243915760151547904
1243930853580976128
1243966753769734144
1244346061839310848
1244623767952863232
1244627698326147072
1244643103971127296
1244649585794039808
1244658905134792704
1244672739727872000
1244693772170153984
1244694326296424448
1244702944571916288
1244731879657439232
1244745709636800512
1245001747724226560
1245012729028661248
1245018518103511040
1245039406156840960
1245056882135445504
1245058428441186304
1245058469146906624
1245066014854975488
1245067591376396288
1245087713818284032
1245095331349639168
1245096279752966144
1245325944052744192
1245361533137420288
1.245378644824e+18
1245389210107949056
1245426136978534400
1245437367302963200
1245448600458584064
1245458918517719040
