1260692087927967745
1260692439410651150
1260695600082890755
1260698123409727492
1260700648032686081
1260711684311781378
1260729077159387139
1260737646135070720
1260741151713374208
1260746200564871169
1260783995698196482
1260784705475153921
1260784717911252995
1260786035606380545
1260786615921913864
1260786699828936709
1260786728723496960
1260788286517362688
1260789178805161984
1260789721128677383
1260790180199399426
1260791243401039879
1260791746038042624
1260793804388515841
1260794290369855489
1260794800346992648
1260795526150328326
1260796219326107653
1260796460704174080
1260796729286365185
1260797214441582593
1260799374705283072
1260799791057047552
1260800651551858688
1260802151640715269
1260803339941543936
1260804082211700736
1260804096472293376
1260804574224486401
1260804614238220290
1260804968065437696
1260805344000958474
1260806020248592387
1260807328544276480
1260809400983355392
1260809473402318854
1260810136823762947
1260810464667238405
1260812083869802497
1260812257560334337
1260812405384380416
1260813183675228160
1260814902488444928
1260815437710925827
1260816923035664390
1260819548858712064
1260821607653822464
1260822747481026561
1260822764216365056
1260822773066317826
1260822813813940225
1260823085105676289
1260824592505098240
1260826539014447104
1260827863449849857
1260829502785142784
1260829771195449347
1260832382233513984
1260833826181439488
1260836223238787072
1260836804653088768
1260841037494444032
1260841083724091392
1260841104456458240
1260843759413182470
1260845191637774338
1260845293081432064
1260845878694289408
1260846436259893248
1260849140415844352
1260849650002735105
1260850635072774145
1260852682996269061
1260853873155211266
1260854913904541697
1260855178502307841
1260855188900007936
1260855702572224512
1260855727217836032
1260856990080864262
1260857091838877696
1260857524749729793
1260858671623536640
1260858751743152130
1260859191314591744
1260859867851563008
1260860220277952512
1260860342541914112
1260860354386694145
1260861895311085569
1260861950344548352
1260861958166896647
1260861976160489473
1260862895220547584
1260863612735848448
1260863654800560131
1260865280139505665
1260865309927444480
1260865506929754113
1260868430481305600
1260868430481305600
1260869776295026688
1260869805055377409
1260869946327826437
1260871504537038849
1260871510744600576
1260871782648762370
1260871838990774272
1260872078376538112
1260873710199803904
1260874285285093377
1260874871673892864
1260875152843251713
1260875375481143297
1260876135677800449
1260876256771538944
1260876572715888642
1260876800290369543
1260876826890641410
1260877796504743936
1260878125522657282
1260878176630312960
1260878512208121856
1260879182625636352
1260879484544143360
1260880355990605824
1260880862129913857
1260882112816844801
1260883140488421376
1260883671667654658
1260884371550150657
1260884392433639424
1260885563294580737
1260885961841483777
1260886633831940096
1260886899587235843
1260887583430602752
1260887873701765121
1260888130351218689
1260890401633964032
1260891983578648576
1260896967082868737
1260897646371311616
1260898489749438464
1260899488090271745
1260900464075444225
1260900466659074051
1260901624731623424
1260902617393348608
1260902681033539584
1260903031983538176
1260903051428335618
1260908788242100225
1260914833899257856
1260917626471096320
1260922405595361282
1260922428844318726
1260923922595278848
1260923941842874368
1260924428809990146
1260924969082449929
1260925569077829634
1260927353099710468
1260929694460829696
1260930086770847751
1260930866588631040
1260932181037211658
1260934568359669760
1260934968781475840
1260935531531124738
1260935750322753542
1260936448338825216
1260938714517209088
1260938760105201666
1260938815239307275
1260939403335262208
1260940825216856065
1260944038171156481
1260944603357810688
1260945301109706758
1260945463391461383
1260946030662746113
1260947274101899266
1260948293074456576
1260948486142464010
1260948647619047425
1260950606140919811
1260951251669270528
1260951330409103360
1260952856171077634
1260953495311704066
1260956539160059904
1260956877313183744
1260958913337470976
1260959401931931648
1260960562344792069
1260961379860832257
1260962893870358531
1260962920822902784
1260964086151442432
1260965344082001921
1260966344243150852
1260966356310274048
1260966401256325121
1260967105727311872
1260967194839732224
1260967310594134017
1260968762024624130
1260969127243546632
1260969622024663044
1260970432271912960
1260971887301197824
1260971944477892609
1260972588785860609
1260973230367608832
1260973452653219842
1260975223773573124
1260975806630834176
1260975913463943169
1260977232614510594
1260978933811511298
1260980764260384768
1260982034312433666
1260984469860708356
1260985729427087362
1260988070700158976
1260988093873651713
1260988748424249360
1260991264763281410
1260992217054949376
1260992335774695424
1260993576235827203
1260996549707997185
1260996839878414344
1260997232733630466
1260997928807792643
1260998410833989635
1260998814460231680
1261001641140072454
1261002381950672902
1261002407955312644
1261003874342707203
1261004099220168704
1261004654659489793
1261006187035852808
1261009132733304838
1261009441555730441
1261010697238044674
1261012404026007553
1261013523435589632
1261014272668250112
1261016178882785282
1261016483829886977
1261017238410272770
1261018530398470146
1261018947018620928
1261019450746249219
1261026052962385926
1261026083400495105
1261026440147079168
1261029194835931136
1261030020178305024
1261031028207915009
1261032536693592064
1261035403991269377
1261035720816439297
1261036311466647552
1261037317965348864
1261037975045054464
1261038634754609152
1261040841210114049
1261056005326200833
1261061301545111553
1261084143515054081
1261108069142089733
1261126179068805124
1261129465419218945
1261144596140171265
1261146072983973889
1261148392056598528
1261153482804994048
1261154426221404165
1261155143405441024
1261156729884233729
1261156769964965888
1261157593734680581
1261157656661721088
1261157955841466368
1261159460300632065
1261159907920838656
1261160194853175299
1261161873174601728
1261162670570573824
1261163718060228609
1261164185083432960
1261164499127672836
1261164941622599680
1261165605463433229
1261166712101179393
1261166921837236224
1261166921837236224
1261167756927516672
1261169864590405634
1261169881661267968
1261172526593593344
1261173585504280578
1261175783923552263
1261177280329666561
1261178082456731648
1261179514434080768
1261179528271052802
1261183105743888387
1261183336027959298
1261183361957191680
1261184129397383173
1261184144488501248
1261184500152897537
1261185019692941312
1261185894217908224
1261186149004873728
1261187287435694080
1261191376617832449
1261193057225134080
1261194604390604802
1261194659029823496
1261196342262669312
1261196371908067328
1261196938839547905
1261197471889461249
1261197615145922567
1261198203774517251
1261198849055559681
1261198933155557377
1261199460685746178
1261199976966885377
1261200169451819008
1261200779836358656
1261200895921938432
1261201758325485568
1261202124811177984
1261205999832248323
1261206561596334082
1261207631450038273
1261207965861916674
1261208115363696640
1261209703918432257
1261209797107556354
1261211980708315142
1261213377000607745
1261215570093113344
1261215743946842113
1261217769204387840
1261218354578284544
1261219842419576833
1261220058480640002
1261221030233886720
1261221547613831168
1261222122720047104
1261224395256795136
1261225807265050626
1261226154058485761
1261228199117283329
1261229433240813568
1261230160055058433
1261230928489336832
1261231642020065281
1261233968520876033
1261234713609621504
1261235091684106240
1261236214318936064
1261236693316833280
1261238484599177221
1261239739249762304
1261240034130264064
1261240632338714627
1261241637692411906
1261243773687943170
1261247523001446400
1261249572506124289
1261250609421975559
1261251316384296967
1261252729449701376
1261254533482774529
1261255002472890368
1261255347752390657
1261255667568050177
1261258390665408517
1261260539981938689
1261261998152613892
1261262853060866048
1261263094359232513
1261263910038130689
1261263939435929602
1261264563938435072
1261264573124009984
1261266297784020993
1261269452403998721
1261272455794036737
1261273090979442691
1261274132563529728
1261274287509516289
1261274338428424192
1261274436579319817
1261274467499741185
1261274981419409410
1261276344421421057
1261276393796591616
1261277184381026304
1261279257441042434
1261279859050938368
1261280804048642049
1261281574638825475
1261281730482376709
1261281742490607618
1261281882223894530
1261282794136834049
1261283007765327874
1261283041391063040
1261283077340487681
1261283488835293186
1261284873622429697
1261285257841643520
1261285812781625345
1261287324828270592
1261287719390642182
1261288016036986880
1261288463866920960
1261291832400646145
1261293856718536708
1261294604307124227
1261296071646601216
1261302096940408832
1261302386611695616
1261303069565804550
1261304192477601792
1261306417765658624
1261307159343702020
1261310054894092288
1261310716675608577
1261314950364041216
1261319930378629121
1261320519137349634
1261321769849368576
1261321801357053952
1261322737605324800
1261323014274199552
1261325128891281408
1261325159237062656
1261325199376633857
1261326422708273160
1261327315767889920
1261327559104573441
1261328341518475266
1261329049118441473
1261331719988412417
1261334333782196227
1261334570634563584
1261334728893968384
1261338633707143168
1261341157050769410
1261342163649957890
1261343345328209920
1261343920518135814
1261344913360334849
1261345346505998337
1261345384212729860
1261345476470702081
1261345493528883202
1261345509471481863
1261345550630150144
1261345582171295744
1261345607316201472
1261345698684887040
1261345756381765633
1261348338869338113
1261349286542893056
1261349633927852033
1261349680459497475
1261349730086420481
1261349778010619906
1261350674803154948
1261351222218391552
1261352394182533120
1261352460637163523
1261354155219845120
1261354870830960642
1261355262121619457
1261356129193545731
1261356851486130177
1261357943443709954
1261360471304572928
1261360743292850178
1261360748409884672
1261360950608908288
1261362809859977216
1261364159318568960
1261364572654460929
1261364719757201411
1261365261057159168
1261365516763115521
1261365516763115521
1261368196285624321
1261368850668564481
1261371896433541121
1261372360017547264
1261373442580000770
1261374928323919872
1261375546883096581
1261376434590879744
1261377312882167809
1261378224971558912
1261379339809165313
1261379637457891328
1261379668281888769
1261380310916165633
1261381147881164801
1261381838158786560
1261381906777747464
1261383451745255424
1261383791068807174
1261384701991936000
1261386147231666176
1261386641618489351
1261386906668957696
1261387266972360705
1261387676839669762
1261396421233655808
1261396525256761346
1261397674491703296
1261397764648456198
1261400471425527810
1261402725822144513
1261403229142671360
1261410875736420352
1261415560333660160
1261421903899754499
1261425952300490752
1261431968069111808
1261438779652485120
1261443543257792517
1261477524791574528
1261490351103258626
1261521421630607360
1261522101862883329
1261523732067213314
1261523772437381121
1261523884060422144
1261525833820274688
1261529101237653504
1261530097682702336
1261531885282484224
1261532654723309569
1261533061361123329
1261533906848952320
1261534215755239425
1261535907158654976
1261538405294452738
1261540083171241985
1261543961954566146
1261547033908916224
1261548633629110273
1261549324116393986
1261551597424971781
1261551608904724480
1261552020462460929
1261552191275401216
1261553002571345920
1261553790794285058
1261554808756068353
1261554821926203394
1261555939171278849
1261556152309030918
1261556559122964480
1261559090330963968
1261561404320100352
1261563633697521665
1261564535938392064
1261569323677573120
1261570508753186817
1261574717263183872
1261575438066991106
1261575621802688513
1261575653268295680
1261575678111211520
1261575919438835712
1261576725118562305
1261576738376736768
1261576981902213121
1261581457945919488
1261583234615455745
1261584181240442880
1261584277533310976
1261585757170515968
1261588198112649217
1261588248448598017
1261590211357667329
1261590324088049665
1261590703148339200
1261593033772056576
1261593091326304256
1261594131161403393
1261596090010386432
1261596502687748102
1261597005954064386
1261597259852021766
1261597948347060225
1261599093299859457
1261600289125269504
1261600781058273281
1261602542619942912
1261602931696164866
1261603478725636096
1261607775827828736
1261608824718471168
1261608880603369472
1261609921877073925
1261610633226784770
1261612080739897345
1261613133682130944
1261613198899281920
1261614412630241280
1261616709212962816
1261619872531873797
1261627205051805696
1261628243507101697
1261630225105817601
1261630476604719106
1261633244849737728
1261634569457012737
1261638529748094976
1261639848416497664
1261639904989249536
1261641964136673280
1261642128997875713
1261642556955406340
1261642807997018112
1261644628274667521
1261646340230168576
1261647060933230592
1261647071360225281
1261647418661240832
1261649279288049664
1261649658247553024
1261650699986898944
1261653196931502081
1261654178750922753
1261655172352278529
1261655370352791555
1261657058820141056
1261659199689428992
1261660011677220864
1261660172411260928
1261660640420204545
1261661740519034882
1261662444461703168
1261662592797474823
1261663187226763264
1261663444459118594
1261666715533864961
1261666715374501889
1261668728602865664
1261668934648029185
1261668948501823488
1261669001152868353
1261672758997442560
1261673082693070849
1261673463229616128
1261674299326414848
1261674516947795968
1261676054168600576
1261677977345163265
1261678961089789959
1261679383456202752
1261679604684726273
1261680137218686982
1261680347005280269
1261680843828969472
1261681575302963201
1261683911555526663
1261684777557639168
1261685621443174401
1261687129731731457
1261690371328765954
1261691377982640128
1261692887944671233
1261696397344149504
1261696411172626432
1261696428243648512
1261696450129530882
1261698172604350467
1261698251910250503
1261698741045690375
1261699700270542848
1261700336156377088
1261702958682497026
1261705007046496257
1261706042813153289
1261706049259798528
1261706729068388352
1261707567434252291
1261707567434252291
1261708070364815360
1261710340951355393
1261711705844965380
1261711762405101570
1261713679197888515
1261714170308853760
1261714330053160962
1261714685214294017
1261715910366298113
1261717046993121280
1261717308201938949
1261718056490774528
1261719274751766533
1261720212166127618
1261721833352593409
1261722410040115200
1261723685108490240
1261724450225115136
1261724880556503040
1261725148253732866
1261725902922223618
1261726356657901568
1261728233432776704
1261729378410442752
1261730791907876866
1261730791823937537
1261731334063566850
1261732238556901377
1261732451627544577
1261738385082851328
1261740702704078848
1261741277068103680
1261742453746532352
1261743370369667073
1261745023663648769
1261748316871811078
1261749511262699523
1261750798494699520
1261752605988081670
1261753522854539269
1261757899707162624
1261758250858446849
1261758257271578633
1261758444320817153
1261763353850064897
1261770443935166464
1261774265814319108
1261783042940682240
1261785335912189952
1261796119006363649
1261803409512038401
1261804481777405952
1261815760806203393
1261819763770171392
1261832102728908800
1261873365792559104
1261884716925542400
1261885482260221953
1261896278553899008
1261896813663211520
1261897758904143872
1261900566390812672
1261900613727723522
1261902096489689088
1261902200697163779
1261902854010347525
1261903576424747008
1261904117905137664
1261905406462496768
1261910432178229248
1261911894866251776
1261912604655656960
1261918945650630656
1261920363107287040
1261920599418580993
1261921616260448258
1261922692837650438
1261924704815808512
1261924713028358146
1261926110549487617
1261926723668652032
1261927181602754561
1261928266325254146
1261929260119461888
1261932175026421760
1261932214926761989
1261935737940979712
1261935799014170624
1261937187144302593
1261937856756449280
1261937868789952514
1261938284978110470
1261939088111828993
1261940388543320064
1261940636120481792
1261943075204726784
1261946383180972033
1261947017028349952
1261949570512310272
1261950400556646400
1261950979458678784
1261951137743282176
1261951916214554627
1261951927723724802
1261952599105785856
1261953328654757889
1261954238181244929
1261954442842329094
1261955240456323072
1261956430556512256
1261956877153427457
1261959949468434433
1261960400716718081
1261960705344966657
1261961763689574405
1261962519314403328
1261962564629680128
1261963671976067072
1261964426934136832
1261964450933940225
1261965990616858625
1261972105392001025
1261972222584868865
1261972248170291200
1261972244328329216
1261975287585280000
1261976427043446784
1261976567040835584
1261978251834122241
1261980102147047424
1261983049803169792
1261986124655923201
1261986507830767617
1261987612480475141
1261988111086686208
1261991130436075520
1261991902871724032
1261992612925337603
1261996104410939392
1261996495269699587
1261998292470304769
1262001086505922560
1262001169209135104
1262001674559815681
1262003433977962496
1262007169194569728
1262007179596398602
1262007209858301953
1262007208847519747
1262008778939039744
1262009123656421376
1262009767620460545
1262010702367281152
1262010763390091268
1262013140864294913
1262013500458774528
1262013940063748097
1262014074617040896
1262014759030923266
1262015355742040066
1262016016944635905
1262016872687579136
1262017569994813444
1262017822747746307
1262017890921975809
1262018876348473345
1262018876012933121
1262019624977268736
1262021436207763458
1262022231816835079
1262022249202225153
1262022348024287232
1262023824519954432
1262024123083042818
1262024502155841540
1262025881733734402
1262026581922504706
1262027709468889094
1262027955779391488
1262028416100024320
1262030050385375238
1262031368286076929
1262033884985901056
1262034914712735746
1262035064243851266
1262035089799745536
1262035110876119042
1262035145294589953
1262035457124204544
1262037216290902018
1262037255335575558
1262037975552143360
1262037990794297345
1262038006938173444
1262038175867899906
1262039252889735170
1262039474025959426
1262040786935468032
1262042053753659393
1262042053753659393
1262042591715098627
1262042733717356548
1262045374946082818
1262046087080226817
1262046573258776576
1262048251349524480
1262048268449693696
1262048280885768195
1262048771111882754
1262050156985430021
1262050242855231488
1262050888878895104
1262051548034670593
1262055066107772928
1262057437865095169
1262061613663870976
1262062402570530818
1262062416835346437
1262063097679884294
1262063117426667520
1262065345189330945
1262065710429282305
1262066477840171013
1262067408568823811
1262068645045379072
1262069428767916039
1262070033016119298
1262070066419564546
1262072562609041408
1262072591126315008
1262072601138036736
1262073172184248322
1262074478152032256
1262075475238817794
1262075881826254848
1262076557629296643
1262076921430577153
1262079551263453185
1262082551335858187
1262082580175863808
1262082759394316294
1262084746584227840
1262086283414974465
1262087567513714688
1262089083884572672
1262089877002301445
1262090287805014022
1262090911514791936
1262093383369134080
1262093772638294017
1262094325032407041
1262094858480685057
1262094861194407937
1262094886255370241
1262095540831092738
1262099856866279424
1262100248794730496
1262100558313328643
1262100565368193027
1262100576596373504
1262101465411305474
1262103216969441281
1262103932953821185
1262107359989694464
1262107388863225857
1262109257052360706
1262111194057506818
1262111854198915072
1262114781567344645
1262115232685666311
1262115313002389511
1262116340220997632
1262119413526024206
1262122334732910598
1262122526228074498
1262124094767710208
1262124458615201792
1262126793143848962
1262128854036033536
1262131341111504896
1262133083626758145
1262138666111172609
1262151727295401985
1262156735810277384
1262178637459140616
1262197014386925568
1262202285414854656
1262215620340432896
1262220894589661184
1262224183293022208
1262229759733481472
1262231003344580609
1262233491376427018
1262235333896396800
1262236813672022019
1262239176071798789
1262241842374021121
1262242895102345223
1262245661518462976
1262248504266756097
1262249165649776640
1262249204149366784
1262250637061955585
1262251394372964353
1262253052284805121
1262255734697472005
1262256190580559872
1262257769371111426
1262258105720725512
1262263462102798337
1262265495442657281
1262267496612212739
1262268576200876034
1262271773401374723
1262274920018518016
1262276120835170305
1262276138988167170
1262277064209707008
1262278693671624704
1262279076066332673
1262279108693766145
1262283065889562624
1262283891206950912
1262284843712499712
1262286385077268480
1262286400474558464
1262286422737895426
1262287104815529984
1262288059682308096
1262288152712052741
1262290614646902785
1262291705627279360
1262292375684161537
1262292395892387840
1262295098093600773
1262295953459097602
1262295979178500096
1262296684727603201
1262296867683078144
1262296897345269760
1262297195786711041
1262297236366659584
1262297243379470337
1262300216423780353
1262300707278991361
1262301506142982144
1262303386612969472
1262303399749566465
1262303412206686209
1262303425536147456
1262303442254663685
1262303474173296640
1262303504158412807
1262303544377520128
1262304382093332480
1262304417254182912
1262308111739695104
1262308192404615169
1262308233093558272
1262308248226537472
1262308597326917635
1262309514814148609
1262309617373081600
1262310809633468416
1262310920753217537
1262311430163963905
1262311665036603394
1262311967047528448
1262311972474966016
1262312500751732736
1262313339243450369
1262313535356440578
1262313543476666369
1262315570487341056
1262315742093029377
1262317584030072832
1262318370747305984
1262319425941889026
1262319467608117249
1262319516748599296
1262320349078859777
1262320373774909442
1262321838002225153
1262323385931096064
1262324220220096512
1262324832450031616
1262325616499621888
1262325634061209600
1262326274812452864
1262326428726702080
1262328162811351044
1262329051332698112
1262329193943179264
1262329773252128770
1262329811168608256
1262330495410503680
1262331372594696198
1262332834536206337
1262333357968539650
1262333357968539650
1262337766375010304
1262337802001436672
1262338210748936192
1262338549850034176
1262338657320677376
1262339245102043145
1262339723504353280
1262339830933000197
1262339883126919170
1262340220927836162
1262340488427962368
1262340958978560002
1262341709125599233
1262341719716134913
1262342291697565696
1262342505682612224
1262342789565644802
1262343247076175872
1262344018702340096
1262345563472891904
1262346281235734529
1262347650248081409
1262347773757833217
1262349882523860994
1262352839302578182
1262354225524346880
1262356050931572736
1262356202094309377
1262356420319686657
1262357834529935360
1262358179662479361
1262359634922352641
1262359719232102402
1262359782704459777
1262359834143461376
1262362411203465217
1262362767727697921
1262365280627568641
1262365370368786432
1262365878701744128
1262366409025347589
1262366450196664322
1262366594174455810
1262367396716822534
1262369638467416064
1262369848816029696
1262370207336726529
1262370307173736449
1262371151646461954
1262373208927371264
1262373969325424640
1262375554428350464
1262375762457505794
1262378487329034240
1262378567750619138
1262381420120543234
1262381532389552137
1262384816433123328
1262386013621694465
1262387236869472260
1262388318488137730
1262389572396335107
1262389671411224577
1262390667352903685
1262391058148790272
1262394074440613891
1262395052783013888
1262395097334906881
1262396259891101697
1262398814293495810
1262400252344258563
1262400363661066242
1262401305714331648
1262401792551407617
1262402423022379008
1262403621846749185
1262403694097764353
1262405416849457169
1262406122721468418
1262407843459797001
1262408083860529152
1262409898475827207
1262411364431278080
1262411412586061826
1262411963793051651
1262412640732827650
1262414577989550083
1262415147101872128
1262415938453897220
1262416324187295747
1262416444601634818
1262417496730210304
1262417511183716352
1262418110973345795
1262419036580782081
1262419451963736065
1262420432071692292
1262421026014724097
1262421055777443841
1262421496326168579
1262423852673650691
1262425102332964864
1262426517394657285
1262427832921227265
1262428002601914368
1262428233795989504
1262428323424149508
1262428511119331328
1262429176969277443
1262430674218336258
1262431504841334784
1262431554594275328
1262433880616906759
1262433878129737733
1262434689471721472
1262435105626378242
1262436607954751490
1262438047863332864
1262439809462779906
1262440621396111362
1262441723038490625
1262444151511166979
1262444897791102986
1262445164594892800
1262448074624040963
1262449941038972932
1262451386203004937
1262455002980900867
1262456383997444096
1262461481251209216
1262462962045825029
1262463533691830274
1262464289329332225
1262467377389764615
1262468904212987907
1262468928221122568
1262469001881554944
1262470437658865666
1262471266885345281
1262471770101043200
1262474286914088960
1262474662543572993
1262475126555230208
1262475857672749056
1262477350698127360
1262478565267955717
1262479412508966915
1262480825666371584
1262480829843779592
1262483346615160834
1262487444257210373
1262487992431710210
1262491399343276032
1262493161022042113
1262494465253691396
1262499200807264256
1262503106698412032
1262509077374087180
1262540013302165504
1262544297326448641
1262592126963126273
1262592919657230336
1262600946401632259
1262600964818829312
1262601100160532480
1262602294534852611
1262603977767690240
1262605839493476352
1262607196233379840
1262611777277382656
1262611797267406848
1262612818299322368
1262615266602688513
1262615311385231361
1262615329206865921
1262616064225091586
1262616849759571969
1262621040582234119
1262622824394625024
1262624595112329224
1262624624128471040
1262624653538988034
1262625840468307968
1262626213618647047
1262627360823824385
1262628150640590848
1262628707598041088
1262630914502393857
1262630930096754689
1262633187907338240
1262633887588638720
1262633904370003968
1262634207035211776
1262634669721427969
1262635426302636034
1262635472464928768
1262635502672494597
1262639212823748609
1262639696447971328
1262639696447971328
1262640302843736064
1262643244044824577
1262643457287434241
1262643464803672064
1262644042338353153
1262644219212111873
1262644623178117120
1262645473447489536
1262645948779462659
1262646796532305925
1262646896042139651
1262647525368086535
1262647870685134848
1262649908768788480
1262650042441220098
1262650751806894080
1262651704404828161
1262652290458169344
1262653249020145664
1262653747970355200
1262655480918204418
1262656574239145990
1262656571689127941
1262656580060876802
1262656594371923970
1262663966549032961
1262663985746362369
1262663998585147392
1262664009213521920
1262664021687312385
1262664050607087617
1262664068013457411
1262665286056062976
1262666241057214466
1262666826837876736
1262670619188944897
1262671134262210565
1262671967846567936
1262673136148979714
1262673999340896257
1262676871797305344
1262682099229876224
1262682703461318656
1262683535283978247
1262684756761817088
1262685190197071872
1262685472465264641
1262685486772039680
1262685680020275202
1262686287510802432
1262686785731276804
1262686994037190656
1262687521575665664
1262687538231283718
1262687585354289152
1262688533875175425
1262688771834892292
1262689541074432001
1262690940168388608
1262691315323744256
1262691337171865602
1262691970889244674
1262692127672336384
1262692561849810944
1262693320704352261
1262693348835500032
1262695883633840128
1262696354268225536
1262696821979316225
1262696821580861440
1262697335856955392
1262698094866632704
1262698977612500995
1262699367577849856
1262701109602385921
1262701535508738049
1262702037470375937
1262703268561670144
1262704318517559297
1262704682696351745
1262704848488849408
1262706113180467200
1262706780464971781
1262707205154975744
1262707220812304384
1262708026290683911
1262714905637064711
1262715730241478657
1262716959629639684
1262717795680354305
1262717851485552640
1262718395113340930
1262722488754151426
1262724747772727297
1262725266134241285
1262725864342593538
1262726545703133184
1262726562417344513
1262727494823825408
1262729723198701568
1262730063826599937
1262730307884761090
1262730702845607942
1262731415839551494
1262732316985692160
1262732781693603840
1262733065476079618
1262733522306990080
1262734779138670592
1262734817038401536
1262734857802743812
1262735075403272192
1262737833799716864
1262738154575949826
1262738182308638720
1262738511821631488
1262738613730598913
1262738827514281986
1262739551241375744
1262740063789572099
1262740126519529475
1262740630305779713
1262741822389940225
1262743385024036866
1262743862017048578
1262744671496724482
1262746432768847881
1262747648735338496
1262747960846069761
1262748242015424513
1262748941877051393
1262749003537461256
1262750148905467905
1262753685584572418
1262758478528954368
1262758510086873091
1262759464181981186
1262759966852562945
1262760507406028803
1262760717746188291
1262761054762745858
1262761572872552448
1262762179687636994
1262762750998048769
1262763002350104578
1262763151189143570
1262764639911174144
1262764769926246409
1262765129512308736
1262765388325990402
1262765401668124672
1262765721953513473
1262766244136013824
1262766801911349253
1262767469866999814
1262767519712100352
1262767537361522690
1262767580499984387
1262769250214850560
1262770105525698563
1262771347563913216
1262771629601456134
1262771643547635714
1262772933824598016
1262773561393020930
1262774121362067457
1262775052292042756
1262775278650130433
1262775881048756225
1262776276865048576
1262777405657268224
1262777443087192066
1262778166994763776
1262778558537240578
1262779064584151041
1262779152773476352
1262779785400459275
1262779864672862212
1262780642808520705
1262782879089790976
1262782941928796162
1262784259871453184
1262785669279121409
1262785905947009026
1262785940382257154
1262785977384386560
1262786126768672774
1262786165524086784
1262786197883170819
1262787601137893376
1262791658820767746
1262791690961719302
1262792044801601536
1262792484821831680
1262792634294296576
1262793161082052608
1262795905905897474
1262795953062412290
1262796409356652545
1262796409356652545
1262796757358063616
1262796912521953281
1262797738888105987
1262797754398621697
1262798203436568577
1262799163705765896
1262800780500836355
1262800849174179840
1262801434816450562
1262801632720498695
1262802231209922560
1262802618184859648
1262804163362258949
1262805075958923269
1262806519705452546
1262806919942680577
1262808013079011328
1262808328562003970
1262808580706754565
1262809302689071105
1262810320797683712
1262810409830137857
1262811005467287552
1262811257125564416
1262811339090735110
1262811760521666560
1262812263888519168
1262812392158887939
1262812452221222915
1262812481472339978
1262812859387576322
1262813121607094284
1262813727814017024
1262815844968660999
1262816093661466631
1262818390642700289
1262820390675644416
1262820419398250497
1262820444442447873
1262820457776066562
1262820507126247424
1262820522716430337
1262820697547722753
1262821935530086405
1262822380340219907
1262822686134341632
1262823538572083202
1262823580850688000
1262825247625142275
1262826220456161281
1262826608198512640
1262827128766238722
1262828118110322688
1262829185904578561
1262831642575622144
1262832204528455681
1262832623442944012
1262832662827368455
1262835164390076424
1262835980018618370
1262836612335128576
1262836746905161728
1262836753821569032
1262837806705106947
1262838783080386560
1262840759692201985
1262841707839852546
1262844553696075781
1262846566735495169
1262847009419145218
1262850264098205697
1262858820545474562
1262859167225823234
1262865454315552769
1262867434333245442
1262867962429612037
1262877716493357058
1262904653781569536
1262953743772987393
1262953766631989248
1262954501734051846
1262956880168726530
1262959058245599232
1262961068491636740
1262962820930572290
1262963607014453254
1262965915748089859
1262969078387552256
1262969650066919424
1262969681595547648
1262970053311553536
1262972276133298176
1262973735658754048
1262977625686978562
1262979480588562433
1262979651108028416
1262981117164032000
1262981178560335887
1262981203826704384
1262981219375026177
1262981948160585728
1262982474260459520
1262982494971990019
1262984507122233344
1262987517298708482
1262987757972062208
1262989110303756290
1262993821396336640
1262994283805708289
1262994552325132288
1262994870454628353
1262996738475995137
1262997588510416896
1262998467754053632
1262999300700803072
1263000315638493184
1263002578574598144
1263002634811826176
1263003649493676033
1263005333288615937
1263006668138430464
1263007802273873922
1263007987393867781
1263010425093984256
1263010660079861761
1263012173988626432
1263013393600045056
1263013919351885824
1263016462756741120
1263017868582506496
1263017960127574021
1263018442875117568
1263018613990096898
1263019114957807616
1263020958325112832
1263021746447437824
1263025201173970945
1263025931104419845
1263026729272180737
1263026740475109376
1263027469717778432
1263029013972496384
1263029081320325120
1263029096692531206
1263029128208449536
1263029192914087937
1263030503390806019
1263030541609295872
1263031781458141185
1263032577671258112
1263032820366282752
1263033158502690816
1263034066334605312
1263034226221481985
1263035184980660224
1263035986784722945
1263036742908522497
1263039259939934210
1263040545154371584
1263040566998286336
1263040745667203073
1263040835828027392
1263041132872810502
1263041150488842242
1263044292479725570
1263045388413665281
1263050433985159180
1263050533008531461
1263050583960948743
1263051923852341249
1263052341122646016
1263055174412746752
1263055365693935616
1263055711162052608
1263056439666499584
1263058134018355200
1263058954814402560
1263059009424240640
1263061222720757760
1263061741862293505
1263063167057436673
1263065683463737344
1263065770382237697
1263066109718269953
1263067581268799489
1263068620663533568
1263069459079548928
1263071606332706816
1263076586955382787
1263077324049780736
1263078266585391106
1263080554049699841
1263082041618231296
1263082522642128896
1263083189339336705
1263083820837994496
1263084091009892353
1263087734446571520
1263089191862390784
1263089191862390784
1263090864387166211
1263092109265055746
1263092522236157953
1263094066960613376
1263094308065943554
1263095487357485056
1263095710167203842
1263095882481836034
1263096225060007936
1263096461983694848
1263097122217328640
1263097782321082368
1263097975179374592
1263098205815832576
1263098212895711233
1263098261763616774
1263098758834896896
1263098771505737738
1263099366815956993
1263100234025930752
1263101214276743168
1263101285236043776
1263101521912197123
1263101971315056640
1263103169086644225
1263103432715460608
1263105948765220868
1263106271466516481
1263106755900424192
1263107795123134464
1263108465968377857
1263109518365507584
1263109679309340672
1263110058587627522
1263110336758104064
1263110472892592128
1263110840494022657
1263113087147786241
1263114406847709187
1263114440913846273
1263114453123510273
1263114858532409345
1263114872679813120
1263117111616028677
1263117327068995598
1263118386395037697
1263118405361643523
1263119662851686400
1263120594490589186
1263120600614277120
1263120608566693888
1263120637465411584
1263120661595197440
1263121364162093056
1263122119732408322
1263122133510762497
1263122309923115008
1263123598832807938
1263123873467416579
1263126167177039873
1263127651461578752
1263128926139879426
1263129209599340548
1263129492073205762
1263129856298139650
1263130414564114432
1263130818127560706
1263132651566837761
1263133176463077376
1263133185682087939
1263133956247105536
1263134729878089729
1263135489927925760
1263137739018588160
1263137756970180609
1263138843328421897
1263138875096158214
1263140479354404864
1263141456908357635
1263143269262901250
1263143668694859777
1263144103048552449
1263145156351610881
1263145991563350016
1263146522490933249
1263147226840338434
1263147658308444160
1263148890410430469
1263149056898953218
1263150704463622145
1263152038826971136
1263152295845511169
1263152833626615808
1263154018286743558
1263154053678333956
1263154613768859653
1263156034153132032
1263156100712579072
1263158641986883585
1263159423700254723
1263160383004696576
1263160389178720256
1263160698668007427
1263161007960215552
1263163004931264512
1263163499301216258
1263164129503780864
1263165782978158594
1263165868923662343
1263168639030767618
1263169172416143360
1263171822809473026
1263172367213346818
1263174998719692801
1263175460034433026
1263175476723490816
1263179039411523592
1263179409881694208
1263179784366014467
1263183257765588993
1263183273250959360
1263186526713843712
1263188591603261447
1263190103649902603
1263190128056508420
1263193472691027969
1263195025682378755
1263195904330301440
1263196175605301249
1263196256916189186
1263196638790717447
1263196931821535239
1263200354969272322
1263200534930079744
1263201964835340294
1263207218603872259
1263207220378042370
1263207614663581703
1263208164478070785
1263208431923707905
1263218022707351552
1263220522256609280
1263221779109117954
1263223261191643142
1263224817035116548
