1306360457758998529
1306389011766947843
1306441069949837313
1306442552812371968
1306442848846442496
1306447774188265472
1306448394945261571
1306449175958126592
1306453949654929409
1306454429059747840
1306458911965417473
1306459343051804672
1306464474833063937
1306468736422088704
1306469565199724544
1306469807479558146
1306474743537819649
1306477792796782592
1306479967023362048
1306485030072582144
1306490326085963778
1306495510073749507
1306496864334868480
1306501913068830720
1306507100118548481
1306512420949630977
1306512420949630977
1306517674290221061
1306523547867795456
1306529142184333312
1306534435131731975
1306534963312046081
1306538956784361472
1306543437550936069
1306548216150843394
1306548214968057856
1306548216968679424
1306553460452663297
1306554986369888256
1306555972299771904
1306556532906229761
1306561614909526016
1306562161532116993
1306562678438203392
1306563332120424453
1306565882227953666
1306570117036335105
1306570864612331520
1306570866457825281
1306571616068014082
1306571877469622272
1306578890824048641
1306584674416955393
1306590024377524224
1306595093466341379
1306600483646328834
1306601155464585218
1306603582255501312
1306604243399442435
1306608338122215424
1306608611590844417
1306608611322363905
1306608611087577090
1306609374383747081
1306609892736872449
1306612382819549185
1306614901771730946
1306615590392561664
1306617454588723200
1306618515638693888
1306620663709470721
1306620808119431170
1306625261123915776
1306626015314182145
1306626315391586305
1306626946135216132
1306630317650972680
1306631395352162309
1306634669581107202
1306638179945058305
1306638486053834753
1306640788575719424
1306641767291379715
1306643625686728706
1306646941795745793
1306649249694842880
1306654403957583874
1306655582598856705
1306657018959269888
1306658321064173573
1306660970765443073
1306664709341491201
1306667149692411904
1306668862289649665
1306669523475496961
1306669597211398144
1306669832352432134
1306670967125667842
1306672055472005122
1306672476492103686
1306673162738978817
1306676836970229761
1306683035698499586
1306691033414148115
1306694055317966848
1306695324283670535
1306705147721142274
1306720301938626560
1306724914758594560
1306747310223785989
1306763427579408386
1306782937812267008
1306806059911258113
1306813509469188097
1306813968422506498
1306816000931831809
1306816380919050240
1306819236552155136
1306825527442001922
1306831167396745222
1306832074104614912
1306834922485710848
1306839170443358208
1306843850804211716
1306844049756823558
1306844066454417408
1306844206955147264
1306855438219202561
1306858993961361408
1306860610085421061
1306864750396047361
1306873032204582912
1306873384224075777
1306873524657717248
1306874594314330112
1306874827551186944
1306875938291019776
1306879790306205696
1306888754372718593
1306900801500205057
1306901477370331136
1306914735137402881
1306918109270413318
1306918137028317184
1306919353045090304
1306919475757961217
1306919594863460352
1306920896624496641
1306920931768643586
1306921028543754251
1306923675376136193
1306923866778996737
1306924594809446405
1306930420030877702
1306935367011102720
1306937753964343296
1306937837972074496
1306938205078462469
1306939675865755657
1306940410166734849
1306940454034984960
1306940998334009344
1306941525839015936
1306942217999745025
1306942507486511110
1306943077316255749
1306943349170077699
1306944260722360320
1306944506311344133
1306945146437730306
1306945286623891457
1306945346619297794
1306945786572410882
1306946247303991296
1306949943999987712
1306953387427147779
1306953451700719616
1306957317955518465
1306966846713876480
1306966893971075073
1306966998186852352
1306967041035952128
1306967130701692928
1306967155896795139
1306967472147488768
1306967964692836352
1306968442206027777
1306968973662130177
1306969495873957892
1306970498895548416
1306971323386728448
1306972226642640897
1306972898603696136
1306974101022691329
1306974349816147970
1306977579937812480
1306979318539718666
1306983632209358850
1306985702547226631
1306985978217758722
1306986319973879810
1306986451821789184
1306986627898769409
1306989171265998850
1306993490623164417
1306998527235678208
1306999831169298432
1307002589603602432
1307004756594958337
1307004945011544064
1307011505678962688
1307012965154029568
1307015557833805825
1307015866224173056
1307016160311943168
1307016422397153280
1307019788074573827
1307025155902840832
1307027289083990019
1307028750765371393
1307058811518279681
1307083465779826695
1307103794665263111
1307136062318407680
1307159674152681472
1307166492480413697
1307166492480413697
1307168236933390337
1307173457923276800
1307182393137287168
1307182661056770049
1307183990386892801
1307188565194027008
1307192273675997184
1307196478641897472
1307198837187129344
1307202283311181824
1307207233210589184
1307207380942422016
1307211734529310721
1307213656527122433
1307214552602419200
1307215489928704000
1307216772001652736
1307231857084375043
1307232884420419585
1307238338429104128
1307244576076423168
1307246073476517889
1307249114070085634
1307253252317237249
1307254428890812418
1307255612582096896
1307256401648115712
1307260918284328961
1307262422827270146
1307262563068137472
1307262835572047873
1307263137767477254
1307265191940419586
1307265919442444290
1307266418698866688
1307267035307667456
1307269167997947904
1307273082831360001
1307280858198536192
1307282107560087552
1307302231595724800
1307306026757099521
1307306772005367809
1307310963767599108
1307321059402809344
1307324934830653440
1307331032887238656
1307334143118802946
1307334818968080386
1307338465890258949
1307340392770220033
1307347008072671237
1307357576124928000
1307357959878512641
1307358473626189829
1307366784513839109
1307376474941517824
1307377158252363776
1307389818641539073
1307396743030550533
1307399762522636288
1307421761588416512
1307436631046094848
1307450746867191808
1307465017994940419
1307513083108241411
1307545475160170496
1307546593223204865
1307546947826397185
1307549035927085056
1307554813962579969
1307562910403768321
1307566596169269256
1307567970483347457
1307573074557108225
1307575092931710978
1307577711876100098
1307578901913366529
1307581429480599554
1307582524382642176
1307583836570750976
1307590635604635649
1307592931356925952
1307599797721931777
1307605131383451649
1307609601416867843
1307610499773804544
1307610959184265216
1307614387847467010
1307618721033318400
1307620023100493824
1307621425256312834
1307625750573584384
1307629679403245569
1307631254037303297
1307639414605131777
1307643284895006720
1307645537248780288
1307656766231109632
1307656971806478336
1307658553440841729
1307659125342560256
1307659237531631617
1307659402510503937
1307659486157590528
1307659585348612097
1307659695121928192
1307666645020815362
1307669924417089537
1307680038284910592
1307683879373938690
1307685251972505601
1307691219582148610
1307691576878149633
1307692432188936193
1307692946783981568
1307697579153555462
1307702872788946949
1307708713415868416
1307715007229165569
1307724853051617283
1307730141813051392
1307747366682886144
1307747588175810565
1307748936749383680
1307753119259000833
1307760045778784262
1307771759324811271
1307783130452037632
1307833679373373440
1307847744325931009
1307886042540843009
1307892652692701184
1307893057996627972
1307893072613777408
1307898116218204167
1307900353166311425
1307903353289166850
1307903628838162433
1307908935748390914
1307912456367411201
1307913991717564418
1307919476101447680
1307921953836146689
1307926864049197056
1307932210897522688
1307943168239980545
1307946893427838979
1307951689429921795
1307954703221784578
1307960111349010433
1307960607828840454
1307960860023894016
1307961959015419905
1307962033669840896
1307964376067043328
1307969703600680960
1307973085107281921
1307974759205003264
1307980203935895557
1307985251369713670
1307990154414620672
1307990595634429952
1307995889034616832
1307999239784595457
1307999534681907202
1308005156974403584
1308011708661805057
1308022895596244992
1308022929934999552
1308022961224507392
1308024002909220865
1308028474414768128
1308034417026367488
1308034445006471168
1308034787542695937
1308035233720266754
1308041824481705986
1308044035710427136
1308044511151562752
1308054263092908033
1308059596712554496
1308061112102006784
1308062584814395392
1308063333677961217
1308064990742679553
1308065075031429121
1308065212378087426
1308070918376259590
1308073908248117248
1308074399539527680
1308075667993563139
1308076167564611585
1308076549812387842
1308077497553227778
1308080640349409281
1308081656553705476
1308081911831629825
1308084069696262153
1308084069696262153
1308087531188236288
1308089845454196738
1308092656648695810
1308098287526965251
1308100308292325376
1308100776204660737
1308101322454052864
1308103114030014466
1308103974503972869
1308104954847154176
1308105418128920577
1308109907640684549
1308112839790465025
1308113318360440832
1308115056748625920
1308121273466335234
1308127522530484231
1308132245308420096
1308142989651390468
1308147779047481345
1308147825201553412
1308185269741514753
1308193798636404736
1308218828757905408
1308232528109727750
1308253176919982080
1308254008612716544
1308255056865759234
1308263027783987200
1308263136798048256
1308263847921364992
1308266727759900676
1308274600854380544
1308276124728913921
1308277951214104576
1308281252877746177
1308286555736346624
1308286858334330880
1308289636276473856
1308295216726597633
1308300672379400192
1308306382731522048
1308315824453758976
1308321747318472704
1308326814297796608
1308331918400917504
1308334484312465408
1308334991005364224
1308340817535414272
1308345055732785153
1308349586294087681
1308350480523853824
1308356414583312386
1308361468539269123
1308364225518227459
1308369437595238400
1308374671939833857
1308375257959591937
1308380367620055040
1308385759645315075
1308390354383667202
1308395134346825729
1308395394532102150
1308395919642066951
1308398982528462849
1308405069411430402
1308409497547952129
1308413874052399105
1308415752878403584
1308416265799819272
1308422166963261441
1308422705834872832
1308425949881434116
1308426432117432325
1308427931820208133
1308428530166960128
1308430300637257729
1308434549567823872
1308434837133578241
1308437244156534784
1308439503070269446
1308440894639570944
1308441424271159296
1308442317465018370
1308443108221366272
1308446015402512385
1308448502700220422
1308450751916769280
1308451180822048769
1308452796086312960
1308455834607906821
1308458229173760001
1308459187672952835
1308463759594270720
1308466730067517440
1308467708053393414
1308468863491878912
1308469526120542209
1308470247599542273
1308475792322703365
1308479174055690240
1308480251559903234
1308481292590288896
1308487542241624069
1308489530304069632
1308493271635812354
1308494622046531584
1308510206918307841
1308513945171394563
1308539883867254784
1308565627708346369
1308574925863686149
1308587439796228096
1308598729994375168
1308618163429482498
1308623331403485185
1308628448966041608
1308632297189584897
1308634451778457600
1308639707291684864
1308642216877924352
1308645445900664832
1308645587869413376
1308649219134296066
1308654600984104965
1308659939406237697
1308665658398388224
1308666896229822465
1308670986217291776
1308676432936284160
1308682223760089090
1308695440020430848
1308700565237633029
1308706558424035329
1308711660862017539
1308712962060881922
1308716738230587392
1308721801174941696
1308726201251508224
1308727875546296322
1308727982748585984
1308731264074158081
1308735660245876737
1308736964292730881
1308742634937163779
1308748325647245312
1308751485203894272
1308752249456390146
1308757836017659904
1308758286355836930
1308763934426574850
1308768914583760898
1308769659936821248
1308773896552939520
1308775954203004932
1308781374309052421
1308781391317004294
1308782131418664961
1308782691848990720
1308784088371916803
1308786199822323712
1308787226403377159
1308788258386706432
1308788287713226752
1308793626479202306
1308794095561777164
1308795907715076099
1308800047765745667
1308800441929674753
1308806212146921473
1308809488246468609
1308811561075703808
1308814056682328065
1308815337803177984
1308816545917829121
1308817669433577474
1308818017044910087
1308818710665326592
1308822593928077319
1308823200172773376
1308828621923069952
1308829161826463744
1308831150744506369
1308833995027869697
1308835147949715456
1308835319559655427
1308837451906117634
1308840531338973185
1308846197877202949
1308847636267569152
1308851941687074821
1308852195765477378
1308860584964784128
1308862041998884867
