1265781343033724931
1265811269455667207
1265829281831301120
1265961529733758981
1265983661893025792
1265991214404440071
1266093155365117953
1266108439970930688
1266146476385845254
1266164603030913024
1266172778455142401
1266323872028282880
1266346049272233986
1266432562400047104
1266451500043288579
1266451497941962755
1266451504657051653
1266451502060703745
1266451508603826186
1266451506510913545
1266451510671609857
1266451515666989058
1266451513645436928
1266472958882701313
1266499808367386624
1266513719284183042
1266517199340163073
1266542533498322944
1266552296265125888
1266716430818521090
1266740213814083585
1266762736630931456
1266792490721579008
1266836783272062976
1266866983431102464
1266889727258566663
1267049433679757317
1267078626316410880
1267123923856044038
1267155326945636352
1267195397874896896
1267195395224076294
1267195399649087489
1267195405193936897
1267195402656403456
1267195410336092162
1267195407727280130
1267214613638189057
1267229371305127936
1267395732534890496
1267426921165578243
1267441014018584580
1267456327065964546
1267456616938393604
1267589558264385539
1267599831201198080
1267607171187052551
1267639806621896705
1267773325062930435
1267788302393806849
1267806925170728961
1267922555601432578
1267958114919297026
1267974070487920640
1267980901587324928
1267998936008208385
1268135751134429184
1268140629848199168
1268165544257236992
1268175144146657280
1268180638982643713
1268259846622720002
1268268912472399872
