1265772968585637890
1265782243764637698
1265782242166669312
1265782249162670082
1265782247388561409
1265782245610139649
1265787644883189761
1265796115376549888
1265796113774391296
1265796118530711553
1265796117037531142
1265796123278692352
1265796121613537281
1265796120099328000
1265945246975905793
1265961220395368449
1265976232778305536
1265991511612821504
1266014075391291400
1266015882301648896
1266016089307328515
1266016573799743488
1266029108334559233
1266044919568830465
1266063074022301697
1266074367018127365
1266088169986023425
1266089502294134784
1266089506622640128
1266089505351753729
1266089503858573313
1266089510607224833
1266089509332148224
1266089508027629576
1266089514528837638
1266089513211826178
1266089511936819200
1266092649976602625
1266104864444239872
1266120171451830273
1266149820072374274
1266150864496058369
1266153151750647810
1266154220371181571
1266154223802204160
1266154221981884416
1266165035551936512
1266323638782963714
1266338769642426368
1266353777587740672
1266376515563864070
1266391456073342976
1266406007099600898
1266414073392103424
1266421668320247808
1266429454236221444
1266436716249985024
1266444272477376518
1266452615019335680
1266459650746187776
1266470463947132928
1266474679948189696
1266480466418454528
1266483942665916431
1266483947434921984
1266483945903882241
1266483944322670594
1266483950639341569
1266483949020291078
1266483955299205121
1266483953764110336
1266483952266686470
1266483956851097612
1266485295807107072
1266489746878091266
1266497198629535744
1266504819570860035
1266512370148442115
1266513383546814464
1266513381835575296
1266513380162113537
1266513386986262530
1266513385228775425
1266527326025781250
1266693582594998272
1266708512333271042
1266731221301723137
1266746273031499779
1266775388212035584
1266784087462891524
1266791712044855297
1266806653556572161
1266829412311465985
1266844557351759872
1266859512578916353
1266874635100053504
1266889734602788867
1267070890933714945
1267091234549575684
1267093589865238528
1267108631310368774
1267124020513779712
1267154082420187136
1267169076763340801
1267184241097551873
1267198773819838465
1267214329562218496
1267237163214798858
1267252233487482881
1267411565227266048
1267425829543383042
1267440981139492865
1267456099239763971
1267471092043612162
1267490495351095297
1267504267146993664
1267513631710773248
1267524137913847811
1267539147641815040
1267554876097269760
1267579467733577731
1267584851458371589
1267599209718599680
1267604653056815110
1267604656626307074
1267604654965370880
1267604659931357186
1267604658278858753
1267614638658682886
1267773112898256896
1267788104573861889
1267803273857245185
1267817688421691392
1267823544588615686
1267824470934163457
1267825922813517832
1267833419922358273
1267841072266436608
1267848636890832896
1267856288542650368
1267863813040361481
1267872089748508674
1267878781005574148
1267887723504959488
1267893954260938753
1267901540083302400
1267909183648731144
1267916560418713601
1267924124254470144
1267936997143961600
1267939275913527300
1267946787618336768
1267960182505644032
1267960187253555200
1267960185630404609
1267960183994617861
1267960188729987073
1267961937113034753
1267968404075528193
1267968407250653184
1267968405753266177
1267968411860074497
1267968410274664455
1267968408756330497
1267968413286240256
1267976940587290626
1268135379829391360
1268150600346337280
1268165668849045504
1268188307671957509
1268191906393206784
1268203421645131779
1268221271608832001
1268226055476858880
1268229904979689473
1268233745355681797
1268241086243274757
1268248873404956672
1268256284668805122
1268263973994012674
1268267518139006978
1268271513662259202
1268284768850006016
