1265779819842637824
1265961351282929664
1265977841763659776
1265993674183315456
1266016720638091268
1266037921431400451
1266038020328824834
1266085690669961217
1266088107675389953
1266096907266465792
1266127107379261440
1266131307651903488
1266142207108497409
1266144559433728000
1266153049342517248
1266324150169276416
1266343756359401473
1266360723556327427
1266371466209177600
1266393018661318661
1266414280389378054
1266426818120355842
1266427744965058562
1266432580204797952
1266445377332482049
1266474394500698112
1266489496733749249
1266506672018767873
1266718850009255936
1266776635996426240
1266822076184301573
1267080895598641153
1267087029638180866
1267124506071633921
1267147136833110018
1267147498696687616
1267172256016408577
1267172297410043905
1267172494299062272
1267174818467778564
1267180100191223809
1267182738286825478
1267182905568251904
1267182948396208128
1267183179028365312
1267183391759368200
1267232137368834048
1267429210483838978
1267429965970243590
1267461590653304832
1267461776100274176
1267467293891661831
1267470574953078784
1267471343014068232
1267474817252388864
1267475234833268737
1267495114114564096
1267519127222210560
1267531362094874625
1267546459995504641
1267549117791772675
1267562564793143296
1267569108033339392
1267576659877810181
1267580797994876929
1267591756863827968
1267613580830089216
1267773493288013824
1267793489024233479
1267812390743109633
1267867231897165832
1267870221165092867
1267893747515297794
1267923946533302272
1267924996795613189
1267925102475259909
1267926262229671938
1267934149370880001
1267936567286472706
1267939046967308289
1267953950235529217
1267954145354383360
1268135747808382976
1268152982006358018
1268178776669720579
1268192577481846784
1268205716621402117
1268205859701735430
1268205861559771140
1268226439779844097
1268256946945212424
1268256945405931523
1268256950120263684
1268256948459311105
1268264585661906946
1268286120393084929
1268286336726896641
