1339566314260750336
1339578605622464517
1339594451396673552
1339611570352087042
1339627670473064449
1339657115321970689
1339669827439505408
1339682535085912069
1339705688386383872
1339914056749240321
1339915050065276930
1339929663125278722
1339945626449133570
1339957999721476097
1339971938287009794
1339978750423920642
1339998923914702851
1339999621297414149
1340003899961425923
1340008999060692997
1340011952446255105
1340017991954608129
1340024046747082755
1340098079438086145
1340108842290524160
1340111691464454144
1340112363618492417
1340113374496088064
1340135041368809472
1340139852722040833
1340149865184157696
1340271943161958402
1340283268911009797
1340302923264307200
1340318599513313281
1340328282919759872
1340364460393947137
1340400733112442883
1340446822880456708
1340464689579520005
1340714334528397320
1340732516572000257
1340794426591993857
1340795675433463808
1341005574771781643
1341034245897285636
1341044757775171584
1341058879380201474
1341090559197401088
1341111383371427842
1341122604166492162
1341138263432638470
1341138317740560385
1341139381667688449
1341142401012920321
1341147182209130502
1341375442754949121
1341386765534412805
1341399630169452546
1341405126767108097
1341405210216968193
1341407145896648705
1341414947172040708
1341441638724472836
1341444898101342219
1341459238971990019
1341474895897702402
1341490947490766851
1341730316180987904
1341736819365474304
1341736830178353152
1341747480128606208
1341763511987429376
1341770539938025472
1341786394499411976
1341813326662217736
1341839542635163650
1341839894969282562
1341843799677480962
1341852328987639808
