1339461749267968001
1339487873704341506
1339489357426794496
1339513468064546817
1339516399555850240
1339520306462019586
1339615861326438403
1339618406794989568
1339625908567683073
1339630778922147840
1339634351378722817
1339637398095990787
1339641767025586180
1339643608203464704
1339643872616570882
1339644019484319744
1339644316071976960
1339647946485362690
1339670934899355649
1339670970035007491
1339671011357241345
1339671036573396996
1339671742449639430
1339671799601246218
1339671813018824716
1339679999104868352
1339828497662046209
1339839239555584002
1339849513503236096
1339857120871796738
1339872715432452096
1339878752977903616
1339884612886155266
1339893744888377344
1339907636859445250
1339917364645781505
1339924259720802304
1339927608381861894
1339931901700784133
1339944516460175360
1339965611376582659
1339965824824725510
1339965992659787776
1339966196758753281
1339966362786119680
1339966848901758976
1339966949355347979
1339967035179229186
1339972437325189122
1339981636063162371
1339981836584431616
1339981894566424576
1339982269981859840
1339982404434444288
1339982723100893188
1339982888838819843
1339984078964219906
1339984077672370177
1339984418140774405
1339984729479782402
1339984727877533696
1339984912791859202
1339985299229843459
1339985413616885762
1339985732727951363
1339985870737330177
1339986415640297476
1339987106840645632
1339987104760291328
1339987193155170306
1339987475087974403
1339987753057054722
1340000867370602497
1340006983295000576
1340025796136759297
1340034693224382466
1340207471558877187
1340221609475489792
1340237360865415168
1340256343144484864
1340267909629829120
1340301211241762816
1340422517442420737
1340424544205586438
1340580458753630209
1340612569225191424
1340629147937337344
1340648647344664579
1340797498856792071
1340961248750563329
1340974338145710082
1340987714057977856
1340991655781003265
1340997637777047552
1341011274944135170
1341024511966195712
1341038003536482306
1341056238822440962
1341057506316087296
1341057635555172355
1341057886219366401
1341057884629692417
1341058103052218373
1341058420800180231
1341058422511460353
1341058515792777219
1341058588236800002
1341058798329446401
1341059145680695296
1341059147266215937
1341059336596979714
1341059642714173440
1341059852320337920
1341060154012413954
1341060346744885249
1341060476889907200
1341061847697551360
1341061991633481728
1341062162240958465
1341062802459537411
1341313680114331649
1341358838038016001
1341374245889314817
1341384186482061312
1341396968157929476
1341408356179845122
1341418975935250432
1341490779009773568
1341689020359839744
1341690451506696192
1341776827342196742
1341792522385940484
1341800990522056706
1341808343892037632
1341808376175616002
