1359774564394430465
1359783487507738626
1359783969840070656
1359804568041881602
1359812395275845634
1359848021027094528
1359849838041571334
1359864196905787394
1359906816092758016
1360155435874078721
1360159416201404418
1360161067050139649
1360161368683470852
1360161387268476928
1360161419728195584
1360162710550441984
1360164743739244544
1360165630008324097
1360166788525350914
1360168046019633155
1360169396115820549
1360171286639558659
1360172720604987398
1360186712245288960
1360186721716076545
1360186750296084482
1360203370976411652
1360212142406926337
1360216786210349059
1360233566551093254
1360254959988703240
1360265165753745411
1360274001671696394
1360285533923123201
1360521624223637505
1360921796564910083
1361257420652183552
1361257434938028043
1361291693526548482
1361321935087538176
1361588092298215424
1361613256243183616
1361613271590141957
1361638578317635584
1361639034745929732
1361639076319870978
1361654520820998149
1361706994596524039
1361726095024914435
1361726804692770817
1361947707024244743
1361978891808755712
1361979170629238788
1361985241125167104
1361986540302438400
1361988779305799681
1361990911631241218
1361992658349088768
1361994050614808579
1361995246561812482
1361999000933699589
1362039119979888641
1362039761515470849
1362040411624251392
1362047617312636932
1362047633586597889
1362060367292170242
1362069381832986628
1362076915671175168
