1359765865474871297
1359805940439121920
1359806865983553536
1359807621830705153
1359823351619997696
1359831716211359744
1359882580234014720
1359902746510581764
1360160319243489280
1360168770484903939
1360187987997384710
1360204329555230720
1360214761821130755
1360217065395740674
1360225466502836227
1360257355288485888
1360272307437109255
1360496177859289089
1360514049599938567
1360544246269419522
1360575784667275271
1360581993218637824
1360606152686526465
1360636603169796100
1360665045051531267
1360856803911811074
1360885241519480833
1360909903943110656
1360944381214121989
1360977599934066691
1360998236329111553
1361216171937198091
1361263302391832579
1361263762637021185
1361270964588273668
1361319094524530690
1361330794049007616
1361342353877917699
1361344887933849600
1361579314915860480
1361636194589769730
1361682896285761538
1361699996622598150
1361700027534573572
1361726325233451010
1361940947806736392
1362006505042685953
1362009349372186629
1362009645884313607
1362012047979016194
1362013875944771584
1362058079337119746
1362067068569419783
1362067727607881728
1362068590711734277
1362073860330450951
