1258166922115346432
1258202408301150208
1258207192693370881
1258253360953614342
1258258523156144129
1258274502976221184
1258281935010328576
1258281941201113089
1258288093439782912
1258290492015546368
1258310111933501441
1258310238173724672
1258317281878147075
1258325211566338048
1258325994030669825
1258326053766025216
1258329265231335424
1258329668878467072
1258338098745757700
1258339430944788480
1258339936580689921
1258339942297559040
1258342970161598464
1258344236837220352
1258346271527616512
1258346727980978179
1258347106659471364
1258347609498038272
1258349309256499200
1258353382978285569
1258356160769466368
1258360932746457088
1258362216807460865
1258366044730777602
1258368748697776129
1258369379856596992
1258375417737572353
1258376808426123264
1258376816252686336
1258381076952727554
1258383604650053635
1258384113221816320
1258384119009914883
1258386098570608640
1258390564929765376
1258394130243366912
1258396950467993600
1258396956541415424
1258397242672721920
1258399366135648256
1258400728432947200
1258401247884951558
1258401313227931650
1258402217704296449
1258403714257354752
1258405721802227721
1258405770280022025
1258407769532760065
1258407906837434368
1258409564665458693
1258410242926403585
1258411200708255744
1258412365105762306
1258412716080930816
1258412748553273345
1258412773689696257
1258413539242373121
1258413539242373121
1258414115716042752
1258415080762458115
1258415715792695297
1258416219016880128
1258416347299659776
1258416468984815620
1258416496918908928
1258418156307197953
1258418244869898243
1258418649603420162
1258418685129166848
1258419938731188224
1258420310682058752
1258421220581601281
1258428655522336770
1258432548016754689
1258432554337615873
1258433487843004419
1258436066912043010
1258443495313780742
1258443501403963392
1258447280421683200
1258450914848829441
1258453122806165504
1258453177386414080
1258458212816130048
1258458218012917760
1258460585492189186
1258465641926803457
1258468536118153216
1258468543156252672
1258468894832025602
1258471663273824256
1258472491858698241
1258477890410369026
1258480237437833216
1258487909407027200
1258487917258792960
1258491158382235653
1258496837498986497
1258510056267513858
1258553967987941376
1258554093758369793
1258568441012736000
1258604551361294337
1258619912043393024
1258620654967873541
1258656019451793408
1258667958852677632
1258670486810066945
1258670496096251904
1258672119921008640
1258684579293966337
1258686848303427595
1258694014703828992
1258699049273720839
1258701566334255105
1258706098103566341
1258708750065471488
1258708755417427969
1258713013277745153
1258719936022581249
1258723850746859520
1258723856400871424
1258727371550502914
1258746238293340160
1258746244739940353
1258748878112735232
1258753789500076034
1258760954185015296
1258760959717339136
1258768381450190848
1258768390207897600
1258776057219477504
1258776063158571008
1258777571925192705
1258783354989600768
1258783360521867264
1258790653128933377
1258790658992533504
1258797963423318016
1258798710076485632
1258798717051658240
1258805379015733248
1258805629046493184
1258812547836207104
1258812922802757632
1258813929678966789
1258827910435074049
1258833058469302273
1258834695896227840
1258841991699238913
1258849541790392320
1258849547444338688
1258871057710112768
1258871561756438529
1258915108039745537
1258997890678046735
1259004564453253121
1259018783361921026
1259033248887259136
1259033752895778817
1259033758671319040
1259040677653958656
1259063572463673344
1259098180848779264
1259105603265245184
1259112406858428418
1259126874359250945
1259129518792425473
1259132784649465856
1259140706980880385
1259169518611357697
1259181339233914881
1259183870986997761
1259202996002422785
1259368589691240448
1259368596091723776
1259382554999664640
1259386199753371649
1259386206091046913
1259392733623402497
1259410611638697984
1259422694757371904
1259431752491249664
1259452641093939200
1259473907121139713
1259480829052370944
1259509519131930624
1259523356761575424
1259528627621789696
1259530530619449344
1259530536772485120
1259548269606105089
1259558593952575488
1259572804954947584
1259572811112169473
1259577084285841409
1259584257187430400
1259663786815832065
1259671329856348160
1259671337267650562
1259678249874907137
1259699269868548096
1259710335486844929
1259710334111084544
1259721664989818882
1259727953719508994
1259751357327659009
1259757807508881408
1259765829756792832
1259765835217821696
1259767662877556736
1259767714207465472
1259767755248676871
1259767796822691841
1259767901164310529
1259768012334419969
1259768026066542599
1259768071998377986
1259768152566697984
1259768234833784832
1259772125998612482
1259773378077974531
1259773383941607424
1259774075053977601
1259774088236748802
1259774330361253890
1259777029504765952
1259780926483005441
1259780931436507137
1259784448381349889
1259788366675013632
1259788917827665926
1259791998464090112
1259792716097097728
1259795647042949125
1259795653292519425
1259795779813810176
1259802290338385920
1259802950546780160
1259802959166074880
1259803864989003777
1259806343793307649
1259813260552962049
1259819611761016832
1259821758326112258
1259821890434215937
1259825106852798465
1259826101536403457
1259830490384695296
1259831260932984833
1259831527422283776
1259832141111635969
1259832147080179712
1259835413411160064
1259839440534437888
1259839446582611968
1259840759261528072
1259840759261528072
1259844458222419971
1259846741299531777
1259846766364672001
1259850122332176384
1259856679660933126
1259859257605971971
1259860815697477632
1259861338588876800
1259861685180997634
1259861702121787394
1259863668294070272
1259863852268654594
1259864331103219712
1259865540551720960
1259868613747650560
1259868756412559361
1259868761810587650
1259870772018864128
1259876193626501120
1259876200555544576
1259877819418505219
1259885364220579840
1259888382601240576
1259890904774541314
1259921228548075520
1259934438575583234
1259934444212768768
1259941864519512065
1259943247427678209
1259949035961462784
1259949041200140288
1259957718162407424
1260021141554384898
1260021150358228996
1260049323779174401
1260063419148845056
1260083415585394689
1260091352139706368
1260094618487664640
1260105447500992513
1260126584138133505
1260132207890444290
1260132269198659584
1260132326362746880
1260133629830651911
1260134944770347008
1260134966660419584
1260139675446099968
1260139682454593536
1260139720627159040
1260140803558477824
1260144829520056320
1260146838843166721
1260147706498080769
1260154107861577728
1260154139243188227
1260154144498675715
1260159845161934852
1260159913797582848
1260161561903022082
1260161569159122945
1260162062962921472
1260162549418516480
1260168139955986433
1260181627495424001
1260183214947102723
1260183219967873027
1260195769287614466
1260198309915836418
1260198316555591680
1260198972741890049
1260199733777358849
1260202991979814914
1260204345699610624
1260204843567849473
1260205859516252172
1260205865962893313
1260209363115020288
1260211397817888768
1260212861663674371
1260220324819251200
1260220330460635136
1260220589702348801
1260225989075861506
1260225998416564226
1260226004330508288
1260227091079053314
1260230304612126727
1260230711665143811
1260230753645989891
1260234528565497858
1260235061422522368
1260235069735661572
1260237402813140994
1260237425353334786
1260237818867171331
1260242347150856192
1260242353274548224
1260246518151417856
1260246536459558912
1260246886679638016
1260256938769575937
1260261343573053440
1260272908406063105
1260273606023680000
1260273631818588161
1260275309988818945
1260275611769147403
1260293557618786304
1260293562916237313
1260304575602601986
1260308528444534789
1260352070420332544
1260380507486875648
1260387557088440322
1260409443860144128
1260409451871272960
1260452354190647296
1260465945098715136
1260472992439640066
1260477142686748674
1260477150559449088
1260482463723331584
1260482475811373058
1260482504810782721
1260482516848463874
1260482528055615489
1260482573119225856
1260491993186172929
1260492000480104455
1260496796050169863
1260499288834088970
1260499298866860036
1260501553963839490
1260508410765869056
1260510960802041858
1260513979593523202
1260514132182183937
1260514138104532992
1260516525515010048
1260517302166061057
1260520824890687490
1260521697351888897
1260526639408087040
1260528968647639042
1260529236151947266
1260529243068542978
1260531252370698242
1260532744196624384
1260536407405162496
1260536413038100482
1260538295756263424
1260538305982021632
1260538311862480896
1260540294228926464
1260543581577596928
1260548301977464835
1260554407843901440
1260558050970046465
1260558056787546112
1260558768934453248
1260559059008151552
1260559065219862528
1260565349583294464
1260565357179232256
1260565459130216448
1260565979949608962
1260566226054475776
1260567975460876288
1260570492508835840
1260572770804609026
1260572778572525571
1260573779102752771
1260586007268937729
1260588134389084160
1260589003369263104
1260591464071004161
1260591478113533961
1260591882947768323
1260593143659012099
1260594918184988672
1260595828126859264
1260597931482255366
1260599331641602049
1260599568854650880
1260601319754280961
1260603107224018944
1260609390391881729
1260616434838732800
1260617069101342720
1260617076454027266
1260623731417731074
1260624358596161537
1260636965713707013
1260645499603836928
1260654185457967106
1260661480518631426
1260676075950010368
