1258163608275628037
1258245215544057862
1258252731468431361
1258260297904726017
1258267864395587584
1258275394521792517
1258275687460253696
1258277317153079296
1258290515331735553
1258290960221552640
1258297564857806849
1258314788049956866
1258315728597417986
1258317088365690880
1258320698763890693
1258330830373412865
1258331601458597888
1258338812712882176
1258339259100119040
1258341079117697024
1258348449772253184
1258350884397944832
1258373524189782018
1258378359144357889
1258379580437602304
1258380425728319488
1258385798547877889
1258391298349977600
1258392427855065089
1258393404469379074
1258399585158025217
1258401094331518976
1258402909273890816
1258404448092557319
1258406931217203200
1258408864086740992
1258409493899157504
1258413952930848769
1258416044735160321
1258416044709994496
1258417152035631104
1258417345674055682
1258417430226968576
1258425297944395776
1258427257208569857
1258427945502343169
1258429790492786689
1258432768477978624
1258438707150979072
1258440058673278976
1258441718329901058
1258444307725463555
1258447683037138944
1258450274169106432
1258452536266076167
1258456017542746113
1258456319792726022
1258461274440073217
1258461569069039619
1258469054521790466
1258471451780435968
1258476061215666177
1258484958722691072
1258499371748003845
1258508754573594625
1258592031682805762
1258615131325562882
1258622699502546944
1258630232912920578
1258637784950009856
1258645330490544128
1258650601879109633
1258655796717551616
1258662827713277953
1258667977030938624
1258673850532986886
1258681308336832514
1258683137808269314
1258687122955022336
1258688348719374336
1258693386002931714
1258694632793309185
1258702533641543681
1258705498658033665
1258710762803154944
1258713332061741056
1258731848164954118
1258736343892529153
1258736468136165376
1258742218245967874
1258744614762295297
1258753845955608576
1258760846995533824
1258766120322052096
1258768301011996674
1258773384747454464
1258774744540884992
1258790009181810688
1258793238560899073
1258803877010452484
1258814485747335170
1258821039708155904
1258826560112558086
1258835231680933889
1258844275422507010
1258850429745664003
1258871831639085058
1258985089393885185
1258992616219332608
1259000192793280514
1259005542057627648
1259007717676589056
1259029573343285255
1259037918750027776
1259040452294123520
1259045202230161408
1259049949406380032
1259051243458179072
1259053022983917568
1259058641665167361
1259067558772322306
1259086341033414656
1259091070312493057
1259107167006851072
1259111880947367937
1259123633122955268
1259126981813297154
1259127497624629253
1259129872238153731
1259138936888270850
1259146953671262208
1259160851665256454
1259164928826621952
1259169573611413504
1259177170188079105
1259177494210584576
1259191290970996739
1259204538931822593
1259209261147738116
1259234216216334342
1259236727211929605
1259239191235485699
1259347445416374273
1259355005779357697
1259362568927412224
1259370109220655104
1259370851390062592
1259370851390062592
1259385201400188928
1259390963715387392
1259400304937795585
1259401837746282496
1259404049344069632
1259415411449356288
1259418421537714182
1259424452623958016
1259427735480516609
1259427735425953793
1259444998266912770
1259446742375976961
1259451831085907968
1259453657806000128
1259471266920136704
1259476708765437953
1259481003804024834
1259482189177200645
1259483341067292672
1259485865820250117
1259488978933334016
1259491143340916748
1259508327740067842
1259514286851993600
1259521382708281344
1259524140014415873
1259530372070739972
1259545033847570432
1259550388589641731
1259556598378364928
1259562929797632001
1259568802897027072
1259592826482053121
1259606033602879495
1259694769376317446
1259702294091902984
1259709877674541056
1259717402113331206
1259719094200344577
1259724959661936641
1259736005600514049
1259740992325980160
1259743834302492673
1259745114248937473
1259747598983929857
1259752533574246403
1259757582320914432
1259763694759796740
1259769138790227968
1259770721389228032
1259774336514306048
1259777534801195009
1259777799319179267
1259782554703532034
1259783074214219781
1259785210603978755
1259789719266787329
1259793197770985477
1259794024925364224
1259799399229775877
1259800453262512128
1259802422282719240
1259808227748909059
1259818132702707714
1259822608310206465
1259831092632322049
1259834484997918720
1259839944140427269
1259840712205651968
1259852672620015619
1259858464047796231
1259864485306814465
1259867715306770433
1259874059594207233
1259875002838659072
1259879438746963971
1259881029650862082
1259883211070586890
1259884867581612035
1259889620839522307
1259892531397091328
1259896866420011009
1259900672339775489
1259913704495370246
1259920567618150400
1259924641503514624
1259930799299792896
1259933495947931655
1259936894059794433
1259941235990474754
1259955887323611138
1259995721522085891
1260057163881422849
1260064687867256832
1260072253330464768
1260079782567579648
1260084711596134401
1260087313557868545
1260094891276873728
1260102450205413376
1260108463537041410
1260109990108508161
1260116271376588801
1260117558700670978
1260124540606263296
1260127564531630080
1260129892206882816
1260136814976909313
1260140947167420416
1260145243648860161
1260146406116995073
1260150493285883904
1260153901577375744
1260159176489213953
1260164992927698944
1260167031518892032
1260170331685257217
1260181071276244997
1260192807387639808
1260200751781068802
1260218047668924417
1260221132659138560
1260226054653915136
1260233426273210368
1260234082170089473
1260242156360515585
1260242394357927937
1260245047909462018
1260245853383598083
1260245905799819264
1260246073341247493
1260259073968295937
1260260482801455104
1260263022674743298
1260266628241113088
1260271530010906626
1260277855608623114
1260278589523722241
1260285920219148288
1260292241387552773
1260298280187109376
1260316207800094722
1260329788809580544
1260332720791707648
1260427095467065344
1260434612297306114
1260442158500319232
1260443650275848197
1260449732960411648
1260452153480679425
1260457478778650625
1260464843863228416
1260470100278247429
1260476967142522880
1260477799539912705
1260483728960348162
1260488399330381824
1260491828480049153
1260494156843159558
1260495014834176001
1260500126512054275
1260503549475241992
1260508799766495237
1260513680820666368
1260515891382534145
1260527884613169152
1260529365236006912
1260531328145121281
1260542214331084808
1260542257616338944
1260544678899912705
1260545698682081281
1260557310637809667
1260562514062041089
1260573708953030657
1260585702993076225
1260587305523384321
1260590157557837824
1260591114920366081
1260594333222342658
1260600705368367104
1260602998700552192
1260603501878620161
1260608475014533128
1260610281450942467
1260612109160910851
1260613547370971138
1260614935475863553
1260619340321361922
1260624137279635457
1260630378089451527
1260636048884973569
1260640485414244352
1260641404436520962
1260641530018136064
1260645067816984576
1260651888153784321
1260661259097301001
1260683279071612934
