1308956838864523265
1308964393418452993
1308971944428089344
1308979493873291274
1308987038344130564
1308994599730515968
1309009708615979018
1309024828461142017
1309039936629243904
1309047463853150208
1309055055119646720
1309070170665693187
1309085293618835459
1309326780650708993
1309334325750571008
1309341883253043200
1309349427459563520
1309356985285042176
1309372091846873090
1309387211616464896
1309402334053761025
1309417446797963264
1309424931722194944
1309432560804605952
1309440049969274880
1309447680041648128
1309462789816279042
1309719413751533570
1309734523970768897
1309749625486704640
1309764742484029440
1310055318613831680
1310066655121285120
1310074196979077121
1310081765881655296
1310089299870744576
1310096855628492801
1310111961103978500
1310127066860466176
1310134603202560000
1310142171702538242
1310149706182516742
1310157279422017542
1310172378626846720
1310187492122021888
1310202616501202946
1310408899837730816
1310413952107634688
1310421489053822976
1310429058107420672
1310436584395878402
1310444148047196160
1310459259013005313
1310474431245021184
1310489496295743489
1310504610843561984
1310519726817320960
1310534858364592133
1310549969003327488
1310776333539127296
1310783878802665473
1310791435294314496
1310798975977558016
1310806537343045634
1310814079171338241
1310821643812470784
1310836764534345728
1310851878629060608
1310866997132046336
1310876986240311296
1310882109343629312
1310889600181850113
1310897247001939968
1310904688058007553
1310912346626367490
1311133675535433729
1311138720041652225
1311146263400902656
1311153824401420288
1311161366397489152
1311168923279208448
1311184032214978560
1311199149149351937
1311214274753241088
1311229377586368514
1311236867912871937
1311244505694326784
1311259632455888897
1311274746613567492
