1308894978949689347
1308898583022891009
1308898917917093889
1308898931322097664
1308898947478499333
1308900256231325699
1308900635891433472
1308903977321402368
1308907701305475073
1308909006958845953
1308911563726827523
1308913095134384132
1308914039993573377
1308919075578413057
1308921656606425088
1308925610949967872
1308932892043534337
1308934173953007616
1308936689037926405
1308941722714402816
1308944238776905729
1308949273434820608
1308952113628680193
1308954305181831169
1308957368403685376
1308958232665231360
1308959009135685632
1308959338468315137
1308964371494699008
1308968515404050432
1308969404806262784
1308974437895634945
1308975745553838081
1308976704891826176
1308979473216405504
1308980515656159233
1308984569220169729
1308989537352404997
1308994571544584192
1308999603618902016
1309004636733407233
1309009670799896576
1309014703298019334
1309019736403898368
1309024770600697861
1309029802754502656
1309032739828629506
1309034835860570112
1309036258732183553
1309039869323350016
1309044902261653505
1309049935493505024
1309054970826612736
1309055462810189832
1309059489040150533
1309061687845232641
1309065035126317057
1309067680574517250
1309070069058674689
1309075101418057728
1309080134599598081
1309085172869013511
1309090200849711104
1309093087042588672
1309094361829908482
1309095233901137921
1309100269305622528
1309105300310548481
1309107488894132228
1309110333215141889
1309115373380415489
1309120400199225349
1309125433217159174
1309127691640221702
1309130476779642880
1309133722365689857
1309133722365689857
1309135499253096448
1309140532363440128
1309145573371424768
1309150598789464064
1309154768904957956
1309157048232402944
1309157506023915521
1309161853633912841
1309163217407619082
1309166201793372162
1309168235489701893
1309169857154473986
1309188359617744896
1309188909730009090
1309189867600044033
1309190019341574144
1309191266278797312
1309191299216666624
1309195701553893376
1309196665933443076
1309196814239834112
1309197390596001793
1309197843970883586
1309198719338848259
1309198904135737344
1309201219475431431
1309201809475596291
1309204583550517250
1309213927268646913
1309213946054938624
1309221992307011592
1309222328308584448
1309224206379429891
1309225517913120770
1309228698013503496
1309233035964022786
1309233057946370050
1309237137880088581
1309240644335022080
1309241949052981248
1309242470719516674
1309244152291438593
1309251265180950528
1309251697756299264
1309252168571027457
1309262297139941376
1309264843262881799
1309266366789287936
1309267338265604096
1309271394673283073
1309271762044170245
1309276233826328576
1309276427859173377
1309279208577916929
1309281461325967361
1309285978238930944
1309291527286321155
1309296011823644674
1309301750206140416
1309306626667499520
1309311662034354176
1309311966091964416
1309312183717691392
1309314368136335360
1309316693223600130
1309317052281139200
1309318004417597441
1309318155487961088
1309321726237450242
1309326762514366464
1309326788405858304
1309331792646766598
1309336825727578113
1309341862184939520
1309346892212580352
1309349600436781056
1309351925259927552
1309355858741010433
1309356960232476672
1309361352159289344
1309366765688741889
1309372061505200131
1309377091176198144
1309382124135305219
1309386402400935936
1309392190699831296
1309397223717761024
1309402262595198977
1309407290156556290
1309411017357586432
1309412323266707456
1309417363280809985
1309417982741733380
1309422389659398144
1309432299843284992
1309432463244943361
1309437489187299329
1309442522331189255
1309445318912606208
1309447557903536128
1309452588576681985
1309457621762609155
1309462658672984064
1309467688318758912
1309472721156354048
1309478387694534656
1309481171835740160
1309482787687116802
1309487820914880512
1309492861113692164
1309502920275025927
1309507954798854146
1309512318275870721
1309516831015616512
1309517127850708992
1309521918291304449
1309522011476185088
1309522825993220098
1309524816173699074
1309529766039617536
1309533972150575104
1309534955597373445
1309535271613071360
1309542253938044938
1309543410886475776
1309545538258378754
1309561427129257984
1309561839118962688
1309563624415993863
1309565438364446720
1309568554358931456
1309569273841561601
1309570304457543680
1309571826943700992
1309573636941119488
1309588159026659330
1309590972393717764
1309590987484860417
1309591021253206016
1309591964527009797
1309592370296623111
1309594821401686018
1309598986471387142
1309601621790339074
1309602296066650117
1309602577181478915
1309603694934200321
1309606676803223553
1309609930941517824
1309611160048721920
1309614089510019072
1309615025200533505
1309617554479087617
1309618321260716032
1309619040554487809
1309622804438872066
1309622814744481794
1309624070804246528
1309626992665427969
1309627722763730944
1309628749890060288
1309629705335705600
1309630850280034304
1309630992697548800
1309632610583412740
1309638815573778437
1309643851267792897
1309648882167697409
1309653915030487047
1309656521098190848
1309658952695603200
1309663981506879488
1309669014671679488
1309674051191873536
1309679081164734464
1309680193078882305
1309682481566638080
1309684114044235779
1309689150266773505
1309692183008534529
1309694180583636993
1309699213559648257
1309700487839539201
1309704248641421312
1309705934784966656
1309709279977324545
1309718688237383681
1309724379517980672
1309729317702647808
1309729412557025281
1309730522277396481
1309734448137601026
1309739479045943296
1309744512093179904
1309748908348719105
1309749548235931648
1309754578452135937
1309759611637907456
1309764233014329345
1309764233014329345
1309764647310909440
1309769677967683584
1309771088537120769
1309774711136702464
1309779749380608004
1309784426012786688
1309784777558560769
1309787459635486721
1309789810563756035
1309794848224849921
1309800125020028928
1309804910066589696
1309809945349681154
1309814444998815744
1309820392932929536
1309825049881321472
1309830076167589889
1309835109118472192
1309838543032922112
1309845680848945153
1309850533025333250
1309855248857485312
1309860087431753728
1309862678018420736
1309865308040171528
1309870346556768256
1309873277339185153
1309881083698216961
1309883143864954881
1309886332152446978
1309886518429921280
1309890780367138823
1309891060970258432
1309891251098054660
1309900821094699009
1309903063461892100
1309904466414579712
1309907674193068033
1309907698004226050
1309911905599979520
1309915826842206213
1309918321681338368
1309923230589882373
1309927368258183170
1309943432631246848
1309945738017804298
1309959433578065920
1309960510725672962
1309963640192356352
1309963678284996609
1309964608556412930
1309981514046857226
1309984848984109059
1309984951740379138
1309991139877859329
1309994857885294592
1309996170337370112
1309997635139514376
1310005805874401280
1310008396742000640
1310010015210708993
1310011021201797120
1310016303025938432
1310020561678917632
1310021338120228864
1310026411311132672
1310028783311679488
1310031402474364929
1310036436532391938
1310041468849979392
1310046502048342017
1310053318907949059
1310054659462017024
1310056568386248705
1310057977370439680
1310058013974122498
1310058211118993410
1310061601395847169
1310061894451904512
1310066634560856071
1310070433232740352
1310071667897458689
1310076701003657218
1310081502051315712
1310081734067793920
1310086767316316160
1310089307948945409
1310091800384884737
1310096833457217536
1310098828297609216
1310103629890633729
1310106899908407298
1310111934369288197
1310112097833947136
1310112296044126209
1310115065283178496
1310116966217084930
1310121999495127041
1310126970609385477
1310127034417508353
1310132065971531776
1310137099031646210
1310142133534244865
1310147165323288579
1310152198483922944
1310157233666371585
1310162264905969666
1310167297902833664
1310172336390172673
1310175810993582080
1310177364656025600
1310182397552533504
1310187433162469377
1310187635705479173
1310189619724431366
1310192463873748993
1310197496988172288
1310202536767356934
1310203580524109825
1310205315749572608
1310207563728736256
1310212596524552193
1310217635460575233
1310222389238575110
1310222662799507460
1310225635915120642
1310227696056754179
1310232729208848388
1310243917502218243
1310244256498491392
1310244451030372354
1310244575865434117
1310245603511857152
1310245911382155265
1310254156045848578
1310254944197451783
1310261140228837377
1310267412965666819
1310271691344482304
1310272197957685250
1310274220967034880
1310280418529357825
1310283703239741442
1310287525995515904
1310290624130756613
1310293088557043713
1310294090614013952
1310309290637488141
1310310933953159170
1310319366601420804
1310322042856779777
1310323243388149761
1310323309423325185
1310324355541487616
1310325237481975808
1310335530920488963
1310336704457383938
1310336861588594688
1310340918172672000
1310351378162823169
1310353527072608256
1310355239439134720
1310358558211411968
1310361075439734785
1310363591506157568
1310364807103746048
1310369609522978817
1310370687056576512
1310371702459822081
1310372348558671872
1310373639888547840
1310374898536079360
1310377494281764864
1310384808477028353
1310385203408302080
1310388376218923008
1310393790209781761
1310395353116454912
1310404661132754945
1310406308311433216
1310408889985388545
1310412968874536960
1310413925452787713
1310418956239294464
1310421991258615809
1310423989437829125
1310429023269396484
1310430279970861056
1310434055599673345
1310436573092208640
1310439088877568000
1310442953219792897
1310444122742824964
1310448128919629824
1310449155056136192
1310454188405477376
1310459222480441349
1310464254659624961
1310469287895797763
1310469287895797763
1310474322096451584
1310479354208481281
1310483760484290562
1310484387272814592
1310486824238723072
1310487640169275394
1310489422803202048
1310489855445540869
1310496003871526912
1310502352307200000
1310509285130948608
1310514586282414080
1310519245466267648
1310519624149151744
1310522346332020736
1310524652695871488
1310529685881716738
1310534719524741126
1310539752450355200
1310539952929665029
1310543322507702274
1310544785472499717
1310549827114209280
1310554851693264897
1310559884820262914
1310564926591700993
1310569951208505345
1310570642253606912
1310572237435449344
1310574984654356480
1310576101022863360
1310580025520009217
1310582534393167872
1310583365368594432
1310585050807898114
1310590083913773057
1310590538098200576
1310598292259119106
1310599159100182529
1310599240029093888
1310601004832915456
1310604838410035200
1310608501195104257
1310615678290984960
1310618092737884164
1310618960665235456
1310622037065560066
1310623970601955328
1310624352057032704
1310630661984858112
1310633414211637249
1310634399977922560
1310636462187188226
1310636782590078977
1310640578237997057
1310640695636570113
1310641748394348552
1310641980070821890
1310643314232786944
1310645849458970625
1310646609634562050
1310652449636614146
1310652558822834177
1310654537028505604
1310657979532939264
1310660201238929414
1310665058825969665
1310666651734548481
1310667098570584065
1310667964014882817
1310668613003743233
1310671630436364289
1310671644113895426
1310672479539605511
1310672523877650432
1310674976626925568
1310677868477906945
1310679602122182657
1310680782923595776
1310686763816493057
1310688621587038208
1310691700168417281
1310693101103706112
1310693762591608833
1310695235215859716
1310695448680816641
1310697377293045766
1310701750769385473
1310701969439326213
1310705065661956097
1310706012572332035
1310715915470663680
1310715917135826946
1310719302069354497
1310720946131660800
1310725979262930945
1310731012905881603
1310732793941381121
1310735114737872896
1310736045881786368
1310741968578699266
1310743252509667328
1310743876089475073
1310746112194744326
1310751145149607936
1310752742751731712
1310753797916864517
1310756178159448064
1310761211487809536
1310766244635668480
1310766584411992064
1310771277674684417
1310771947060432896
1310774333569077248
1310776313221963776
1310781344180469760
1310786377307402240
1310790697352454145
1310791412863172608
1310796443637121025
1310801476734902272
1310806509765316608
1310811543005732866
1310816576220913665
1310821610740277250
1310821694265634818
1310826642529452032
1310829159489433601
1310831675799228424
1310831685747920896
1310836710763360258
1310837042083921921
1310840220577705984
1310841742120214528
1310846775104692224
1310851813332013056
1310852149874552832
1310852310138892293
1310856841568624640
1310861874703921152
1310866909655638016
1310867180234223617
1310871941100662785
1310876974194323456
1310882850456006656
1310887040591048705
1310892074137387010
1310901117065207810
1310902140106240000
1310907173128540166
1310912214342148101
1310917240028426240
1310922272803348480
1310922829366403073
1310927312934764545
1310932339162140672
1310940750423699458
1310942649621377025
1310945660246675457
1310947438627225600
1310950251579277313
1310951303380692992
1310952471586418688
1310953541419307010
1310956113387491332
1310957506802249728
1310960761775292423
1310961280098996225
1310967578316214274
1310974775867715587
1310975324742709248
1310976188089880586
1310980197131390979
1310980820312748042
1310982233839239169
1310983286215368704
1310984744776105984
1310985417299308549
1310985858263191555
1310985918212444170
1310987897877737472
1310988588897755137
1310990240400707586
1310996505503895552
1310997358273081344
1311001547254497281
1311003953971236869
1311006647293300738
1311006937719472130
1311008790830030850
1311012096583360514
1311012240800260096
1311012698277249024
1311013046530306050
1311015155417972736
1311015732063371265
1311017852116381697
1311019742619209728
1311019742619209728
1311025971366187010
1311031660255817729
1311036323277541377
1311047387411025924
1311048310866743297
1311048965102632963
1311048983620521986
1311049305998921734
1311050310039801857
1311051361124057103
1311051948578287619
1311052227113558016
1311052302690775040
1311057220696780801
1311058759448436737
1311059818703192065
1311060364143087623
1311062451178426368
1311063704989990915
1311074205509857280
1311076183577165825
1311078303890051076
1311083334068445185
1311084106336231424
1311088367132499969
1311093403753439233
1311094092718198784
1311098433734717441
1311103485807452160
1311108501406543872
1311109749350436864
1311113533069733888
1311116856539770882
1311118566003884032
1311118831473967104
1311119486322266113
1311123601240670209
1311128632652333062
1311128645935587329
1311129337463152640
1311133665750061058
1311137017124675584
1311139173361836033
1311143731895177216
1311145052731662338
1311148764946726913
1311152656497307655
1311153800002981888
1311157066296209408
1311158831494230016
1311163883399180290
1311165652908998656
1311166846331006978
1311168843482505218
1311173768358760450
1311176448300912640
1311178964099047427
1311183999092490240
1311183997146411008
1311184060706729984
1311189030378364928
1311194063471812608
1311199099455188993
1311204130141040640
1311206648111943682
1311207120218415104
1311209163226255361
1311210693375471616
1311214201881407488
1311214912467681280
1311219229526429696
1311221300682129408
1311224262569623557
1311228973582487552
1311229298913632256
1311234328928509954
1311239361938116608
1311244399314165760
1311247221388525568
1311249428490133505
1311250507155927040
1311254461474455555
1311259499253166082
1311264932046860288
1311269561044475904
1311274599917682691
1311278273368793088
1311279627323625479
1311280155063586819
1311285943718932484
1311286761503383554
1311291438370451457
1311294727350702086
1311295022646489088
1311299760096190465
1311303535078776834
1311307309897756675
1311311084930830338
1311313085576015873
1311316119093870598
1311319971985678336
1311320534731370496
1311320736036843522
1311321916259491841
1311327444264087553
1311327724535836675
1311328189881303040
1311328407515324422
1311331092222431232
1311349669512056833
1311351151707684866
1311351978941968385
1311352876858515456
1311353744957878275
1311354432995680256
1311354554974457857
1311356058938400770
1311357170571673603
1311359848236429312
1311360904659955718
1311362574466809858
1311362807473098753
1311362937966166018
1311365195311116290
1311365246699941893
1311366720666439680
1311367457668505603
1311369011280699396
1311370504499068929
1311371483336376323
1311373549907709957
1311377045612638210
1311377304304656386
1311377768391815172
1311378825947774978
1311382063262695424
1311383389182754817
1311389286911094787
1311391301410095106
1311393125190053889
1311401152613883906
1311404235536371723
1311409095996563456
1311413710142009345
1311423098349121536
