1308893082042216449
1308901143863611403
1308903516119982080
1308909575630991360
1308912311151857664
1308950742711955460
1308952960664178691
1308953062682144770
1308955932848652289
1308957727205466112
1308958033490268161
1308959447562117120
1308962249940312065
1308965835327893508
1308966432743415809
1308975489709637632
1308985809215934465
1309006781285388288
1309019669064560642
1309021411151884291
1309023612763078661
1309025026092474370
1309025735571628035
1309029422817779713
1309029422817779713
1309033380768624640
1309035597034672129
1309037714923229185
1309043735381114880
1309046976491778048
1309049117172289540
1309053007536025607
1309053230970699777
1309056962462711812
1309057802393079812
1309058013085552640
1309078406823370752
1309083895963541507
1309091060451336194
1309091716096548870
1309091967813517314
1309093436772024320
1309096700666089473
1309106169965932553
1309107213659787266
1309108222008209415
1309113533716717568
1309114104360185857
1309115787785973764
1309120900760064000
1309122003035709441
1309125715317723142
1309127513478701060
1309131681484476417
1309134437850976259
1309135473848266758
1309137125338746882
1309137138596876296
1309138856109846529
1309139231823089664
1309140517670785026
1309143064032804864
1309143565474430978
1309144819235778560
1309145638018248705
1309145680297054210
1309147906771910659
1309154465325481984
1309158014516035584
1309165684262227968
1309169895330975751
1309169958807638024
1309171692657238016
1309177135446327296
1309180218700038145
1309184682131505152
1309193039970066432
1309198723327557632
1309210534353408000
1309211515040358400
1309228601460617217
1309232467253977089
1309238286653640704
1309255052825997312
1309255769318068225
1309258156103491585
1309264168273375232
1309279530264133632
1309280439815688192
1309281867804233728
1309287202694733825
1309307091710963713
1309310083176607745
1309321281356013569
1309321392307843074
1309321512487284738
1309326976885207040
1309332522493333504
1309333753487974400
1309335985310715906
1309337081957634048
1309340367079137281
1309348653983698944
1309362221810511872
1309371638362730496
1309373173155024902
1309373565540511744
1309390686030934016
1309391235757404160
1309392338683269120
1309392714102841344
1309393483497533441
1309394314686947328
1309395042478374912
1309396083382996992
1309396339696910336
1309399778921312257
1309400080076533760
1309405063404646400
1309408892393107457
1309418839600320512
1309419345475371009
1309426289594392576
1309438149198671873
1309438728775974913
1309439174051688448
1309439223712284674
1309445661113249793
1309450318208331776
1309452327120642048
1309452448197537792
1309460124751126528
1309460223338266624
1309462269986709504
1309462287359438848
1309464544528326657
1309466984745107457
1309467294175698945
1309475344089374721
1309478219184140288
1309481155519942657
1309484289373790209
1309487352083918853
1309496916342784000
1309497418254151680
1309498879700656133
1309499063801229313
1309503498606632963
1309505491815469057
1309508348035756033
1309510412270886913
1309510928887549953
1309513009258090496
1309515111866875905
1309515481720614913
1309516409207009281
1309520042984316929
1309520654924828672
1309523026371698689
1309526159491649537
1309527735652421632
1309529925330763777
1309535797054377984
1309541977994616832
1309543048133505025
1309560668748574720
1309566029752725505
1309590586903592960
1309591901541036032
1309592997361668096
1309602348088451072
1309603561978773504
1309605894766776320
1309607744937156609
1309611437036249088
1309621396905975808
1309635843368218625
1309640243616731136
1309644037398224896
1309665637585702912
1309675142377697286
1309680358355423233
1309687512466563072
1309693255408168960
1309702096610975744
1309702351100416002
1309702578184232960
1309707645100544000
1309707717875884032
1309708140040994816
1309716702406426628
1309728728730054657
1309732352193523712
1309742594193195008
1309744658990292992
1309744879233241088
1309745651035508736
1309751412037885952
1309755704794734592
1309757627023327232
1309759263305203712
1309765028828991488
1309767959632510976
1309769124927553536
1309771537445085184
1309772798622011394
1309775863991300096
1309776524799741952
1309782874388717572
1309783349209096193
1309786657105698817
1309792071721476097
1309801079006089216
1309808067932909569
1309812301340372992
1309813350981709827
1309813376873185280
1309817613891952646
1309819753066721280
1309823376706338817
1309832951899668480
1309836322052349953
1309842139279323143
1309844728481943552
1309844728481943552
1309850090383618049
1309852787572912128
1309856264550100994
1309861348185001986
1309871318255296518
1309871527794413568
1309876647105945601
1309876790832148484
1309876827024883713
1309876881324343302
1309902514838355968
1309905497810558977
1309917033178386432
1309938476104577025
1309942179272425472
1309960370581172225
1309961313133629440
1309964120519634944
1309974246035091456
1309991080914374656
1309996820542533632
1310032233101623296
1310037988240273409
1310038237293899777
1310038688127049729
1310042898784681986
1310047284537602048
1310049552104189952
1310050449593049088
1310053187970240512
1310057356844175364
1310061339742621699
1310062084722315264
1310084029740244993
1310084837248696320
1310100602760736770
1310105201215373312
1310105440181657600
1310107821925523456
1310108455282253825
1310108498429054978
1310118230447456261
1310123426430906370
1310124231863140352
1310128483998117889
1310128821245419520
1310129467952492545
1310129647313543170
1310135081772621825
1310135180389044224
1310135438082895872
1310135768115888128
1310137512883494924
1310145971133636608
1310148477712650240
1310149352866758657
1310159091063336960
1310160731363397632
1310163087048110082
1310171552558665732
1310176907296518145
1310180535239544834
1310194930669596672
1310200197838897152
1310202303484313600
1310204648985247748
1310206270045974528
1310209284819415042
1310210237979226112
1310212509937233921
1310213477974196224
1310218084284690432
1310220835798413312
1310223668018950144
1310224872702795777
1310230812999086080
1310248362629685248
1310253555257733121
1310265676175568897
1310299388317630464
1310310401389678592
1310315657938886657
1310326817044094976
1310333936153718785
1310340834345115648
1310354754199908352
1310383888926031875
1310384801497714688
1310393749684383744
1310393976583647232
1310398104105922560
1310398410827022336
1310411771899904000
1310412107318345728
1310416364281061376
1310417788092071936
1310419755216457728
1310426639470223360
1310427141901676544
1310434556768448514
1310437742636007425
1310444345271615488
1310453522178043904
1310456281417895936
1310456590651109376
1310456705512136704
1310457127081656320
1310466128964014087
1310466875730481153
1310469059922681856
1310489550007926784
1310490706142572547
1310495250385784832
1310497853572222977
1310500864730095622
1310506652701843457
1310509526567718913
1310519302756290560
1310521063487537152
1310522947002462213
1310525687044825089
1310532479141449730
1310532752249298944
1310538437326376967
1310538680491098113
1310544093123022848
1310550747591798784
1310551690886619136
1310560035194372097
1310565905525403648
1310565967534071808
1310568078715969541
1310571456162529280
1310573703797723136
1310574283714752512
1310576352936960006
1310579005796433920
1310582538595778562
1310584744267005953
1310588574207672321
1310589289789444098
1310590251698499585
1310592102208663552
1310593069704572931
1310594224094502912
1310598758896263170
1310602964969484288
1310606057425625088
1310607305805889537
1310607795440373760
1310615525534257152
1310618999613521921
1310627796184571904
1310629670623174658
1310632866213101569
1310650231126548481
1310655974076678144
1310667345099018240
1310670461416566784
1310691709106282498
1310695218937622528
1310697534839431168
1310717653837688833
1310721874825863168
1310727826400657409
1310729476200775680
1310745890118799360
1310760771614248960
1310762641078403073
1310767586754191361
1310769632584712193
1310775329556852736
1310778889682038785
1310779364615708672
1310781942669819904
1310782376180547584
1310782631911411712
1310788085764956160
1310797631312986112
1310798168628424705
1310804440656437251
1310815246194360320
1310827682934878209
1310833936826658816
1310835884581740544
1310842670181281792
1310844036161310720
1310846193413488640
1310848055684390914
1310854692579074048
1310860455603175424
1310861515055009792
1310862380419571712
1310862883278864385
1310866244971634688
1310870591663005697
1310871273199734786
1310885846929698818
1310885846929698818
1310885844572463105
1310895699643363328
1310900563995811841
1310902355383128064
1310902665644138496
1310906073876893697
1310906884631658496
1310909751148994560
1310910426121555973
1310910502957064192
1310916604587208705
1310917122118172674
1310919263641714689
1310924012097163265
1310924875914043393
1310925497149267970
1310926272642519042
1310927086782042113
1310930255364808704
1310931731273281537
1310932065320198144
1310934521093730304
1310935041262977025
1310935623637913600
1310936017491374082
1310936648025346050
1310939671145459714
1310939741517492244
1310943507599814664
1310950790295695360
1310951029907828739
1310951723549294592
1310958785155002373
1310959460303634434
1310960129521733633
1310960313785819137
1310961958020157440
1310968829590171648
1310973376106647553
1310986961025339392
1310989752045248513
1310993909774860289
1310996918567223297
1311000467514638337
1311009723467005952
1311016311460229120
1311016908670418944
1311023070606360576
1311028497314267136
1311045341349728256
1311046375644168192
1311058002204532736
1311063549779652608
1311066365378269186
1311076075984703488
1311079811238916097
1311089407542267905
1311093695060439042
1311097376623394816
1311112740778307585
1311116833966100482
1311120237639512064
1311121560619462658
1311126038290726912
1311128362862034944
1311130390682193920
1311132122778804224
1311132943549493248
1311133250094391296
1311134314382290944
1311134832659894272
1311137501327712263
1311139881519738881
1311141779031244800
1311141992332632065
1311143993552453632
1311151046509486081
1311153637326876673
1311154806061330433
1311157271389327361
1311165572189548544
1311174185419382784
1311187101552009218
1311190709538451458
1311198540404633600
1311198643668443137
1311200980373917696
1311201668533424128
1311205124241416193
1311205333679837185
1311211387067064325
1311218044052463619
1311218777141334017
1311220073122603008
1311222344174637056
1311227940953235456
1311231372237836288
1311236282903715840
1311251225086578688
1311254126248960001
1311254404058628096
1311255830105223170
1311267350075719680
1311267667219607555
1311268151804399616
1311269940784107520
1311271025342996480
1311274160413265925
1311274331809357825
1311278126056366080
1311280012171948034
1311281245544882176
1311281408430620672
1311286116402696193
1311291296460357635
1311292129075814400
1311293581047418881
1311295595252822017
1311296283185836032
1311308362894643201
1311308913912893440
1311313202580320256
1311315404057276416
1311315564451647489
1311318485511802880
1311321104514908162
1311323084704546816
1311324011532439553
1311331692448083970
1311331999076941824
1311332406561968128
1311333209225846784
1311333323705167872
1311338674991243266
1311339848670691329
1311341547498004480
1311341802624937985
1311342486451662848
1311342730044301312
1311342831210909696
1311343254424567808
1311343483785887744
1311346264601055233
1311346375058046978
1311346484999192578
1311347276531470336
1311349376384552961
1311349694577045506
1311349873191477250
1311350203341971457
1311350333814140928
1311350433114238978
1311350555457978368
1311351348529561601
1311351466016161798
1311361558316941313
1311374784324755456
1311375615669407744
1311379442439086080
1311395972526690304
1311403636811939840
1311417382510895104
