1260703558078550016
1260703555385729025
1260703559601004544
1260713944332800002
1260713941338112002
1260713945989595138
1260910275508809728
1260910273239662592
1260925822526820353
1260925820291383298
1260934542686253059
1260942050209431553
1260942053472641025
1260942052210212870
1260945886588395520
1260985776885678080
1260985774993965059
1260985778265640961
1261023454435971080
1261023605011492866
1261023607205101568
1261035339650646018
1261042084410208256
1261042084410208256
1261053679253237761
1261053745292509184
1261272533552320512
1261272532113645568
1261272530125537280
1261272537167810561
1261272535498440706
1261290010399117312
1261297340637483008
1261300850720419840
1261324601042382849
1261343260150120448
1261349522455711747
1261353761701793794
1261354435470594052
1261354432517730304
1261360137484201984
1261371171217395713
1261371253006336000
1261371369046134784
1261372653522374659
1261387825028534273
1261387822658879489
1261387875758866432
1261391969768681473
1261391968283713537
1261391973845356545
1261391972440444930
1261391971081429001
1261391978304081920
1261391976772980737
1261391975296700416
1261391979725774849
1261406738407817218
1261406742656757767
1261406741423697923
1261406740035170305
1261406746448465920
1261406745286578176
1261406743998824449
1261406749061378048
1261406747639627783
1261409506929475586
1261427676604055552
1261427673349230592
1261440296585506818
1261440293838020610
1261440300850929664
1261440298686623744
1261440303073857537
1261456231039893504
1261456227843764226
1261456233074212867
1261462705635876866
1261645754613063680
1261645752268476416
1261645756043268103
1261655204791029761
1261655201594949633
1261655208968536064
1261655206774931456
1261655213074796544
1261655211107659776
1261655238890618882
1261665777066881026
1261665779763863552
1261670735745032193
1261729929839820801
1261765856121552896
1261765878829527045
1261765893522153472
1261769812092600320
1261769814613413890
1261775803391541249
1261799136027979781
1261801675490197504
1261806584746913792
1261818137139384327
1262014508983357440
1262014506810703873
1262014513957797888
1262014512317816833
1262014510640123907
1262022367355822081
1262028455182557185
1262028452967956482
1262028458277974017
1262028456705081347
1262080252483743744
1262109237997703171
1262109263721349122
1262120167783497728
1262154414959329283
1262154417933082625
1262362820798283777
1262374036442660867
1262374033842155521
1262385789763272707
1262386010673078273
1262386015936950281
1262386013944586240
1262399668044075009
1262399672477462528
1262399670774571009
1262399677116362754
1262399675644207104
1262405382477090817
1262432211002896384
1262433352268812291
1262452100367335426
1262452104142245888
1262452102892224513
1262456744816631808
1262464689059004416
1262464691101667330
1262468777524035584
1262480254586806272
1262482209853898752
1262490734965526535
1262503389369425924
1262521676933337088
1262521679382749189
1262722265097043973
1262722262505066498
1262734546430128128
1262755500808011776
1262794574692524039
1262794573098737666
1262794578798804992
1262794577460822019
1262794576122859521
1262794581650915328
1262794580266749952
1262795068626423810
1262797921927430144
1262797918492385281
1262805234407145477
1262814879381143552
1262817128312459270
1262826063517925377
1262830695405309952
1262838888269254663
1262842799810056192
1262847287778316289
1262854921654853638
1262855853545328648
1262860731701235713
1262860776706015232
1262864883919589377
1262864888550039553
1262864887157526537
1262864885463027714
1262864892689821697
1262864891255443459
1262864889951014915
1262864895474831360
1262864894124326912
1262876338375077888
1262876335703285762
1262876340191219712
1262906663654260736
1262906665994719232
1262906670239420419
1262906668460969984
1263087471245606912
1263087474437480450
1263087473242095616
1263087478405320704
1263087476614275073
1263103330009731072
1263103425560088577
1263103509387304960
1263103590366711808
1263118313133146119
1263127652027846657
1263134248363528193
1263149811550883842
1263156218325016577
1263160095908732931
1263160093782282240
1263182417784864769
1263190290954883073
1263190288966787072
1263206276932284416
1263222834270220293
1263222833053863936
1263222831615279104
1263222836639956993
1263222835495002114
