1283683832277934080
1283724266442240001
1283733028460781569
1283735988817342465
1283766312045608960
1283798883462766595
1283833375938293762
1284026507791343616
1284050184851329024
1284087618079252483
1284117065243254788
1284171735215079426
1284189342685167619
1284221938173435904
1284389051177590784
1284389160611176448
1284408380950556672
1284444106702434304
1284462713599668224
1284495185938993153
1284495272626860032
1284749435231141888
1284750854038355968
1284761969774465024
1284767630109429761
1284798429512765440
1284810380682960896
1284844668648292352
1284845030130229249
1285075058805952514
1285107410479329280
1285159443567697921
1285211130437173248
1285221136834404352
1285258578580905987
1285275419051204608
1285434368614440961
1285446498667433984
1285456815103369217
1285473188139466752
1285497793558261761
1285506511956062208
1285515803320889347
1285527556243034112
1285532112209281025
1285587620848971776
1285597303554940932
1285601719901204480
1285632565265797121
1285641226448965637
1285805212150706176
1285845301627158528
1285868768992821248
1285887578454069249
1285941580474482689
1285995789932793856
