1352102508278079488
1352117610008047623
1352156490895818752
1352159909757014017
1352164055604191232
1352175990080868355
1352176892015763456
1352183542667640836
1352189037356998656
1352190962554925056
1352190972675776512
1352194459795152897
1352195115226341377
1352201919293435905
1352206065857777664
1352209707163910145
1352209843319291904
1352210322464133120
1352210337781739521
1352210386993491972
1352210461287182341
1352210479784071169
1352216875086737410
1352217764916723714
1352217769882705924
1352221794724270081
1352224428164341760
1352227347265703936
1352229655294697472
1352236094201491457
1352239698912096257
1352248038757163008
1352248853123137537
1352250473122848769
1352252115662508034
1352254370470129664
1352258445991432198
1352258691517591554
1352261847676825601
1352264056841900032
1352269721589198850
1352269732129476610
1352273496533987330
1352275523930476544
1352275528846245888
1352279553117327361
1352283197858435073
1352283746511298563
1352289210305277955
1352298421965582337
1352298428106043400
1352302203222937605
1352308810208190466
1352308840050675715
1352312507566878726
1352313076226404357
1352318067888553988
1352323819583766530
1352326529091596288
1352331505100611584
1352333574872182796
1352337354749587460
1352341608105181187
1352347873371803648
1352367128175763459
1352370904827719680
1352378206775431169
1352388643659210753
1352405154130235399
1352411921396322304
1352415702699765761
1352477101325053954
1352523909443162112
1352539774775529475
1352555119372509184
1352555214944014337
1352557489766756353
1352562789366161409
1352565554553511936
1352568816769839104
1352571712051658752
1352574228013449218
1352574242072588288
1352578002962546689
1352579103099133954
1352579142575906817
1352580268146606083
1352581543961583616
1352584294405971968
1352584685839392768
1352586812250877952
1352588965501538305
1352588968689188864
1352590586075893760
1352597018250633217
1352600795452108803
1352604672599744515
1352608669821767682
1352615089422131206
1352616023342542850
1352622256325881865
1352627595351715846
1352628187805741066
1352631570356699140
1352646363285221380
1352650870102450177
1352650875571867649
1352651257736028161
1352654760810328071
1352658167600082944
1352661814648000518
1352661818259329025
1352663212559314946
1352665972423888897
1352669621728415745
1352677043889086464
1352688870534471680
1352688876549140481
1352700326101438464
1352734295547203584
1352755812309950464
1352868305267122178
1352879503538753537
1352887179375112192
1352906306537963526
1352906312951054336
1352925054229766145
1352936391353618432
1352936398450515969
1352936398450515969
1352947702342926336
1352951352469516288
1352974251297394690
1352981802571362304
1352981808359514114
1353020555847372800
1353032133124661249
1353047361241505792
1353053019319922688
1353054781510569984
1353069750398537728
1353084980713246721
1353228680219090944
1353244029366857728
1353251833666433024
1353263282077929472
1353278253796970497
1353295502276665344
1353309208242872320
1353324433197338625
1353363187408588800
1353366965490864128
1353374389383774209
1353390242200391682
1353431514399170560
1353450266557779968
1353453910640365572
1353461335162458112
1353591445383376897
1353595093010108416
1353602773183389697
1353610697360379904
1353633596725096452
1353633604211888128
1353633943845789696
1353646677710790657
1353647997696045057
1353648693027643392
1353650821972381696
1353654858910457857
1353655278772891648
1353658320985464833
1353660268501295104
1353660273966473216
1353665437742071808
1353668288069382145
1353668329983025152
1353669271969214466
1353676757103042560
1353683421625683970
1353693713797705728
1353697882218573827
1353702366797836294
1353702974015549444
1353705950792699905
1353706387340218368
1353709850832773120
1353710589487550465
1353713467597975559
1353716566987313172
1353721426541309954
1353725619566215168
1353729103711494144
1353732883362418688
1353740549182820362
1353743033288839175
1353743708710170633
1353746955470442505
1353747980516397070
1353755528330059776
1353763075401244672
1353763081738801152
1353766469180375046
1353789752957227008
1353797551686709248
1353816683316559878
1353820458781528065
1353824101048012800
1353835811481948160
1353850905725034496
1353862231637651456
1353881354610503681
1353914951157465089
1353952945818099712
1353957105405857792
1353964654150602752
1353980379649122305
1353984291944894464
1353984297573642241
1354003291252912131
1354003388472692736
1354003922558439425
1354003926035513344
1354004151441760258
1354007936842883074
1354012248239460352
1354018096428822535
1354021251753369600
1354022494118752256
1354022600570232838
1354026961216139265
1354030716460232704
1354030722592329728
1354031256737087489
1354033846338138112
1354036364073951232
1354041395783335936
1354054442107236355
1354059280157184000
1354066952579239937
1354068460842610688
1354072904183525380
1354083281445277701
1354084169836593152
1354088191603699721
1354090720659988481
1354094243996958721
1354095766105591808
1354098953353093122
1354102706902867971
1354103051989073922
1354103060541431811
1354103443409915904
1354106198908428288
1354108084948357123
1354110992326684673
1354113507311017984
1354118669299638272
1354122448682115073
1354129862403870720
1354133018361831426
1354134280079691776
1354139429774925832
1354145719116918784
1354157048196288512
1354172408391852032
1354180200691453952
1354199710240632833
1354199714384646147
1354203739725283329
1354211407324016641
1354218953694797824
1354322131710971907
1354325910502010882
1354348683920252928
1354348690375237645
1354352579098988547
1354364293307797510
1354364885740695554
1354374144515846144
1354376604495958025
1354379135309627395
1354380401716813828
1354380400752254977
1354385443022893064
1354386557692637185
1354388330394345472
1354388447318978560
1354388457553080320
1354388467149647872
1354388663648575490
1354388684657704962
1354389235839676416
1354389364311261185
1354393291379367938
1354396754284851201
1354397752688398341
1354400008926351370
1354416633154965507
1354420409714663428
1354427939719417856
1354428081927114759
1354432715467194384
1354435766533844997
1354444707041050626
1354452239587266561
1354454853490192385
1354454874294013963
1354457307007082497
1354462559470927872
1354464084830392320
1354464250287239175
1354470237547110402
1354470243913977857
1354472925139791875
1354477337711095808
1354478039275425794
1354478045776625666
1354482744089260036
1354489626250027010
1354501442212483076
1354508994795081731
1354516917910867969
1354528496094040068
1354551898037055489
1354560321952702465
