1319035736444764160
1319050835536441345
1319065934649315328
1319081037490802688
1319096133164126209
1319111236919955458
1319126334183006209
1319130682204082176
1319131064342843392
1319132290874806273
1319132622753271808
1319133592920969216
1319136397559623681
1319136579131236352
1319138914360299520
1319141433882837003
1319143947344646144
1319146463985762305
1319148154902765569
1319148980769419265
1319149419120496645
1319150658679918592
1319151497158930432
1319154013850554368
1319154107639341056
1319154239051018241
1319154560930373634
1319156532928335872
1319157638513516546
1319157868122284032
1319158105289048065
1319158319735558144
1319158438568538112
1319158881357078530
1319159046814027776
1319159187881009154
1319159395608109056
1319159809166479360
1319160547540074497
1319160806576185345
1319161108012425216
1319161339852562432
1319161447985930241
1319161563614449664
1319161880020123653
1319162215073722368
1319164079966072832
1319164513929842689
1319166163457347589
1319166327630778370
1319166513979457536
1319166596653350913
1319169113302990850
1319169260783128576
1319171631655358464
1319172557086535680
1319173223884443648
1319174146404667392
1319174468296757248
1319174912872009728
1319175712956420097
1319176391603126272
1319176663054340097
1319177321719472128
1319179180639211526
1319180745118810113
1319181696093347843
1319181695636078593
1319184212583473152
1319184334771933186
1319186732806492166
1319189246029164544
1319189496320217088
1319189644089741312
1319191153410015234
1319191762393583617
1319194279185698816
1319194371280044034
1319195945901428736
1319196300135497728
1319196795746963457
1319199270478766080
1319199312367087616
1319199510657175553
1319200026774691841
1319201130006630400
1319201717691572225
1319201834431545344
1319203978823991297
1319204345317974016
1319206862110142464
1319207287467216896
1319209381397843969
1319210596278087680
1319210849802780673
1319211020020289538
1319211326250549249
1319211895333605377
1319213785924685831
1319214337781911552
1319214411710631936
1319216931723857921
1319217521837395973
1319217929662193667
1319218001179279361
1319218197971828739
1319218197971828739
1319218821098557441
1319219445173280768
1319221789717823488
1319221961587904513
1319224479118143488
1319225514259812352
1319226994647707648
1319227044216082432
1319227896762896385
1319229101178236928
1319229511326699521
1319229609074954240
1319231406493650945
1319232033692864513
1319233012173819904
1319234371845500928
1319234544407437312
1319235310908297218
1319236327158763521
1319237060918738944
1319238306538778625
1319239579485044737
1319239612997505025
1319241648216395776
1319242094523842560
1319244610628182016
1319245177773563906
1319245679882129408
1319246979717890049
1319247128930246657
1319250433374904320
1319252160643624962
1319252749830291457
1319254679650521095
1319255612711108613
1319257193632485378
1319259710575366144
1319260528540266503
1319261926275354624
1319262227556253701
1319264743555698689
1319266002371289088
1319266110693384193
1319266381695750144
1319267260750594049
1319269778398261249
1319272293164437505
1319273552818753536
1319274484579192832
1319275643457028097
1319276068306518016
1319277327684022279
1319278585400573956
1319279843058515968
1319279915385057282
1319282359439708161
1319282590335913984
1319283618326269962
1319284876256833537
1319286134434893825
1319286532969132032
1319287392558252032
1319288651428229122
1319288818265042945
1319289248969756678
1319291167654121473
1319292434820550658
1319293684592984064
1319294942884229120
1319295204218695680
1319297459307352064
1319298717552312320
1319301004689637378
1319302492195225600
1319307528581246976
1319309310619492353
1319312558587772929
1319313477396275201
1319317591605846016
1319318235792265216
1319320624603516928
1319322626767147008
1319327555233763333
1319327658208071681
1319332100215132161
1319333935432765443
1319335207632171009
1319336880043888641
1319338479612997633
1319340241254166528
1319342757811527681
1319343277070553090
1319345277073977345
1319347791127138304
1319349049086996481
1319351345263108097
1319352906341142528
1319354585383759872
1319355591974809600
1319356598838493187
1319357138943225858
1319358360374882309
1319358617204785155
1319360374689419265
1319361916540755970
1319362135302942721
1319362773462192129
1319364340483579904
1319365451340779521
1319365549068083209
1319366519214702594
1319367923681710081
1319371698244775936
1319371947235545090
1319372076164239360
1319373459684683777
1319373988905259009
1319374039673077762
1319375473336590337
1319375529426980866
1319376731573243906
1319377117495365647
1319377598686892039
1319379248017068032
1319379917335941120
1319381595686637570
1319382208960991234
1319384421221400583
1319398125799440386
1319413226321276928
1319428323605434368
1319443421749149697
1319458520337580032
1319473621266358273
1319488720475738112
1319494973960716288
1319496268830355456
1319498684313358336
1319498785391693826
1319501347180449793
1319503821706506245
1319505703510433792
1319506335197761537
1319507593677602816
1319508479661510656
1319508588700835841
1319508851708878851
1319511369012727811
1319513885339045888
1319515312119779329
1319516385324707840
1319516401468661760
1319518918365462529
1319521414802800642
1319521434599903233
1319521597640900608
1319521874838278147
1319522120007811072
1319522167961341952
1319522528986124289
1319522803977158656
1319523144974159872
1319523386826104832
1319523650492563456
1319523865161334784
1319523951433842690
1319526468829868032
1319527244012937216
1319528984426672131
1319531501088747521
1319532783589535745
1319534019881611266
1319536534400401408
1319539050873671681
1319540703932878849
1319541568982843392
1319544084055396362
1319546600599900160
1319546810612985856
1319547858870218758
1319548401822928896
1319549120676179968
1319549622818398208
1319550785374556160
1319551633907351553
1319552009490567168
1319552089056530434
1319552705761890304
1319553746221867008
1319554150586327040
1319556667596439552
1319557073542238213
1319559183579054080
1319559300487008263
1319560068489269248
1319560234990489600
1319561700056666112
1319562844111777793
1319564218849513473
1319564218849513473
1319564371127902211
1319564453382377472
1319565754132537345
1319565832108781573
1319566174041067521
1319566733321981952
1319566748031586305
1319567869986938887
1319569250013642753
1319570840028090369
1319571768076505089
1319573064946941952
1319574282964533248
1319574948034322432
1319576799475585024
1319579320117985280
1319579694837227520
1319581832787185665
1319582707102470145
1319584349432365056
1319584494618353664
1319586868082757632
1319589382513430539
1319591899343171586
1319593662041522182
1319593830098915328
1319594418215636992
1319594544657289216
1319595025601355776
1319596766518480897
1319596932210241536
1319597096635371521
1319597946376232960
1319598858058477569
1319599448998068224
1319601028413652998
1319601966943621120
1319603174265729024
1319604482255122434
1319605652021563398
1319606999965945858
1319607809550450688
1319608424578113536
1319609518926581761
1319612317143793666
1319613226439540737
1319613350318383105
1319614548718960646
1319615291328966657
1319617306062917632
1319618914951856130
1319619581707771905
1319619938949255170
1319620231103471616
1319623826813181952
1319624619049926656
1319627131312205828
1319627512276766721
1319629647953408007
1319631181474877440
1319632165081001988
1319632733493231617
1319634681084727298
1319634791944364032
1319637197784580098
1319639714534621191
1319640283705901059
1319641622636789763
1319642230861271040
1319642734886604801
1319644747519062016
1319648672263659521
1319649718893465606
1319649780566429696
1319649836375986176
1319654823260790785
1319655429333536773
1319657330565390339
1319659847894355971
1319662124084416512
1319662365328232448
1319663233083625472
1319664879935041537
1319667396702064645
1319669916618768389
1319672362011447297
1319673434876579840
1319674886969827329
1319674946834944002
1319675675108954112
1319679979450400769
1319680041220014081
1319682496066244609
1319685021762945027
1319685340597243904
1319686113922109440
1319686399759704065
1319687034953486337
1319687529545621506
1319688571176034304
1319688859555368960
1319689010965581825
1319690647520071683
1319692273374855168
1319692964944318464
1319693732208410625
1319697117238132736
1319700764621766656
1319702629207990273
1319705145316315136
1319707661798166529
1319710179047411712
1319711861114343430
1319714448689537027
1319715217182396417
1319717728572207104
1319720244856954882
1319722764081590272
1319725278118039553
1319727070772137987
1319730313468076032
1319732032734437382
1319735344225382400
1319740377759281154
1319743146025050112
1319745914542518272
1319747927158521862
1319750443912687616
1319752708824453123
1319755477123813377
1319757993500696582
1319760510791811072
1319763026732601344
1319765543663054848
1319770577079390209
1319773093066240001
1319775613394259970
1319780642867957760
1319785675890282496
1319788192531267585
1319790713098338304
1319798259414687744
1319805811846189059
1319810841869316097
1319820908371058688
1319836010163900417
1319843557646192641
1319851108324372482
1319856140314869760
1319861745377226752
1319862421721370624
1319863262989746177
1319863603705556992
1319866207479234562
1319867866657771520
1319868723214376960
1319871239662505990
1319873757473869824
1319874565338730500
1319875573901086722
1319876272768516096
1319878789317513216
1319881306759548928
1319883822520061952
1319886339207163904
1319886571601121281
1319886777755336705
1319886953513451520
1319887655623102468
1319887841632157696
1319888063720546306
1319888403337482240
1319888681918959616
1319888855730778113
1319888889667084288
1319891372405485568
1319893889126297601
1319893951755784193
1319896406782595073
1319898922291064833
1319900546531250176
1319901040477532160
1319901438714195968
1319903956777242624
1319905879899111427
1319906471824355328
1319906844173893632
1319908988398522368
1319909567355113474
1319910997839220737
1319911506675286021
1319914021756178434
1319916538212851714
1319916898201538561
1319918732626505728
1319919056070168577
1319921439827427328
1319921571297959937
1319924088198971392
1319924088198971392
1319926499575726082
1319926607302176768
1319927168487596032
1319928161912631296
1319929121129041921
1319931637761667076
1319932292245168128
1319934094285901824
1319934154709061634
1319935116366544896
1319935412710772736
1319936670905606144
1319938675623530496
1319939187387269120
1319940677241868289
1319941708071768066
1319944220761747456
1319944506473615362
1319946737478488065
1319949254966808578
1319951053710819329
1319951372473819136
1319951770571788288
1319954286940426241
1319954736607645697
1319956669934276609
1319956805179510785
1319959320293879809
1319959350480351237
1319961836721217536
1319962180205367296
1319962301013856256
1319962628584865792
1319964353274105856
1319964819655692288
1319964900786057218
1319964979248979968
1319965945977360384
1319966037652180992
1319966869927849985
1319968230589534209
1319968268338290688
1319968361959350272
1319969051997777921
1319969386510356481
1319971217722527744
1319971909228875784
1319974419620651008
1319976936387547141
1319977607115530240
1319978192606760968
1319978357614809088
1319978442184601602
1319978494869295105
1319979454966345729
1319981584611684352
1319981969363537922
1319982242039463936
1319982687113838592
1319984485958668288
1319985415814873088
1319987005653213186
1319987322599972864
1319988992474054656
1319989519404290050
1319992035667894273
1319994552724426754
1319996277799768064
1319997069210378242
1319998450147205121
1319999585369100290
1320001019544244224
1320003225257467905
1320005094486740992
1320007135242190848
1320012168453115904
1320014677162819591
1320014689410207751
1320017210526461952
1320019409080115201
1320019718233853952
1320022235046940677
1320027268115099649
1320029784584429579
1320031414717468678
1320032305629548544
1320032783956348928
1320033866455855105
1320034158324994049
1320034817535193088
1320037334499291143
1320038483357016065
1320042367274094592
1320043275319971841
1320044883990638592
1320045143827881989
1320047405094547456
1320049563110178817
1320049917214281729
1320052433813295105
1320053688669474817
1320057467380715520
1320059791629258753
1320059983669743620
1320061533167230984
1320061759290544128
1320062505830547456
1320062986325733376
1320064159921340416
1320065016825958400
1320067533488201730
1320072196765659136
1320072566279524353
1320077602539753472
1320080134452449283
1320082632886132738
1320086174858358784
1320087665841074176
1320092703116251138
1320097732124676098
1320104023781826560
1320109122109513728
1320109709232381953
1320110315045093381
1320115349115682817
1320117864737636353
1320120381261242368
1320122897894117397
1320125414749032449
1320127931071381504
1320130448702529537
1320132964320047104
1320135480881664000
1320137997627527168
1320140514050543617
1320143030536450048
1320145547148210177
1320150580321538050
1320153097830805504
1320168200349376515
1320175747198234624
1320183296303656960
1320190847397158912
1320198395558916096
1320205945138499585
1320213497834209283
1320216011375890433
1320218528054587393
1320221045371129856
1320223561420697603
1320224819518926848
1320226077881602048
1320226220559208449
1320227336139251712
1320228595768279040
1320229853157732353
1320231110987702272
1320232369207431169
1320233627599491075
1320234885999513602
1320235492043010049
1320235553615470592
1320236144819236864
1320237402514878464
1320238660646817792
1320239919105626112
1320239987091214336
1320241177510150144
1320242435562164231
1320242938882949120
1320243695875100675
1320243962230308864
1320244197346045953
1320244952262115328
1320246210389790721
1320247468932493312
1320247851889426432
1320248726963761152
1320249111153676288
1320249875892666368
1320249985263349760
1320251244758339585
1320252502080512002
1320253760271273985
1320253784879235072
1320255018411429890
1320256276723601409
1320256358688632832
1320256882976739328
1320257534926741509
1320258796103585792
1320259177374253057
1320260051878203392
1320261030283456512
1320261309959671808
1320261379593543680
1320262568250904576
1320263093285421058
1320263826458238976
1320263826458238976
1320264218290098176
1320265084782989314
1320266343510274048
1320267601725960192
1320267676032376833
1320268859694182400
1320268921891586053
1320270117901602816
1320270234192891904
1320270631460589568
1320271376444493824
1320272062099972098
1320272634538545152
1320273895837020162
1320273992515768320
1320275151364231168
1320276409474924547
1320277667619475456
1320277836511514624
1320278926208454657
1320280184273227777
1320281331658596352
1320281442912403456
1320282069482803201
1320282701056806913
1320282756673359872
1320283959264268288
1320284470184902656
1320285217458978821
1320286475733315584
1320287055289745408
1320287734070640642
1320288997961207809
1320290250988675072
1320290396912615424
1320291357433409538
1320291508935938049
1320292767231320064
1320292830141710343
1320292981400895488
1320294025635766273
1320295283914231809
1320296542163484673
1320297656518889472
1320297800412741633
1320298363112259584
1320298584449966081
1320299058850795520
1320300316944891906
1320300443373887488
1320300816192950274
1320301575382990859
1320302833594486785
1320304097736572928
1320305350428512258
1320306608480653312
1320307866989924352
1320309125054558208
1320309884932468736
1320310383404515329
1320311643696291841
1320312339477024768
1320312900054097921
1320314158156517377
1320315416468725762
1320316166854889475
1320316208747524098
1320316245502271488
1320316674705424387
1320317933210324995
1320318405610799104
1320318463341113345
1320319194915811331
1320319353519263744
1320320450237362177
1320321708138459141
1320321738656415744
1320322966182191104
1320324224729321475
1320325482798170114
1320326742272331777
1320327366477025280
1320327999569289218
1320328493993963521
1320329257625686016
1320329282405675008
1320330243937325057
1320330516042813440
1320331154432626690
1320331377259270144
1320331726338613249
1320331774476513281
1320331942085222401
1320333032910442497
1320334292002754566
1320335010969341953
1320335549492830208
1320336807507202050
1320338065869672448
1320339118199549956
1320339324085338113
1320340456857849860
1320340582401597441
1320341841959702531
1320342312505978880
1320343098975727616
1320343823185301507
1320344357271027714
1320345616287891462
1320346873874427904
1320346916807389186
1320347739008520193
1320348060589981697
1320348132069302274
1320348709603938309
1320349391564099595
1320351236063985664
1320354246991249408
1320356940854198273
1320357296573157376
1320359456832540679
1320360715157344256
1320361973385728001
1320363231672733703
1320364491649904647
1320365171987054593
1320365748603113472
1320366250455977984
1320367006751703042
1320368265302921217
1320369523371945984
1320370781243822082
1320372042080776193
1320374556238868480
1320375814618112006
1320377072850591745
1320378331217481732
1320378474360602624
1320378741114261505
1320379593010769920
1320379661478658048
1320380393649037312
1320382106317377536
1320384369773694992
1320386373724049410
1320387894276653056
1320389655783743491
1320392172227743744
1320393350873231361
1320394723681554434
1320395769376067584
1320398463889264640
1320400623444070400
1320402238502625280
1320402409928200192
1320406795819601920
1320409788589600768
1320412610957889536
1320413156653543427
1320413728043638787
1320417338240413705
1320419662405001222
1320421113013256192
1320423585933119492
1320425052949667843
1320429920992940032
1320431319214641158
1320434954250211330
1320438031900413957
1320439989830758400
1320440386901295104
1320440580443439110
1320441145495871488
1320442503972098048
1320445020495896577
1320447538046984192
1320450053757194243
1320455090445131776
1320456454738972672
1320460120187379714
1320465153368956928
1320467669632466944
1320469934644719617
1320485286946738178
1320500386902409216
1320515485998456834
1320530585492856835
1320545686702723072
1320560785727332353
1320575885469241344
1320578399258116096
1320579091104473088
1320580915844632577
1320583432565522433
1320584690873630727
1320585778104324096
1320585949030436866
1320587207275651075
1320588465751257088
1320588465751257088
1320589723883233284
1320590982723727360
1320591217734914048
1320592115534077952
1320592240817836036
1320593498773606402
1320594757169664000
1320594973373419520
1320596015301464064
1320596447276969984
1320597273655427077
1320598531925635073
1320599790388822016
1320601048483041280
1320602306719682560
1320602786418069505
1320602875161120768
1320603565165953024
1320604823486513152
1320606084629962752
1320607340358414337
1320608598255411200
1320608638176763904
1320608693159944193
1320609856798269440
1320610272252407808
1320610420357537792
1320610548661293056
1320610669901864965
1320610842052857856
1320610997934137344
1320611114812641280
1320611125382336513
1320611236178993153
1320612373229690880
1320613632015802369
1320613994806345728
1320614024812396546
1320614889837113345
1320616148010819585
1320617406759268354
1320618664564019201
1320619125576814592
1320619723848060928
1320619922918178816
1320621181100146688
1320621405868855297
1320623697867100160
1320624453991227394
1320626214390910978
1320627472979816448
1320627711891701763
1320627827549605889
1320628410847297536
1320628731904483328
1320630340197715969
1320631247614300160
1320633581560090625
1320633663973974021
1320633764163153920
1320635347664015360
1320636280682602496
1320636501747748870
1320637539502428160
1320638656609136640
1320638797286154240
1320640055770189825
1320641314115907584
1320642182068449280
1320642572151361538
1320643830861869057
1320643950349344768
1320644396480634881
1320645088914059269
1320646347142373383
1320647029908013057
1320647605408256000
1320648031033790464
1320648735639089152
1320648863619915776
1320650122007433216
1320651137205362692
1320651386284113920
1320652638921334785
1320652996544528384
1320653165201674241
1320653897007026177
1320654342836334594
1320655155600052225
1320656413476225027
1320656452948758528
1320656774110810112
1320657671792439296
1320657992212221954
1320658930998063112
1320659505072492544
1320660188597280768
1320661446498418688
1320661499333980161
1320662705301118976
1320663963638484992
1320664777258094594
1320665151633264640
1320665221594271744
1320666482385113089
1320667738499526656
1320669423129210882
1320671513050185729
1320673202864066560
1320673543923916802
1320674031641776128
1320676546080747521
1320679062600179713
1320679953986473985
1320680321025757186
1320681584094257152
1320682837880623104
1320684096331235328
1320684363261104128
1320685354282741760
1320686612477476870
1320687036819492864
1320687372447764483
1320687870777184256
1320689956881420290
1320690048220733441
1320690387489562624
1320690421060816903
1320691645604679681
1320692904327786498
1320693822632984582
1320694162287554561
1320695420331372544
1320696244151455744
1320696683999748097
1320697409903726593
1320699195653668865
1320700016042889217
1320700247690121216
1320700650062254082
1320701313794101248
1320701712060026881
1320701718041141248
1320703243153014784
1320704229544058880
1320706745472307201
1320707460743778306
1320709262084067328
1320710519922200576
1320711782495731713
1320712752151887873
1320714294862827520
1320715554198441984
1320716472566558722
1320717497075716098
1320718069862256640
1320718770910932994
1320719327922778113
1320719842224295937
1320721619363500037
1320724361469399040
1320724897170161664
1320725557949157376
1320726615517790208
1320727979669028864
1320728212960382976
1320729394399318018
1320730652912726023
1320731911359135746
1320732283691741184
1320733169318965252
1320734063871873066
1320735510550269952
1320735685943255043
1320736944070881281
1320737926905516035
1320739460796026886
1320740719016005632
1320740885626294274
1320742746093740037
1320744493927198721
1320745752243494912
1320747010861928448
1320749528899792897
1320752043892428800
1320753676940619784
1320755283891728386
1320755824478855170
1320756038723915780
1320756701465845761
1320757934243090433
1320760852451123207
1320762079259873281
1320762613408632836
1320764507564769286
1320768003017969664
1320771177590247424
1320772208147468290
1320774799971463168
1320774799971463168
1320775720612876288
1320775951572033536
1320776928148787201
1320779203042824195
1320779942699872256
1320781677136936961
1320784269812391948
1320784733991804935
1320787276461465600
1320788066185957378
1320788892551790592
1320791051037073408
1320792812372127744
1320793000419667969
1320794825415864322
1320796197804793856
1320797001513115649
1320797428254199809
1320798422182625281
1320800429287104512
1320802099114971141
1320802108690628610
1320807408604712966
1320808249353003008
1320812441681469447
1320813734072299520
1320815207304826880
1320817338275553283
1320818238343815180
1320819991478820865
1320820764598296577
1320822507956510720
1320825024970919938
1320827541104422912
1320830057821057024
1320832322808082433
1320833179394183168
1320833974550278144
1320847673684090880
1320862773274988544
1320877877995302912
1320892976013496325
1320908073947594752
1320923172112355328
1320938270608379905
1320942694252904448
1320945820775206913
1320948336942350336
1320948966771535872
1320950255291158529
1320950853658943490
1320953370534834177
1320954813799141376
1320955886672715779
1320956117111967744
1320956295923617792
1320957712935669761
1320958403334852609
1320959389197545472
1320960919904636928
1320960991434330118
1320961544990134273
1320961784023523328
1320961983865409536
1320962175993892870
1320962394252783618
1320962658754056192
1320962955907862528
1320963364407939073
1320963436394799104
1320963644268650496
1320963744042766337
1320964694715305989
1320965953308422145
1320968469786099713
1320968604897214469
1320970986074873857
1320971971782475776
1320972070633852929
1320973502749544451
1320974340133969920
1320976019973640198
1320978535885033472
1320980688116568065
1320981052454662145
1320983568991064066
1320983746322063360
1320986085879468033
1320987524735619072
1320987758563905536
1320987894979481600
1320988602298290177
1320991118742351872
1320992894082293761
1320993072336031744
1320993172894425089
1320993635496824833
1320996152129527808
1320997322243903489
1320998669638868992
1320999085592248320
1320999253909667840
1321001185344548864
1321002556001292289
1321003701927104513
1321006219016998912
1321007222135103488
1321008734953459712
1321010179090034688
1321010419079798789
1321010781056618496
1321010923834871808
1321011251632238593
1321012509797736448
1321013271839838210
1321013771247075334
1321014207651958790
1321014327718150146
1321014439483723776
1321015026946207745
1321015026648494080
1321016284809728000
1321017543054733312
1321017607655432193
1321018801350045699
1321020060006273024
1321020462441353218
1321020526651969536
1321021319673049088
1321022021208330240
1321022469403250690
1321023834376433666
1321024863558082560
1321025243209625601
1321026351114010624
1321028871450406912
1321030775232434176
1321030897915879425
1321031205840654336
1321031384610164736
1321033900811059201
1321034816729587712
1321036392865189888
1321036418282590221
1321037675944681473
1321038909728559106
1321038933862604800
1321039067807649793
1321039489884737537
1321040192162201601
1321041241572782080
1321041450839097344
1321041751092637696
1321042708862062592
1321043972719054849
1321045121937321989
1321045226014736385
1321046483836248064
1321047742337159168
1321049000334819328
1321050258793623552
1321051518489997313
1321052757856555013
1321052775430737921
1321053883679035392
1321054033323458560
1321055292164026371
1321055909888577537
1321056550056792064
1321057808423342080
1321059067968839680
1321059381157527553
1321060325513326592
1321061583267778562
1321062842787794944
1321064100030484483
1321065269582856193
1321065358501969921
1321067118608093187
1321068027593502724
1321069133031632897
1321070341205200898
1321070592989212673
1321071649551167488
1321072907796307968
1321073681217556480
1321075424944918530
1321076302238109702
1321076682824970252
1321077768222842880
1321078538540371968
1321078836101029890
1321079798568046593
1321080457623150592
1321080657695723521
1321081717831024640
1321082974381744128
1321084232593276928
1321085483217289216
1321085483217289216
1321085491047854080
1321086749334929408
1321088007391334400
1321088853910921216
1321089477020946437
1321090524598685701
1321091782252228609
1321092942870839299
1321093041029959680
1321093040539197441
1321093338259443716
1321094298822004736
1321095557524393987
1321096815312277505
1321097809198780416
1321098407088455686
1321098513053265920
1321099332037136386
1321099536538968066
1321099577513156609
1321100590198345729
1321100966192648195
1321101848674185223
1321103106965340161
1321104374706286593
1321104720161812481
1321105623891824640
1321106366858231808
1321108140109287427
1321108191678238728
1321109040659894272
1321110593189912577
1321111194573410305
1321112268646584321
1321113055820947457
1321114431976161282
1321117417444200449
1321117833707835394
1321119469452861441
1321120487397859335
1321121939478499336
1321124497882230785
1321125595602968579
1321127265799987202
1321129531025940480
1321134247130923011
1321137080597008384
1321137895483297794
1321139420427411462
1321140690911436801
1321144631040581636
1321144630633656321
1321145545646366720
1321147147127975936
1321147956574199809
1321149670563975174
1321151330937901065
1321154308600115201
1321157214472753153
1321158994212327425
1321162246681206787
1321162819816095746
1321164764773380096
1321166297959452675
1321169695052124161
1321169796478738433
1321171911645274119
1321174577741852672
1321177437045198853
1321179863902941186
1321179863752101888
1321180190341550086
1321182379332014081
1321184896275107841
1321187413432115201
1321189928936509440
1321193330475225089
1321194710334013440
1321210066054180866
1321225162843254791
1321240261767229440
1321255360242446338
1321270460064043008
1321285563916439559
1321300661133164545
1321307540014190593
1321308320947462150
1321310724988305409
1321313241423753221
1321315760212303873
1321318274638950401
1321320791246401536
1321321204389654528
1321321421843406851
1321321531692195841
1321322665194541059
1321323309074509825
1321324566145167360
1321325824184881155
1321326681144070145
1321327082576568321
1321328340897165312
1321328799485669378
1321329518334922752
1321330507276275712
1321330857907523584
1321332364283465728
1321332600263368704
1321332807923281920
1321333125625094144
1321333373965602818
1321333859225608192
1321334076415102976
1321334343684546560
1321334455051706368
1321335778354626560
1321335890929614849
1321337648124973056
1321338145196093440
1321338408195772416
1321340718330380289
1321340923817549827
1321341092072247296
1321342003548999680
1321343167246073856
1321343440500617217
1321344186914873344
1321345307880378368
1321345960707035136
1321346691103182849
1321347636553801730
1321347707496222721
1321347926430535680
1321348473657069568
1321349031277285379
1321349732044664835
1321350990264561664
1321351194086965248
1321352248635645957
1321353507396587520
1321354736419901440
1321354765167697920
1321355117438865408
1321355237815300096
1321356023433625606
1321356765716500480
1321357281984917505
1321358336785305600
1321358539919560705
1321359798298906624
1321360867485765633
1321361058540392450
1321361842149695490
1321362315032190983
1321362340298792960
1321363410508984321
1321363573570826240
1321363862491463680
1321364831673438208
1321366089792704514
1321366348912623619
1321367347949498368
1321368607281061889
1321369864758591489
1321371123104272385
1321371804808683520
1321372381634580481
1321373594451140608
1321373639355236353
1321374897776439296
1321375548229226498
1321375644568178688
1321376156583604226
1321377414866489346
1321378672612380673
1321378740891537408
1321378989311754240
1321379930957996034
1321381189454860288
1321382447490191360
1321382681226170369
1321382828148428801
1321383608666513409
1321383706561597440
1321383800862105602
1321384505786195968
1321384964449923078
1321386222359506950
1321388738967003138
1321388841652178949
1321388969062445056
1321390480169512960
1321390986963070976
1321391255956324352
1321392173540134913
1321392776496484355
1321392857907896320
1321392939382251522
1321393772106637312
1321393772106637312
1321395030477688833
1321396288697606144
1321397125238951936
1321398642536779776
1321398805124861952
1321399217039020032
1321399774881394691
1321401321791041538
1321402580157767682
1321403838323109888
1321404878154027010
1321405413464616962
1321405552350679040
1321406364007211009
1321407613758664704
1321407920429535234
1321408871630467077
1321409294349291522
1321409684822233095
1321410672174026752
1321411388624064512
1321412646369923075
1321412736274878466
1321413907186130944
1321414614240894976
1321414643701719040
1321414959277002753
1321416421352501249
1321416776379441152
1321418032481259521
1321418821765353473
1321418938106994691
1321420479538831367
1321420696287911942
1321420912525221891
1321421458145337344
1321421690564415489
1321422932170706946
1321423379715543042
1321423971368071168
1321425230133403651
1321426487828975616
1321429008047874050
1321430262832680961
1321430307472658433
1321430372018769921
1321430777268178946
1321431519680958470
1321431520846991360
1321432779842707458
1321434037525700609
1321435296047763468
1321436419580186625
1321436556670820353
1321437642291032067
1321437813175324673
1321439012251443201
1321440329334214657
1321441587570749441
1321442639422652417
1321442845543161856
1321443653898932226
1321444104811782150
1321444185006723073
1321445362540961793
1321445801101504519
1321446620630634496
1321447878598946818
1321449136890302464
1321449741331386369
1321450395269554176
1321451341886181385
1321452912539656197
1321454170105356290
1321455428543406082
1321456687480328193
1321456748054663168
1321457950255390721
1321459205149249542
1321460183437070336
1321461719835824128
1321462978772754434
1321464236506148870
1321464602673238016
1321465494680076289
1321466034029760516
1321466758817968128
1321468011702870016
1321469269520064512
1321470528092332032
1321471786203049984
1321472101660975104
1321474305658474501
1321475166208217093
1321476819279773698
1321481854688485376
1321486885848494081
1321487993635524609
1321491920439435269
1321491918837207040
1321492058209660928
1321495233704677376
1321496472886693890
1321497411102085120
1321498403738656772
1321499731474976776
1321500215753453570
1321501949485817856
1321502505327595521
1321503317969821698
1321506534497636355
1321506637035806720
1321507596096933888
1321508631121170438
1321509535127904256
1321510905453137920
1321511336128499712
1321512555307769858
1321515826575364096
1321519603629973504
1321521551884300290
1321523376381329410
1321523794629038080
1321527159601549312
1321528068817719300
1321531581161447424
1321532345460133888
1321533442400653314
1321534246947835912
1321536387859030016
1321537217609764868
1321540083514777600
1321542253958017025
1321546025274933248
1321547011540324352
1321548667564761091
1321549802140626944
1321551561840041985
1321553487700832257
1321553575328194560
1321555336805888000
1321557098195382273
1321560087933190144
1321563198554853382
1321564900238516225
1321572456696565769
