1268301593692131340
1268399609715535875
1268407190790049792
1268414702234845192
1268419941692313600
1268422255824044037
1268427723233427457
1268427901432725504
1268437371734953985
1268439859447947264
1268444918961373184
1268449104331509760
1268451747355340800
1268452467752263680
1268453983007449088
1268473768319635458
1268476184591060992
1268478277833961473
1268479406529486848
1268482817656262656
1268488150571200512
1268500078299353090
1268502263275888642
1268505312606199809
1268507809878065153
1268510062823313408
1268512951927005187
1268515672293879809
1268525549556817921
1268538333824716810
1268540992191434753
1268545187086839811
1268547214542082057
1268553676785889281
1268561420913967104
1268562502503280640
1268563038942171139
1268564753447817223
1268565385269444615
1268570108240236546
1268572404118216704
1268575319717543937
1268579381796130817
1268580380266946564
1268584473500823555
1268585246741671937
1268591850346156032
1268595010309668868
1268595157458391040
1268602410190209035
1268603469931466757
1268603469293854720
1268605085770223619
1268605790824300546
1268611010530664454
1268613339833303040
1268622724898799618
1268632233709051908
1268633678172893185
1268637863941464066
1268650483239059456
1268664238215700481
1268761998063472641
1268769551564640256
1268777092596072450
1268784644864061441
1268785342414491653
1268792199812124672
1268797111937703937
1268802150093787137
1268808761667465217
1268814835753594883
1268814855810822146
1268817144684347394
1268823753406001152
1268824071409668096
1268827019778932736
1268829983243415553
1268830431438409729
1268835234667208707
1268841570511568896
1268849573126168581
1268849573239369729
1268852326628052994
1268853842361360385
1268855995016663041
1268861055314407426
1268874229652520962
1268883346429480965
1268885273179545601
1268885375533174786
1268893517293785093
1268898132714237952
1268911275918209025
1268913677002051586
1268920627160928257
1268922284816896001
1268925818308345865
1268929221738541056
1268931613129412608
1268934647989354497
1268936175743631362
1268937142568464386
1268942465509347330
1268950521110503426
1268950779320242177
1268955593102024705
1268958248092209156
1268963324777070592
1268971261734068226
1268972068529418241
1268977472973963276
1268983845656891397
1268986743862235137
1268991497845735424
1268992464502784003
1268999799271034880
1269006159484260354
1269026989475840007
1269124377871867904
1269131918945267713
1269139485289308161
1269143235730997248
1269147031660122112
1269154589711966212
1269159247415304193
1269162142932054020
1269169674580877313
1269169689575514112
1269177255005126659
1269182011224338433
1269184272776269824
1269192331007340544
1269196853679214596
1269201949766889477
1269207215006777349
1269209923449217035
1269225288132689925
1269237651590258689
1269249879932624896
1269267873018626049
1269271188813029377
1269275882507689985
1269281400534040576
1269284384571633665
1269287389014495232
1269288715811201029
1269302263652245507
1269313170226675714
1269333805774581771
1269339102459068417
1269347243653505026
1269351681587847169
1269356580518219779
1269371058307694593
1269387562377973762
1269494319129538563
1269501864518828037
1269509439528329216
1269509439528329216
1269516982614884352
1269520941228359680
1269523477796655105
1269539611799420928
1269547164113539075
1269547415713001478
1269549178537066496
1269551294290722816
1269554720290586624
1269560012126502913
1269570508841943040
1269574665778888704
1269581930623795205
1269591614776848384
1269611219691999232
1269614226374524928
1269632226246959107
1269634182134878208
1269646439816323073
1269654072476475392
1269664463063580678
1269685524438056961
1269695606978678785
1269711380967497728
1269728370717331457
1269742184502304769
1269752676306358272
1269817759808081921
1269841608377278465
1269851661188714497
1269860345809698816
1269861728982106113
1269870710396268544
1269872361379115008
1269876455795838977
1269886510641426434
1269894467525500928
1269899491328569345
1269900190242275328
1269905254075809792
1269906039790501894
1269906529882382336
1269906741015252994
1269914144117055495
1269915158501109761
1269917147955896322
1269924614936952833
1269925770908106754
1269928417346162688
1269931459487444993
1269936212976025603
1269941588505104384
1269945418839973889
1269947795479367680
1269948625028866049
1269949846531833864
1269957900136480769
1269970938713563143
1269976161075036160
1269981485832056833
1269982227221315586
1269985152593203200
1269993124581060610
1269993918613073922
1269994901749596166
1270005401862488064
1270007200493142016
1270012826275532801
1270018841037475846
1270032938076430338
1270033902418173953
1270038239261470720
1270038286770343936
1270039575914860549
1270041051395493891
1270048617567485955
1270054819902951427
1270057624420130818
1270059269182889984
1270087340598444039
1270096768722776064
1270104396203003907
1270114807287549954
1270203993583730690
1270211550368989184
1270219091207507969
1270226647430639616
1270241054625800192
1270242364804796416
1270253998084325376
1270261289231802368
1270266205069365249
1270269403767230467
1270269669811912705
1270273169937633281
1270277478087561216
1270277669440180224
1270280331497701382
1270282004945346560
1270287690311913472
1270292967622877184
1270295467822329857
1270298608387178496
1270302445172916231
1270313477748461570
1270315226265780225
1270316194822787072
1270321438021517315
1270323129341050883
1270325705830735875
1270330545516482560
1270332247246282752
1270333593437589505
1270340336657805312
1270342520535384066
1270344094506782720
1270345713835220995
1270350696106414080
1270350715442155521
1270353467513679872
1270356250807730177
1270361487052242945
1270362230467563521
1270371359730937857
1270380039813705728
1270386889200152578
1270388669015298051
1270390322342899713
1270392666870743044
1270392998145253378
1270399720696004609
1270402389795897344
1270411167924617219
1270416546268151808
1270422441572122626
1270430329162084353
1270438388567552005
1270441912613437443
1270446486657142785
1270461775352299525
1270467173685833734
1270566380908220419
1270573928327647233
1270581472366407681
1270589037116633089
1270589690597474306
1270596578013859842
1270608651489853440
1270611703139577856
1270627047296073728
1270630999370674177
1270639400318373890
1270641009475620866
1270643681947717633
1270647912066842624
1270649425019514883
1270661650023174144
1270665106179993600
1270665182033915904
1270672087242420225
1270679637962772480
1270683150289682433
1270684246215139328
1270685416346263552
1270688940685766656
1270694415972081668
1270698058909704192
1270698150123188224
1270705092530966529
1270705784725409797
1270706923218907141
1270708500075855873
1270711436390682624
1270713342659751949
1270721070190874632
1270726169864757255
1270727027708944389
1270732384917499914
1270735415637671936
1270739853823664128
1270745864038907905
1270749881351786502
1270752977431789582
1270757895395778560
1270762653409927168
1270768182798757890
1270773498806448128
1270778438572482566
1270781049153425408
1270781654542548992
1270791573610147840
1270803524595695622
1270807950383124480
1270809315075596288
1270811976080543752
1270812730694365185
