1268302964491300864
1268304595186364416
1268311764724146176
1268313272417058817
1268315038902714369
1268318575690838017
1268326364840521728
1268331397908795393
1268333169247309824
1268344731865501696
1268351776643637248
1268370654501326849
1268389279513735168
1268394057144754176
1268397076309659649
1268397085608390657
1268402106261663744
1268411175894564864
1268414823273914368
1268422246428598272
1268428520625180672
1268437422645395458
1268437581424930816
1268444514043047936
1268444519789285377
1268455087245914112
1268455238148784128
1268455523344691200
1268458721941901313
1268458989785804800
1268459716235137025
1268460676487565313
1268462513911447554
1268466029362950147
1268467698247270400
1268470569957117952
1268470802531463169
1268470939433369600
1268473131376824320
1268476111794565120
1268476383015075844
1268478646420979712
1268479459939803136
1268479628777152512
1268479634359767040
1268479640697331712
1268481257387601924
1268482019224322048
1268486380767903746
1268494870634803201
1268500385448161283
1268502144358871041
1268506172308381697
1268516995936313344
1268522092154294273
1268522822105731073
1268523535032414209
1268527313001394183
1268529687862665226
1268532230780907520
1268535364186038272
1268539017332654080
1268539280256692224
1268544546922811393
1268552873421529092
1268556155858702336
1268556393411342336
1268557256435437568
1268565445470126082
1268580774749429760
1268588328116350977
1268590477747478529
1268591989458530304
1268595510341844999
1268598163360772096
1268600543334678528
1268605073367502850
1268614523046424576
1268616775391776768
1268620584222507008
1268620681068994565
1268621272373575683
1268623332233998336
1268626589111050240
1268637036036018176
1268649240332386304
1268651008269279232
1268658055949905920
1268662953277919233
1268664841587187713
1268671761127620609
1268673519446974464
1268685852600791040
1268685858141466624
1268689756763766785
1268691516446277637
1268693150974930944
1268694792491286528
1268702463181246465
1268704225401298944
1268711663701643264
1268754053606944769
1268757454487089154
1268761464434642944
1268766131021508608
1268771294494904321
1268779972056895488
1268785517107097600
1268790908365017090
1268794213405085696
1268795405309022208
1268797878216032256
1268802291840299011
1268802373624840193
1268802752320114688
1268805897217695744
1268809544567644160
1268809815968681987
1268815716700094465
1268815715076837378
1268815713365635072
1268815720735006720
1268816967885975553
1268817311609298944
1268818731368497153
1268822670621257729
1268823480054751232
1268823513328017410
1268826171451469824
1268826474519441408
1268828979210977281
1268831191756533760
1268836302172160000
1268836982781734913
1268839995692871680
1268841394094956544
1268844782547169282
1268846668570451969
1268848425904123906
1268848790066401280
1268852566529503234
1268875862096531456
1268878624859406341
1268880600108236802
1268887812994002944
1268891336083558401
1268892470080761858
1268895751490473984
1268897583470129152
1268900521563131910
1268904437243731968
1268904443216400392
1268906310617018369
1268906316350648321
1268911842790764545
1268920276684664832
1268921786118205440
1268925311233581056
1268925938793721856
1268925944565166080
1268930602322939904
1268935880422481920
1268947709970362368
1268965079745060864
1268968863858712576
1268972119108415488
1268986970258071553
1268990238707183616
1268993515423363072
1269001684048437248
1269002567050117120
1269005963794632705
1269010626338160640
1269010626338160640
1269015545996771332
1269015658949459970
1269027739362717697
1269037295266435072
1269045604035915776
1269050383516659712
1269060197164580865
1269061962282893312
1269080597797855232
1269091147378352128
1269112036018933760
1269118710834278400
1269131041547055104
1269146263678619648
1269148025542176768
1269154575946149889
1269155836007456768
1269166015721562113
1269167781162840064
1269186527571017730
1269202510222254083
1269204394429386753
1269205907600072704
1269207668238893057
1269225161481351168
1269227801250394114
1269232211628298243
1269238877769752579
1269242160039071744
1269270458572005376
1269281820367093760
1269289583046307847
1269291483615485952
1269293110892179461
1269294868720832513
1269298519241682945
1269312740339793920
1269322686062157825
1269324410055544834
1269324438719217666
1269324443479937024
1269342680913338369
1269344577736957954
1269351116753395712
1269361939815124992
1269368727037865985
1269370493842251776
1269377035870236672
1269378547509936128
1269383703177736192
1269388864281432065
1269395788251009024
1269436436475830272
1269437941262110720
1269439703717044225
1269458571885830144
1269482731664109568
1269486259275067392
1269491790257639425
1269499093811789827
1269506011921960961
1269509406489579520
1269511183746297856
1269523503776030721
1269528530431311873
1269543130883186690
1269547278965989381
1269549039588044800
1269552438056333312
1269562502859218945
1269571065501511680
1269577984689664000
1269579871690215424
1269581508768980992
1269584910609600512
1269592554015797249
1269606166176260096
1269617368721788931
1269619005708357632
1269632338930962439
1269634734516125697
1269644171737837568
1269646186840944642
1269647945776824323
1269653102807769089
1269654736736677891
1269656502748340225
1269660149246947328
1269676886482751488
1269680032135274497
1269684812152893442
1269690865707958272
1269692382133448704
1269711742109577216
1269716771914674176
1269721554524332032
1269726840639258624
1269733394922921984
1269749240378482689
1269750619289485312
1269757546262233088
1269759173987758080
1269761076897316868
1269776671940333568
1269778184368619520
1269785855910006786
1269804729552388096
1269806360356511744
1269817695307882496
1269842980065574914
1269849395199004678
1269851791291609088
1269856955410964480
1269866518575112192
1269874889185509377
1269877057518960641
1269878071907287040
1269878591283576832
1269881265072807936
1269884635095298048
1269889037034229760
1269889512186003457
1269889536898678789
1269897717196587013
1269897851456421888
1269898719358525442
1269898717542395904
1269898721392812033
1269900132419502082
1269900159401578496
1269900209527668736
1269902877314564096
1269903841300041734
1269904511008509953
1269906279612350464
1269907408874123265
1269908182366932994
1269909417929011201
1269918477323657216
1269920238239432704
1269920380942090241
1269920412957368321
1269921999574282241
1269926909141413891
1269931816367976450
1269934836044623873
1269935524728442880
1269937224994324480
1269940498673762307
1269943239739613184
1269944248482267137
1269947423117291520
1269951053153341441
1269952577224839168
1269954827695476736
1269960630561202176
1269962139751428102
1269963677337153536
1269970569383997440
1269972813655482368
1269982402249555969
1269982998906241025
1269984165178429444
1269985804085936128
1269988657706029056
1269990833865887744
1269992353697107968
1270002905941020672
1270006699789742080
1270009327324037121
1270017001428152325
1270029424654790656
1270032731116724224
1270039278920200193
1270041287278772224
1270044935241134085
1270050098538373122
1270050105001836544
1270054519511146497
1270054529791340544
1270059655587336196
1270062173591490560
1270063936285683713
1270064064723447808
1270067310410248192
1270067329565708290
1270067356765696001
1270067461141024771
1270069097925992461
1270078676592291841
1270082181075841026
1270089354170347523
1270091242026659840
1270100804154691585
1270104328120889344
1270106094971400192
1270112140112715777
1270114393850699776
1270117290852245504
1270117290852245504
1270122828084346881
1270130879835168769
1270132887761780737
1270134270770757635
1270150387845087232
1270180322898935809
1270181842042273797
1270183344085426176
1270198952814473216
1270205871310569473
1270224493219176448
1270227898494889984
1270231289606492160
1270241718256967681
1270243146539073541
1270249141977919494
1270249180095709185
1270249220755382272
1270255944073609217
1270256705390034944
1270256711077523461
1270258605921431554
1270260357395701760
1270263885153460227
1270264991753687041
1270269082278014978
1270270050230910976
1270271554673192960
1270271734881583104
1270272940722892800
1270280552994799616
1270280990376595456
1270283211889917952
1270292314531876864
1270295847704633346
1270300493164605440
1270304016786841601
1270307414231805954
1270308064667881473
1270314587494072325
1270316483613061121
1270319622252711938
1270323280793096192
1270324905532256256
1270328179874426880
1270330331984429056
1270330529544634370
1270331588635529217
1270334851288195072
1270338242039054337
1270340146475315201
1270340895255093248
1270340896957980672
1270342149876277249
1270343920770093057
1270347439908638721
1270349443242405889
1270350952042659843
1270354356957638656
1270356243027070976
1270361396551667714
1270362545967304704
1270365045499691010
1270366560394174465
1270366683484442624
1270368567326724098
1270369339384852481
1270372847802712064
1270384294683308033
1270390714392670208
1270391765607026694
1270392604648075264
1270396263393976321
1270403060821405697
1270403421477015552
1270404811398103040
1270404929207713792
1270404928343732224
1270406442252562432
1270408339847999489
1270408533239123974
1270410713018896386
1270412732907438080
1270414896216207360
1270418033152933889
1270418039222095872
1270418777721561088
1270420288711168000
1270427217340723201
1270435886237270016
1270438401863380992
1270441421766459403
1270450236817694720
1270453252606156805
1270458418843668481
1270464020835860483
1270467344725204992
1270470874248802304
1270476159365509120
1270476165128437760
1270478306043850753
1270479663383674883
1270479923828817920
1270483453050408960
1270490620973342720
1270493904274550785
1270503217508388864
1270548251326812161
1270575685094924290
1270577457242861569
1270579206859091970
1270590247039119360
1270591664164237317
1270597153535205376
1270599994115002368
1270602847793504257
1270606183364284418
1270614109659283456
1270614188491071488
1270620729327800320
1270621735772131335
1270622615397253120
1270622621210513408
1270625892264316929
1270631060812918784
1270631849178562560
1270637997407506433
1270639311290073088
1270643377520865282
1270644888736944129
1270644895380725760
1270651179458981888
1270653446140518400
1270654963396472832
1270656716451938305
1270658482342170625
1270658497735098368
1270662216652664833
1270671440979820544
1270673830579589121
1270675590358511616
1270679117269069825
1270680889022808064
1270688929579036673
1270691069303250944
1270692956253458439
1270694727315189761
1270699993167429633
1270706167820382208
1270709694504427523
1270713215303864322
1270715428902334475
1270715552793649153
1270715619319537671
1270728818085380097
1270736922231660548
1270737097285079040
1270742782672437248
1270744419252097025
1270751155342237697
1270752499943776257
1270755980343738371
1270764943889973248
1270773614044995588
1270773620227207168
1270776632026882048
1270778803015516160
1270780407584141312
1270782050971185152
1270787344140918784
1270789215551320064
1270790976831807488
1270796014618685440
1270810240842207232
1270812248928182272
1270813758248476672
1270815263626149888
1270817149867577344
1270831873879535616
