1303815580336697349
1303819816193662985
1303819975451385863
1303823322594115594
1303824714113179654
1303829100474314752
1303833245616951298
1303837246257270792
1303841193663565825
1303845707057704963
1303846745537826816
1303848519711756288
1303851040178135042
1303854155501576199
1303856941035331591
1303860158557237249
1303862510072852480
1303865527513870340
1303869361917222914
1303871899055915009
1303873015956946945
1303873134995537921
1303873536214274049
1303874091703652352
1303874402195390464
1303874514816696320
1303874898662584320
1303875082280792065
1303875963831246850
1303876016394313728
1303876214273314817
1303876361803780097
1303878086589517824
1303879723945164801
1303879891721609217
1303880642086797324
1303881651001450496
1303881883260981248
1303881909307666432
1303883347416854528
1303883347416854528
1303885941094965248
1303887428508413953
1303889702769119233
1303891713686155265
1303892235373735938
1303892409487511552
1303892463262797825
1303892470355247104
1303894663510798336
1303898485318705152
1303901996206952448
1303906324670013441
1303910552352296960
1303913862698278914
1303917666617503746
1303921415217963010
1303924702763716608
1303928959705518080
1303931549537185793
1303934242397851650
1303936529136529409
1303938770157404161
1303944047124512769
1303951610977095680
1303953868334694400
1303956896244805632
1303959154135101441
1303962679992889345
1303966471316549632
1303969135278338048
1303974002944364544
1303977789889089536
1303985354354167810
1303989372551913472
1303993139657613314
1303995395652104199
1304000691392917506
1304001931451432961
1304004456988782592
1304007985111478272
1304011771288735744
1304015533399052290
1304017804803309568
1304019326295572480
1304023087864860672
1304026862906224640
1304028623939268613
1304029410903887872
1304030656331231232
1304032373470720000
1304034663275651072
1304036417371336704
1304038178114932737
1304039678560133120
1304042009850773504
1304043721877532673
1304045231520854016
1304047484625457152
1304049528207802368
1304051272446812161
1304053278947315712
1304057312877973504
1304059568385912832
1304059653421236224
1304062095592435712
1304064866605559809
1304067714210828293
1304068284548100100
1304068782655188997
1304069466389721094
1304069850311069696
1304070346090459140
1304070860945358850
1304071237661057030
1304071889065779207
1304072438662205451
1304074429295718401
1304074663442685953
1304076682207408128
1304080457072619525
1304083229968945153
1304084987331989516
1304087318379327490
1304088493656813575
1304090018659667968
1304091038257156096
1304093526360117248
1304095559209431043
1304098066073616388
1304098559952850948
1304102392473026564
1304105130887970820
1304107890546966535
1304110679465525248
1304113421558919170
1304115430693502980
1304117971103764483
1304120474767634433
1304123000028098561
1304125748094132224
1304128533212672001
1304130539033702400
1304133313259593728
1304135569107279873
1304137843447672832
1304140136712753153
1304142875668746243
1304145381190705152
1304150420202418177
1304155464024969218
1304157864911540224
1304157927633088512
1304158728636305418
1304159313414492162
1304161707258978305
1304162352112181248
1304167626780925955
1304167710033686534
1304175017362677760
1304177835536510977
1304177945724977152
1304178114617106437
1304178879620427778
1304183240178139136
1304183403986722821
1304187273186078721
1304188813242183684
1304189200707850242
1304189996157603841
1304190533787701248
1304190680030474243
1304191691574972418
1304193061958889475
1304198336090701825
1304200750747320321
1304201485694259201
1304203251378774016
1304205710775943170
1304208786006200325
1304210284521816066
1304211339594866689
1304213250565955586
1304217344886145024
1304220398956011520
1304223522084941825
1304224337348751361
1304225028087705601
1304225225844953089
1304225682122211328
1304228375196831745
1304228883005239296
1304230469836382211
1304231409041707010
1304233032639864832
1304233059550715912
1304233361649483776
1304234732436234242
1304234878662144000
1304235480041558018
1304235964827463686
1304236234932355072
1304237748300263424
1304238481594605572
1304240005318160386
1304243041818021889
1304245296680120320
1304246043878592512
1304246294983176193
1304247561444884481
1304250206809137158
1304253596691816450
1304256113316167681
1304258633891536896
1304260900795355138
1304263416199217152
1304265996685934593
1304266189045215237
1304266556843720709
1304268002771251206
1304270716410396672
1304271197006368769
1304271468881207302
1304273713525911553
1304276230343073792
1304276261817274370
1304279489401290753
1304282236586536960
1304284926959857664
1304287601940205568
1304290855658885121
1304291346157633537
1304295139645497344
1304298155404455937
1304303037264138240
1304305630958804997
1304322640220491776
1304325574656249856
1304328858775228416
1304332831586476032
1304332831586476032
1304340181194080257
1304343947028946945
1304347723659915265
1304351511204560896
1304354781356584961
1304359032694677507
1304362821921234945
1304367343284486144
1304370375405563904
1304374181908316160
1304378165486391296
1304379124052619266
1304381700294742022
1304385462111408131
1304389286096179200
1304393260966780934
1304396807070457856
1304400314347532291
1304404349469294593
1304408627181162497
1304411914458587138
1304414675556327424
1304415742788542464
1304417420166262788
1304419474720927744
1304423232456421377
1304427004498935808
1304429773482065922
1304431290381488129
1304433549865611267
1304434808874033153
1304437323313147904
1304439597481549825
1304443368274112515
1304446128847548422
1304449678075985926
1304457446736515072
1304461209442410497
1304464988241833984
1304468768232558592
1304473054165241861
1304475309274787840
1304479858932805633
1304482614573699073
1304483863746490368
1304487131348377602
1304490647915814913
1304495185016107010
1304498971084234753
1304503002875789314
1304507214133043200
1304507285826187264
1304507781073043456
1304511556621922306
1304513513109454849
1304517809121230864
1304519173951893507
1304521585080975360
1304521893974745089
1304522114914017281
1304522864960434180
1304525765833261056
1304525880354463744
1304526663913484288
1304528914262437889
1304531758428434432
1304534960309760007
1304536483378999303
1304536710957727747
1304537491698069507
1304540037065986048
1304540840744812544
1304543002602471426
1304543767437996035
1304545078623387648
1304545775733571585
1304545933552545792
1304545990846951424
1304546288499859457
1304546548358025216
1304548290407563271
1304548551448580101
1304550812966846464
1304553585745817600
1304555322040872960
1304555849864671232
1304558838713126915
1304562272702996482
1304565125865668610
1304568917969559554
1304570420683771906
1304570677538762760
1304578138945581056
1304578253735129088
1304578878304854019
1304580527618486274
1304581773746212866
1304583739079614467
1304585521738346496
1304585810780528642
1304585806842073088
1304587542222778369
1304590455510835201
1304593104889143296
1304593596214063104
1304593849793347584
1304598127215861762
1304599238584614913
1304600393775829004
1304600620649918464
1304603647351824385
1304603949316608001
1304604505728847873
1304604873430831109
1304607207347163136
1304608438916452352
1304611381803651072
1304611976006557696
1304614989282631681
1304615984091799552
1304619720910536705
1304621781559447557
1304625282998054912
1304627570042900482
1304628319477026816
1304630074860277763
1304631095682629632
1304634889132814336
1304638654879588358
1304646196494036992
1304653728973287425
1304661277273448449
1304673868087427077
1304680169513381888
1304687709261312000
1304691475213676546
1304699025032204288
1304706585713946624
1304710368049143808
1304714131216437248
1304721687884292099
1304725461000486912
1304729243390181376
1304733007111225345
1304736536387301376
1304740569479098368
1304744387885379584
1304748103929561088
1304751886743068675
1304755651780972544
1304759687267733504
1304762707263008768
1304766470845497344
1304770782304915457
1304771772148002816
1304771996849500160
1304773268042383362
1304774294073991168
1304775546405040129
1304777763883225089
1304777807189417987
1304780323545382912
1304785483021590531
1304786835953065984
1304788780688248839
1304790648860684290
1304794112466522113
1304795625314283535
1304796786968727552
1304799250887344133
1304799574289244161
1304804745438261250
1304807254563192833
1304809768046002178
1304812289028173824
1304814704305504256
1304815044073598981
1304815925728813056
1304820625261944832
1304823109351092224
1304825129235607553
1304827125397106691
1304827128131792904
1304829894141108224
1304832687400800256
1304835426931351553
1304838211592744963
1304838998393839618
1304840211315208193
1304845272351150081
1304847777558536192
1304850530997612545
1304853312068517889
1304855307324190729
1304857257759432706
1304857341473566721
1304858393664983041
1304858823526580224
1304860592818270210
1304860592818270210
1304861241379377155
1304862855301390336
1304865639463563265
1304868387953225728
1304870414280253440
1304870589652443137
1304872463977902081
1304875194545328128
1304877961330470912
1304880738848956422
1304880797459988480
1304880814736302081
1304885504266076160
1304886294124941313
1304890307687919617
1304893067950985217
1304895817174712320
1304898608895062021
1304900610538573825
1304905394985349121
1304908039267418118
1304908160524791811
1304910929537257473
1304915716257312768
1304917762603724802
1304920503384264709
1304923257842339843
1304927028890791936
1304935593726619648
1304939867508559875
1304943895231574024
1304948183412420609
1304950953980973059
1304955732190793729
1304959237215457280
1304963041067491328
1304967054760521728
1304974360638361600
1304981895634186240
1304985931502542848
1304989719726567424
1304993467043581958
1305001016618868741
1305008564143038464
1305016112313184256
1305023676295847937
1305038774926221312
1305053874525556736
1305068961730621440
1305072745596755968
1305076518285082624
1305080293955702788
1305084064634937344
1305091626684080128
1305095400706236416
1305102957776703488
1305106725851324418
1305110492420202498
1305114267893592066
1305118051113762817
1305129391752708097
1305133146279735302
1305140450211377152
1305143929751433217
1305144477586161665
1305148242364166146
1305151256223248388
1305155286492119040
1305156546113024006
1305159569509888005
1305163353602560000
1305167119575810049
1305170382664671232
1305172664881995778
1305174937586540545
1305178690020675584
1305182222006222853
1305185488664440834
1305190017904578560
1305192340529782794
1305193545523961858
1305194425363169281
1305197566817112066
1305200090261458950
1305204874351652864
1305208649971830795
1305212177750593537
1305213232286781441
1305215694368370688
1305220221477715968
1305223728763199489
1305227019647684608
1305230795230056448
1305235299958575109
1305238834544889863
1305242628456316929
1305245896150523904
1305250188844584962
1305257729490116608
1305260978507046913
1305265028313108483
1305269046338879491
1305272812626685957
1305284147745783812
1305287911810772997
1305295473457102852
1305299001399443456
1305303021002395649
1305310566240718850
1305318118231867393
1305325674614403078
1305333208830050305
1305348308282597376
1305355856154951680
1305359645184229376
1305363407424679936
1305371215138304001
1305378754781499393
1305392680290189312
1305397135471456258
1305400911515262976
1305404674556735488
1305408472809459713
1305412233745309698
1305416003900379136
1305423563596484610
1305426085878927360
1305431116493488129
1305434374037540868
1305438674600034304
1305442424630767616
1305446208111104002
1305450244503670784
1305453016657649666
1305457526566203392
1305461360193679362
1305464831881940994
1305469105391251460
1305472630816989184
1305476483427770370
1305480184326483968
1305483988493111299
1305487731926208512
1305491585275170816
1305494032903266308
1305496533899583490
1305499109244252167
1305501579580190724
1305504094128402433
1305506645439545344
1305509130459901954
1305511644244606979
1305514194561835009
1305516684384624640
1305521756078252034
1305524222232584192
1305526743269289984
1305529278285721602
1305531771870752768
1305535646619103238
1305536856717774848
1305539320040828929
1305542234738225154
1305544376416964609
1305546864662581249
1305549399771295745
1305551912335441924
1305554425726070784
1305556938646843393
1305559500993245184
1305561983006183435
1305564484803624960
1305567015009234946
1305569515175055361
1305572029136097282
1305574588877803520
1305577060577013760
1305579592611229696
1305580116592926721
1305582141942763526
1305586388000296962
1305590721265766401
1305593794843291648
1305597225637089281
1305597621097168897
1305599937753812994
1305603404094341120
1305604114160799746
1305608466850082825
1305612511857778689
1305616732883689474
1305620768865292289
1305624162917117957
1305628287830560775
1305630798662569984
1305633272660201473
1305637542281216002
1305640305635491848
1305643732696530945
1305643732696530945
1305647967618113538
1305650524558184449
1305651236385873920
1305653106626174982
1305657651137851392
1305658258678403072
1305658547317870592
1305658748761907203
1305659169962225664
1305659595621244928
1305660853887201280
1305661567967678466
1305662112228933635
1305663941910114307
1305665194396446721
1305669355074711555
1305670104282136577
1305670315620495360
1305670440119988224
1305670931629723649
1305673323842502657
1305673713413754880
1305674460670971904
1305676208059936770
1305677987313057792
1305678730484908033
1305680501055815680
1305681004850544641
1305681777906909187
1305682766470828037
1305683767139459072
1305684542594965504
1305685156146155521
1305685704182239232
1305685794640846854
1305687540977094658
1305688085624229893
1305688293456179200
1305688511492874240
1305688817756708866
1305689566171598848
1305692464578256898
1305695632456396801
1305695864602624003
1305695874861985794
1305698082206740480
1305699440695664640
1305699613505069056
1305699722586238976
1305700957838340096
1305701898603900928
1305703141535559680
1305703157700362240
1305705090972409857
1305705655412690946
1305707379682549760
1305707959830286337
1305708012460367875
1305710483731894273
1305710480506449920
1305710712417931264
1305711718102904833
1305712462667362304
1305712981590839302
1305713213426851840
1305714469939679235
1305718261728907265
1305721470094639107
1305725040579825664
1305725806359048192
1305726299072233472
1305726298707329024
1305728989022113792
1305731834005905408
1305733356173307904
1305733859103965185
1305736688086519819
1305737135476092931
1305738872475856896
1305741665244794880
1305742408211140608
1305745434737086465
1305746950231293955
1305761042555957248
1305763317881896960
1305767325069606912
1305770873270435841
1305774618507177986
1305778403535204353
1305785506781949952
1305791319223283712
1305796261497405440
1305801963385356289
1305805835424145408
1305808087119527936
1305812108798504960
1305816413186281477
1305819924452069376
1305824203334189061
1305827481673437186
1305831226905956354
1305832748897177600
1305836032395554823
1305838820378763264
1305842578785554433
1305846381345677313
1305850125424750598
1305853950831321088
1305856420240175105
1305858930053132293
1305860641895452673
1305860681552588800
1305861454541869056
1305863966804111361
1305866475794771969
1305869030344085506
1305871547048120322
1305874042361204736
1305876544490024968
1305879064989913088
1305881577365401600
1305882840379412480
1305884074599473154
1305886611545239553
1305889132779048960
1305891655149592577
1305894175720771590
1305896657733718017
1305899232176607232
1305901690999037955
1305904241073160193
1305906724373700610
1305909273306845186
1305911794498711554
1305914304395444224
1305916812677218305
1305919324062994432
1305919328555065344
1305924362449625090
1305926856730914816
1305929431614197760
1305930996659957760
1305932171543183361
1305934436513525763
1305936975510278145
1305939470622093314
1305941986072035328
1305944098109562883
1305944542064111617
1305948470491123712
1305950851358502913
1305954048361799680
1305956500184195072
1305958664898052097
1305960353482919939
1305962784220483585
1305962844220018689
1305963020116463623
1305967139745148933
1305967583259230210
1305970932847185920
1305973293174992896
1305975920449159168
1305980361504100357
1305983799143141376
1305988195801329666
1305991798901346304
1305996314820382725
1305999022101082117
1306002411270672384
1306003998751645696
1306004882063855617
1306007400927854595
1306010941843271681
1306015322579841031
1306017228899397632
1306019234540126208
1306020330612256768
1306020793596346369
1306021276985696257
1306021745133080576
1306022216279166976
1306022259895738374
1306022394419539968
1306022431858057227
1306022614838644736
1306022738381819904
1306022871228055552
1306024178462740481
1306025255027179522
1306025530773442561
1306026261660213248
1306027771903213573
1306028546721304577
1306029549751279616
1306030036458196993
1306030265488125952
1306032053318807555
1306032765067038725
1306032765067038725
1306032804707422208
1306033712593735686
1306034097584652289
1306035596536754178
1306038336474296321
1306038843435515905
1306041114915418112
1306045400667877377
1306046477672697857
1306046913490321411
1306047685955399681
1306048177561382912
1306048177498402816
1306049953236688899
1306052460868403201
1306054172425490434
1306055234570063872
1306055465365897216
1306056233477124103
1306057492837937152
1306058250807390209
1306061607160733696
1306063007747919872
1306064785784688640
1306066481524871168
1306066680846544897
1306067956015611904
1306068140837670913
1306069357953458176
1306072344981536768
1306073108319809538
1306073107678068736
1306073842092212225
1306074840902905857
1306076864700649472
1306080635493154816
1306081151463948288
1306084271170428928
1306086596740034561
1306089388112261120
1306092100744871937
1306094209267625984
1306094797514567681
1306096503816060931
1306097253162065920
1306099501518684162
1306103292468981760
1306106195879407616
1306109328945016832
1306110848826474498
1306114487309795329
1306117801334145025
1306123164901085185
1306125952091643904
1306129457023979521
1306133247307386881
1306137001100562433
1306144559806722049
1306148353105899520
1306152238906331136
1306157211761225728
1306161410834137088
1306163447944679430
1306167218254811137
1306170982432989184
1306175009254264832
1306177953143943168
1306178537368555520
1306182326586613760
1306184383389409280
1306186068199264256
1306189874786111488
1306193617514422274
1306193617124429824
1306201167907627013
1306204963450675200
1306208715637309440
1306212489202339840
1306216352965894145
1306218811578822656
1306221324289880064
1306223851903299585
1306226363712573440
1306228872753577995
1306233861035130880
1306233913170423808
1306236433125068800
1306238914932273152
1306241429727924224
1306243965440724992
1306246522481324032
1306249003219255296
1306251496317648899
1306254050741161990
1306256561627635717
1306259054432575489
1306261588081508353
1306264078759927815
1306264649780862977
1306269140458627075
1306271657728839680
1306274166765768705
1306276704265134081
1306279207966777349
1306281712096342017
1306284255220305920
1306286753653895169
1306289259247214592
1306291784658681864
1306294312175579136
1306296817949134848
1306299351392817153
1306299775927582724
1306300569301049344
1306301854423355393
1306303086072225792
1306303455087255554
1306304353305874434
1306306910702972928
1306308989874040833
1306314442972504066
1306317277747392512
1306319571427655680
1306321981307002881
1306325362977185794
1306329756862906368
1306334101570375680
1306334172680802310
1306334913688412160
1306335472541523968
1306336507507011584
1306337327107772416
1306337978936111105
1306346412452454402
1306347478954979329
1306351926557184000
