1339344555892609024
1339352104486494215
1339355017635979265
1339359657911963648
1339360116538105856
1339361604803174402
1339365041603112962
1339367204106678272
1339374759218454529
1339379786460893188
1339382110801383424
1339384819617128449
1339389852991688704
1339390069648441349
1339394885997060098
1339398232414191617
1339399919098945537
1339404952175828992
1339409985613152257
1339415018614398981
1339420051921723393
1339421484876320770
1339425085006987264
1339430117995651078
1339435154322776064
1339437776442277894
1339440184358809600
1339445217590734851
1339450250688307203
1339455283807084545
1339460316992778240
1339465711198982145
1339465871735984128
1339466644326809600
1339470383435669504
1339475416453586944
1339480248551784448
1339480455633129472
1339485360556937216
1339490516011003906
1339493447841935361
1339495554678730752
1339496908964777985
1339498065778995200
1339503100743184386
1339504774782193664
1339510655406129154
1339515682279460864
1339520715050151936
1339525753554292739
1339530781505425408
1339533805984440326
1339535814552932353
1339540853212254208
1339545881238892544
1339550914361913345
1339554632884912128
1339555282750345217
1339555947862220800
1339560980670398465
1339566325144973315
1339568530447085568
1339574789078282242
1339576080009744385
1339577861439549441
1339578511510532098
1339580657014435845
1339583981117874183
1339584604710207494
1339586146549035008
1339591179961167875
1339592006155137027
1339592480774184961
1339592496104423427
1339592629328044040
1339592956253069313
1339599586554302464
1339601504680873985
1339602803061190658
1339603047480102916
1339605593598939137
1339606848719081472
1339609182845210624
1339610514540867584
1339613872521666562
1339620371423739912
1339620772504084480
1339624394184921088
1339627534967836674
1339631128370659328
1339632259297505280
1339632448938803200
1339634617066897408
1339636188861313027
1339638581875359744
1339638689908011014
1339639201118232576
1339640116080459777
1339640116080459777
1339640727005966336
1339642511329996801
1339643008157888512
1339643335791824900
1339645596521607170
1339645670668562438
1339648716819578880
1339653929148309512
1339654114721091585
1339655212844331009
1339657924973621252
1339661286213218306
1339661773776023552
1339662199338496000
1339663710651080704
1339666685243080709
1339668851546583057
1339669688192823297
1339674891394699267
1339674923204263936
1339677816259014659
1339677833770184705
1339677845136793601
1339677870176698368
1339677871011487744
1339678143167287298
1339678189220716547
1339678240970031105
1339678320481497090
1339683480716906496
1339684419343437825
1339684429518794752
1339684443238379532
1339685545556008962
1339685634554941442
1339685649432129542
1339691248039448577
1339691289776893954
1339691953517174785
1339693582417014786
1339694170580107264
1339694236367765505
1339696093894946820
1339696783765680128
1339698493355659264
1339706949156409344
1339707667925884928
1339714492993835009
1339722046624960514
1339722277852569600
1339724025308692480
1339725341955248129
1339729593175949312
1339736776278036480
1339737144152113152
1339742174347452418
1339747207461957633
1339752241549467649
1339757274009542657
1339759263791546368
1339762306893426693
1339767344328019969
1339772373273174017
1339777406526136320
1339782441934811136
1339786384849002497
1339787472755064832
1339792506020634627
1339797542859665409
1339802572304072705
1339807605489717250
1339812639011123200
1339821857231446016
1339822704883589120
1339827737960263681
1339829283036884994
1339832771435368448
1339837804461830147
1339842842357686272
1339845191750991878
1339847884313743360
1339849088540368897
1339852904195366912
1339857943823593474
1339862970566733825
1339864713916678144
1339864940119650304
1339865488718000129
1339866300173012993
1339868003383582720
1339873042638376960
1339878069889167360
1339882326713462784
1339883103070777346
1339888144267816960
1339893169324888065
1339896109024493569
1339903237348937729
1339906045611659264
1339908269083639811
1339913301975658499
1339918338533838849
1339919316620230656
1339921874122231808
1339921922046357511
1339922196911681537
1339923368267685889
1339928401449279491
1339931255492673538
1339933439311687682
1339938467996987393
1339943501329416196
1339948534469156866
1339953567814152192
1339953781971111939
1339955400230236160
1339956083910008833
1339965436910288896
1339965453008064513
1339970445689417729
1339971522891530242
1339978859794620417
1339980981084798976
1339982770089680897
1339986797108051969
1339986822613622784
1339986836496723971
1339986889168793600
1339989152495001603
1339989590942298112
1339991268236140545
1339991501414281220
1339994034002161666
1339996670562594817
1340002415295250432
1340004348399677441
1340004904732078082
1340008676673896448
1340009436958646273
1340009481531518979
1340010933888962561
1340014819643158531
1340015070659694593
1340024346362961922
1340026779944296450
1340033321422761984
1340033353823768580
1340033369166495746
1340033381170606086
1340033393459867649
1340034803882749952
1340035798473818112
1340036546083348484
1340043047464292359
1340043059975827457
1340043086668455937
1340054039288045568
1340054095219011587
1340059586825506817
1340059656648069121
1340069329983954949
1340076881245310981
1340081684121755649
1340084074275336194
1340084435123781634
1340088539040518149
1340091981003776002
1340096463955619840
1340099532227555329
1340099529299775488
1340103774078001152
1340104562255011840
1340106602930565120
1340107079567114243
1340114895992307712
1340116900102062080
1340117145045278723
1340122178205978625
1340126311583342593
1340129728892608512
1340134204563103745
1340137278379843584
1340144829246787585
1340145483054891009
1340149860591394816
1340154893789786112
1340157410325876744
1340159927105560576
1340160268777607169
1340164960136163328
1340169993313546240
1340175026398638081
1340180059613761536
1340181120244060166
1340185092770181128
1340190126949937153
1340190340657995778
1340190409515921409
1340191650493054978
1340191650493054978
1340195159158374403
1340200192356728833
1340205228944187392
1340210258778550273
1340215291863650304
1340220325309628417
1340225358084403200
1340230391177879552
1340235429820424192
1340235563035631617
1340240457654104064
1340245490902949888
1340250527209115658
1340255557257576449
1340260551973203968
1340260590284103682
1340263106921041920
1340265626346999808
1340270656634691584
1340275689736577026
1340280726906761216
1340285756363821061
1340290789285515265
1340293486826799106
1340295826896080897
1340300855585636354
1340304913461518337
1340305888817668097
1340310927158198275
1340312564585164801
1340316431163019264
1340320018685423616
1340324485250080768
1340326986363891714
1340328992755359745
1340329911131762689
1340330254045503488
1340332160406999041
1340334218308689920
1340339257626517504
1340341709734080514
1340342687904526337
1340348058933080067
1340357463556706305
1340366557143293952
1340367165262868481
1340367947332792321
1340375836604706823
1340390194642518016
1340392457738043395
1340394305035374594
1340405589160189957
1340405808262225921
1340407451968036864
1340408664792961032
1340416280537526277
1340416291321114629
1340416303346151424
1340416375999893504
1340416427304611843
1340416478324154368
1340416843937406976
1340416985956577281
1340417348474429440
1340421491813306370
1340424197542174721
1340426834371080192
1340428546947371008
1340428930621292544
1340431718940094467
1340439268464816128
1340445163538276354
1340446818639859714
1340447284643864577
1340450767002603520
1340454367825068032
1340454941140258817
1340461919052939264
1340466950309257223
1340469467382505478
1340471983155290112
1340474313468567553
1340477017578463235
1340482049539379200
1340487082628681734
1340491053128814593
1340492117521526784
1340497149012946947
1340502182064517123
1340507217787797505
1340517281659580417
1340522317588381697
1340527348031090688
1340532381120344070
1340537415484633088
1340537905886887937
1340542447558950914
1340547480665014272
1340548571381186561
1340552513699934210
1340557546902466561
1340560064042582017
1340562580125806593
1340563965819068417
1340564846522167296
1340567615371173890
1340572646543650824
1340576678326591488
1340577679532314624
1340582712822943744
1340585150355103746
1340587745954160641
1340593282540130305
1340596153860014081
1340597817908355074
1340600328861802496
1340602845482115074
1340607878751776769
1340612917750710275
1340622978145501184
1340628011624902661
1340633044412059650
1340638077690195971
1340638740956336129
1340643110712270848
1340645627353575441
1340648144388800513
1340653177419362305
1340658211716702209
1340665814752448513
1340668276616118272
1340673317901111296
1340673659678019584
1340680826871308288
1340681125577043972
1340681275506626561
1340681454536241152
1340687933318303751
1340691715783610373
1340700012741881857
1340701150107021315
1340703302191820813
1340704835285475333
1340708406894706689
1340709669392805889
1340712385242406912
1340715974635511813
1340720101818032129
1340722376322002945
1340723900112625667
1340724935250108417
1340728536492089350
1340729231987396609
1340730661590749189
1340731890114973696
1340731971484397569
1340733585180012544
1340735118449766401
1340735142055325696
1340735170668847106
1340735212528001024
1340735329318424580
1340736147480260610
1340743270784249857
1340744665767809031
1340752568981614595
1340752577596682245
1340753820566114305
1340764192551424002
1340768016284471297
1340770582951038976
1340779810507898881
1340780618758692867
1340781591627489283
1340783525423792128
1340792349123891211
1340794107145367553
1340794130411216897
1340801655726632968
1340809207201730566
1340809917930717186
1340814238445539328
1340815253538365445
1340819607683141632
1340824306339651587
1340835629416923138
1340839409780989953
1340839448506875906
1340844437350592513
1340849470536216577
1340850091322568708
1340853010537226240
1340862182737625088
1340865150539112449
1340873000321576960
1340879669554397185
1340883699324256257
1340889735850389506
1340896508594380800
1340896508594380800
1340899805740974081
1340902935748780032
1340904835349004288
1340909868438437888
1340914902651838465
1340915203232264192
1340917418428796929
1340919934940045315
1340924968184377345
1340930006021713920
1340932753768939521
1340932869586239488
1340935034480570368
1340938006941745152
1340940067460755456
1340945105516068871
1340950134243258369
1340950301038112768
1340955167215251460
1340962591930155008
1340966491710173185
1340970266529173504
1340975130982240256
1340975304844562433
1340976907215491072
1340980332984676352
1340985366031917057
1340990407677681664
1340995432365891586
1341000465601851392
1341005503804002305
1341007750638125056
1341010531910598657
1341015565218050053
1341020600710688770
1341025631765635072
1341026534438498306
1341030308976594947
1341030664422899713
1341035705812828161
1341050887368830977
1341052823048482817
1341053349509148672
1341053628417794048
1341056496763871236
1341057402964123649
1341058800682471426
1341062481666555905
1341062967677345794
1341063448030015489
1341065321168449536
1341067674034581506
1341067966943735811
1341068143469486089
1341068252366184448
1341068314794180611
1341069130653446145
1341070372230279168
1341071572413640705
1341072351111360515
1341073869453619200
1341077914293592069
1341078796783538180
1341078838139363328
1341079385307287553
1341087013563469824
1341087611507621893
1341088950740545541
1341091149709258752
1341093807329320961
1341099806979186689
1341099858632044545
1341099877485465602
1341109501613760513
1341126698423775235
1341126745437691904
1341130860561637379
1341131132029513730
1341131557143261186
1341131652161003521
1341131684029235200
1341131715973156869
1341132692394487810
1341147401311141890
1341149037471408131
1341150804703649797
1341154805880926209
1341154926597197828
1341155023548366848
1341156497829605378
1341161714004406282
1341164045274144769
1341164621097357312
1341166127406219264
1341170405436899328
1341171593020465152
1341177457580249089
1341179143204073474
1341180705263374337
1341182676431073280
1341186694347833345
1341186696826785794
1341191725935546370
1341196758899167232
1341201791938129923
1341206825237061634
1341208021163098112
1341211858435510272
1341216897271029763
1341221924743987201
1341225538799562754
1341231993602756611
1341237024188076033
1341242057390653440
1341245918188773378
1341247092300234753
1341247126823530497
1341252123648995328
1341261969119035392
1341267223151841280
1341272256257925120
1341273441211584512
1341274773024849921
1341277291977060352
1341277594482700288
1341282322692358145
1341287355894779904
1341288005286281216
1341292394239545347
1341297422157434880
1341302455284350978
1341306195743625216
1341307493645910016
1341313208913600512
1341317554896252929
1341321086311395328
1341322594746679296
1341327621435449344
1341332654428286976
1341337689933672448
1341339355307110405
1341342720711942156
1341347753914474498
1341350774270349312
1341352789629415427
1341357820201975816
1341362853387890689
1341365710887419904
1341367886863056896
1341372919847510019
1341377952928428036
1341380040957706240
1341387204799705088
1341389749114843136
1341394202660392964
1341398277879721986
1341403119163494402
1341407383109726210
1341408151959203849
1341408315545423872
1341411170897543169
1341411673408741381
1341412214197145609
1341416111267561477
1341417989313277952
1341418006660976640
1341418031734550529
1341418084175912960
1341418101208977408
1341425844150013956
1341426597249867778
1341426651805171713
1341428403384283141
1341428944495587331
1341429878713954304
1341430089473531908
1341430673895280643
1341431676845617152
1341431995956662272
1341432887690846208
1341436382011650054
1341443824799932418
1341443934770384897
1341443997953355785
1341444247493472257
1341451067540779011
1341453040923062275
1341455600492957700
1341457857628266497
1341460015627038721
1341460536047915014
1341462270753337345
1341467071520059392
1341467121348468737
1341469013113774086
1341471950875582466
1341474176058712076
1341474282786971648
1341478886840909826
1341478886840909826
1341478911042072577
1341485627028742146
1341489878744358914
1341490208882257920
1341490968378400771
1341491004285849601
1341492539237535746
1341500489867923456
1341500533652242434
1341501488745619459
1341509554786451458
1341514155573059589
1341515026100867072
1341518882943557632
1341526431638151175
1341533986061840389
1341537503556284416
1341537571470364674
1341538548873195521
1341541532046942212
1341543217347448834
1341546424954023937
1341549083727548416
1341549353752690689
1341549395511189504
1341554113629327360
1341555894979416064
1341555958489575425
1341559146705874944
1341564180831211520
1341569213018722304
1341574246326280196
1341584207693299712
1341584312697688064
1341586989561212929
1341589345820700673
1341592846093062144
1341594382080741378
1341601587328733184
1341604445226995712
1341609480367321088
1341614511720042496
1341616660222885889
1341619544763219968
1341624581849640960
1341629862679855105
1341634644291190785
1341639677825097731
1341644710687993856
1341648400496828416
1341649743676628994
1341652549443600384
1341654783216607233
1341661650059857920
1341667694123175937
1341674104164741121
1341674909739622402
1341679942715670529
1341683775231520773
1341684984038498305
1341690770420424704
1341695042352603136
1341700080848367617
1341705108548104192
1341710141742338049
1341718147070533632
1341720208403275779
1341723441909526529
1341725241509212166
1341726583225081856
1341730277710819331
1341735307595563013
1341736066189967365
1341740340894552064
1341745381139390465
1341746387092955141
1341750407484338178
1341755440334516225
1341756624919089153
1341760479044259841
1341763867312091136
1341765051838058496
1341765506802413569
1341765681394663424
1341766654578061312
1341767757394800643
1341768949143318529
1341771151979257861
1341771213689991172
1341771285173563395
1341771882245353472
1341775619726688262
1341776463062847489
1341776808161796097
1341780506350931968
1341782527925694464
1341782927139594240
1341783158417584129
1341785359840063488
1341789289483538433
1341791775988609027
1341793886386196481
1341798042706583553
1341803216749678592
1341805598745243651
1341805615665045504
1341805641749438466
1341807838767792129
1341807966043975680
1341808428755398658
1341812910750900225
1341812926647296000
1341813308895227905
1341814778608676864
1341815286509518851
1341815460464082946
1341816439582449665
1341826004097110017
1341826831826214912
1341830835310391297
1341831019004096513
1341836497641680896
1341839959842562049
1341846027914113026
1341847233252212743
1341848218443853831
1341848625647919105
1341849796307521542
1341852188423892992
1341854910757912581
1341855701862408193
1341857506042245120
1341864147114450945
1341864362424872963
1341865068682768390
1341865471688253445
1341870894482939904
1341877122365853697
1341878428312727553
1341879710423375873
1341880648701800457
