1359640646374555650
1359645711009263622
1359650800264491008
1359655878253756417
1359660952795365378
1359666021733384192
1359671346687602694
1359676169705127936
1359681257995722753
1359686368528596993
1359691506030895106
1359696660427911176
1359701835486011393
1359706960942288899
1359712116178116609
1359717603846074371
1359722400225583105
1359727464885477376
1359732585031749638
1359737704045551622
1359742813425000448
1359747915607121920
1359752969315565568
1359758045585289216
1359759180396179457
1359761107230072832
1359762377961598976
1359765171279982592
1359765410166550528
1359766474907410432
1359769646585548802
1359772722335797248
1359775817161703427
1359776622451245062
1359777946609852417
1359778243541422081
1359781147589435392
1359784295183876100
1359787250947661825
1359787376227344384
1359790446071996416
1359793253613252611
1359793554239946752
1359796650982707200
1359799755874926592
1359802912445259781
1359804595678101505
1359805782934646789
1359806094210699264
1359808734684405762
1359810909456187395
1359811919507521536
1359814277071310850
1359815455964336134
1359815486054273024
1359817500763041793
1359820809066397697
1359823858459701250
1359826195949514757
1359828330439147524
1359829264649060352
1359832334065930243
1359835405743493120
1359838613417177092
1359841829965991939
1359844885512208387
1359848093404004353
1359851157116645378
1359854342388539393
1359855179022090244
1359858398272118785
1359860728358912006
1359861578288553990
1359864609499447296
1359867694623948802
1359870888515141633
1359873950642282500
1359877017685082112
1359880078511980544
1359883155533139968
1359886978439909382
1359889456778645504
1359892670450176000
1359893486623985664
1359895858330894342
1359898928464936965
1359901964037992453
1359905034071396352
1359908107548323846
1359911197194260483
1359912479560712195
1359915222182543378
1359918872086863874
1359920470502555652
1359922351941562369
1359925405570981890
1359928439709532171
1359930136972439561
1359931635177816072
1359934922006355968
1359937857343922178
1359940896175890435
1359941281133256707
1359943948811329538
1359945345506160647
1359947607519473665
1359950058834309121
1359951589658693636
1359954111312125954
1359956706562867200
1359957256318648325
1359960386875842562
1359961319609425922
1359962224719253504
1359965333935820807
1359968490120220680
1359971622938099718
1359974388511068161
1359974686621376513
1359976660548870144
1359979797938655238
1359982889564315651
1359988006380326913
1359989405361045508
1359993800022757377
1359994486491856898
1359995633193676802
1360000737179271174
1360005823188131841
1360011209957859341
1360016078752124932
1360021195530375170
1360026332671987720
1360031488276910090
1360036688731504640
1360041885579026436
1360047079624687616
1360052269866250247
1360057330721767424
1360062521055584257
1360067664685727744
1360072787625447425
1360077916617506816
1360083057181614080
1360088184261066759
1360093334451191813
1360098526341005314
1360103673972609031
1360108853585674242
1360113996544811008
1360119158076297217
1360119158076297217
1360122260602904576
1360125355110055944
1360125450668892161
1360128641892569088
1360129236691001346
1360131792293007360
1360134900259704832
1360138029101383680
1360141120777371650
1360144205654487040
1360147339210592257
1360150477292400640
1360153653924016128
1360155066888564739
1360156837212004357
1360159884302508036
1360162934501031936
1360166415693709314
1360166488632606725
1360167164037263360
1360169450733977600
1360170353910235136
1360173236630278146
1360173414170959874
1360179262481969153
1360179758244495362
1360182826398801921
1360184538845106176
1360185944415084545
1360187099169910785
1360189081137930245
1360190671953530880
1360192168091144201
1360192540520177665
1360193859196579843
1360194192597778433
1360194722871009281
1360197249574313990
1360199485205458944
1360200735582007296
1360203807230148613
1360204728269946882
1360207864841850885
1360211025174421508
1360214124546949121
1360217258174394374
1360218574040817664
1360221708251234304
1360224884811583489
1360225692131201024
1360229143691091970
1360231986871345152
1360235085753184259
1360238210232811520
1360241602527117312
1360244536446976000
1360247694359429120
1360250896416976899
1360253814239019018
1360254102328991749
1360255834584932359
1360258987921408002
1360262384204599302
1360265142538223620
1360265194476359682
1360268322634350592
1360271455691436035
1360272387376300035
1360275530755543042
1360275912504340481
1360279456603115526
1360282597646073858
1360285779835183110
1360288931447767054
1360290414503342083
1360293598009438211
1360296646484066304
1360299840110923779
1360302965525860353
1360306115787902976
1360309282428882947
1360312425308966919
1360315614808727557
1360318104795045889
1360318778039537669
1360321974346645504
1360325412728037384
1360328278716858373
1360329236490424332
1360331473778323456
1360334054818734082
1360334634064752642
1360337761581101066
1360340913122381833
1360344075665346560
1360345941711196162
1360351313519915014
1360356342347812865
1360361295715983368
1360366425911738368
1360371506077982724
1360376632633135104
1360381772626862082
1360386893557489666
1360391966706589697
1360397149217951759
1360402305368158208
1360407481013456900
1360412654670602241
1360417813941354498
1360423007714484224
1360428076799320065
1360433140662218754
1360438204852281344
1360443298947751938
1360448345920126977
1360453413633470465
1360458547050520576
1360463656090222593
1360468781903056896
1360473941060558851
1360479055792005121
1360484161853751298
1360489344910385154
1360494544136114177
1360499718170832896
1360503478129426437
1360507970241650696
1360512460692852737
1360513183702736897
1360518372274937857
1360523431566016512
1360526815983452167
1360533727785451522
1360538070634872832
1360538167212916736
1360538254831943680
1360543374349066240
1360548468436180994
1360549521198100480
1360553644744192001
1360557081867276288
1360558685622317066
1360560680215195649
1360565852416925700
1360568185360166915
1360571478090088451
1360576232161689603
1360577282839052289
1360581434407272449
1360584576884764676
1360586538535510025
1360591653866663944
1360596785148940292
1360597177249255429
1360607027182075904
1360609678368133121
1360614815253868549
1360620001670156288
1360623644515434499
1360625159837806592
1360630380190130185
1360634987092008966
1360635572646248456
1360636501843968005
1360640030948143111
1360640640682450945
1360645747948027904
1360649538810368004
1360654728330371079
1360655152722694150
1360655668819202049
1360659639189331972
1360659724119781377
1360664815967043584
1360666508255444992
1360667853851090950
1360670291949719553
1360672972047015938
1360673311739568128
1360673887705513986
1360678364055543814
1360679161287835653
1360683530343370754
1360687181849890833
1360692321357037580
1360692549585940482
1360695717547962382
1360700885614145536
1360702623792439296
1360704000904036359
1360707538174500865
1360712740508217344
1360712759189659650
1360717953054965769
1360723044256387076
1360725630913019905
1360730966944317440
1360736008732631044
1360736008732631044
1360741196486828038
1360744343913582592
1360746346756636674
1360751510263586818
1360756647421968384
1360761784869806086
1360766919931011075
1360772095073017858
1360777749036695560
1360782473001582592
1360787687704301569
1360792857821511682
1360798029037592577
1360803182314741760
1360808248325115911
1360813398641045505
1360818454652215296
1360823536693235712
1360828577722363905
1360833662636482561
1360838722846142464
1360843848570781705
1360848948206911492
1360854073633865731
1360854878122364930
1360856801458221064
1360857499142934528
1360862673173438464
1360864264181972997
1360869466280763392
1360874636674813953
1360875058726535175
1360879486519107586
1360880256563961857
1360885361094897664
1360890511364661254
1360895712301633539
1360899416740225026
1360900830287781890
1360905963574874114
1360908948602241028
1360914027254321152
1360919233903947776
1360923530662207489
1360926077661696000
1360929838324846598
1360935057012252674
1360940246863609860
1360945423830163457
1360950027938586624
1360955140094775297
1360959144413589509
1360960237390430210
1360965308085899265
1360969763535618051
1360971230002765827
1360972057845116931
1360974857564008449
1360980010140635139
1360985202642812928
1360990398697635850
1360995466071130113
1360997524564230147
1361000558711222278
1361000983673896967
1361003547450429441
1361005203928059908
1361006465042042886
1361010325500362755
1361015488927703040
1361020674081513475
1361025444028571651
1361027826120601615
1361028504033382402
1361029096755576836
1361033721613279232
1361033797274329097
1361038854392807431
1361039807137386498
1361041256533667840
1361042532075900928
1361042535725092864
1361046863693172738
1361047724066566144
1361052908389818378
1361057774055157764
1361058778548953091
1361062272563634179
1361065552593248256
1361069855533912069
1361072342395420672
1361074935209336838
1361077015378542593
1361080275892137985
1361085342674259970
1361086918897897474
1361089557928763394
1361093620703653895
1361094706051117057
1361095382877503488
1361097134834122752
1361102905768636416
1361104051795070983
1361105446921240577
1361109223132844032
1361112999570857990
1361116772867391490
1361121958511968256
1361127068315111426
1361128603086372864
1361133737946275843
1361138979358277633
1361144070807109636
1361149134045130755
1361154302266474499
1361158799705452544
1361163981948391426
1361169111619940356
1361174279539331073
1361179488776826880
1361184578992566273
1361188999411478528
1361193531646353408
1361198601226051588
1361203713659043840
1361208688988545025
1361209923556806658
1361210487086710784
1361213030877519873
1361213254522003456
1361213376479821824
1361216425973678084
1361219462603689986
1361222534587416578
1361224709099188224
1361225629362978816
1361227370921943041
1361228055834935296
1361230259216150533
1361230459619987456
1361233607545749504
1361235299318312963
1361236798916218880
1361239173001265156
1361239344946835458
1361242341537898501
1361245465199706114
1361246869238788098
1361250000450240519
1361250178318139396
1361253198766477312
1361256412442202113
1361259450288513027
1361262513816543233
1361265655350239235
1361268790810587136
1361272998691504129
1361273975259738112
1361274604275322881
1361277804340461572
1361280879046311936
1361281749746081799
1361283378637602816
1361286459127439364
1361289252294848517
1361289527197921288
1361292673022386181
1361293140137807876
1361296296930381831
1361298867191504901
1361300597132115972
1361301985404874754
1361305532934610948
1361308139954573315
1361311257668825089
1361314753067569154
1361317258631462915
1361317512764342273
1361321417900490754
1361323813854715904
1361326985398661120
1361330170083373057
1361333915982659594
1361334670613504003
1361336410192678923
1361339520042565637
1361342702575644675
1361345861566033922
1361349037753049098
1361351051803320324
1361352170449350662
1361352572443967489
1361356004475215874
1361358775945428998
1361358881105063936
1361361964728016900
1361364282601066500
1361364661724143616
1361368343853363202
1361368343853363202
1361369094788939776
1361372310792527872
1361372417353019392
1361375474946109447
1361378581193097217
1361379783251267586
1361381730712776704
1361384791753576449
1361387913108406272
1361391130290569219
1361391724241825795
1361394789078474759
1361397380982190083
1361400206231797760
1361400589763170306
1361401140684980228
1361402636323463173
1361405843112140802
1361408936147095559
1361412009665961991
1361415468884500481
1361418267345047555
1361421385612943360
1361424471320653829
1361426405939171332
1361427892048125953
1361430729176068107
1361433848165376000
1361435068548415491
1361440245200412679
1361445424637349888
1361455564635721730
1361460640871768067
1361465704189460483
1361470773911818255
1361476291002826755
1361481107800219653
1361486193792319490
1361491284444258304
1361496396612972548
1361501511407308800
1361506641888350211
1361511817332277250
1361516986682011651
1361522131754958853
1361527279168475137
1361532480709353472
1361537628533903364
1361542800911847427
1361547867530354690
1361552909478035456
1361557959055200256
1361563138387279879
1361568074323939329
1361568191827374080
1361568991345598465
1361571725444587526
1361572155725651971
1361573678689968128
1361576750078185478
1361577999229988866
1361581146065285120
1361584346294079493
1361587391761367041
1361590462478450691
1361593659775455235
1361594857937068032
1361595610017771520
1361595784676986885
1361596864303423489
1361598378937876481
1361601443531259906
1361603779729240065
1361604493411033095
1361606302351446017
1361609512554274817
1361612005321359361
1361612591072706561
1361615794363387907
1361618984160923656
1361622006169493506
1361623358010494976
1361625117994942465
1361625125934751744
1361626477696024578
1361628295264153604
1361631405734825984
1361634464326160384
1361634473490722816
1361636718210928644
1361637445100580864
1361640499841536002
1361642921406173187
1361646100537606144
1361649022981861377
1361652199831592960
1361655356271788035
1361656479699374081
1361657216068169730
1361660287544414212
1361663468038930437
1361664653194113026
1361666543789219843
1361669635473563655
1361672810406547467
1361675892792184833
1361677880405725187
1361679272516214788
1361682103251963906
1361685184123387906
1361685439590055939
1361688314634502151
1361689038663667716
1361690469667921921
1361692142792568837
1361695280039669765
1361695298561732608
1361698462438469633
1361701642102530050
1361704857372151808
1361705119394373632
1361708064949358593
1361711192830582789
1361714323358425091
1361717417794224134
1361717737895178243
1361720960261455879
1361723986871279621
1361727183388106755
1361730375396036612
1361733296963678208
1361735961177120768
1361736514867261441
1361740381587652613
1361740668561932291
1361744362347114503
1361746998181974018
1361750874138230785
1361752211932540932
1361755307752497154
1361758368029892618
1361758530345312258
1361762227213189125
1361765446576459780
1361767459473289218
1361767608199045120
1361769099399884801
1361772218158632960
1361774718899077120
1361777899691528192
1361780388012687362
1361781043381035009
1361784209929601032
1361787359231115267
1361790482259542019
1361793643632295946
1361796751682895873
1361800308259717120
1361801845803466753
1361802609288503304
1361802862536359939
1361808022138482694
1361813113352421378
1361818270261780483
1361823413589966852
1361828614698893324
1361833242689753092
1361838457753067522
1361843588397694981
1361848653414092800
1361853762743238657
1361858912350334976
1361864034686029830
1361869156686168066
1361874283501338626
1361879406487166978
1361884530307715073
1361886594857394177
1361891774646599682
1361896906822201348
1361901990708711425
1361907175392690176
1361912336123109376
1361917483859537922
1361922661178355712
1361927806205259776
1361932052061372416
1361933662380576768
1361935157566066694
1361936066899554304
1361939230688165893
1361942284384800769
1361945464061460482
1361948655599685632
1361951685061533698
1361952534068355074
1361955979047432192
1361958693860966405
1361960614038560772
1361960614038560772
1361960746352017409
1361961823247990786
1361964812608167936
1361964961065500673
1361967998123335680
1361971066428612611
1361972098965659650
1361974198109929474
1361977333255700481
1361978307181502464
1361981559432167426
1361984745438076932
1361987931095916548
1361991160554741761
1361994077340860419
1361997193159331841
1361997814985871360
1361997924834693120
1362000888429236224
1362001014686183425
1362004198053842947
1362006737088176128
1362009925795389440
1362013241455632384
1362016636421763077
1362019339117936641
1362022513128185861
1362022549048209410
1362028052537040896
1362031155739033603
1362035680235425794
1362038741397831683
1362041891617968136
1362044988562034691
1362048043613306882
1362051101114175493
1362054210158800900
1362057339138899969
1362060577292521477
1362063684428845059
1362066870837346306
1362070464265416717
1362073203280146440
1362076366804578308
1362079056972419081
1362079497483399173
1362083137531052035
1362085813325099013
1362089025113382924
1362092237753049092
1362094339275505674
1362097510567796737
1362100608275251203
1362101156810551300
1362103098962038794
1362106207566258181
1362109301146472453
1362110984731639814
1362114043536957441
1362116660535164931
1362118134015156229
1362119789125267457
1362123239472979969
1362124363261218816
1362127527381237760
1362130083692109825
1362130625482919936
1362131732368089090
1362134525069950982
1362136850538909698
1362140054584496132
1362143241945104385
1362146395738750977
1362149731523256320
1362152673269710850
1362153692552704001
1362156881247145986
1362160135523741698
1362162072541421576
1362167188065550339
1362172318345285637
