1359643099153248258
1359683236058849281
1359735642184384513
1359748311784316931
1359758636235575296
1359768585577594880
1359770135456845831
1359779918956158976
1359785716348239872
1359789276741971974
1359791759027556353
1359798811040825346
1359800265529057283
1359800594370879490
1359801638890913793
1359802993957339144
1359803909188050949
1359804341939486722
1359804437288673281
1359804877782843393
1359805518857052160
1359805924014194692
1359806189140385793
1359806499468541953
1359806708978225158
1359807664163856390
1359808045740666880
1359809106819887104
1359810660796936193
1359811001403793411
1359811920023285764
1359812170813440002
1359813149743067136
1359813428953583619
1359814153393893377
1359814687244906497
1359815024739549188
1359815945569591296
1359817203923750914
1359818461992615936
1359819008711798784
1359820357037916162
1359824300627415044
1359825869435469826
1359831812848058369
1359832944936943616
1359833670073335811
1359836255144579076
1359842715509420032
1359847167121371137
1359849393428520967
1359849728851197955
1359852987619885056
1359856533618720768
1359856879325876227
1359859357853351940
1359861507711000582
1359865598898040835
1359876836918976519
1359878708081922050
1359880798460129281
1359886276988657667
1359897818174001157
1359898010537312259
1359901276235042825
1359902642776989699
1359903892562141184
1359904772015407105
1359904798150193161
1359904908863016962
1359909404649349122
1359920672391192587
1359930895424131072
1359950350934044672
1359958115937091586
1359961575994589186
1359977452345450500
1359992889644883969
1360038824190107652
1360043960899678209
1360113136494383105
1360133324757467139
1360136562193936389
1360143004347039746
1360145308508905475
1360152690286866434
1360154307266564096
1360155325287059456
1360155432547942401
1360155664354574337
1360156463130423296
1360156690717450244
1360157949054885890
1360159062084751363
1360159207333453825
1360159657160036352
1360160465796538368
1360161000771768325
1360161939096301570
1360161975716765698
1360162191035498501
1360162920534073351
1360163233915695105
1360163408356773889
1360164492181577732
1360164915810549760
1360167009166761985
1360168267223085056
1360168302966951941
1360169525551980545
1360170028801249282
1360170783792787467
1360171614646714369
1360172042008424452
1360173300400476167
1360174360548491267
1360174558846865410
1360179514907758593
1360181166578544640
1360181193854091264
1360183024172859392
1360183115516289024
1360186340118310914
1360190763901018115
1360191298964246530
1360191792533151746
1360192781621288960
1360193936342454272
1360195105571938305
1360195946693419009
1360199221203378179
1360199693804982277
1360205465108496386
1360206301469552640
1360214313454231562
1360215619665338375
1360216006912847872
1360220679719833600
1360229397081505792
1360237740353351685
1360239375720849414
1360240875276824576
1360240987352760320
1360249803427487744
1360252340608135170
1360256160931188738
1360257364851523585
1360259218528481280
1360259296697741312
1360260455302901768
1360264528001400833
1360265886725255175
1360267610114428933
1360276853966200836
1360281266961190914
1360289314798665729
1360291592733667328
1360294472165298183
1360295172781858819
1360299209392590848
1360302531486879747
1360313364862353409
1360334587939991557
1360356339315269634
1360414903765499905
1360416123020279810
1360473375274115072
1360473406119038976
1360490334690684930
1360490365271302144
1360499222974521344
1360505913275252737
1360507569744343042
1360508370222989313
1360509254889844736
1360509420850020353
1360509694285070339
1360510248272986114
1360512283768717314
1360514229133058051
1360519900519936004
1360520347951448067
1360524936113254400
1360526500160819205
1360529148968636416
1360531514069499906
1360540450797596672
1360542034143150081
1360544821698519041
1360561276347416576
1360580674613374976
1360587643441053696
1360600029338218497
1360600095272677381
1360604643110227978
1360608061908475906
1360630353300447240
1360642367842361345
1360644907799617536
1360644907799617536
1360654250641141764
1360666509115351042
1360685816817872901
1360698462266941441
1360699241736400900
1360708646376775681
1360716543571681284
1360841602814644224
1360842691974754304
1360842693946068992
1360842718382022662
1360849581483974660
1360850335254913024
1360850651962617857
1360853151046369281
1360857762855612417
1360857829813452802
1360858739084046337
1360861611532156928
1360865746595807232
1360868440236568577
1360870337303478274
1360877285969174530
1360878228097933313
1360880272443604993
1360880309533835266
1360881938681257985
1360884580253892610
1360884750244864003
1360885147701239815
1360885535687008256
1360885878902636544
1360885926549946370
1360886499655442436
1360886505544294400
1360886975780167681
1360887054670979073
1360887570205409282
1360887987425411073
1360890462744281090
1360892437619757056
1360896578177945606
1360898514050572294
1360898816778592256
1360899452576428033
1360901029517287427
1360901361458688003
1360901827991060480
1360902875300442112
1360902959777857536
1360905867311349760
1360907729771110401
1360910804032380932
1360912597801959426
1360914183584276482
1360916425993576449
1360917699430408193
1360917721865740289
1360919495372636161
1360921138675728385
1360922453707530241
1360925562290778112
1360925852599529483
1360926760943181825
1360928377742450689
1360929661996400641
1360931148176703489
1360935081511108610
1360942221969743877
1360943625845235716
1360945108221386753
1360945639559954434
1360946142779899905
1360946649598734340
1360946897658159109
1360947559011930119
1360949414295076866
1360951175852400640
1360959966568448002
1360961006529359874
1360963914910081024
1360964532911427586
1360966129494163456
1360966799165173762
1360968125542465543
1360970332631408642
1360970805329334276
1360973972704268289
1360974578051403785
1360975636601458693
1360976100738953225
1360977031090098179
1360978858242023424
1360981878048612353
1360982326512074759
1360983110314295303
1360983900789571586
1360989176276021248
1360999105451982858
1361005155404165126
1361007154195558403
1361008280202596354
1361008831942246404
1361012144670711808
1361019660485943305
1361020729068826626
1361021393446535170
1361021875548135425
1361026650960515079
1361026875997507586
1361028690071715842
1361029472275857410
1361032309139472391
1361033498296012801
1361034897058594816
1361035262655143937
1361037494611968000
1361038390456692738
1361039655840399365
1361041135800582155
1361041352298008580
1361049506998026247
1361051480522956800
1361053490135650307
1361062608288243719
1361066950059843586
1361067559710302212
1361068024753754114
1361071559121723399
1361072170131193856
1361073098083164164
1361074583651160066
1361074767617474562
1361075657812439040
1361076013359316994
1361076148894126086
1361076689355350017
1361077072182079490
1361077421454331905
1361077956651737088
1361078100096733187
1361079347965231104
1361081140975656962
1361081191626080257
1361081879747850242
1361082539541209095
1361083046892609537
1361083238597459969
1361083322114449415
1361083889977073664
1361084936950800387
1361085378728513536
1361086672335745024
1361087730487332864
1361087958321827843
1361088813150466052
1361088925624860674
1361089197273210886
1361090907236429832
1361093906813886465
1361094619585515528
1361095582799065101
1361098065583693825
1361098491041370119
1361098906675855363
1361099237640073218
1361099822133088258
1361101140138618882
1361101173672079364
1361104013001957378
1361104522911834113
1361110437299945473
1361111869696712709
1361120791560130561
1361147361867812865
1361196803203489792
1361198160824131591
1361198208148516870
1361199676226174976
1361207952431067137
1361208700309016577
1361210255187836928
1361212113369317378
1361216965151514626
1361234136208470016
1361234373689962499
1361236343951675394
1361236343066615808
1361237048569581569
1361237441949151239
1361237928182239232
1361238348480798720
1361238673434542083
1361239975451312129
1361240493510778880
1361241867103436801
1361242847811313666
1361245277722734592
1361247805898162179
1361247805898162179
1361249163212709889
1361249951154585600
1361254800650829825
1361258566842220553
1361261408479039491
1361264415077720064
1361265691689705473
1361270846933921795
1361270891305394180
1361271268260139008
1361271574662422528
1361272576509681664
1361272589302308864
1361273035131674624
1361273186495692801
1361273977092661248
1361276826837004289
1361277016205582339
1361277264357445636
1361277412617633792
1361278789381222402
1361278825636708355
1361280089288302593
1361280648955252739
1361284339171012609
1361286203207782407
1361286253526843392
1361286414219030532
1361287885836673028
1361288182600503301
1361290425651314690
1361291991984832515
1361292107458043905
1361292995564298241
1361295694670274562
1361297295527018498
1361297457624276992
1361303323287171073
1361305662978932738
1361305931414405126
1361307552886247430
1361309392512106499
1361322623704031233
1361325282351861763
1361329166529015809
1361334347287117827
1361339715102908417
1361343259361087490
1361343565171949575
1361349036343713801
1361353736711528448
1361368441056350208
1361371315094122496
1361377064499183621
1361386041542729729
1361388298057502723
1361393312821821446
1361404901557952514
1361563893219414017
1361566025892904960
1361566325898960896
1361567162201161728
1361567192605741056
1361568307992748032
1361568413362122753
1361568513547190275
1361571137390579713
1361572188101496832
1361578843656622080
1361586078826790914
1361588678305415168
1361589884478246912
1361591142807076870
1361592401098399745
1361593661687926786
1361594153403039747
1361594893899022337
1361594917684973568
1361595302369722369
1361595515595612160
1361596175971835908
1361596751870889984
1361596815523651585
1361597063297908737
1361597434808344578
1361598178089402371
1361598665983483904
1361598692474511361
1361599950857981952
1361601214736191489
1361601217051324417
1361601563727450112
1361602467985825795
1361603725844832258
1361604984685608962
1361605071876874242
1361606242335031302
1361607500567633924
1361608759097892865
1361609497035362308
1361609731153006593
1361610017376460808
1361611275474636800
1361612533665308672
1361613786176753666
1361613791981666305
1361614407919415298
1361616440080621573
1361621289862115329
1361623858839609346
1361624782383558657
1361631667149033480
1361635017009598464
1361635231590187011
1361637313256837120
1361640376302505984
1361648905344217093
1361649425727303681
1361651082389291008
1361652303619624961
1361654629239554052
1361655015400763394
1361657174091571201
1361663683865284609
1361664758303367172
1361665713262444551
1361668124966326275
1361670225503125504
1361671315615346690
1361680306307289089
1361691310680403975
1361692261877231618
1361694696934883329
1361694737019895809
1361698592621277185
1361698744052441098
1361707189732319232
1361718114870771719
1361718792229896194
1361721853232971783
1361723035653459975
1361751185842143234
1361751847720091649
1361753276132298753
1361757015245262849
1361759551981318144
1361761830083973130
1361765481615659011
1361765622770720771
1361765848428470277
1361774853901062145
1361779391223758850
1361781247450693640
1361781371677605889
1361795892613967877
1361796001858789380
1361806731987341316
1361807205830430725
1361807656923639811
1361813773087088641
1361823235780857858
1361858010675630080
1361915760415821824
1361918529822470150
1361943526695665667
1361945762448478208
1361952426916532227
1361962244075044866
1361962983728029698
1361963221033304066
1361963408887808000
1361963966117855235
1361965645403930624
1361969422559293442
1361972742287949826
1361975506606956544
1361977689809248259
1361978244103290882
1361979014773170176
1361982219724726274
1361988549973835778
1361991897623969797
1361992856496390148
1361998210395480064
1361998325881405440
1362002975623950336
1362003662692884481
1362006266013450240
1362007773001703424
1362008037280657408
1362009626842198026
1362012749069484033
1362013206672257026
1362015186920513538
1362019267596718080
1362022133770162178
1362025567256776704
1362025612286840833
1362027707765305351
1362027707765305351
1362036208587714562
1362043372681236482
1362046896081149952
1362047706458427392
1362052645075222534
1362063402630266883
1362063521798889472
1362072390042345473
1362074754996449281
1362084494820401152
1362084637464555520
1362085230329409540
1362094198317592576
1362094962821664768
1362094971759828992
1362095987376979975
1362107505845927938
1362108363690160130
1362108980894584833
1362110474557489152
1362111706525274112
1362113715966005252
1362121144682315776
1362122020687929344
1362125342329208838
1362126231441993730
1362127949412130817
1362128661143552002
1362129811435618304
1362130596982628352
1362131394756022275
1362132554183299076
1362133628734603267
1362134213076676612
1362135132627488777
1362137879733022722
1362140246431961089
1362142052650221570
1362142655929532422
1362143211880382466
1362152470185713665
1362154829997617155
