1359640072736374793
1359644330810609668
1359646275877142532
1359652024057552898
1359663457864450050
1359690741791019012
1359714331265490945
1359725240931266560
1359738095214682113
1359750288417173504
1359755777351819266
1359759132220416001
1359760371599474689
1359761252353003523
1359762342427328513
1359763370296115201
1359764299103817728
1359767349201690625
1359770519881539589
1359770863315398658
1359773349589696513
1359774726634278915
1359775680339214336
1359777567637667840
1359777945351450632
1359780511607107595
1359781703401828355
1359784227747864578
1359784991648014337
1359786463412555780
1359786842263027716
1359787141119803393
1359788011450490881
1359790528510967810
1359791433788624897
1359793768346574848
1359796820482826246
1359798177105408003
1359798684427431936
1359801006125703171
1359804904387272708
1359807894368231424
1359808144243834881
1359812990166577157
1359813376885538816
1359815693860917261
1359816348994580482
1359819469711953921
1359821275041042432
1359823049651064833
1359823482700394499
1359825949844471808
1359827435127242752
1359829475572211717
1359830066897825793
1359833074385776642
1359835299766034437
1359836833237110788
1359837329268080641
1359840409233600513
1359841306349096961
1359842053266567168
1359844673368555523
1359845893164445699
1359846220584398849
1359849612916518915
1359849673180258304
1359850335607611399
1359853443268157440
1359855032796139526
1359857220322738180
1359859239896891394
1359860200497381380
1359861200578822147
1359863657212112896
1359867082448470018
1359867174995832835
1359867585802690562
1359870108911497219
1359871930988380168
1359876186038546437
1359877860375359494
1359879349881692162
1359881322701991949
1359883641753505799
1359887417537409026
1359888719814283274
1359891191811211268
1359894108882485249
1359894975169892352
1359897795239571458
1359898741973651463
1359900090245255170
1359902518516482052
1359904849043816450
1359906291183976448
1359908361534398466
1359910067701743617
1359913049583460355
1359913840687816704
1359917493146501126
1359917617985839106
1359921406314762240
1359922702610534401
1359923649378193417
1359925323341643777
1359926340816949251
1359927622478819328
1359928304350990337
1359929329610874880
1359932437988524039
1359933386807255042
1359937284674637834
1359940906623852545
1359941020079722496
1359943322438098951
1359944165593927681
1359946087814070278
1359947814722281478
1359948171301036035
1359949623478149122
1359952051694952448
1359952093734449155
1359955679306522627
1359956372276838408
1359956406280065024
1359956406280065024
1359958353603100674
1359960397529419780
1359963646164684801
1359964172403023874
1359965137898266626
1359967182537506822
1359967710130688000
1359970469978378240
1359972727516504068
1359974238820696076
1359976080791207936
1359978015019597824
1359979781115289601
1359979828452208651
1359981788278386690
1359984269427433472
1359985566058745857
1359985671004446721
1359987002532364291
1359987127006748674
1359989338092670977
1359993115025768448
1359993288204427271
1359997057306624008
1360000551182811139
1360000849628581888
1360024462071103489
1360032956811730947
1360110348162990081
1360113227489771522
1360115167393058816
1360120921936175104
1360122331633496064
1360124320161366017
1360124730175606790
1360127246783152139
1360131921221664769
1360135372794191881
1360142572744810499
1360143079441842179
1360145735963070466
1360146372960391171
1360146866017599489
1360150308601683968
1360150998971473920
1360151665861562368
1360153031518670856
1360153217162760192
1360154493787262977
1360154492327628800
1360157295406174209
1360159402335076352
1360162748978634755
1360165035008548868
1360167355284938752
1360169423433310208
1360172402542534656
1360173112789237761
1360176083895746562
1360177177002729477
1360177595195797504
1360178476989489153
1360179742713008128
1360182030345109505
1360183040069283840
1360183870050729985
1360185487546343426
1360188900438913024
1360190635857305600
1360190942876209153
1360192924374491138
1360193784647155713
1360194814508154881
1360195807341932544
1360197974635257857
1360199602763427841
1360200093987700738
1360202057484017666
1360202823665930242
1360203247672320007
1360204552688046081
1360206057096835077
1360207323499757568
1360208361317429248
1360210245189046273
1360211148604387329
1360213392070426624
1360213876877516800
1360216069621706753
1360218393266315264
1360219569533702148
1360221193211695105
1360222388357627913
1360224584964984839
1360225896838418432
1360228413693456390
1360230103620403200
1360230429564010497
1360232075283083268
1360233378642067458
1360237190815612933
1360237752877481987
1360238769459273730
1360242570576732164
1360243513519136769
1360245816359796746
1360247039343300611
1360247707412135943
1360249949473153024
1360251285816152067
1360252014819766273
1360252218683834375
1360254500162912261
1360255460251697153
1360257411781693440
1360260015488131075
1360260568779796483
1360262748286943238
1360265093498421254
1360265350089162754
1360268910256402434
1360270292057264129
1360271443901177861
1360272461946830852
1360276130083860488
1360277661952708614
1360280175133536266
1360284306690764800
1360286094655447043
1360287808942964738
1360291424864985091
1360291631891705862
1360295216662667272
1360298904189886466
1360302792968007683
1360304322181955585
1360306427529736193
1360310500261847041
1360313977553657859
1360315119209766912
1360317722446491654
1360318349767565318
1360319071150080003
1360322785281781760
1360326560281202689
1360327081083736065
1360328921464508416
1360332858347421697
1360334339901431809
1360336626459713540
1360340401832435714
1360344176223690753
1360346907546185730
1360347959091552258
1360351726138630147
1360353680902545410
1360355502262083584
1360359275713990656
1360360533883449344
1360362877002129410
1360374738351255565
1360374736459603969
1360390226741452800
1360400825068232706
1360459434280038400
1360499500289318912
1360503181894123522
1360503319756746752
1360507126460936193
1360510948134559744
1360518279874424832
1360518533206130689
1360519843351511040
1360523146424692736
1360523436074926082
1360525511156449280
1360526145842778116
1360528735263408129
1360529463394590728
1360532954733309952
1360533012010655744
1360536731997634561
1360537716925038598
1360541226949296129
1360544570342338561
1360544573366431747
1360544587660595200
1360544599593410560
1360544603611533312
1360544601807945730
1360544621231751174
1360544626520846340
1360545856655659008
1360548677555732481
1360548862931456003
1360551904619753472
1360554629856165891
1360556024944590848
1360559205556584449
1360559205556584449
1360560262965829633
1360563766279159811
1360563939071954954
1360564624152748036
1360566013423738884
1360567325364285449
1360567601970184192
1360568882755469315
1360569477432307716
1360571095406022657
1360572812637929482
1360575492286464007
1360578467197288448
1360582246370000899
1360582696439791616
1360586052201807878
1360587055064055808
1360590436281294850
1360591448119377924
1360594105227767815
1360594569050656769
1360595282724085762
1360595455533604864
1360596920763318278
1360599346618720256
1360601431363969026
1360604762543173641
1360608455074193408
1360612542096281602
1360613726450298887
1360616220643442693
1360617119466020864
1360619813597548547
1360622933329199104
1360623935310733314
1360626725059776516
1360627314812452865
1360630178280538113
1360631117406216195
1360635261089103880
1360638921625993228
1360641389537734661
1360646529380450305
1360648177796456451
1360650338043330566
1360652722744262656
1360653397289037827
1360654667060027395
1360655349657788422
1360657668629790725
1360661619144024065
1360662775572398085
1360665380319027204
1360668708159520771
1360673732835049475
1360676246284365824
1360676400420827144
1360676515348946946
1360677238967054342
1360680854327087108
1360683240626008065
1360685741760733186
1360686411922432002
1360687690425982977
1360691661941198854
1360693730722856965
1360695355495616517
1360697063235866632
1360699199344492548
1360700632290754565
1360701424334684162
1360703065196810241
1360706833204281350
1360709128772059140
1360709375447486466
1360710635827433487
1360714223656001553
1360717942602805252
1360721726049423360
1360725186954190848
1360749458628218883
1360778677517225984
1360803379006554112
1360815749946826752
1360836975532650498
1360849332090646528
1360850338564239361
1360854785428185089
1360858098680950784
1360861496067162112
1360862670380007425
1360864155675336705
1360865356856885253
1360865372992393219
1360868805812051970
1360872417460187139
1360873051001417729
1360876445640364032
1360880166919172097
1360880768776613889
1360884673589768193
1360888059789598720
1360889835125428229
1360891685870440450
1360894197667139590
1360895545095692289
1360898327160700931
1360899649951985665
1360903123347374081
1360903126304387072
1360906654280261634
1360907825296404481
1360909618923393024
1360911450701725696
1360915983825858560
1360917557302165504
1360919313960558594
1360921778491695106
1360924501228273669
1360926254137044993
1360927008075694080
1360929527661293574
1360929992528568325
1360930833146740741
1360933506159955968
1360937965535567873
1360938763984191488
1360939501938479104
1360941692300521472
1360941842154545156
1360944066830213123
1360946749855174657
1360949021859323906
1360950743092592643
1360952461972951052
1360954680231284739
1360955056640688131
1360955817302835200
1360956662601949188
1360958018972766209
1360959824150855684
1360962240334151685
1360964681104564225
1360967252464443399
1360970981846765569
1360974555733442560
1360978407463542784
1360982244349906946
1360983810138132484
1360986406122881025
1360989779740028931
1360990145172881411
1360990611243941888
1360991832986030081
1360992334175944705
1360994017069129734
1360995020413808640
1360996157342814216
1360997504469327875
1361000074986352640
1361001123675590664
1361001493458014213
1361004848544636931
1361006351825203201
1361006610588524546
1361009230145273858
1361010319557017600
1361014961116430336
1361015476093091841
1361016821281918982
1361018005753368585
1361018704184631297
1361018717090557955
1361020649247039490
1361021405341564932
1361023842794303489
1361026151381164039
1361026958864375809
1361027699586850817
1361029233422831622
1361029394442108929
1361030106941112320
1361030511158829063
1361031881173725186
1361032393197502465
1361033103318409219
1361034051449151490
1361034460678995969
1361034480438378502
1361035070379864078
1361036480936898560
1361037641546936325
1361038607658733569
1361039430937694210
1361039615583469568
1361041810395701255
1361042134946693123
1361042828487450628
1361046717735596038
1361046717735596038
1361048792917827585
1361049063366524929
1361051213211566082
1361052076919431168
1361052549390991363
1361054290979217414
1361054333928939522
1361055228590780416
1361055261771911170
1361056538832551936
1361059712708542467
1361059756056674308
1361061293986369536
1361061330644570118
1361062454206345216
1361064445993230336
1361064553958813699
1361065666141442052
1361066309828624387
1361066741229641731
1361067470057066500
1361067835481587712
1361068883659096068
1361070138880122883
1361071056463790081
1361071982742224898
1361073236293935107
1361073453403680768
1361074105563426816
1361076344721915906
1361078301557747715
1361080784841539584
1361080850910220290
1361081814434078725
1361081858226876425
1361084009384718337
1361084444308832259
1361085822297120779
1361087080311492611
1361087800490262528
1361087817489784832
1361088248634871813
1361088553317449728
1361089103639556099
1361090143055212551
1361090180757803011
1361091316491419656
1361094120761098243
1361094118898819073
1361094117040795648
1361138997997797376
1361202502683799553
1361206003669348352
1361209180678455297
1361209629040996352
1361209962647740420
1361211641992417288
1361212082016968705
1361214639200210945
1361215471295602691
1361216172021018625
1361217857741336577
1361227112783486977
1361227349736513536
1361229006574481409
1361229649259474951
1361232393886130179
1361233624926982144
1361240303924084738
1361240746754519040
1361240763976331265
1361243554081878017
1361246896652759040
1361247604487643136
1361247742840963076
1361250145841672193
1361252914090622978
1361254152106635264
1361255430681333763
1361257444035334146
1361259708875759617
1361262353585733636
1361265245306544128
1361270239103696896
1361273003632377858
1361273622757838848
1361273800483082243
1361277489859993600
1361277665626447875
1361279871582879746
1361280344893267970
1361283127289778177
1361287343576125442
1361288304730202117
1361291973085249537
1361295632410025986
1361298306463367169
1361299224483127307
1361299907089477639
1361302994537517060
1361305354118823937
1361307905866297345
1361309423323516931
1361311570228359169
1361313547377139713
1361314851449167873
1361315613415776256
1361317941887787009
1361319239043469315
1361319935671234562
1361321521973706755
1361321556035727364
1361322524777320453
1361322556322701314
1361324029831970820
1361324212485505025
1361326448112513024
1361329017685696512
1361332254790795267
1361334451402252296
1361336791828152324
1361336968538443778
1361337636468772865
1361339728814104578
1361340743072182274
1361344524786655238
1361344526498099200
1361348157934813187
1361348293264089091
1361350354298880000
1361352069215440903
1361353405000802305
1361353890332033026
1361355842365231105
1361359106062372867
1361359620061634561
1361359759715278849
1361363584425619456
1361367169880240128
1361367840876593152
1361368376883445766
1361368759974379521
1361369907057864707
1361370362953535489
1361371126891503617
1361372792168607745
1361374392442306566
1361377712494026755
1361378044582252544
1361381831438966784
1361383648298209288
1361386332904452097
1361390032603537408
1361390120365154304
1361391421178212352
1361393591369654272
1361397367149240321
1361398453922902016
1361401141058297860
1361401418251448322
1361404740240826371
1361405898892132358
1361405939883114505
1361409455313870854
1361409581033865219
1361413953482461184
1361414229568282625
1361416240292532229
1361418662461075458
1361420019607896066
1361420314438115329
1361420719943421952
1361422623649849344
1361423790287257601
1361426142427828225
1361426224145461252
1361427564884070405
1361427893121921030
1361428911297613833
1361430474896384002
1361430789620174850
1361431339862528004
1361433399693615104
1361434013001539585
1361434432939384832
1361435116296413190
1361435374166376450
1361437907328892943
1361438802691174402
1361438889693470720
1361438918168752130
1361440219447365633
1361440471520796673
1361442665464819716
1361443781837533188
1361444044598042627
1361446439562321922
1361446938374201349
1361449190354808842
1361449190354808842
1361449962630836228
1361450113852391427
1361451540582653953
1361453433195216896
1361454767256535040
1361456407061667840
1361459550717702152
1361460619891810305
1361461493259251713
1361464402713710597
1361474907742306308
1361484967306547200
1361503799915995136
1361526089324126212
1361564218802253827
1361571779559448576
1361576724807487489
1361577420642541568
1361579318070153224
1361580573144227842
1361581960649392133
1361583281918083073
1361585617294028802
1361586613193641984
1361588902465843200
1361590455641772032
1361592967526506496
1361594059295510529
1361594650587447299
1361595398620602368
1361596583951925251
1361597239630659590
1361598458373820421
1361600910586245120
1361601964618883074
1361604431830274049
1361604984232632320
1361607187433422848
1361607500575830017
1361608178492923905
1361608457686831110
1361610616788631554
1361611275441209350
1361613827469623296
1361613875632893954
1361614006797160455
1361615962533953536
1361616315975262209
1361617878978600963
1361618825637150720
1361621242843967492
1361621341745467397
1361624177132863490
1361627243575926789
1361627788999094276
1361628246547251200
1361629944208646146
1361631414698016769
1361633712794927110
1361635877898846208
1361637951134969859
1361639769818746882
1361639986462883841
1361640467851526146
1361643411162476544
1361643582323580929
1361644494471327751
1361646819072237572
1361648842643562498
1361649877558697984
1361650883268927489
1361654089344548865
1361656807316467712
1361657186670292996
1361659581462626307
1361661158328045570
1361661368781467648
1361663016182374408
1361663983833534464
1361665633667018753
1361666173352497153
1361668645613625347
1361669036141129730
1361671858094018564
1361674954320846853
1361675481008005123
1361677494437482502
1361677987129737226
1361679542319009796
1361679726742368263
1361680623350521860
1361680786219560965
1361683734358077446
1361683827391873031
1361685529541152771
1361685540156891138
1361688561599283204
1361689356793229313
1361692549237379076
1361694988183166979
1361698622274961411
1361700215879827461
1361703150898536450
1361703207131639809
1361706906490961921
1361708713732673538
1361710681079177220
1361711588470902787
1361714456892473351
1361716229917073414
1361718761510871043
1361722013006503937
1361723767576272904
1361724601349324802
1361726031728680961
1361729863607058444
1361731173089705990
1361733168597004294
1361734211070222344
1361740194840522752
1361740879472381958
1361741010716536834
1361744656065654789
1361748429081350146
1361751030619402243
1361752209810223104
1361752533446893571
1361754792650043395
1361756230767812609
1361759640032280577
1361759754649931777
1361763637489250306
1361765487248556032
1361768716418109440
1361770839847407624
1361776258707775491
1361776863652233222
1361778628405592067
1361782403035893760
1361783241280270337
1361783420284764169
1361784848688570374
1361785298930262017
1361786177867554818
1361786469543772169
1361787287286210564
1361788641341829121
1361789429900320777
1361789953714253824
1361790453142675463
1361791453614243842
1361791620958588930
1361793151858593795
1361793727660888066
1361794502638374916
1361794642468036618
1361795461699563522
1361796732061945859
1361797505827102728
1361797916466241537
1361799280424587267
1361800018986852356
1361800583032811524
1361800630675898368
1361800754919522306
1361801277441789956
1361801366520406019
1361802054742769666
1361803453375381510
1361804417515859969
1361805053250703360
1361805551290748930
1361807066852188162
1361807113056567298
1361807961073582087
1361808827130277891
1361808922861056003
1361809744781058052
1361812350383235075
1361812461561798658
1361812458449567745
1361813229207515139
1361816485052710913
1361819307559301121
1361823509383700480
1361825868591624194
1361826603643322371
1361830929463980033
1361839152241790976
1361851684931203073
1361879871643918337
1361913160115101696
1361919071315501056
1361920337563238401
1361921448563142657
1361923583220408324
1361926435519279105
1361926863468310531
1361930514416959489
1361930514416959489
1361932716145594372
1361935385727799296
1361936971367649281
1361937759049576448
1361939971750457349
1361942206324432902
1361945459149922307
1361948771211489281
1361951086500839425
1361951265786187778
1361953287797358595
1361954410570657792
1361954472692486144
1361957916392230913
1361960576994394117
1361963598810144771
1361966525293473798
1361969361511137281
1361969848457318401
1361972115226980352
1361972405124538373
1361974921614610437
1361974938089979906
1361975901181906947
1361978704696467462
1361978921521205249
1361978977779392515
1361981003204595712
1361981163573772288
1361983953788403713
1361986149674323968
1361988762805264386
1361989439367622658
1361990247526117381
1361991992557903879
1361993797895413769
1361995513952956421
1361996312602935296
1361997571141476354
1361998829638144004
1361999944329138176
1362001348120600576
1362001925441531905
1362003862324879365
1362004591550877698
1362005407351377929
1362006378915786752
1362007991751442434
1362008904318640133
1362008947369082881
1362011273626611713
1362011412256542720
1362011719594344459
1362013056780431364
1362015031416782852
1362015488197484545
1362015975323947014
1362016448558882820
1362017934621736967
1362018961911504899
1362019928191209472
1362020470242050050
1362022064853573637
1362022599795040259
1362025253623525385
1362027770168152064
1362028286029819906
1362030286599454721
1362031202811666434
1362033054923984896
1362035822896181251
1362036927805992964
1362036925411057668
1362036929894744068
1362036936202936326
1362036940481126403
1362036945396858894
1362036952900501504
1362036950476218371
1362040785861025792
1362041974304477186
1362043561601040385
1362044294727671813
1362046398233985024
1362048084721733634
1362050717658337287
1362051357931405313
1362053468068937729
1362055452717121541
1362056946698829826
1362059227645292548
1362062509092536320
1362063002162241541
1362066054080520195
1362069299058278400
1362069632908148738
1362073247588769794
1362076844489588738
1362077166503157760
1362080618293551104
1362080671099936768
1362084402788847616
1362084546322259971
1362084643697262594
1362088167860363267
1362091686298603520
1362091873112883206
1362092426001801219
1362092518855294979
1362093670938329091
1362096433692868608
1362096450793058305
1362098452113539078
1362099499569721347
1362102580374081538
1362102683159695360
1362103545525374977
1362104637625630726
1362104889585860614
1362105559474966537
1362106509094772736
1362107207739969547
1362110969695133696
1362111193306046472
1362113333613244421
1362114709370060800
1362118897076436992
1362122144058994691
1362124137687355410
1362126035798679559
1362129439744618497
1362130574345981955
1362131644208058368
1362132933239316486
1362134532040835073
1362134624458186752
1362135961132539904
1362137726720634881
1362141370438279173
1362144795775426561
1362144968417099776
1362147398571687936
1362148565796052994
1362148949012996098
1362150432160837636
1362152342691319811
1362153691181162499
1362155388897009667
1362155689750237185
1362155718686765060
1362156115513942017
1362157696301084673
1362159118333718530
1362159896909647872
1362160091500326913
1362163665584152586
1362164533582852098
1362164923602763777
1362167065398964231
1362167440994537474
1362168364118999041
1362171215012454403
1362171851338825730
1362174738236342284
1362174845459562503
