1308902168267816962
1308917054477565952
1308953609221091328
1308980323238191104
1308991013403459585
1308991017564229634
1308991022119243778
1308992156422606849
1308994875652792322
1308996159885791233
1309003470188556288
1309007147984998400
1309007144742801410
1309008304241287168
1309008308674670602
1309010896816046080
1309010900830097408
1309010907377344514
1309013303864299521
1309014708314353664
1309014954922577920
1309017221188980737
1309017227363000322
1309018666483281927
1309023518311448578
1309024935436791808
1309026355061944332
1309028439324852224
1309028854363717633
1309030081562636288
1309031452265324546
1309031783636369409
1309032314215768067
1309032784284069900
1309035564021276673
1309038091366281216
1309038096059691008
1309040714660171784
1309045733748768769
1309045739046219776
1309047002550996994
1309047006841704455
1309050644230213632
1309051929784397825
1309054389466861569
1309054393908703233
1309055730444574720
1309057347818598400
1309058224511946753
1309061621294264325
1309064139592077313
1309065344556978176
1309068064584077312
1309068069826854917
1309069612277956615
1309071677939167234
1309075408600604673
1309075413407334401
1309076733891620867
1309078141210689539
1309079264969584643
1309079269184811014
1309079273647550467
1309080346349240322
1309080350568652801
1309084703819956242
1309084930291499009
1309087214253547520
1309088412067074048
1309089821814591491
1309092462397399040
1309096111764901890
1309096115787235330
1309096120187056128
1309098561653669888
1309101117318598656
1309103659402309632
1309103664104120320
1309105071217664006
1309107953543323651
1309107961722212358
1309107958635257859
1309109241060503554
1309110445580734466
1309112893468815360
1309112899856666624
1309113732295995392
1309114255967477761
1309114261134807046
1309115608169156611
1309115611738517505
1309117035708854275
1309119539750285321
1309119544431194116
1309122118857220096
1309124514685517827
1309124519576170504
1309124523095216140
1309128432681451520
1309128436292685824
1309130754069323776
1309132962563325952
1309133294588616705
1309134446122106881
1309135837590847489
1309135837590847489
1309135843911708673
1309136959403687937
1309138380731674627
1309138385819381761
1309145501414109198
1309146429496139783
1309147831857491969
1309147840770379779
1309150418690334721
1309150422804955136
1309151849312858113
1309151855105265677
1309154474456428544
1309154479498031106
1309155558377824256
1309159370081660929
1309160670999580682
1309162956849115139
1309162962532413445
1309165659029475339
1309165667430653960
1309167110896128000
1309167119326642178
1309168551295627275
1309169812585709576
1309172317474435074
1309173734171959297
1309173743013498880
1309177712620249089
1309177717494087681
1309178825771757569
1309178830364594177
1309180166426562566
1309182577761230850
1309183786043797505
1309185059661000705
1309185070041833472
1309185072583639044
1309191139459829760
1309191142626463744
1309192559521140741
1309193926776098823
1309195251341504512
1309195255271440384
1309195259755233303
1309195263739916289
1309195268680810496
1309196342997245954
1309197596313956356
1309201052131045378
1309202388138496003
1309204642367180802
1309204646741803008
1309204650827173889
1309205787751968772
1309207026065707011
1309207030494834691
1309209445952614402
1309209450616696832
1309214596717326336
1309219798031708160
1309223414452957185
1309223420501078016
1309225938132111360
1309225942787776512
1309228504878395393
1309228504077262848
1309233180810063874
1309233184970862598
1309234478242508801
1309236941607653378
1309236937585299456
1309236946238156800
1309236950721875969
1309236955104915456
1309236960922406912
1309236963120164866
1309236967410933765
1309245849709563904
1309245854067372034
1309245858584682496
1309249900186664960
1309252531214790656
1309253873060720640
1309274125882593280
1309297214242664451
1309303506067746816
1309312840390660097
1309353182171205633
1309361149960478720
1309362613776777216
1309365087963090944
1309369015203172352
1309370216355434496
1309371387929391104
1309377682627538944
1309379032593637376
1309380214460477442
1309382636167663619
1309384118866784256
1309386711051448320
1309386722480992256
1309387991220129792
1309392254965092352
1309394788563681283
1309395844756627457
1309396146520023043
1309398998609022976
1309399003528941568
1309401460304642048
1309402634068123648
1309403766991486976
1309403771424968704
1309408562083495936
1309410004336807936
1309410008992485376
1309410016768724993
1309411152535879681
1309411157392982016
1309412479399849985
1309412483640233986
1309413638877392896
1309413643440844800
1309416281683222529
1309416886233333763
1309419984372854784
1309419988483178496
1309421256895270913
1309421263178403840
1309426378870321152
1309427422668845056
1309431853225566209
1309432247775363073
1309434426028421121
1309434433066459137
1309436847957962763
1309440421274308608
1309442823654121472
1309443896297107457
1309443900415893504
1309446482391715840
1309448937443676162
1309450210561667073
1309453962186293248
1309453966091091968
1309456304516325377
1309459877153177605
1309459873206284289
1309461096051494912
1309461104565813248
1309462504234512384
1309466213299482625
1309466218932432896
1309467559775830017
1309467564519682048
1309478754276773888
1309478758395633671
1309478763437215748
1309479911288123393
1309479915142742017
1309481317646696448
1309481322017181696
1309482465686417410
1309482470362972163
1309482474645278723
1309486148230754304
1309486153477873664
1309486161660960769
1309488526006849536
1309489667058929664
1309490791753175041
1309491868296769540
1309493027161899008
1309496939667484672
1309498375411322881
1309498380557709312
1309498376849969152
1309500993801986048
1309503660465041410
1309503665036820481
1309504906777288711
1309522889629208580
1309601169346646018
1309601173247324166
1309601177458413580
1309601182416015366
1309601186409046017
1309601190720745477
1309601194084573189
1309601199457538049
1309601206839410688
1309601211902046209
1309601219850231808
1309601225432797184
1309601232814829568
1309601230222655494
1309601234450616320
1309601241371115527
1309601245510987777
1309601245510987777
1309601249965363200
1309601262732816386
1309601266876768256
1309601278427893765
1309601290108964864
1309604818844094466
1309607194153947136
1309639357469528065
1309666831872012288
1309671957818945536
1309727049490235392
1309735973928996865
1309739764921389056
1309744632448856071
1309745952215924741
1309747369358090240
1309748585853071360
1309751106558451712
1309751112518508544
1309753616455041025
1309754934410305539
1309756067455414272
1309757495724969984
1309758604954742787
1309758853874167808
1309760227420581888
1309761475280539649
1309761479596482560
1309762848432836608
1309766460462501888
1309767869769621504
1309769249934716928
1309770446137626624
1309770449363103747
1309771535071227904
1309771539747876866
1309771543749234688
1309775304173457408
1309780415209779205
1309780419466932224
1309780423849975808
1309783265289670656
1309785902777016323
1309789855900217344
1309792652066533377
1309792656369819648
1309794791727693824
1309794864180191238
1309798909108248576
1309799967838679040
1309803587648790528
1309803591864025088
1309808542799532032
1309811287774433282
1309819946139029505
1309819951025475590
1309821380217765888
1309822485592973313
1309827397991182338
1309829701771366401
1309831012076204033
1309837283428794374
1309838456642830336
1309841070612770816
1309842279503454210
1309843492349321221
1309844742310703105
1309851132190130178
1309855083232997376
1309859164404023297
1309860361659658240
1309864445578014722
1309865774262235137
1309865778402004993
1309873842039422976
1309873846225448961
1309875264013455369
1309877565922988033
1309877570163429376
1309877574185684992
1309877578640101376
1309878647856271361
1309883905542160384
1309885390577426432
1309886108013076480
1309898045740417027
1309898951475240962
1309910252515725312
1309911443882545152
1309915438902636547
1309917756553342976
1309921700553912321
1309923107159900160
1309923115506466817
1309930204178022401
1309957896084611073
1309957900396376067
1309957904821354496
1309959237192372225
1309960428148142080
1309960432548032512
1309960437761536002
1309961501617332224
1309962842892832769
1309963939371978760
1309965312712990720
1309965318429773826
1309965321613303808
1309965325371351045
1309965330517811200
1309965334401687553
1309965338688344064
1309966694568386563
1309968019930710018
1309979387144663043
1309991120785596418
1310006923924844545
1310012169686315009
1310018266065252354
1310034820630745088
1310096928475099137
1310102385143017472
1310115873718403072
1310116951373512706
1310116955706318848
1310118385750024193
1310119778338697216
1310119782847520770
1310121244440788992
1310122225941590017
1310123339034382337
1310124646096830464
1310126036760354816
1310126040791101445
1310126044830195712
1310127459979976704
1310127464094498816
1310132146313605125
1310133518459187200
1310133523395772417
1310133527241949186
1310134641668632576
1310134646273957888
1310135964547899393
1310135970159788032
1310140927558717440
1310144784267390976
1310144788570742785
1310150936824819712
1310150947381940225
1310150943502147585
1310152206289641473
1310157226078883840
1310157230780624903
1310157235058806784
1310158631560765441
1310158636551999489
1310159928519266305
1310161013363429377
1310163452489539584
1310164631273590785
1310168465022562304
1310169060672450560
1310169834001436677
1310170961275228161
1310173651547951106
1310176059518840832
1310176063889305601
1310178591490150405
1310185044175134723
1310188950116536320
1310190279564156928
1310191481873936386
1310192777846755328
1310199161225129985
1310201713283006465
1310201716126683141
1310202848966311941
1310203961392193541
1310205344514277376
1310210217880190981
1310211607683829764
1310211611832057856
1310212873528975362
1310215484936204289
1310216656153505793
1310216660285042690
1310217863295315970
1310220480452886536
1310221912107253760
1310224500580122630
1310224504925433867
1310224509493022721
1310225828459040769
1310227032941498368
1310227037769039873
1310229459908395013
1310230763787481089
1310230768443109381
1310230768443109381
1310233233670508545
1310234357383258112
1310236807787958274
1310236812443607041
1310240897238433798
1310240901386698754
1310242235431161856
1310242239789006848
1310244863686963206
1310247165927845888
1310249792765939714
1310249796419100673
1310249802081415170
1310251059420581891
1310253333840527361
1310257403892436992
1310257407889678337
1310262368140759040
1310265187035947008
1310265191314186241
1310266399101722630
1310267507425632257
1310271367376371714
1310274106173149186
1310277855339778051
1310277859320180739
1310280360538910725
1310285679675531270
1310286924305911810
1310288009993093120
1310290407272714241
1310296586589794305
1310296591304192003
1310303106106785793
1310304694070325249
1310305470196916224
1310306875326554118
1310308023336939520
1310309253505323008
1310313116060745728
1310313120469061632
1310313125296701442
1310315625424785410
1310315630025900040
1310315634497138689
1310315642696937473
1310316993019547648
1310316997671092225
1310317001991217155
1310320834372927489
1310323429355200517
1310323434170257411
1310323437852917763
1310325782544351235
1310325786960949254
1310327161321119744
1310327169743233024
1310327178618458118
1310327182837927938
1310327186847608835
1310327188508602368
1310327203339661317
1310328426830716930
1310368217148260352
1310372289683349505
1310381072962682880
1310402178390134788
1310443708500721664
1310443712711884800
1310443716642050049
1310449046302187520
1310461291409137664
1310465890148847618
1310467254518255616
1310474245454155778
1310475220902387712
1310476606171996162
1310477699031412737
1310480156482588672
1310482408270106627
1310483883993882629
1310486378929631233
1310486383287468033
1310487619638263814
1310487624788979712
1310487812144345088
1310491453131456519
1310497748991512577
1310498859794272256
1310498864533852161
1310500159395110912
1310502527234760705
1310502532519690242
1310502535606808577
1310503762809757696
1310504077995003904
1310505119344189440
1310506322425794560
1310506327320518657
1310507706579652613
1310507711038197760
1310510271715323905
1310510280393330688
1310512781599399937
1310512785659494400
1310514201950072833
1310519168874295296
1310520119723020288
1310523784915542016
1310524898482282496
1310526215883808770
1310526220086530048
1310527478167896070
1310527482517434369
1310527486451687424
1310528706365005830
1310532732561350661
1310532737246298112
1310532741239373825
1310535025352474624
1310539967328849921
1310541344012730370
1310544078300491776
1310544083065110530
1310546483511468035
1310546488037117952
1310550447716028416
1310555719205367811
1310555727291994124
1310555723143798784
1310555732081770497
1310557123416383488
1310557127996563457
1310558493632593920
1310561244173172749
1310561253371322368
1310563925872738307
1310563930889228288
1310563934781542400
1310565256314449922
1310565261888675841
1310565265353170944
1310566915937636353
1310567444738699266
1310567449620877312
1310568868222509056
1310568873108934657
1310570262421811200
1310571658726473733
1310572859023069185
1310572863167107075
1310575497617735680
1310576709427658754
1310577974991880193
1310579072171417601
1310580379380744192
1310580384866988032
1310582957887942656
1310585202952097794
1310585207351898115
1310585211571372039
1310587723007361026
1310587727151280129
1310588973895634945
1310589890225156098
1310602968698417152
1310604377187659776
1310608038714322944
1310608043265200134
1310609907100651522
1310610539077414914
1310611786371133442
1310613219548049412
1310614570810126337
1310615656400855044
1310617063736696832
1310617067989630976
1310620724651069441
1310623159503261696
1310625587199868930
1310625591746531330
1310625596343562245
1310626874247335939
1310626878634577920
1310626886746279938
1310629282658619393
1310630686257287169
1310630690711576582
1310631123207192581
1310635429012668417
1310637688945606656
1310637693097959425
1310639031240273920
1310639036508311555
1310640279133847554
1310640284561297409
1310644107044433929
1310646949301944320
1310649505482772480
1310649505482772480
1310652254156992513
1310653441824493568
1310654645145153537
1310655998781272071
1310658327718883328
1310669672388407299
1310669676763140097
1310669680848314369
1310670743995383813
1310671821218381825
1310671825995792387
1310672990649151488
1310674297254539271
1310675547261935618
1310678186859073537
1310679517711814658
1310684739993571328
1310685989812264961
1310687385626316806
1310687389900251136
1310688753795706881
1310688758711357442
1310689845711429634
1310689850253881346
1310689853483474956
1310691001942638597
1310691006816423943
1310691014013845504
1310691010805104640
1310691027066511362
1310693733814407169
1310696114404941824
1310696118595055617
1310697324021264384
1310704945591705601
1310718246379806720
1310752834527408128
1310810171703263233
1310811324012802048
1310811328861425664
1310814051379957761
1310815178297085952
1310818840289439745
1310825048773660674
1310826217998819328
1310832627067297793
1310835359706689536
1310835362776965120
1310836281899966465
1310836620506140673
1310837852863901697
1310839132063707136
1310840346516099072
1310842770660249601
1310842776112820225
1310843813641023488
1310844057703374848
1310844061947920384
1310845260566855680
1310846271809355781
1310846507051110400
1310846511702577152
1310847681883967488
1310848848391266304
1310852750767468544
1310853855245107203
1310856227543552000
1310858812748967937
1310860232961273858
1310860237939843072
1310862824713969664
1310864018161180672
1310865348753850369
1310866476514111488
1310868837919752192
1310868842537771008
1310871148012371968
1310872319565258753
1310876303147577344
1310878808732577792
1310879978490408960
1310879982927872000
1310881284206534656
1310883550808412160
1310883557422882817
1310884914783494144
1310884919497891841
1310888628172787712
1310889856374112257
1310892106500710400
1310894619048251393
1310894623943020544
1310895923782987776
1310897041565011969
1310898449026625537
1310901035922321415
1310903271335366656
1310907987901460485
1310907992020316167
1310909218057269248
1310910469926875137
1310912903269187589
1310918025688821767
1310918030520717312
1310920716532035584
1310922060588253184
1310923288441507842
1310924422606393349
1310925812116402177
1310931834000244738
1310932989543682050
1310935503496196103
1310936839742722048
1310938098247913476
1310939401002905600
1310939404966473729
1310943212614422530
1310944314625789952
1310945720955023360
1310948230834925573
1310948235809357824
1310950623777615874
1310951825147822084
1310956789207306240
1310957997712183296
1310957997364043778
1310959853054177285
1310961480012042245
1310964193114324996
1310964196251762688
1310965578337845249
1310966968611205120
1310969444806594611
1310969449164439554
1310970848661180417
1310972202477551616
1310972207720468480
1310973489189457922
1310974803449348102
1310976057579843584
1310976062650822658
1310979622427918336
1310979626609635333
1310980989867491331
1310980994619629568
1310986257355476992
1310986261897850880
1310986266226368512
1310990096020246532
1310991498654216192
1310994091853910022
1310994096455127041
1310995535562780677
1310995539853488129
1310996969368756230
1310999422604660737
1311001024723902464
1311003353695096839
1311006228508745729
1311008628879523840
1311013042260291584
1311013046949740545
1311014413340639235
1311017167056498688
1311017171926089728
1311021495846567936
1311022839991078918
1311022844944494592
1311027027718406144
1311028352287940608
1311033647324168193
1311037480037220352
1311040210457812992
1311046474667634688
1311046478035648513
1311049334520242176
1311049339138170880
1311051718600294402
1311051722480025600
1311055069765394435
1311064019374166021
1311088259435556864
1311100984987398144
1311104492864237570
1311128129038098433
1311129859289239552
1311164277693313024
1311171775707910144
1311172908862058496
1311175413603987456
1311175417953488897
1311176506908049408
1311176591838507009
1311176597538508800
1311180443304239104
1311182780383064065
1311182784728358913
1311184006575251456
1311187433678139393
1311187433678139393
1311188756850970624
1311194042387005443
1311194047118180352
1311194315176075268
1311196550824165376
1311201395278778368
1311202680442966018
1311203381126586368
1311203519517601792
1311203871067377665
1311203878973698048
1311205112082300928
1311207749271814144
1311209161603059717
1311209165570871296
1311210574404112384
1311210578631892993
1311213077245972480
1311214176770166784
1311214299533242368
1311215382141825025
1311216805147488256
1311218139473076226
1311220731301310469
1311220736149913600
1311221882482569217
1311221886899105792
1311223116962594816
1311225947249684480
1311227193704448001
1311229715592732672
1311232185744195584
1311232190840279040
1311233460514811906
1311238455310143488
1311239736430931969
1311241069884051456
1311242220188696576
1311243658545504256
1311245205706866689
1311247690613895170
1311247696104226816
1311247700009025536
1311249015355387909
1311250402659184640
1311251671188680715
1311251676007989250
1311254193093652483
1311254198370152450
1311256663769440256
1311256672611053568
1311257955862491136
1311257960048459776
1311260521635688449
1311261659017744385
1311265400664059904
1311267884224655361
1311269276389650432
1311269281414381569
1311274084102295553
1311274088644644865
1311276681093615617
1311277837215825921
1311282887954751488
1311284203032580100
1311287820204552193
1311289227485818882
1311289234079330306
1311290582745178113
1311290587098775552
1311291949777924097
1311295770218426369
1311295774387507201
1311299393849524225
1311302857073729539
1311302861175902209
1311305574043320320
1311305578157953024
1311306867747041281
1311310676099465217
1311311933602234368
1311316051402031115
1311317140310560768
1311317145192669191
1311318401218949121
1311319827198377984
1311322261970923521
1311326255036411908
1311327559649460229
1311327563340558337
1311327567740317696
1311331457512755203
1311334079917326342
1311334084782759937
1311334820086251521
1311335318314987520
1311335314821197825
1311336651793326081
1311336655605956608
1311336659783487495
1311338863454048257
1311338867937685520
1311340233292746752
1311340236836876292
1311341384545247232
1311343847931342851
1311349054715105280
1311350160644071424
1311350165064814593
1311350170064478209
1311351290480521222
1311352678077825033
1311352684516171776
1311355236964073473
1311359272094257155
1311360366606266368
1311361435243610112
1311365139388604424
1311366247477579777
1311367546231291906
1311367554015821824
1311371022457856000
1311373562901598208
1311374649859637253
1311376112149303297
1311378700265500672
1311380021399912449
1311384730345107457
1311384735462100994
1311395966793252867
1311395971037888526
1311395975508955139
1311395979669708800
1311395984094658560
1311397292033953798
1311398441302532098
1311401079691784193
1311401095558823942
1311402497668452352
1311402502055751685
1311402506333958145
1311402511086039040
1311403829972398081
1311406410157219841
1311411581755031557
1311411585982881794
1311411590990835714
1311411595117985798
1311411599589216258
1311411602588086279
1311424983994900482
