1308998755623096323
1309035077469376515
1309046994372100098
1309061993471660039
1309091450714550283
1309103054373957644
1309107911138914304
1309138324351864834
1309150809226182657
1309175906200694786
1309207246816116736
1309343784505872384
1309357691110858752
1309373476487168000
1309386505014607872
1309392228704555008
1309415056984207360
1309428641932214272
1309439748843413504
1309452691345735680
1309459595782500357
1309473215614529536
1309515907614605312
1309557716646592513
1309584719101726720
1309840864110350337
1310221914263236608
1310250132018003970
1310444584699416576
1310491223161962496
1310499016254410752
1310505107637899265
1310520854154014720
1310539668333703168
1310549880922935296
1310566046856810496
1310589316889038850
1310598220591104002
1310612667514716162
1310640326802116608
1310663814875054088
1310848911762915329
1310862708217122819
1310869751695110144
1310889102309494786
1310893298245132290
1310895321652908032
1310903922295476225
1310919508815618048
1310923527751692290
1310936598087962624
1310946431231045632
1310967678463627265
1310996028695379969
1311164643344351234
1311187074809241608
1311195462494552064
1311223535898112001
1311227051706384384
1311236618662150144
1311243143694688256
1311246199048019969
1311254824374153216
1311263356842577921
1311276863881383937
1311295872022597632
1311306591040397313
1311320737156919297
1311347831601586179
1311354488972865544
1311371055454355458
1311382555229335558
1311394480990425093
1311396314748538887
1311401800747098118
