1263228006933422085
1263228189725392898
1263243105957904384
1263257672989712390
1263258203997048834
1263291984225198080
1263424947923402752
1263443731107151873
1263463205994708992
1263502750094106626
1263517153468309504
1263545847717015555
1263561506802806784
1263562221969440768
1263563078790234116
1263565444054728705
1263566798827503622
1263567091552174088
1263567711998599168
1263568296164700161
1263571474948009986
1263574158086193157
1263574904852578304
1263576266512437255
1263583344513728512
1263583579998543880
1263583853035175942
1263605492393275392
1263804132223320064
1263848266812338178
1263901630749163529
1263911737239142402
1263914665412890624
1263916113546694657
1263921127958753281
1264193252506374144
1264206256945971205
1264209722216833032
1264234431029678080
1264239921138552837
1264269871526760448
1264331775993618438
1264550801214779393
1264555565830864898
1264606229608964107
1264616188627357697
1264616516126941187
1264632507795795968
1264692654815604736
1264874406108696577
1264889954385006592
1264906311877062656
1264922418180571136
1264936510845079552
1264952617072877568
1264964446046130179
1264980433747484674
1264994645936943104
1265012571091984391
1265014037248704514
1265024844325957635
1265039942247383040
1265040853921382400
1265043442587099137
1265046598859530240
1265052861970472960
1265053131542413313
1265053633126727682
1265055043721424896
1265237839995908098
1265253659211956226
1265278430376890375
1265289513787629568
1265308862544072705
1265308860069359617
1265308863898759168
1265332611016163328
1265354503576064005
1265364052068499458
1265365208022888449
1265366440636493824
1265366752323612674
1265367036202491904
1265368121315151873
1265368299015155712
1265372763281412096
1265381863801184263
1265387232149544966
1265402331987759104
1265417430798491649
1265622755883483138
1265642332839436289
1265658201636208640
1265669591117770752
1265692417816178692
1265704206150832129
1265708700318253056
1265721220412178432
1265721218650562560
1265749622116569089
1265760373166260224
