1331858728283480064
1331891734276698118
1331919767494647809
1331922420823941120
1331926961917218818
1331928752062951426
1331975960036569088
1332003732658249728
1332004805309587457
1332221367991758848
1332232805905035264
1332261848306081793
1332290386665074691
1332294923522105344
1332323373721014272
1332348935562817536
1332365064788176897
1332587532056289280
1332616974669529091
1332662021414744065
1332663637803212800
1332689703879864320
1332725439496740864
1332754883573731328
1332949415183724544
1332976342565052417
1333006289950175232
1333039508867207169
1333063165098270720
1333073861609447425
1333094622407647240
1333308531697721345
1333352274370981888
1333368121953046528
1333404238676897793
1333405571601543168
1333406465315528704
1333407054908841987
1333408290462703619
1333409496874496000
1333410406078042113
1333436745694793730
1333467254093209600
1333671170994884610
1333730658179538944
1333733516635418626
1333734257022341129
1333735336451727360
1333736233391022081
1333737450397634561
1333738528660983808
1333741318103834624
1333749220126449675
1333771186392748035
1333771719341957120
1333775339831627776
1333783804561944578
1333787867118587910
1333788164930957314
1333788489582723075
1333788835755433994
1333788995713605632
1333789184260141061
1333789305479647232
1333789429954007042
1333789625974878208
1333789768879022081
1333789893915361282
1333789981567975426
1333790081442664449
1333790227295395844
1333790444103168004
1333790591977619460
1333790766808723461
1333802016145956864
1333803503102300160
1333805624392609794
1333808182251163649
1333818292293804033
1333818643134566403
1333828029492187144
1333829332033282048
1334038340463521792
1334095070014951424
1334099838745669633
1334100781675520001
1334101460049686531
1334109558713819139
1334130296908812288
1334130922669690883
1334131536057278465
1334148054241472519
1334159458650517504
1334169774876725248
1334188492386086913
1334212236240441348
