1283734114181484544
1283752090129637376
1283755532994719744
1283759424306282497
1283762408578863109
1283766527066607618
1283780747778838528
1283787902128881664
1283847825965686786
1283855861673328641
1284052715031662593
1284428467833057281
1284571782440275969
1284787580844810240
1285201768159285248
1285427450588073986
1285437481412853760
1285445809849470976
1285451561326587904
1285515102012284929
1285539526660825089
1285550220441526277
1285553621380341760
1285557016900108289
1285630962999623687
1285832282113282048
1285850847994359814
1285854605172191232
1285878321163771904
1285904816972140544
1285913754769788929
1285918013535907840
1285924992602050560
1285942715121893376
1285983597820891139
