1260837576740687873
1260913310586765312
1260932882173919232
1260948325970345985
1260950672641572865
1260963198133510146
1261002527291695105
1261010656544899073
1261018258376921089
1261022247235596294
1261022307402895361
1261022896333389830
1261023478272020480
1261024670037561345
1261031214460350466
1261044670689349635
1261177107939459072
1261195238904942592
1261223137062125569
1261224966034513922
1261242527425925120
1261258779540193284
1261269560948404224
1261313721600815109
1261313756845481990
1261314540794454022
1261320435444178944
1261323101326974976
1261325695961219072
1261341348571099138
1261367533468254214
1261563658284535808
1261566578866434048
1261595755401396225
1261709241695571969
1261921256544198657
1261935378887475200
1261939821443985408
1261948259993440256
1261954934532182016
1261967397843435523
1261983269639389184
1261984138392985602
1261995766790402048
1262002334764277762
1262079028292435968
1262115175659909120
1262286976440504320
1262412557467422720
1262639241865113600
1262654719702466560
1262696295069777920
1262708662239404032
1262708685228388353
1262749858454048770
1262759650258116608
1262763329921171456
1262763936438353922
1262776790436757504
1262777625572933634
1262848411126161408
1263038182414790657
1263083791742107650
1263090516666781701
1263103122592784387
1263125418355372035
1263174834193944577
1263181455422824449
1263191820672081922
