1260866936264699906
1260867026366717952
1261169019958296576
1261294186441179138
1261567084456103936
1261571175559204871
1261595449917673477
1261970018209796098
1262042137346150402
1262098984178499584
1262288750048161792
1262315853082697733
1262342781831467008
1262356772247003136
1262370290211880965
1262393993528295424
1262397268436701186
1262416324397056002
1262433442031185921
1262724445627731968
1262746052471296006
1262788928714784773
1263019449273266177
1263095627849883648
1263106983357566978
1263129087910055937
1263179891404652546
