1283521850627239937
1283547071190982657
1283559584716603394
1283567175354261504
1283569393612595202
1283582383023849472
1283584607716352000
1283585324602593284
1283586569186795528
1283597308014321664
1283607547128283136
1283613436174270464
1283615921764958208
1283621127034724354
1283621192923045890
1283627444235309058
1283629978308009984
1283644920222425090
1283646635503951872
1283646736687407110
1283647079387201542
1283649398875000834
1283649565791449088
1283650164918542336
1283652225974362118
1283652585816240128
1283652690900398080
1283654433784713219
1283654854502682624
1283655297056284674
1283655605647884290
1283656378754707456
1283656612343771136
1283656671374520320
1283657031426220032
1283657208153214976
1283657412755456000
1283657627025711104
1283658582135844864
1283659633345933312
1283660361682563072
1283661384622977024
1283661645428985856
1283662211672678400
1283662502820220928
1283662677290692608
1283662686434328576
1283663117520642049
1283663784268173313
1283665350840721408
1283665601341394945
1283665894850334720
1283666177701695488
1283666802480906241
1283666936619040768
1283667181268606976
1283668013561122817
1283668817906892800
1283669150037094404
1283669640137314305
1283670599227920386
1283671007191019520
1283673836664299521
1283674817640763394
1283675738613313538
1283676175743713280
1283678128192315392
1283678158349361152
1283678920219537408
1283679362575990785
1283680268134477825
1283680356114276353
1283680356114276353
1283680441875271680
1283681486231736320
1283683288050065408
1283686308003688449
1283686340731731968
1283686637009096710
1283687867508719616
1283687964648837120
1283688929242251265
1283689047286853632
1283689070103875587
1283689327956881408
1283691726654377985
1283692148152565760
1283692347860156418
1283695369977597953
1283696573977894913
1283696593506623488
1283698387603333121
1283698916630855682
1283700802029326337
1283700874347413505
1283701407434944512
1283703432017317888
1283703443350335490
1283704427451318275
1283705818735677448
1283707447534747648
1283708094262980610
1283708399666987008
1283708424967118848
1283709681828061185
1283710467253256192
1283713487273783296
1283716938888347649
1283717542159228928
1283719526958284800
1283721361274413057
1283722546945249285
1283723157145362433
1283723598029623296
1283725566613561345
1283725887226163200
1283731103329792000
1283732613224632322
1283734626431840257
1283737646519353350
1283737771618770946
1283740667630452737
1283741995400404993
1283743686019424256
1283744302749962241
1283746706010472454
1283749087460950018
1283749726181982208
1283750969017339904
1283752745946636290
1283755766407553024
1283758481552691200
1283758696720465926
1283758785664888839
1283761805660246016
1283764825626013696
1283767845306929153
1283769684760854528
1283770865700618241
1283773885008117760
1283776341658292225
1283776904986755073
1283779925061836800
1283782944952324099
1283785209800876032
1283786719804956674
1283789778148823040
1283790494628065281
1283794269690630144
1283796043059077120
1283797760328773633
1283798799530504193
1283802574215188481
1283804623543951362
1283806307657453570
1283806349038514179
1283808052320362497
1283809637385605123
1283810123912105984
1283813746540937224
1283813898706010113
1283816438915112965
1283817673734926338
1283821137273724931
1283821163064557568
1283821448537141249
1283821762464092160
1283822057969594370
1283823133531799552
1283823805081821191
1283823844323659781
1283823937986732039
1283825223540912130
1283827939956666370
1283828998485704704
1283832773221003268
1283832866972020738
1283835213722812416
1283835476496048133
1283836548002111488
1283839653829894145
1283839662742745090
1283839701800148998
1283839727423160325
1283840323009908737
1283841658069626880
1283844097820721152
1283844146193747969
1283845376555003905
1283847872744751107
1283851647433601024
1283855192581181440
1283855273396969477
1283856680640368640
1283859197268918272
1283862972100562944
1283866747012100102
1283869954580905987
1283870472875257856
1283870521898274816
1283872352401489920
1283872729142300672
1283874296855769090
1283878071536193536
1283879872771891206
1283880241891430400
1283880247604260864
1283881846435176449
1283884288631504896
1283899296983785473
1283914655996481537
1283915060272750593
1283922086336094210
1283925893832945664
1283930578769924097
1283933989921841152
1283941599693508609
1283943357937418240
1283945811785777152
1283946525467521030
1283947868685045762
1283959767749328896
1283970410715811841
1283973776691154949
1283975805421461506
1283983996909756417
1283984320386998274
1283990096350511105
1283992293553459201
1283998175104311297
1284005673504837632
1284007722288021514
1284009596382851073
1284009940470960130
1284010446480125952
1284012384001101833
1284012561923551233
1284013967082311680
1284017490352381952
1284020576496095232
1284021148259418114
1284021265460637696
1284022277877751809
1284025040028094465
1284026364774043648
1284027945355546627
1284028815086202882
1284030838800363521
1284032062002012160
1284033258137817088
1284036074629734406
1284036365131190272
1284036482282520576
1284038942753513472
1284040069519536129
1284040680436838402
1284041231849467909
1284042477041782785
1284043479094624258
1284044410158813184
1284046235947675648
1284047638988496904
1284050973212782592
1284050987804753921
1284051464508157953
1284052291826397184
1284055238954147842
1284056432187506690
1284056708751523840
1284057605174960128
1284058432908267520
1284058762291093505
1284058762291093505
1284060349495484416
1284062788923437057
1284063111528484865
1284063525539844096
1284064647553912833
1284066361615044608
1284066563906125825
1284067041406746624
1284067339701489665
1284069536296243203
1284070338544967680
1284072867777437697
1284073568217763842
1284074113485754369
1284074774331904000
1284077888354938886
1284079755906682880
1284081841654374402
1284082318093815808
1284083935790673922
1284085438093955072
1284088186256478214
1284089308232777729
1284089464508362752
1284091180406300672
1284092987710951424
1284093090018590721
1284094016167071744
1284094027235819520
1284094915425771521
1284096291425980418
1284096763041681409
1284097480762765313
1284100287251259392
1284100537491714053
1284102930048659461
1284104312633753600
1284104738632589313
1284106658638069763
1284107880703164419
1284108087213817859
1284109513566629893
1284111009335201792
1284111478665154560
1284111862687137795
1284115426990075908
1284115637107908611
1284115988410257408
1284117491103543297
1284119412044443650
1284121292313169921
1284123186901037057
1284126818619002880
1284126848121790465
1284126962018127879
1284130506876104706
1284130736702926848
1284132838246420481
1284134511647715328
1284134613619814402
1284136715431620612
1284137696340979713
1284138034728820737
1284138828513652746
1284139576408375301
1284140453236035587
1284141810101755905
1284141918801321986
1284143271569170439
1284143502046244867
1284145584530534400
1284149359609880576
1284153133980147714
1284157768581238785
1284157784146219008
1284157882242564096
1284160683802865666
1284162406223159298
1284164459028766725
1284166435833630721
1284168116201762819
1284168233658933249
1284168262444625921
1284171108946784256
1284171123001667584
1284172008838672385
1284174928946827264
1284174953517142016
1284175783305633793
1284179558326034435
1284183333228867584
1284183869563064320
1284190882913288193
1284194657849741314
1284198432609984514
1284200269828497410
1284203853450182656
1284205982365569025
1284207846473768960
1284209117876322310
1284209757247746048
1284213532133740545
1284217307124752384
1284221081675534337
1284224187020849153
1284224856809254912
1284228631548567552
1284232406644523011
1284236181375537153
1284239956257443840
1284243731089174529
1284246760223899648
1284247757880950785
1284250046125547521
1284261758853623808
1284263929045295104
1284276943966412802
1284279157480919043
1284291939622440961
1284293661551849472
1284298442391482368
1284303210287685632
1284308422683492353
1284314122641985536
1284322219271827457
1284324305015316480
1284337060510175232
1284338844968652800
1284340859945783299
1284352317731504128
1284354635294179330
1284368188394921984
1284371171098714112
1284373626708516866
1284377429516132358
1284378116488650752
1284380065162305538
1284382043850387458
1284383125917839360
1284385133806714887
1284385867059146755
1284385907047641089
1284388268688265218
1284389460952711168
1284391266126569472
1284391280924069888
1284393232709943296
1284394175778127878
1284396587620405248
1284398643873828865
1284399175426289664
1284399484169007104
1284400690530574337
1284402710465437700
1284404696787169280
1284405596951732227
1284407414255648769
1284409394214645761
1284409980989386752
1284410052321980421
1284415110321143810
1284417050765656064
1284420124049580033
1284422286121021440
1284422609191546881
1284424289706532864
1284425614527729665
1284428283581538305
1284429953560449024
1284432013458628608
1284434208715427840
1284434964671614976
1284436439606984704
1284437069226541056
1284438512557752322
1284439381198217216
1284441732952870912
1284443880017072129
1284444845340327936
1284445856930947072
1284446631140745216
1284448374897487872
1284450446032154624
1284452114782093312
1284454270364987402
1284457184252895232
1284460019170398209
1284462752996773889
1284464165176975363
1284464287516368896
1284466700528824320
1284470411573497856
1284474586793480193
1284475374366334977
1284477407261581313
1284478898613387264
1284480808716296196
1284482040721702912
1284482688565612544
1284482688565612544
1284482939389190144
1284485427794186241
1284485958306607105
1284486495089426432
1284487224889933824
1284488272991879169
1284488882566946818
1284489760971661312
1284490880141987841
1284494619355553792
1284494807931531264
1284496104411869184
1284498219469283330
1284501932485246976
1284505655831912448
1284505707518111747
1284507285092544512
1284509482173837313
1284512433764274177
1284512995931033600
1284513135097974784
1284513326102437889
1284515798879436801
1284516074688598016
1284517031828652034
1284520223912198145
1284521157769728000
1284524581647118336
1284526483831238656
1284526691843538944
1284528356835418113
1284529630452559872
1284530287582609408
1284532131390263297
1284533409067479041
1284535906410434560
1284538661082669061
1284539681145786369
1284540622058250241
1284541260863242241
1284543456086384642
1284545484682678273
1284545737854943233
1284547230985142273
1284547635001597953
1284547692430008320
1284547892779331587
1284549764592410625
1284551005917581314
1284551508592386049
1284553543245082628
1284554698641612801
1284554780631867392
1284557559253393408
1284558555408785408
1284562330408427520
1284562945737920514
1284564468740042758
1284566356852006913
1284567505680379905
1284569880105115648
1284573170322878466
1284573906620186624
1284576331880189952
1284576763805347844
1284577429802176512
1284579793451864067
1284581204692316161
1284584979620433922
1284588754460499968
1284592529380343815
1284596304228708352
1284600079098228738
1284603853913104386
1284607628899946496
1284609078191366144
1284619174547947529
1284629379428110337
1284639179343880192
1284642757735329792
1284649367870341121
1284653424726900736
1284663378372448257
1284669365737095179
1284671885075193856
1284682048217780226
1284684545263046657
1284686812389298177
1284699705314877440
1284708143935758336
1284714942713692166
1284716949163986944
1284729665601576962
1284732882192400384
1284734022480994304
1284735006900989952
1284735974631550982
1284737997527822337
1284740001041801216
1284741224486842372
1284743524370354176
1284746544130994176
1284747299005108227
1284748082253619204
1284748978446270465
1284749020645261315
1284750460398821376
1284751073954033664
1284751695575166976
1284752566153367552
1284752603360964613
1284754780649381888
1284754848785879046
1284756164807458817
1284757298922106880
1284758623806087170
1284760023806226433
1284760081641418753
1284761519616602112
1284762398717382657
1284763256570224641
1284764093774270465
1284764877958062081
1284766151650811904
1284766173637283840
1284768407854952449
1284771551976525825
1284772402325487616
1284773723279699969
1284775650549805057
1284776614065254400
1284777498190983168
1284780924178227201
1284781272993157120
1284784035458318337
1284784664788566017
1284785047757746178
1284787885539983361
1284787907153330176
1284788822698528768
1284791238160457730
1284792597697818625
1284792607353307136
1284793144006062082
1284796372613361664
1284798136431583237
1284800147436662784
1284801569737920512
1284803922213744641
1284804608502702082
1284805908372099077
1284806777821966337
1284806826920476673
1284807697074970629
1284808005477896192
1284809249982492673
1284810050633179136
1284811111431376901
1284811132314759170
1284811472074203137
1284813372366696448
1284813687937740800
1284814876989435904
1284815246889062400
1284816765940314113
1284818627200524289
1284819021796237320
1284820168296849408
1284822796804124672
1284823708234846208
1284825399390875650
1284826571665268738
1284829344607744000
1284830337567203328
1284830346274430977
1284832202870726656
1284834121299238912
1284835299005259777
1284837896118128644
1284841671046266880
1284845446226046976
1284849220843954176
1284852995704844290
1284856770586972162
1284860545674489856
1284861643047018501
1284864320271089666
1284866904558055424
1284868095232770048
1284870621554499585
1284871870009884672
1284873733379887104
1284875843207143425
1284877089578127361
1284879133005303808
1284881650162315264
1284883639394803713
1284885627054493699
1284886969537818625
1284886969537818625
1284888329172004864
1284892275521265669
1284894162467336193
1284896585831321601
1284899045559996416
1284901584971993088
1284903904988352517
1284906959817367553
1284910084712288258
1284913948639277058
1284914399132758016
1284915998848688129
1284917717502492675
1284918673111744514
1284919940802392065
1284922683008995330
1284923776174567428
1284925157065269249
1284926242228240384
1284927760524247041
1284931735411666947
1284934784540647426
1284936203259740160
1284939219014754307
1284941448660516864
1284943943575252993
1284948718488367106
1284949349856935936
1284950561075408896
1284952968366891014
1284955190760738827
1284956234307821573
1284956876401254400
1284959164083707906
1284963909225664518
1284966578837237760
1284967162659184641
1284971367809658881
1284976235945299972
1284987025419051008
1284992731539021826
1285002175140319233
1285004153123733504
1285016833721081858
1285019789359034371
1285031828395565056
1285041184847663107
1285047655970811905
1285058831454797831
1285066381172473856
1285077236706684930
1285079233686122496
1285090020580261888
1285095349095477248
1285095376614297602
1285096032607641601
1285100744165617664
1285100759890169861
1285106216960757760
1285106822165209088
1285106855916822529
1285108420702601216
1285108488302211073
1285110442096914432
1285112291160133633
1285112880984199169
1285114216878272512
1285116187295264768
1285117991777185793
1285119820711821312
1285120170734899201
1285121766503796736
1285123685561569282
1285125541360803840
1285128346662305792
1285128366060982275
1285128396197040128
1285131832896389121
1285135140847529985
1285135607702761473
1285137439540097030
1285139382819622912
1285140782232502274
1285142626858151937
1285143157651333123
1285145961107468289
1285146891962011648
1285149645878984706
1285151079580278786
1285151210689794049
1285154118068326401
1285154748522532865
1285154985618046981
1285158368592695297
1285158760432844800
1285160655075540994
1285162535503659013
1285164036204703744
1285166310079574021
1285166738653544448
1285170266763649024
1285170607290753024
1285173859902201858
1285176238387212295
1285177634704547840
1285179407817232384
1285181409741516805
1285181933060788224
1285182042762862592
1285183680886067205
1285185184468525056
1285185778423922689
1285188959627292677
1285192483140493312
1285192734521741312
1285194420447596544
1285196509063991299
1285197827044499457
1285198126689681408
1285200284072005635
1285204058890887168
1285211608592134147
1285213210015141889
1285214316497719297
1285214817234624514
1285215383553814529
1285217375575584770
1285217396941299713
1285219158406434818
1285221227385311232
1285222655231172614
1285222933409918977
1285225313765646343
1285226708044525568
1285228951359684609
1285230483572310016
1285234258139844608
1285238032879190016
1285241807606095873
1285242206778007552
1285243250673156105
1285243451513151490
1285243746129514498
1285245582605344768
1285245961401499654
1285246058071818241
1285246547630927874
1285246783938015232
1285247194661040130
1285247207894122496
1285247842995572737
1285248306264801280
1285249357453893632
1285253132184952837
1285256907314409473
1285260682020237317
1285263662840774663
1285264456923131904
1285268231763251201
1285270166931111936
1285271220192186369
1285272006645055488
1285272281288187904
1285275781501870082
1285279556417380354
1285281189771837443
1285283331282632705
1285285880039714819
1285286804694982664
1285287106382663680
1285288637874221059
1285290880971288582
1285292037823246339
1285294655869984771
1285295598074310663
1285298430688952321
1285302205785026562
1285303833137238016
1285305980574502918
1285309755364241408
1285313530401628171
1285317305065504771
1285321080056320001
1285324855035002881
1285328629618991105
1285332404471652353
1285333769055096834
1285335774020460544
1285348786458550272
1285360216163393536
1285364651883220997
1285367718481399808
1285379090359422979
1285390508374753280
1285394724719861761
1285406180848828416
1285409981693657088
1285412621697585153
1285416089275555841
1285416089275555841
1285424809384513536
1285433855466446849
1285435893889859586
1285441138766356480
1285443124714704896
1285458230521532417
1285459787057188866
1285460298359615489
1285463021641437186
1285463266911825920
1285465378680963072
1285466250446069760
1285467041567318017
1285470371349704704
1285470816918880263
1285474591511588876
1285474668921716736
1285475344359854087
1285476057282498561
1285477179665584128
1285478366460743680
1285481140284006400
1285482141149728768
1285483619339952130
1285484351887675392
1285485137870848000
1285485916568424449
1285488073359458305
1285489690901049347
1285491682620911616
1285492320373276673
1285493465846091776
1285493714312470530
1285497240706940930
1285498057031921664
1285498877852954624
1285501015752671232
1285502611932708865
1285503214159302657
1285503818654978049
1285504268791947264
1285504790550638592
1285505990125858816
1285508565575188482
1285511196427378688
1285511212864864258
1285511266229002241
1285512340318765057
1285514930901450752
1285516115297239041
1285516834901458944
1285519890061815808
1285520310419234816
1285523061958156289
1285523088768196613
1285523664994213890
1285523869013549056
1285527439800705025
1285530194648993792
1285531507814281216
1285532472810311681
1285534301212282880
1285535963209519104
1285536247717535744
1285540022675021828
1285540515019198465
1285541568489967622
1285542263809085440
1285543797548388352
1285544273870565379
1285544528674463744
1285544604004159488
1285545312023650304
1285546009532260352
1285547069055238144
1285550843924819971
1285552659714498560
1285554618999554048
1285557516529795075
1285558393629884419
1285562765684412416
1285562770965110784
1285562769115353094
1285562767618048001
1285562774756757506
1285562773016129537
1285562779357925377
1285562777105575937
1285562783141175296
1285562781316583424
1285562786555330562
1285562785024413696
1285565943356239872
1285568018198810624
1285569718313607168
1285573493086720000
1285574377334099969
1285574871637000194
1285577268060815361
1285581043001634817
1285583445226291200
1285584817896091648
1285588592807383042
1285591613079728128
1285593163936276481
1285594174285393921
1285595387756048386
1285596847688622080
1285599012213657600
1285599162508214273
1285601756806885377
1285602937499090944
1285604742778028035
1285606712708345856
1285610487174987777
1285614261918666757
1285614482283286538
1285618036989325313
1285621812030627840
1285623372513148928
1285623596610707457
1285624919750053889
1285625586874974209
1285627036225146880
1285633136181870592
1285636265950547968
1285636911550197760
1285640231417413633
1285640324925267972
1285640686105243648
1285643640044429313
1285643714812051462
1285644461079396353
1285644470093053953
1285648235776716802
1285649529153486850
1285652010847449088
1285655785767178240
1285659560510775297
1285663335216635904
1285665374147616769
1285667110362865666
1285670885052030978
1285674659854286854
1285678440159547392
1285682209693872128
1285683853915496448
1285685984500146176
1285686681069391872
1285687606324461574
1285689759248060416
1285693534272544768
1285696259123183618
1285707470703337474
1285711653129138177
1285722862599503873
1285727101086203904
1285734117045407744
1285738268877873154
1285744728508637184
1285749290455924738
1285756518017761282
1285767920447094785
1285771653914533890
1285783028632039424
1285786829577424897
1285798251518668800
1285801841234784256
1285810347379695617
1285819381373698049
1285819398641651713
1285819421940998144
1285819478610239490
1285822564879785985
1285822963682627584
1285826890092163072
1285827340036116481
1285831403964334081
1285831425644802050
1285831644893581312
1285834966044049410
1285835088933117952
1285835214070206464
1285837507234598913
1285837876090085376
1285838741127352321
1285842057777512450
1285842515766239232
1285843366945710080
1285845637326671872
1285848006902927360
1285850017971019777
1285850584692785153
1285851216338128896
1285852112237273088
1285853371967119360
1285855124452237319
1285855887941394438
1285856614113775616
1285856614113775616
1285859716585922561
1285861390096490496
1285862959219179520
1285866609983270912
1285866614576091142
1285867106861551616
1285867430686973952
1285868361822478337
1285870449969299459
1285873731995344898
1285874728016764928
1285876546490826752
1285878318462640128
1285880516365844480
1285881810573041664
1285884291117756416
1285884647226970113
1285885075767296000
1285885774592909313
1285888569484214279
1285891377243533312
1285892346119245825
1285892392948727808
1285896119311044609
1285898622454964225
1285900397480034304
1285902418123862017
1285904172022464512
1285907786371604482
1285909078905159680
1285911218797129732
1285912181519917061
1285913377148153858
1285914238360281089
1285916709182898176
1285918013661892608
1285921788355129344
1285922996771868673
1285925563438264320
1285929338043604994
1285933113013493760
1285936887820148738
1285936939863072769
1285939564192948227
1285944437474865156
1285945452744118272
1285948967537139717
1285952743803240448
1285956517649252352
1285960292321488896
1285961097670008834
1285963057756282880
1285964067341910018
1285964106865029120
1285965572518424577
1285967846892204032
1285971617412034560
1285972875241852928
1285975392226967559
1285979166366564354
1285982945518350336
1285983070924017664
1285983701424373764
1285986716474474497
1285989500154531840
1285990492115591169
1285994266146340864
1285998041267306499
1286000328140365826
1286001815880970240
1286008876010213384
1286008894960082945
1286009365569257473
1286013145320812544
1286015299926601728
1286015326958821377
1286016915299737600
1286020174613708810
1286020691683205120
1286023316453699584
1286024465273352193
1286027311112949760
1286028243917824001
1286032014903250946
1286035790208925697
1286039564235071488
1286043339394035715
1286047114372321280
1286050890441465857
1286054663830282246
