1268301434837073920
1268301437290897409
1268305210545504259
1268308989340680200
1268312759063711744
1268316533970911233
1268316571434397702
1268320308710211590
1268324083495813122
1268327858557956096
1268331633998004233
1268331633301770245
1268335953179009030
1268339186404405248
1268342957872164864
1268346733676965888
1268346780846088192
1268350508873519106
1268354105493336067
1268358066757566465
1268361838116421632
1268361875336638469
1268365610364387329
1268369382620741635
1268373161562845190
1268376932753735681
1268376932153847808
1268380711620349954
1268384482857541632
1268388259530506240
1268392033129041920
1268407131113320450
1268407195617673217
1268410905047506947
1268414713706287105
1268418456300539904
1268422229936594944
1268429811501993984
1268454401552809984
1268455622644817921
1268460572514881537
1268463064598396928
1268464886285303808
1268471021297979392
1268472618916753408
1268480764842254340
1268483212625543170
1268486402041413636
1268497696832225280
1268503369951465472
1268509558466580481
1268512878946070528
1268518959504121858
1268523433463369734
1268528123844362240
1268535355747315715
1268539988628602882
1268541795035742208
1268546840942780418
1268549673234677763
1268551373181894658
1268558474692251651
1268561934401638402
1268565710059552768
1268569470420897794
1268573229574209538
1268577195741634560
1268580810887659525
1268588451735179266
1268597313313832960
1268599666297405441
1268599670810513416
1268603450650230787
1268613819628244992
1268618791245643776
1268622297457283072
1268626650994016257
1268628530750947330
1268636425282637829
1268643708976668679
1268646204990259202
1268649709910048768
1268652505900204034
1268656277238022146
1268660053487255552
1268663822467960832
1268663828692316161
1268667602219433984
1268671377869017090
1268675152327462912
1268678923220647942
1268678944368349189
1268682699436429312
1268686476025397249
1268694022060736514
1268697858754121728
1268705346878689287
1268709147224281095
1268712896655220736
1268724268998758400
1268727998536187911
1268739320371806208
1268750647253401600
1268765745166589953
1268769517632540672
1268777094768742401
1268784618700001280
1268784618167078912
1268792211644329986
1268793620662046720
1268804299091476481
1268817916558000128
1268827555852943362
1268830908917993473
1268832420683538435
1268842391810818048
1268851280430223360
1268852628735303680
1268856339553386498
1268863889577476096
1268870078717743104
1268870082970689538
1268870080592576513
1268870087504781313
1268870085025792000
1268870089333510147
1268876717977931777
1268878360551309312
1268884034576359425
1268888138677719041
1268890318583336963
1268894117456642048
1268898484486316032
1268901638116241410
1268905438143275009
1268909217391562752
1268919100715212801
1268922473770295303
1268924491809329153
1268928422450991104
1268928422450991104
1268932631305105408
1268937016479285254
1268937160893304833
1268937401000484865
1268937738117681159
1268937920263737346
1268938128917757952
1268938291052716034
1268943202062606339
1268946961006235654
1268950712827834371
1268954486799810570
1268956214500773889
1268958262621339649
1268962036169314305
1268965871134916608
1268969585736167425
1268977135806550018
1268980042371084289
1268980914559778816
1268984715576475648
1268988486327193605
1268992235200184320
1268996573872246784
1269003437099945984
1269008672686039047
1269013654235746306
1269014915693543425
1269018767176208389
1269022461011603458
1269026590027141120
1269030014525288449
1269033900992540674
1269037562611544064
1269041356858634240
1269042711069327361
1269045111045984257
1269049033487720448
1269052660210110465
1269056566696841216
1269060214222921729
1269064058583515136
1269067764234440706
1269071548809445384
1269073196202053634
1269075285590319107
1269079059025272833
1269082838072205318
1269086649608175616
1269101706610008067
1269116809023758337
1269116828237864960
1269128131325149184
1269131906903392256
1269139478934929409
1269147005973983232
1269154554546778113
1269167593421778946
1269175612477976577
1269179320506949634
1269184754735144961
1269188540639969285
1269192337852424192
1269196078483755008
1269197964121198592
1269199854254714882
1269204817718718466
1269207218890723328
1269211177722286080
1269214953086558208
1269227186084630530
1269229532114018304
1269230914321756160
1269233609757597702
1269237640341139456
1269246584652431360
1269250989174992897
1269252706176241664
1269266974019915776
1269277879101202434
1269282640777162753
1269293034933571587
1269293815355052032
1269301294306648064
1269309658432446470
1269316530099101696
1269323097993347072
1269326967398109184
1269334092404973576
1269340287656169472
1269343755414405121
1269347379637112833
1269351010365059088
1269365387658919940
1269370983644827648
1269376283068284929
1269377274262020096
1269381050557489153
1269384638818127872
1269384825296781312
1269388598232653824
1269390880017965059
1269392375710994432
1269396147795345410
1269403456881790976
1269418797196357638
1269430121460613123
1269433914591973376
1269441445511016450
1269445223148634112
1269449047179431936
1269464095012450305
1269479220415266817
1269494294538186752
1269501854939000832
1269509394670092288
1269516980257804288
1269542530636484609
1269545435963756544
1269550759886098432
1269554694470459392
1269561444577787905
1269565088358424579
1269572635761016832
1269580681581117441
1269586288597925889
1269587626975264768
1269597535506751488
1269600237657751553
1269601744167809031
1269604296179380225
1269607598912913408
1269611270820462593
1269614055335104514
1269615920617586689
1269634503246516228
1269653208848359432
1269657674398019586
1269658107350835200
1269658424306020353
1269658975148158976
1269659478825279488
1269669874927898628
1269672362737381379
1269680980190789632
1269685707074830337
1269689722995171335
1269698664169177093
1269702788000493577
1269711923811102722
1269712273846738945
1269718393906749440
1269722148794482688
1269728708790714376
1269736499328802824
1269739661955653647
1269743450427179011
1269747218560548866
1269751046248644609
1269754767292719108
1269765844025970689
1269796309659156481
1269803871695769602
1269809653459927040
1269811404997120000
1269826485126234112
1269830257785417728
1269841636210683905
1269849132136529921
1269856681263091712
1269864267697786882
1269871780463869952
1269875557023584257
1269879351019016193
1269893042510663683
1269895430449610754
1269898994248974336
1269902020271628288
1269910850179076096
1269913327645470720
1269917935805640705
1269922552119508998
1269928653200244740
1269932074011688960
1269935953453486083
1269939729908281345
1269943522913931264
1269950610184470530
1269950614341107719
1269950612176805889
1269951722618789889
1269951720928542723
1269952100030713857
1269952571269136384
1269955279019540480
1269961620454768641
1269962397994885122
1269966177024999425
1269969976963870720
1269969976963870720
1269973702348697600
1269974895422844929
1269979579340423170
1269984509677768710
1269997934579507201
1269998783514976260
1270007751419330560
1270018127057879053
1270028902912741381
1270039256866701315
1270045171959451653
1270055297504219146
1270057371675566083
1270070599495319553
1270071168318541825
1270084114562023424
1270086424113668101
1270088406287212545
1270088945456603136
1270089130995847169
1270089409627590656
1270089741829103627
1270093126758215681
1270102049892507648
1270105824363511808
1270105824002744321
1270105925102243840
1270109600377974792
1270113379412250624
1270117185764163591
1270120926739419136
1270124699314466817
1270128242251501569
1270130191755628553
1270132257173504000
1270136022135975942
1270139799161143297
1270143573283962880
1270158728621408261
1270162449078108161
1270173822923276289
1270185097594052609
1270188872442339335
1270203973937618945
1270219069573279744
1270221414885457920
1270226665348771840
1270230395439796225
1270234169235234818
1270234229956280320
1270237945425989632
1270241768114708482
1270252808672088064
1270254035073929216
1270258339251998720
1270263397347741699
1270268164304179200
1270271949281910784
1270275711199215617
1270283271532957698
1270287027339251714
1270287063586344965
1270291217658662912
1270294559600279552
1270298362592604161
1270302125860495361
1270305891347243008
1270309680661872645
1270313482341289985
1270317216714522624
1270322561554042881
1270324768605179905
1270332317257605121
1270355787639066628
1270363271149891585
1270369085004623872
1270370133270241288
1270377373234577409
1270385867358703617
1270391556021915649
1270396527337517059
1270398945999622144
1270401812433178627
1270406446514081797
1270412428787023882
1270419493114781706
1270427606551277572
1270445336818069504
1270452849466650632
1270464437804285954
1270468226623946754
1270468763981434882
1270468977182072832
1270471988679790593
1270472738428370958
1270473012505182219
1270475844788670464
1270476600983851008
1270479541820153856
1270479554923188224
1270483333403860993
1270487088773959684
1270490952906543106
1270494640723107851
1270498473767567369
1270502192353550343
1270506018745745411
1270509746664194048
1270513533659340803
1270517302241476608
1270521148648951810
1270524852869500931
1270536213884264450
1270536227008196608
1270539956956659712
1270547508091957249
1270549094491185152
1270551259716694021
1270551955245588480
1270556323080556544
1270558839105036289
1270566409559592960
1270581489340682241
1270589027859734528
1270596556203462661
1270604118944616449
1270614624141029376
1270615867127185411
1270621048808116224
1270626791720435714
1270630550123024385
1270634306361151488
1270638172846907397
1270641891718107137
1270645658798690304
1270649404777803776
1270654144962080768
1270658009497305093
1270660744024072192
1270664528494239749
1270672068980457473
1270677057341620224
1270679631239184385
1270686143248465926
1270690928244723713
1270694587342954497
1270698478692208640
1270706042356355072
1270709167611711488
1270717573982609409
1270726610241515521
1270728672769605639
1270732489015918593
1270735687164268544
1270740468192677891
1270744495970070529
1270750600783945728
1270756538513108992
1270770202301673473
1270779823120683012
1270784581168508930
1270790531765985282
1270792854223368192
1270797312139431936
1270801731396481024
1270807964169928708
1270812862584434695
1270814367739756544
1270815818109108224
1270819866736500737
1270822327325003778
1270826888131477504
1270830603244634112
1270832902226542595
1270834440126726147
1270838149783015424
