1281086384372137985
1281086711985029120
1281087482067550208
1281087741112061955
1281089049432907776
1281092174449385472
1281093033941966850
1281095899385643008
1281097132598943750
1281102419884007426
1281113080328577025
1281113388941283335
1281115130709684224
1281115848858615808
1281115910133166080
1281120471015133185
1281122729551331328
1281131608163090432
1281134125806546946
1281135425353060352
1281138151612805121
1281142192321544192
1281146088821587970
1281150871011614727
1281165117149888512
1281165325875195904
1281165360004239363
1281168918565003264
1281174015164379136
1281182800104886273
1281182949052788742
1281188939181760512
1281198695774597121
1281201319487787009
1281202896038658049
1281214250653028364
1281222209814491136
1281223600792428546
1281225078005469191
1281236299702140928
1281237285103710209
1281238450725744640
1281242345040535558
1281244229981761536
1281250260984172544
1281250419956645890
1281255315845963781
1281259583894360064
1281261763493793792
1281264615041581058
1281270410806349825
1281281475883618305
1281283363983069184
1281293930995134466
1281302991002189825
1281303005497786369
1281351308734128129
1281358494990364672
1281447576416301056
1281448294154211328
1281448605178572800
1281448842043576325
1281449882168025088
1281450956551606272
1281451810398646272
1281456131311722496
1281463047056314368
1281465091834155008
1281472350882496512
1281472773039230977
1281472966006575106
1281478529578700800
1281479049177632769
1281485264326664193
1281487202745085954
1281487715591237634
1281488325770203136
1281491864181325825
1281491975271780355
1281494593670963201
1281494736059203585
1281497161138671616
1281497263852916736
1281501431418281987
1281501776718581760
1281513965084979200
1281514112116232192
1281517208649302017
1281519165812224002
1281526130491764736
1281526641668362242
1281530991824125952
1281535730968342530
1281536089992372225
1281539234873081857
1281548989230391299
1281549369905303552
1281550585653755905
1281551234651033600
1281552362461634566
1281555708069261313
1281556393984761857
1281557180458639360
1281559051835518977
1281564159122059265
1281567451512295424
1281572258838990848
1281582331912847360
1281583526899593217
1281584218506620930
1281587868092096512
1281589630316326920
1281605230900113414
1281610646405013504
1281612658299424768
1281621141841481730
1281621768868896768
1281622037912604673
1281624462371233802
1281648180925472770
1281652921604562945
1281653101749923840
1281658209145458689
1281660522878963713
1281660703535923201
1281665334357962754
1281669793246896129
1281685762757414912
1281706647681773568
1281864063908114432
1281874509772066816
1281888848788647936
1281890745197051904
1281907223380111361
1281912315877756930
1281912339701411840
1281921027644235789
1281927810333003777
1281927829182132227
1281938937309622274
1281938937309622274
1281968626510135297
1281970387245400066
1282003103617703936
1282041358778155008
1282077593743683585
1282079609983430656
1282222295801491456
1282231679898312705
1282240550293213184
1282253087151923200
1282260431751405568
1282266087518699520
1282273074017116163
1282277413456506881
1282289645406040065
1282291176725413888
1282299588284755970
1282299669465399299
1282310377896734720
1282314858625667072
1282314985377542144
1282326355464445952
1282392792803815424
1282393427053703173
1282397453308661760
1282399092102987778
1282525293740081153
1282541920833740801
1282542034570539011
1282544745932259329
1282550859100979202
1282558894896635904
1282567019301416961
1282571468627468289
1282585578395951104
1282594630475767809
1282596260806037505
1282615779683373056
1282620204191813639
1282625795740045313
1282634516847194115
1282638179594416129
1282645333433036800
1282645382422507527
1282659569806630913
1282666154922737664
1282670596162297858
1282673899419787264
1282677034976763910
1282678566682058752
1282681233328295936
1282682602592317441
1282696150001352704
1282696268368805888
1282699756393959424
1282700492305502208
1282701091617087488
1282708652349161472
1282709134740082688
1282714527679864839
1282715848113782785
1282717448731373568
1282723481415811074
1282723640317026304
1282731797739040768
1282733792067612672
1282744891584503808
1282746055877107712
1282746169953837057
1282747054138302465
1282754531638509569
1282763134420373505
1282764071201312775
1282767186885574658
1282771778335580164
1282772238090080258
1282772733068222466
1282772897828950017
1282773404882554882
1282826530704392192
1282879257144750080
1282900776734666753
1282901751549526016
1282903528919441408
1282903610918080512
1282911650497146880
1282920719404470272
1282921089283362816
1282925308409073664
1282927445079818241
1282931599693107201
1282939909976870914
1282945449796595712
1282949197730402306
1282949232983511041
1282952607112163329
1282958269493833728
1282963561178730497
1282964245378932736
1282966132341854218
1282972664106110976
1282989604031721472
1282995392662007808
1283004452543311872
1283004522869202945
1283006103005958145
1283011928168767488
1283022571990953987
1283024586208980992
1283028044589027332
1283038305895030785
1283055614185418759
1283055702697811972
1283055816229163009
1283055959460413440
1283056625935425536
1283056740817305600
1283057206842318851
1283057695319371778
1283058968483565568
1283061272674742274
1283067080548454405
1283071794287710208
1283073040679493634
1283075779388112896
1283076284160053259
1283076655938965505
1283076935254515713
1283077161843392514
1283077317959356416
1283080122367725568
1283085089019232263
1283086222190088193
1283087471568392192
1283094921541324801
1283107235036618752
1283107883123535872
1283108452252950528
1283111661767921665
1283114568525504519
1283114606022582272
1283114906699603970
1283115072542269442
1283116164835672069
1283116837702696964
1283122480991764480
1283123553320210432
1283124962434387971
1283127062128140294
1283132991414439937
1283172811247194112
1283190061467459584
1283262453644775424
1283276531129868288
1283282029795143685
1283291343607877633
1283294235383361536
1283297210772455424
1283300402276888577
1283306950235762690
1283315849236029440
1283323032862425092
1283323120183541761
1283323901221666819
1283326400016064514
1283328838160617472
1283331531839344641
1283333004052422656
1283336888695349248
1283346705665032192
1283348723238494208
1283352064551194624
1283358520071598080
1283359380965138438
1283360615709499394
1283361617955168256
1283391896111349762
1283395783807496192
1283400960694456320
1283412133833773057
1283414657336672257
1283420332859076608
1283421950837059585
1283422891426684928
1283426079907217408
1283438620637040645
1283438640211939330
1283438741609230336
1283438774085615616
1283439069574225920
1283443092150878208
1283448831003234305
1283448847407239168
1283453911366590464
1283453940894498824
1283470811899338758
1283474049503391744
1283517457253031936
