1281122171859816449
1281122171805458432
1281122171788701698
1281122171767660546
1281122171763523584
1281122171755139078
1281122171755036672
1281122171742564352
1281122171738378241
1281122171738349568
1281122171729960960
1281122171725778949
1281122171704803330
1281122177782370304
1281122177782341632
1281122177769709568
1281122177765584896
1281122177765564419
1281122177761382400
1281122177761378305
1281122177761280000
1281122177752928256
1281122177748815876
1281122177748779009
1281122177748742144
1281122177744543744
1281122177740398592
1281122177736232961
1281122177736216576
1281122177732038657
1281122177731964931
1281122177723629569
1281122177698476036
1281122177698365440
1281123427680686082
1281123427483598850
1281123427479322625
1281123427475218432
1281123427466858497
1281124693303582721
1281125947308232704
1281125947299766273
1281125947278843904
1281125947262078976
1281125951359909888
1281127204752183296
1281127209583947776
1281127209571418115
1281128461306920961
1281128461306863616
1281128461302665216
1281128461285933057
1281128461285851136
1281128461227212801
1281128461218832384
1281129719149277196
1281129724723560448
1281130978660974593
1281130987032924161
1281130987003445249
1281133494127779841
1281133494094233600
1281134755904397312
1281136013763645442
1281136013750996992
1281136013746806784
1281136013721710593
1281136013717442562
1281138531201679360
1281138531193229313
1281138531159683072
1281139787320242176
1281139791191564288
1281141047746269184
1281141047700094976
1281142303105654784
1281142303093067776
1281143562156081152
1281143562151907331
1281143562139246592
1281143565800914944
1281144822775066626
1281144822766714880
1281144826289848321
1281146085348708353
1281146081720631296
1281147337574883329
1281148593630371840
1281148593496358913
1281148593496350721
1281148593492168704
1281148593483677696
1281149853238730752
1281149857437290496
1281151112901529601
1281151112901525505
1281151112880455682
1281151112872067074
1281151116399566848
1281151116361838595
1281166210055327744
1281166209992589314
1281166209954787334
1281166209946435585
1281166209942241280
1281166209942159361
1281166209921232896
1281166209900298240
1281166219111026688
1281166219106750464
1281166219094233091
1281166219090046976
1281166219090018304
1281166219089981443
1281166219077451778
1281166219048103944
1281167480120115202
1281167480111738882
1281169988930473986
1281169993967771648
1281169993951064064
1281169993938472960
1281171243438350337
1281171243417382912
1281172503843438593
1281172507811287041
1281172507794563075
1281173763225255936
1281173763204186112
1281173768921141248
1281173768921124866
1281175025425375232
1281176277634945026
1281176277605650432
1281177795679453184
1281178021790199808
1281178237121507329
1281178383959941125
1281180312006000640
1281181766187958272
1281181966038110209
1281182120510197761
1281182831570563073
1281186849608916996
1281191885323874304
1281194396705267712
1281197163566043136
1281208249405112325
1281208525583273984
1281208858271199236
1281211526528016385
1281211591564943360
1281217060501098496
1281217967401951233
1281218087619092482
1281218087619092482
1281218221950013440
1281219817740152841
1281222341691944960
1281226629218525186
1281237942401368065
1281241220644298754
1281248010853330945
1281251027350704128
1281254055298453504
1281256817272721409
1281259832981495809
1281268148541575169
1281278208483213312
1281278208479039488
1281278208470659072
1281278208458010632
1281278208458010626
1281278208453853186
1281278208449667073
1281278208437104640
1281278208432918528
1281278208411930624
1281278214858563584
1281278214845890561
1281278214837547008
1281278214837542912
1281278214833405953
1281278214829150208
1281278214820827137
1281278214808244226
1281278214804049924
1281278214799790087
1281278214791467008
1281278214791446529
1281278214791446528
1281278214787289088
1281278214783074305
1281278214783066112
1281278214783057920
1281278214783021058
1281278214770475014
1281278214770393088
1281278214762004481
1281280717578780672
1281280717566197760
1281280722930671617
1281281980278202370
1281281980206845953
1281287008078508037
1281287008032342016
1281290793261694979
1281294559310462977
1281295816930537473
1281299589199474690
1281301613559324672
1281304322849083398
1281304351408033792
1281304472413765632
1281304889050705922
1281306430033866752
1281306576662519808
1281306877893193729
1281307645668884480
1281307788145278977
1281307826376314888
1281307974875611140
1281310423426510850
1281313182993256449
1281315948780236801
1281318724298031104
1281321492358352901
1281324257906130944
1281326778984865805
1281328530987667456
1281328530975072258
1281328530937323522
1281328530924679174
1281328530912149504
1281328535056023555
1281328535030902786
1281331809930956800
1281336080982302725
1281337340083032064
1281339856568889344
1281348664770867200
1281348664754135040
1281352439971614726
1281424161236291584
1281424161223647233
1281424161215217664
1281443037068099585
1281444294377840640
1281444294369464322
1281444301466198021
1281444301449449473
1281449327873884160
1281449327865597954
1281450590476947456
1281451843428786177
1281464434083405827
1281465618185715712
1281465767247196160
1281468217949650944
1281483302923317248
1281483302919176192
1281483302902403072
1281483302885642240
1281483302885634048
1281483302881427456
1281483302877171712
1281483302873030656
1281483302868836352
1281483310536036352
1281483310468825088
1281483310452166665
1281483310447964162
1281483310447951873
1281483310443778048
1281483310439571456
1281483310422786049
1281483310418583552
1281483310414336002
1281483310401753095
1281483310389178368
1281487082461036544
1281488333009555459
1281489593779605505
1281489593750228993
1281490858127364101
1281490858097946626
1281490858060197888
1281492107396554752
1281492107358875648
1281494631922966530
1281495881217449985
1281497141496745991
1281497147616231425
1281498415118135296
1281498415109746688
1281500918354149377
1281500922141712384
1281500922116558848
1281500922116481024
1281502176234397696
1281502182903349249
1281504700098117632
1281504700051927040
1281504704644751360
1281507210896519169
1281508465513504769
1281508470454394884
1281508470433484800
1281509723041406978
1281509723033014273
1281509722991058945
1281510985157812227
1281510985153622016
1281510994091573250
1281510994087424000
1281510994062323712
1281512243616714754
1281512243549671425
1281512243532902402
1281513498338615297
1281514765370773504
1281517275527483395
1281517275485556737
1281517275485478912
1281517283131699203
1281518534326198272
1281518534321934336
1281518534309433346
1281519797705101312
1281519801526083587
1281519801517711360
1281519801517707266
1281521051806072832
1281522308264398848
1281522311812661254
1281523567251935232
1281523571307819008
1281523571286827008
1281524829221527556
1281526083679145984
1281526083637174272
1281531136813019138
1281531938558410754
1281532114605932544
1281532265797951488
1281533641076744201
1281533973852835840
1281534117994270720
1281534269706457088
1281536171085041666
1281536477835464705
1281536628469772288
1281536763526369281
1281538671313924097
1281539359049687042
1281539359049687042
1281539503195410434
1281539637799014400
1281541188256968704
1281541637248876544
1281541787027374082
1281541937984569344
1281543719196532736
1281544238442962945
1281544509407604743
1281544885162651649
1281546231089635328
1281546613706698752
1281546763753738240
1281546899246526470
1281548741758070785
1281549289362202624
1281549442957664256
1281549574000312320
1281551251826716672
1281551539094589441
1281551691129782272
1281551828317020161
1281553776625713152
1281563846742859776
1281568929425629184
1281573917778477057
1281574281835618305
1281574426019061761
1281574565987090435
1281576435073900546
1281576618813775873
1281576762577690624
1281576917506887680
1281578944853151747
1281581465638244353
1281583980949778434
1281589019994882049
1281594046520098817
1281594360921038849
1281594535739559937
1281594701968281600
1281599077155823618
1281604110538743809
1281604879090409472
1281605038553563139
1281607895235403776
1281612909152534529
1281613635463389185
1281613815973634048
1281617947778265094
1281622988283150336
1281628006113513476
1281629780337659907
1281629916807811073
1281633043338461185
1281634298018385922
1281634297993101314
1281634297989013505
1281634297972174848
1281634297963851777
1281634297951260673
1281634297947009025
1281634297938673669
1281634297926082560
1281634297921888256
1281634297909256195
1281634297900826635
1281634301843591171
1281634301839380481
1281634301826797569
1281634301826732032
1281634301826695170
1281634301822603264
1281634301818351617
1281634301814153218
1281634301810024448
1281634301797453830
1281634301797441538
1281634301793247232
1281634301793177602
1281634301789057024
1281634301788983296
1281634301784752132
1281634301776461826
1281634301755502598
1281634301755502592
1281634301755482113
1281634301755437058
1281634301730316291
1281634301730271233
1281634301726134272
1281634301696712704
1281634301692518400
1281635557798535168
1281635557794250758
1281636812361011200
1281638070253752320
1281639331287924739
1281639331279646722
1281639331233501184
1281639337407504384
1281640588568338433
1281640588526444551
1281640599444164610
1281640599414804481
1281641845316091906
1281641845265772551
1281644364674940928
1281644364599566336
1281644364695916544
1281645622614007810
1281645622601420801
1281649402046627840
1281651915101626369
1281654433667923968
1281654433563267073
1281656945980702720
1281658202711625730
1281658206176018435
1281659464937099266
1281664512073043975
1281687144889819138
1281687144746987520
1281687144663257091
1281687144646545411
1281687149402783744
1281687149369348097
1281687149298036738
1281688402413445122
1281689659081457669
1281689659077206016
1281694698659295234
1281711051453673478
1281721125093945346
1281721125089796097
1281721125060464640
1281721125060435970
1281727414004002817
1281786550028767233
1281786549991100417
1281791585802428416
1281806684466417666
1281820523148828672
1281820523140386817
1281821783285551104
1281826812847325186
1281826812843171842
1281829336987959298
1281833105435906050
1281834362561089541
1281834362561011712
1281836879432880129
1281839398468964353
1281841914686377984
1281844438038446082
1281844438013284352
1281846948576845824
1281846948530720768
1281848206196912128
1281853246022320128
1281855756921438210
1281855756921438209
1281860788249079808
1281862046594871296
1281867082708197378
1281868339694964737
1281869598460203011
1281872119245283328
1281873372947914753
1281875890675290121
1281875896429948928
1281880923252953089
1281883435699765253
1281885953133600768
1281892246028197888
1281893504764055552
1281896020843134976
1281897276735139840
1281901056658739201
1281904828248141825
1281906085864132609
1281907346256650241
1281909863581470721
1281916152906752001
1281918667945648128
1281918668448858112
1281918674874650625
1281918674874576897
1281918674874576896
1281918674870382595
1281918674862059520
1281918674853597185
1281918674832678912
1281918674811736065
1281919927105073152
1281921184884502528
1281923700640505863
1281926220515614720
1281929993833058304
1281929993833058304
1281929997503037443
1281931255932686336
1281936293652504577
1281937544708608001
1281938802538422275
1281940059021770753
1281948870033969155
1281948874131804160
1281951389640544258
1281952643557003270
1281955158767947776
1281955158709108737
1281956425552539648
1281958935881228290
1281960193136431105
1281960193136431104
1281960192373141504
1281961457542995974
1281961457534611456
1281962713078472705
1281963976298037251
1281966484462460929
1281970261978419201
1281971520307367936
1281979068729131011
1281979073581977607
1281981588897771521
1281985360533295104
1281985360520773637
1281986615557214210
1281987876205600769
1281995426783285249
1281995426779062272
1281996682146852865
1281999199937191938
1282004232674189312
1282004232669925384
1282006750347038720
1282006750250643456
1282008007577088000
1282009265197264897
1282015559425626118
1282016823819538438
1282020593018253314
1282024366285389824
1282029401048317953
1282030656214663169
1282038208306515968
1282041983230451713
1282041983175925761
1282043238375985154
1282044500400111616
1282048274954956801
1282053307024932866
1282054567098748930
1282059598208413698
1282062112886599680
1282063374323515394
1282065897415475201
1282151451536560129
1282167815911477249
1282182911832334336
1282187944317591557
1282194234603384838
1282241304915783680
1282243191400472583
1282244572865875969
1282247088655433728
1282247913167638528
1282249615547473920
1282252627355619328
1282254367710752768
1282256652385878016
1282259415056474112
1282264967627059200
1282267972548075520
1282269010550312960
1282270243809722368
1282273066245029888
1282276025842503680
1282276419838648320
1282281825851912192
1282283465292079106
1282286087524823040
1282291387095027713
1282299932825866243
1282299932641308673
1282299932611956737
1282299932603551745
1282299932578394116
1282299932578394113
1282299932574179329
1282299932574134275
1282299932574130177
1282299932561608704
1282299932561506305
1282299932553236480
1282299932553117698
1282299937603096576
1282299937594773504
1282299937594716160
1282299937590583297
1282299937590575105
1282299937582088192
1282299937573806080
1282299937573736448
1282299937569624064
1282299937569550336
1282299937565351938
1282299937565347842
1282299937548644353
1282299937548632067
1282299937544384514
1282299937544339457
1282299937536057344
1282299937531867136
1282299937519280129
1282299937498312705
1282301189049155586
1282304966623997953
1282307744557662208
1282311006832787460
1282313776776253440
1282321331955040256
1282325097987166208
1282340210475499521
1282343989665038338
1282347751821512704
1282352781181976583
1282359085682352139
1282364116309618688
1282367892374401025
1282377961220579328
1282381730104709120
1282385502142947328
1282386309470916610
1282386528782753792
1282389278492889093
1282391798191656962
1282400597350797313
1282400597279485952
1282400597275279360
1282400597262639104
1282400597258502145
1282400597250113541
1282400597245911040
1282400597245857792
1282400597241724929
1282400597229043713
1282400597220757504
1282400597216579585
1282400597216460807
1282400602392330246
1282400602383953921
1282400602371350529
1282400602371350528
1282400602362982401
1282400602362871808
1282400602354520064
1282400602337824770
1282400602337746951
1282400602325123072
1282400602320973825
1282400602304253960
1282400602304253958
1282400602295853057
1282406890736177152
1282406890723581953
1282415696559955969
1282415696530612224
1282497484527460353
1282505034786316289
1282507547979780101
1282530199716999170
1282532717939363840
1282532717910003714
1282532722771099648
1282533972459888640
1282536493173669889
1282539006761279488
1282540266788925441
1282544042048475136
1282546564720922625
1282546564704153601
1282546564700012545
1282546564674785280
1282550341091971072
1282550510353080322
1282550653672464385
1282550800766599169
1282553526024118272
1282553667116294150
1282565441802641408
1282566237197938690
1282566387651813376
1282566524914540544
1282567957865013248
1282568033190510593
1282568033190510593
1282568172240084992
1282568435193524224
1282570477777584128
1282651008846397441
1282653090278146051
1282653238634872832
1282654773351780357
1282656929219858433
1282657146409308162
1282658552075739137
1282659421231996928
1282659555378421761
1282661074974777344
1282661590232436738
1282661741818712068
1282663584305156096
1282666101101547521
1282666255682621443
1282666547228610561
1282668624310927361
1282670088252911619
1282670439836377097
1282671132504666113
1282671931729367040
1282672090072653825
1282673649326215170
1282674585666826242
1282674735797669888
1282676170732052480
1282676924809191425
1282677083978817536
1282678689407401985
1282679176345063425
1282679327058997248
1282681203032645634
1282681654331543553
1282681809625665537
1282683722618359808
1282683782831771648
1282683909613006849
1282686235937579009
1282691290933735428
1282691367383248896
1282691560975609856
1282691735823486976
1282693800700321792
1282694041994514434
1282694245040693250
1282694388548763649
1282696306239119366
1282698830195171329
1282699048663896065
1282699205400825856
1282699352096595969
1282701340750360582
1282703855948627969
1282706376633061379
1282707026875998208
1282707169041887233
1282707317893599238
1282708900328939523
1282711441527771138
1282711580787068928
1282711723607236609
1282713923763019781
1282716441582743553
1282716970803175425
1282717122335039490
1282717277004103681
1282718943954829312
1282719423716036609
1282719583661690880
1282719898695864320
1282721518896717828
1282724023097602050
1282726502312935425
1282729024993857543
1282731539718197248
1282734047018520576
1282736561520599041
1282739086848139268
1282775566265942016
1282775566232555521
1282775566228258818
1282775566224171008
1282775566211584001
1282775566207397889
1282775566203199495
1282775566203138051
1282775566190612481
1282775566190546945
1282775566186426370
1282775566182219776
1282775566173822984
1282775566173822983
1282775566169640962
1282775566165463043
1282775566157053958
1282775566148669443
1282775571110518789
1282775571093762049
1282775571093688322
1282775571089575936
1282775571089502208
1282775571076911104
1282775571068526593
1282775571064393729
1282775571064381440
1282775571060203520
1282775571055992833
1282775571047612416
1282775571043426306
1282775571043409920
1282775571026640898
1282775571026583556
1282775571022393356
1282775571014078464
1282775571009867776
1282775571005669377
1282775571005616131
1282775570988900353
1282776822829273089
1282786890232496128
1282788149643665417
1282854838980812800
1282888821160411137
1282891329966669829
1282955519460806657
1282956123537117184
1282956310368129024
1282956486365384705
1282959286600073216
1282959610098462721
1282959783356768256
1282959957722312704
1282974385406607360
1282983195974283264
1282984520833208321
1282984683802972160
1282984869040132096
1283105247955750917
1283105835401588737
1283106012111740930
1283107763019808771
1283109058237669377
1283109206472691714
1283110287147773952
1283111595242131459
1283111735910694918
1283112786415976455
1283113232136314883
1283113378181984257
1283115315963068416
1283116276303396866
1283116457912655872
1283117834244104193
1283120636886491137
1283120771213164545
1283121598103457795
1283122745644023809
1283124090598031360
1283124614248509440
1283124978985181184
1283125112426897408
1283127144277848065
1283128416317972480
1283128621402652673
1283129650710032385
1283130255490899970
1283130426874376195
1283132174577926145
1283132204802023424
1283132406065778691
1283134693005766656
1283134837478641664
1283135000527994881
1283137204223725570
1283137732412407808
1283137873345163265
1283139713788981250
1283140566730117121
1283140696493490176
1283142989158678529
1283142989150392327
1283142989141901313
1283142989133619202
1283142989133553666
1283142989133553665
1283142989129408512
1283142989125242883
1283142989116825601
1283142989095763968
1283142989083181060
1283142991599800322
1283142991583076356
1283142991549530118
1283142991453073410
1283142996943351809
1283142996930834432
1283142996922437638
1283142996918259713
1283142996918243334
1283142996918181889
1283142996909858818
1283142996909850625
1283142996909842437
1283142996901462019
1283142996901404676
1283142996901400576
1283142996893065217
1283142996884688896
1283142996884676610
1283142996880494593
1283142996872101888
1283142996851073025
1283142996851073025
1283142996805013505
1283144245914763270
1283160603318788103
1283164379433902080
1283174443699896321
1283176964233273346
1283180740306509824
1283197095235682305
1283199610895437830
1283204644789989382
1283207159157854215
1283237357806903297
1283237357802721281
1283239879632130048
1283244910255263746
1283254976106692609
1283257492131192832
1283257497277603841
1283258749554249728
1283262523274387458
1283262523270148098
1283263792089112577
1283263792084811778
1283265039944867840
1283268565957840896
1283269267413241856
1283335504713388034
1283336892306591745
1283337042664062977
1283340555519483905
1283341447828250625
1283341595035799553
1283345575132499969
1283346245747200000
1283346396066787328
1283350607068311552
1283352062567342081
1283352219807551489
1283355652845428740
1283358162620383233
1283358701936685057
1283358846493380609
1283359110721867782
1283360684261212164
1283362125197565954
1283362276024692739
1283362412075286533
1283365715526000641
1283366526037430272
1283366674201300992
1283366832716611584
1283370755980496898
1283370917624717312
1283371099544260609
1283371247762640897
1283375777971687424
1283383332731072512
1283383383826071552
1283383552369885185
1283383717424242688
1283388366801838081
1283388534926249984
1283388731697909766
1283388918784839681
1283393443209916416
1283394337779396608
1283394503030734849
1283394658182352901
1283395909699633154
1283396117208731651
1283396274587406344
1283396498823303168
1283403466954674176
1283403670118375426
1283403818181459977
1283403944253886467
1283408505102381056
1283408779984416768
1283408951439237121
1283409126106836992
1283413530755178499
1283413724418777089
1283414179282550787
1283414324845981698
1283418568843984897
1283424526123118594
1283433373764026369
1283433578832027656
1283439948180459520
1283442852413026304
1283442971463974913
1283443143174750209
1283444988483973120
1283450518103351301
1283450686483595264
1283450790842175489
1283451275821158403
1283453800045514752
1283455811851882497
1283458575533256707
1283461603246178306
1283461922692780034
1283461966988742658
1283462077227638786
1283462245679337474
1283462316022009857
1283462358204112899
1283462434360041474
1283462629378449408
1283462767295574022
1283464359734378496
1283468483993501706
1283468634283794432
1283468806443204614
1283472162972737536
1283477188218630149
1283478052874395649
1283478093366206467
1283478213788917760
1283479967733616646
1283484748116041728
1283486687025336321
1283486734706257920
1283486861391007744
1283487264438394880
1283489850109419521
1283489986248138752
1283490193409028097
1283490780309598208
1283495563011522566
1283498841455697921
1283499341303418889
1283499471968645125
1283499678164811778
1283500347034447872
1283500346388762625
1283500346195750913
1283500346187358208
1283500346179031041
1283500346174824448
1283500346170658816
1283500346170638336
1283500346170580992
1283500346166386690
1283500346162253828
1283500346153762816
1283500346149613568
1283500346145472515
1283500346145419271
1283500346145419266
1283500346136985601
1283500346132889602
1283500346128703488
1283500346128699399
1283500346124443654
1283500346124402694
1283500346116124672
1283500346111922176
1283500346099277824
1283500346078355457
1283501599835463681
1283501599831330818
1283501599822942209
1283501599818752002
1283501599818690562
1283501599818682369
1283501599810355202
1283501599810355200
1283501599806062595
1283501599793590272
1283501599789375493
1283501599785132032
1283501599780986880
1283501599772549123
1283501599768416256
1283501599760044035
1283501599759970311
1283501599751643136
1283510408427507713
1283517958741012486
1283519214683402240
