1281090729264234497
1281096920883232768
1281122230022426629
1281125941993971718
1281130973934034945
1281136121469173761
1281141045317840896
1281141732663533568
1281146072124067842
1281151155020668929
1281154889041805313
1281158672983494656
1281162432401022976
1281166208071598080
1281167212313743366
1281171240263331845
1281176274204065798
1281181415850287104
1281186343029260288
1281191372003909633
1281196548441997314
1281201435166867464
1281206476942557186
1281211659785318400
1281216538431950849
1281221571810648067
1281226696813936646
1281227304665038848
1281231635590057988
1281235413672300550
1281239184913694721
1281242981329182722
1281246641241165824
1281246751387721731
1281250520326422532
1281254286291279874
1281258128097652745
1281258477868941312
1281261852492795905
1281265609955827719
1281269385664086019
1281273167940632578
1281276958610018304
1281280712243642368
1281284483434586112
1281288274175238145
1281292034087813122
1281298324927270913
1281298841543880705
1281298942228135936
1281303378254008323
1281308393513390086
1281313426720030723
1281453105519955968
1281460662057787394
1281468341329244160
1281469529005096961
1281484554461761536
1281486878332592128
1281489584447266816
1281494621693054979
1281498042756141056
1281499652626489345
1281504685615198208
1281509720776474629
1281514759003820033
1281519750305259522
1281521079404593152
1281523562042589184
1281524815833247745
1281529850977820672
1281533624995782657
1281538661352341504
1281543692759769089
1281548727451361280
1281553069193469952
1281553761282990080
1281559022798282753
1281563828845776897
1281568858172731393
1281572956846653441
1281578922988249088
1281583960615718913
1281589010180210690
1281594024151875586
1281597811503632385
1281601577485312000
1281605363406708736
1281609123822526465
1281612911153225728
1281620504563064834
1281620662042361856
1281622779918536705
1281624221223985155
1281628000451207168
1281628908417212417
1281629462866599936
1281635639369269252
1281635952000225280
1281639323570503681
1281643097848332289
1281643416573677569
1281646603082829825
1281646882117357568
1281650649705279488
1281654436796882946
1281690527394652161
1281690595849895936
1281690661759209472
1281690780286029825
1281690854562856961
1281691097677398016
1281691441916530689
1281823043124375552
1281845728491511809
1281860985691746304
1281862041813254144
1281865813289566208
1281872995506692096
1281873222212947969
1281877120998871040
1281877204117458952
1281883444323258368
1281892242278490112
1281911111969800193
1281926214903631873
1281926553283309568
1281931247858716673
1281936348748881923
1281936356281913344
1281942570009014272
1281947603584851968
1281952716076482560
1281967797711433728
1281971522291281921
1281982848589795328
1281986611023142914
1281990384919420930
1281998011661537280
1282001711750696960
1282005486074769408
1282009260789051392
1282013034354024453
1282016812239134721
1282023101216313345
1282185428582510596
1282192978572910592
1282205384476950529
1282206137828421632
1282209329219874818
1282224496297025536
1282228201641697280
1282234492548259840
1282234492548259840
1282239530167349249
1282245819874369537
1282248336968486912
1282249593854603264
1282254633558253569
1282258400613666818
1282263435225501696
1282273499562868738
1282278533134524416
1282288601842307073
1282293634856091648
1282298710584700929
1282298764179513344
1282304960156270592
1282309993795145728
1282315025508642823
1282318800394891265
1282322575994097667
1282326350519468033
1282330135333687298
1282333901302702081
1282337675102629888
1282341449611325441
1282345225151754240
1282349000159633409
1282352774110490628
1282353855779528704
1282356549499977728
1282360326042902528
1282364096315367424
1282367872057122816
1282371647408943105
1282375424606113792
1282379199513333761
1282540313479983105
1282547815735009282
1282571717957881856
1282575492718239744
1282580524989636609
1282585680904781824
1282590593424805888
1282595624546967552
1282600696223866881
1282604434875351040
1282608221388189697
1282611980382208000
1282615889582608384
1282620791822188544
1282625828547891200
1282630982148018177
1282635892767821824
1282640930923847680
1282646195308036096
1282651003469336577
1282656020649713665
1282661183452061701
1282666091131678723
1282671123159756802
1282671163005718530
1282676347194806272
1282681195944435712
1282684964908212225
1282688738292895745
1282692514030460928
1282696298773258242
1282700063807016960
1282707609565433858
1282711386766880768
1282715160533241861
1282718936065282051
1282722711454834689
1282725061133307906
1282726504368148480
1282730261919211521
1282734043809878019
1282737830532468737
1282741585684430849
1282747877652148226
1282752922166661120
1282757945634193409
1282762978941698048
1282768011456372737
1282773045564899328
1282778076171165698
1282783108979478540
1282788143167606787
1282902654180630528
1282910206805106690
1282919056748744705
1282934105085292545
1282937877941362688
1282942910942662656
1282944901005615104
1282947953859211265
1282952979931451392
1282958015566696448
1282963056927092739
1282966823848173569
1282970638433636353
1282970803852566529
1282971042781310976
1282974369296322560
1282975062836969472
1282975227442536448
1282978168886853632
1282983177624211458
1282984206818258944
1282988210902228992
1282993270772191237
1282998287230996480
1283003310115561473
1283008352004390915
1283013389267144707
1283018409773535232
1283023562794831872
1283028476874948609
1283033520504545283
1283038578537385985
1283043575522045952
1283046430362525697
1283047353679843328
1283051127714578435
1283051513418592259
1283051720944300032
1283054912369242115
1283058674911641607
1283062508698337289
1283066227984867339
1283069688076001281
1283070020994637824
1283073793347522561
1283077551179665410
1283081328271949824
1283085100465389568
1283088884373561345
1283092652603449352
1283096426311045120
1283100208822353922
1283103988846661635
1283110264125235201
1283115300301541385
1283125363145613314
1283130400215269376
1283135429496262656
1283140470491811840
1283145498908655619
1283272593353695233
1283280159404154881
1283296538576539648
1283300265379201024
1283305300032983040
1283310415561334784
1283315369541804032
1283320398394925058
1283325522836164608
1283329207083438081
1283332992149192705
1283336378953142273
1283336755907833857
1283340557922820097
1283343017445920771
1283345566894784514
1283350600722395136
1283353445962002434
1283355713075580929
1283360672340946945
1283365696458633216
1283370763698020357
1283375766542188545
1283380798515818496
1283390881161191425
1283395897624276993
1283397720645021701
1283401003774152705
1283405981783928833
1283409747862081536
1283413519879340033
1283417287920422918
1283418440158662656
1283421061909028864
1283424773960339456
1283424840196784133
1283428630467694592
1283432389847523336
1283436182685265920
1283439953481957384
1283443719031664642
1283444525957099526
1283447510485303296
1283451264450342912
1283455038870913024
1283458809667649543
1283462589255737347
1283466379480440832
1283472663760052224
1283474557286985729
1283477690608222208
1283482723638808577
1283487753771143170
