1280985310067859456
1280989462902824963
1280993521453993985
1280996310729048065
1280998813864538112
1281034925819527169
1281053569576288262
1281080900105756674
1281091105006682113
1281092204681932801
1281093336904982529
1281095997117075457
1281097137531609088
1281097139268042753
1281097281396244481
1281102605717049344
1281103311496785920
1281104052504453120
1281104825162350592
1281105561459871744
1281106322445029377
1281107340423581699
1281108083972935680
1281108854382755840
1281109597177118721
1281110359542312960
1281111105960644608
1281111867960758273
1281112617499742208
1281113398764339201
1281116071160885248
1281117924556750848
1281119477221011456
1281120160993116160
1281120927921700864
1281120952756117504
1281125315788619776
1281125499973050368
1281125860142125056
1281126211499044864
1281126951227449344
1281127721838444545
1281128500066504704
1281129245637476352
1281129984564834305
1281130746762211329
1281131489544097794
1281132246141997056
1281132998205878273
1281133754895998976
1281134511791771648
1281134955620446208
1281135265806012417
1281136066846691331
1281136749125816323
1281139106651811840
1281141444795928576
1281143581261082625
1281146080118398976
1281147027758481409
1281148586542104576
1281149860054433797
1281151121403363328
1281152382743859200
1281153647116722176
1281154894829887488
1281156164860948480
1281157408774066178
1281158690637320194
1281159937650053121
1281161188546666496
1281162441917939712
1281163707679150080
1281164954540879872
1281166219790475264
1281167479293841410
1281168725048283137
1281169995129597954
1281171262476292096
1281176303656472576
1281177920158019584
1281178948852998145
1281181279413776384
1281182645758701571
1281184822354948096
1281185829067644928
1281187049198977024
1281188114724261891
1281188867685658624
1281189529274200066
1281189727480303617
1281190558719979522
1281191394091118592
1281192664571031553
1281193911730475009
1281195157535236096
1281196420285038592
1281197685412896770
1281198944282980352
1281199515358412801
1281200203614375936
1281201459707641857
1281202728732102657
1281203481446174722
1281206491496751105
1281207752388415492
1281210265380495361
1281213428732960771
1281213521913675776
1281215125593219077
1281215666096308225
1281216678827823104
1281218158779600897
1281218190819942400
1281219321654640640
1281220474370957318
1281220875489067009
1281222339741581312
1281223084725452805
1281228371222036483
1281229377909424129
1281231907267674113
1281232563554717696
1281233271175680012
1281233381167169538
1281233507214393346
1281235284324122627
1281235942997667841
1281236677667819520
1281238203077480450
1281246539860582401
1281246550338023426
1281249945849298944
1281250554639982593
1281251499696422914
1281252041537597441
1281255966701477888
1281273786269122560
1281275286332588032
1281282081511833601
1281286996397297664
1281286996397297664
1281289281663893507
1281321135372668931
1281322295504637952
1281324166281601029
1281338963454763009
1281348394498379778
1281360569698787329
1281396092693774336
1281398737802350593
1281405413997633539
1281412454275264520
1281427270725521409
1281453202395860992
1281454246903394304
1281454685354958848
1281455818446176257
1281456580563787776
1281456963918999553
1281458036729675777
1281458468130562048
1281459011364298755
1281459609698476032
1281459986716033025
1281460968216760321
1281461932239785984
1281462882614607874
1281464739244265472
1281465457028083712
1281466193841459202
1281466963726934016
1281467715916529665
1281468228980670464
1281468968411320321
1281469713927802882
1281470485067444229
1281471230646910976
1281471993196556290
1281472744387944450
1281473501774389253
1281474245072216064
1281475017293930496
1281475764559458304
1281476527205617665
1281477270184644608
1281478038836961280
1281478778296971264
1281479542457196546
1281480800479870976
1281483059188113408
1281484634220646400
1281486819281043456
1281487337730564096
1281488432917893123
1281489382235688961
1281489953915011073
1281490328244101120
1281491282343403521
1281492245053689856
1281493193507385345
1281498963749875712
1281499682871574528
1281500421220179968
1281502191791017984
1281502781631868928
1281503442222161920
1281504709388500992
1281505974508040196
1281507218484076544
1281508030266454016
1281508474527125504
1281509734785396736
1281511018234077184
1281511067278082049
1281511073716277249
1281512259282403329
1281513523441471488
1281514776586268672
1281516028573384704
1281517299560849409
1281518557684260864
1281520198621827072
1281521085939318784
1281522557582225408
1281523575107784706
1281524841032699904
1281526089303588868
1281527343996186626
1281528613754544128
1281529880346333188
1281530367049191425
1281531140952784897
1281531880572178432
1281532380273139714
1281532884713639936
1281535401681989632
1281537917622550529
1281537922785779713
1281537944180994048
1281539188320546816
1281539812705669128
1281539929756114947
1281540176666341376
1281541321950474241
1281541828555276288
1281542816892702721
1281542954428051461
1281543727220232196
1281544980910223360
1281545121436180480
1281555052558274567
1281556310417453060
1281557565562933248
1281558811577323520
1281560073253400577
1281561019542835200
1281561333541019650
1281562592490774528
1281563258256793602
1281563645844037639
1281563846000422913
1281563844888989696
1281565233216212992
1281568937587740672
1281571088040964097
1281575386560770048
1281575711401181190
1281588609523634177
1281590543018074112
1281592275882082307
1281599580115734530
1281601451681251330
1281608808612139012
1281610642433155074
1281611663020625930
1281612054126825474
1281613342734524416
1281635394795298817
1281635881967915008
1281638153221218306
1281646103398498305
1281646101183987713
1281648763384332288
1281650928974626816
1281661581470969856
1281675967988146176
1281692286179577857
1281711613154865160
1281714142886473728
1281717612314058752
1281756241904140288
1281757818153033729
1281758599723864069
1281759402492596230
1281760219291430913
1281761054985355269
1281761888934731776
1281762690969612291
1281764307794108418
1281765146730409993
1281769024909647872
1281771035591925760
1281771282112098304
1281800956955500544
1281829883333804032
1281831089397542912
1281831693972901892
1281832301173841920
1281846548469633026
1281850690776764416
1281867508044242945
1281868089475334144
1281868668897558528
1281880304836317184
1281881475558801408
1281895381136220161
1281901433105911808
1281905045504700417
1281908313047932929
1281908946228453376
1281909576439222272
1281910191181697026
1281910798416322564
1281938686045822977
1281940475478446081
1281941673346502656
1281944137542111234
1281944164586881026
1281944163299340288
1281944201433878531
1281944198997053446
1281944223437197312
1281944227837083648
1281944229233807360
1281944256383520773
1281944254386970625
1281944315741249537
1281944318736052224
1281944352470765570
1281946198593736704
1281946198593736704
1281947498106556416
1281963962821758977
1281967021463425024
1281971686439620609
1281990047261241351
1281992822149742602
1282001095292747776
1282005227596664832
1282019364888354816
1282022690237407232
1282023117423075335
1282026914622976004
1282028731775811584
1282029355586269187
1282030661323431937
1282031823879536646
1282033089947095040
1282034470233812993
1282038217718538246
1282042043716558850
1282061169780457483
1282062765671276545
1282085312169205760
1282103586877591552
1282126417388539904
1282132749432872960
1282134683690639360
1282189206652096520
1282190478046371840
1282191724765499400
1282193001029218305
1282194259299512320
1282195498510749696
1282196753635323906
1282198026371694595
1282198049289318400
1282199275334701056
1282199579740577792
1282200551808270338
1282201802503598081
1282201875132157952
1282203048106954754
1282203368652505088
1282204321216704514
1282204486342238208
1282205569886162944
1282205603734138881
1282206832367415296
1282207117898854400
1282208110736822272
1282209350086471680
1282210602493054980
1282211853217804288
1282212416533798912
1282213127606743046
1282213167389646848
1282214373654659072
1282215646802173952
1282216909430239232
1282218155830661120
1282219983297220608
1282220669162401792
1282221046997889026
1282222479465947138
1282223941700943872
1282225189858803712
1282227921151827968
1282228712625385475
1282231075134230529
1282237898436284416
1282239553231781888
1282240778467774464
1282241047314272256
1282242053053788160
1282243327358902273
1282244585738194944
1282244910335299584
1282245229043687429
1282245768322134018
1282246863970861056
1282250132679987200
1282251380086972417
1282258414777884672
1282259664642756608
1282260954022125568
1282261784850726913
1282263445459603457
1282264720649715713
1282265968962678784
1282273791435997185
1282274777584078848
1282275502573707264
1282275900613185537
1282277165543886849
1282280838550487045
1282282331802423298
1282284841355051009
1282284989145444352
1282285367245377536
1282286140150755334
1282297862932639744
1282299581666140160
1282301057796841473
1282303922544271361
1282306246113206273
1282307623946199041
1282310015622230016
1282311262819557377
1282312521068818432
1282313787316592641
1282314483239714816
1282316320135094272
1282318716655599616
1282319304512479233
1282326185138180100
1282326703747072002
1282333033115328513
1282338675351867394
1282339882153791488
1282340472741126144
1282341055581556736
1282341637193191424
1282342227516297217
1282348876222136320
1282351896112635905
1282363923828809729
1282373963310669825
1282374235068010496
1282374533362733056
1282375099405008903
1282375647009148929
1282376205833052162
1282376730569834496
1282378407167262721
1282378741524635650
1282379504590225408
1282379515784761346
1282380097077600256
1282380705574670337
1282384791007100929
1282388170672414721
1282388548705038336
1282390082192801792
1282390819136299008
1282393649670762496
1282412001965281280
1282413604051001349
1282418762923282432
1282435794532290566
1282441556050546688
1282444483381133312
1282451308436426754
1282452457109454850
1282483006821871617
1282483610138877954
1282484223329345537
1282485427438592001
1282486049055408128
1282486663286005761
1282487303319977986
1282488557588946945
1282531864729858048
1282532748788469763
1282552344648048640
1282553111366828032
1282553857600618496
1282554615171616769
1282555397107118080
1282555599956389894
1282556137859158016
1282556734771466245
1282556882591391744
1282557647670181888
1282558249594695680
1282558385242746880
1282559151042895872
1282559920232112129
1282560128433172480
1282560504280551424
1282560651697758211
1282561252586336256
1282561416441077761
1282562158342164481
1282563188568010754
1282563922407628801
1282564657857912838
1282564693639532544
1282565454452711425
1282566192209833986
1282568638214688771
1282569480653217792
1282569959604989957
1282570227637788674
1282570969807282176
1282571469512421378
1282571740355469312
1282572500170412032
1282573129760546816
1282573374179414016
1282573374179414016
1282577948084711424
1282578021975810048
1282580956201852928
1282585327933300738
1282586340169854980
1282588700225011712
1282589170783916034
1282589347703853057
1282590614014566406
1282591861446770688
1282593141145718784
1282594383905337345
1282594915608924161
1282595270472224769
1282595641827430400
1282596894481559553
1282598161979191296
1282599411663634432
1282599412687142912
1282600568645713921
1282600670009401348
1282601931156922368
1282603187854364676
1282604461563748354
1282606965496176642
1282609420401246216
1282610733616955395
1282610788738437122
1282612001865433088
1282613262937468928
1282614219461066752
1282614518321950720
1282615776046915585
1282617041883668480
1282618275948638209
1282622347388825602
1282622495762329600
1282623643449790466
1282624510051651585
1282625528961409024
1282627044225036288
1282627115859546112
1282631588090646528
1282632897560809472
1282634405052329984
1282635905572970498
1282637423776796672
1282638917544685570
1282646101204643841
1282646617175339009
1282647634277289985
1282652264369393664
1282653534719270912
1282654790003163137
1282656048470470659
1282657322398089216
1282658411105202180
1282658548137238529
1282660918304935938
1282661956965605378
1282662679782600705
1282663607906566145
1282670170121609221
1282670432441827328
1282671391230382080
1282673151898419200
1282675262631665664
1282676170388049920
1282677197212397572
1282681090273140739
1282682962585309192
1282686450060992512
1282687018120740866
1282687538000474114
1282688000074317828
1282689020972216327
1282689257891651585
1282694681193840643
1282694808730050561
1282697321973780488
1282698095499804672
1282720400867307520
1282738628481908738
1282740600471781376
1282755982108565511
1282756711850356740
1282761235914797057
1282783516091207687
1282798349293359105
1282809603898724354
1282843865049976833
1282844774588981249
1282902687323914242
1282906444401188864
1282907698544222208
1282908952108441600
1282910217072775168
1282911471043780608
1282913986288197633
1282915246156533766
1282915749963669504
1282916512874070016
1282917693448953856
1282917803788566528
1282918272279732224
1282920277027049472
1282921098993184768
1282921548224122881
1282922157362876416
1282922809333817344
1282924063254556678
1282925319603793920
1282927910740004864
1282929805453910016
1282929804518535168
1282930936745689088
1282931288857600000
1282932422519271429
1282932886568603649
1282934342981910529
1282934619965403136
1282935384754794496
1282936877809639434
1282939155702517760
1282940768831799296
1282941125515501570
1282941677947301888
1282943664541642752
1282944149474476034
1282945444834947073
1282946694808838144
1282950916988182530
1282951716166610946
1282952315461349381
1282952487901827072
1282952841611677698
1282952995664203776
1282953622150696960
1282954243050266625
1282955101133508609
1282955518793981953
1282956764187688960
1282967934005137408
1282968732499877888
1282969617355493376
1282970862958903296
1282971389755101185
1282972291408646144
1282973624282959873
1282974526461153281
1282976805029208064
1282977716929798144
1282978217884712963
1282979313252433922
1282979433687678976
1282980115568381952
1282981442847473670
1282981993865793537
1282982912082804736
1282983815686782976
1282984747254329345
1282985702788075521
1282992897458085888
1282998451865825280
1283000056686223361
1283000478696079360
1283002062679216129
1283003336749461505
1283003860827680769
1283004330317164544
1283005080443256833
1283006708495921152
1283007746053271555
1283008377484959744
1283009022870917122
1283010368416223232
1283010695425134592
1283011049554415616
1283011612132216832
1283012645503852547
1283016354589794305
1283017452121731087
1283018615638425601
1283019362836844545
1283020143128449025
1283022002908008449
1283023200281034752
1283024727100055558
1283025999303708673
1283028438878687236
1283033361695543303
1283033385913528321
1283037333605031937
1283038264899842049
1283039219510910977
1283039836337733639
1283040456427831297
1283041203370561537
1283044859142721536
1283044859142721536
1283049995952955396
1283050667683319810
1283051497811476481
1283052648283938820
1283053585509617664
1283056186821091328
1283056807288745993
1283057453844893703
1283060552735117312
1283060955933487106
1283062461889904643
1283062848298647552
1283067376842477569
1283068127157399553
1283069275448774656
1283070138154197000
1283070414923730947
1283070923063603206
1283071706463121415
1283072466366144512
1283073245135200257
1283073801530544128
1283074742363316224
1283075313115815938
1283076335125114880
1283089314675662854
1283096101785153544
1283096112958758917
1283099866298753025
1283100680862019584
1283110289651773441
1283111535737483272
1283112795345768449
1283113484432048135
1283114079733899264
1283115316608892929
1283116570739449861
1283117841449975808
1283119104589733889
1283120356669173761
1283121599567233024
1283122872442130435
1283124129596674048
1283125374906503169
1283126643939311618
1283127897881026561
1283132964063371266
1283133941524893697
1283162672532541441
1283220860522946560
1283226535604957185
1283227365322235909
1283228194439606272
1283229061603643393
1283229922824257536
1283230799085674496
1283231727117307904
1283232659699896323
1283233498451648515
1283259968272162816
1283261789954871296
1283263044685049856
1283263785613000704
1283265056260722688
1283265800430919680
1283266566734348291
1283267307708600321
1283268074834141185
1283268462048092165
1283268782148980736
1283269843341512704
1283270323463495681
1283270661725655041
1283270708408221696
1283272214004019200
1283272626966847488
1283273095881674753
1283274117672828928
1283276368382435329
1283277130332332032
1283277890461806594
1283282677857161216
1283283667129950208
1283296524357832705
1283297265793335296
1283298520305467393
1283299521074733057
1283300547903270914
1283303555684851712
1283303982547394561
1283305072374554626
1283306073710047233
1283306235002007553
1283308342333636609
1283308502023315462
1283309224374734848
1283309633147478018
1283313370045784064
1283315786292092928
1283316453270315008
1283316646623543296
1283317198782697472
1283317944873869312
1283318419274764289
1283318713077374976
1283318718546796544
1283319102606630918
1283320252433137664
1283321411579326472
1283321708137664512
1283322606532399105
1283326794431692802
1283328245337935872
1283329325631254528
1283334210732908544
1283334758462902274
1283340318616752128
1283346369424625665
1283347320944439296
1283347447796895744
1283348282580905988
1283348950527991810
1283350119195320320
1283350658901520384
1283351882786906114
1283352378109054978
1283353172447289345
1283358026238439425
1283358919059025922
1283364214124535808
1283365006231441408
1283366381367566337
1283367485031538688
1283369035812544515
1283373515601784837
1283374261982449664
1283377634374815744
1283378295376171008
1283379553642205186
1283380693498834944
1283380812893880321
1283382020299796480
1283382228068818944
1283382801262419969
1283383335813812227
1283383349684375558
1283384596009308160
1283385632723742720
1283385849799938050
1283386001826746369
1283386752158367744
1283387115473186816
1283388381913915397
1283392084226068484
1283396689215270912
1283397727729192965
1283398433655721984
1283399688327180288
1283400972153257990
1283402212631285765
1283403474538049542
1283404027619926016
1283404720997097474
1283405993561542657
1283407169837301764
1283407233909432321
1283408524496732160
1283409755134976002
1283411028194275330
1283412277262274562
1283412454660243457
1283413550707412993
1283413553240854530
1283415767753666565
1283417314688466945
1283418567434735617
1283419836132077569
1283421078652624897
1283421898219585538
1283424086039891974
1283427183457972229
1283427370825854976
1283440058767466498
1283466116090728448
1283467643572420609
1283468404398186496
1283471800526086144
1283474812124442626
1283479385761288192
1283481633392336899
1283491569115574273
1283492213939413004
1283492804744957952
1283494075757363200
1283494861656793088
1283495347025850370
1283496585901613059
1283508844493254656
