1357295933764042755
1357295931868250117
1357313215374512129
1357320886496481285
1357320888417480713
1357322027351351299
1357348213804568587
1357348858741870593
1357350076033638406
1357350625076477954
1357350766852399108
1357350764755222531
1357376862897524737
1357378255892971521
1357384874882121731
1357384878506061824
1357384877075804160
1357392069271183361
1357411458624200709
1357411460582944774
1357421968782426112
1357422163716890625
1357422417396830212
1357423277648601092
1357424350425669632
1357443049442443265
1357443047039066112
1357443050855874568
1357683634610831361
1357683638251454465
1357683636821188608
1357684910488756227
1357699017417908225
1357699167917924352
1357699310469718021
1357699827598045184
1357743307154223105
1357743309251371009
1357751856320159747
1357770007204278278
1357773503836131331
1357804418675208200
1357804422152286210
1357804420495519748
1357827757116452868
1358045488239509507
1358105648530132992
1358105645849972742
1358135927848198148
1358135924928962561
1358165807075844098
1358165811408625665
1358165809437298689
1358405229713240065
1358405234259804162
1358405232619909121
1358466288184614912
1358466285298974722
1358498001178787848
1358498004836245507
1358739925529673731
1358770101030445060
1358770106453606404
1358770105052708865
1358770103668641795
1358778744039694338
1358779674067894273
1358779796776452097
1358780317797130241
1358801010819551235
1358801014225309699
1358801012916690944
1358845582920531972
1358845584896065536
1358853634633699330
1358863608743145473
1358863611947606017
1358876494488088579
1358876497684140039
1358876501274468352
1358906195604606978
1358906197571735557
1358920523095429130
1358920525041590273
1359102462725140486
1359102466143506433
1359102464767762433
1359132738410991616
1359163804416954370
1359163802357481486
1359194116182183940
1359194114043097089
1359194121055928321
1359194119495647235
1359209384715386885
1359218322458480647
1359223901683875841
1359223904598900740
1359232213032853508
1359242383649624075
1359242829520846851
1359253169105231873
1359253173677006851
1359253172292902913
1359260280677670917
1359284140164542464
1359284143302070273
1359284144728133637
1359495636022870018
1359495640183635971
1359495638560440331
1359521035331260417
1359524096141361154
1359524651785945089
1359525504236326918
1359525875314790403
1359526074317737986
1359526076360388610
1359535013419696133
1359535405381672960
1359555444512067586
1359555443232808969
1359555441366364160
1359586191969034242
1359586189989322758
1359586193495703552
1359620547894779905
1359620546678427650
1359620544770043906
