1357101615954731009
1357103195416330240
1357103211107258369
1357104243300323332
1357105008341319680
1357105043200212993
1357105077534793730
1357105077534793730
1357105843934818304
1357106941508608006
1357107430434500608
1357108365495779328
1357108902119297024
1357109110152384512
1357111077444665353
1357113339650965504
1357114455251902469
1357114489603260424
1357117506679373826
1357118541808480256
1357118972479627264
1357118980427821056
1357120434471202816
1357123517901385728
1357131102440349700
1357133249340915714
1357135815625826306
1357137216955375617
1357141526997053446
1357145382472605698
1357147169162227714
1357269554242740224
1357269598270324736
1357269684685578240
1357269764884807683
1357269929557438465
1357270068439232512
1357270126899458048
1357270483478142977
1357270655759249409
1357270779029835779
1357270853529042946
1357270984328425474
1357271259428642816
1357271384402059265
1357271455671672832
1357271616384811009
1357271734332882944
1357271865346191361
1357272071647223808
1357272165738024961
1357272195110699011
1357272274861187073
1357272351788916736
1357272364921282562
1357272372886319106
1357272431946326017
1357284386106925056
1357284460589441024
1357284494634586114
1357284589966946305
1357296504822771713
1357296948336877569
1357296995749285888
1357297060601552897
1357301235901210624
1357301711795335175
1357303454201446400
1357306555524349959
1357308365727277058
1357308429723971584
1357311231485489154
1357311762215895042
1357312841301315585
1357315662218199041
1357317388421787655
1357318782818074639
1357319335908360192
1357319372889595905
1357319957399404547
1357321167049281539
1357323333369536513
1357325851025670153
1357326261081812993
1357328404060733449
1357328491574939651
1357330119174553603
1357330369247379459
1357331216878469121
1357331654797320192
1357331828080803841
1357334834960625664
1357337474343780352
1357338169906237441
1357338390144770049
1357340526719037441
1357343505236914179
1357344231044489226
1357344259335094276
1357345334809092101
1357346516260638721
1357347416693903360
1357348155864481793
1357351120860033029
1357351795027283969
1357353251570675714
1357356344517476354
1357356952410587138
1357358092187561984
1357359432024399874
1357359686845157376
1357359934334259204
1357360386463440899
1357364742420103168
1357365608975921152
1357365935515070464
1357368596004036615
1357368705294999552
1357369137908109313
1357372378377056259
1357374144476774400
1357374189989199872
1357374588808790020
1357374735697539079
1357375711921725443
1357377269916983299
1357380290558255107
1357380619379089408
1357381740973740035
1357382137939431429
1357383440635691010
1357385910468423682
1357386724201103360
1357388776100741122
1357389772948443137
1357390587482300421
1357392343494754306
1357394206168342528
1357395668525076482
1357395695062384640
1357395702385676296
1357396125267992576
1357396144104562688
1357398335204831232
1357400166194696195
1357403529917460480
1357403556685352960
1357403969497280519
1357404149739098112
1357404527088046087
1357407086079057922
1357407719997775872
1357410115725320194
1357410135384104961
1357411099377881089
1357413848895127556
1357414874209423362
1357415231614509057
1357415262212005888
1357417628231471104
1357418236342640640
1357418652442779654
1357421302282412034
1357421331227136000
1357421787194286088
1357422424153878531
1357424198789038081
1357424232498671618
1357424724285005824
1357424740303048706
1357425295565987871
1357426199698440193
1357426613680488451
1357429973838135300
1357431019226423298
1357431640075759616
1357432329447354369
1357434460384489476
1357434846356848642
1357434895593836551
1357434947104047116
1357437523539070976
1357438711412248576
1357439544723963906
1357440206534811649
1357440601332006914
1357440795054280704
1357442000920973320
1357442172430262278
1357443139615735808
1357443173237293057
1357443236265082881
1357443753884188674
1357444378416005120
1357444435659927554
1357445073315782658
1357445588049100800
1357445901179060226
1357446776681332737
1357448853646172170
1357452495560318978
1357452622920249345
1357453891089149959
1357456176024346624
1357456223038296070
1357456239140167681
1357458501359071233
1357458501359071233
1357458532321402880
1357461773209722883
1357461798400753666
1357461858807128067
1357461888460857351
1357462172159344649
1357463222484402176
1357465285188603909
1357466258204221448
1357466812024242179
1357468379137912834
1357468882810920962
1357471125341679619
1357472810923401216
1357473807787843587
1357476140311605248
1357481938848784385
1357482059581825024
1357482097527713793
1357484172542099456
1357484191819194371
1357484268566544387
1357486802093961219
1357487816863854593
1357488172272345093
1357489920521236486
1357490168069033987
1357495075077554181
1357496796755410944
1357497921550376960
1357498420429271045
1357503664454307843
1357507343102148608
1357509249996382209
1357513020931530755
1357514376438288386
1357520846424784896
1357630922380738566
1357631143143755776
1357631366595239937
1357631486413971456
1357631573139595264
1357631662516023297
1357631726508474369
1357631825938690048
1357631901725556736
1357631965017612288
1357632238477844481
1357632476399759361
1357632679903170562
1357632745934094336
1357632876314058753
1357633016785477633
1357633128635002881
1357633260147376133
1357633325335216128
1357633354783408128
1357633437016948736
1357633536971440128
1357633630865158144
1357633639052423168
1357633652222492676
1357633670253846528
1357639028166848512
1357644468351041536
1357645481439076353
1357651731304308737
1357652699894976512
1357653069002141697
1357654845126291463
1357655466252398594
1357659803414323201
1357659857793544193
1357663218253062145
1357663364080693258
1357668177329725441
1357669795299213315
1357670239849353217
1357674229525798913
1357676449218625537
1357678226194202629
1357680410365427713
1357680438970638336
1357683001405157377
1357684720549658624
1357685415814328322
1357686125834473472
1357686227198234625
1357687847839543296
1357689537359667200
1357691016892067840
1357691044339609600
1357691748542255111
1357694256077504516
1357696063130505217
1357696323219292160
1357697310772363264
1357699175798956033
1357699925631397890
1357700395280326663
1357703160568111105
1357703503104344066
1357704454351519745
1357704598090371079
1357706170274881539
1357708604493676546
1357708978210406404
1357710043597201409
1357711441541926913
1357712407594991620
1357713956740214791
1357714945480265729
1357715382853902342
1357717296949710852
1357718169406832642
1357718529462718464
1357719302934249474
1357719769957494786
1357719912018501632
1357720829451268097
1357722049091952640
1357724725640888320
1357726887884320771
1357732148929851392
1357732198753968129
1357732326982225921
1357732802578546688
1357732901664735232
1357733636859191296
1357735038016749571
1357741229585420291
1357743325768482821
1357743887998156802
1357746874443321352
1357746985470730246
1357751193603350532
1357751201895510016
1357752565660864514
1357753296560279559
1357753580695015427
1357756651441426435
1357756988504080386
1357757919937331201
1357758390055825410
1357759311737479174
1357760409135157248
1357760446351212547
1357762271099965445
1357762725397606400
1357762947028762629
1357765941413748738
1357767072713965572
1357767090111971335
1357767481394425858
1357769712449576967
1357770613830660102
1357771170557345793
1357771891394703370
1357771912001257484
1357773753904734210
1357774102065532933
1357777285118574599
1357777723662426112
1357784914024947714
1357784931146022917
1357787552506380290
1357791434045325318
1357792361665859584
1357792447322091521
1357792474564067329
1357795427274399747
1357796146383626242
1357797105306374144
1357799851992489991
1357801129225162754
1357801151614312452
1357806377125740546
1357806890487537665
1357810743383633921
1357811242379792386
1357811726717190147
1357812554786086912
1357813049370025984
1357813924025016324
1357813943549452288
1357817899239489538
1357817978767704067
1357821407313481732
1357821738046943238
1357822642422771712
1357824795887427585
1357824830901526531
1357826336270635008
1357827947923714048
1357828837074231297
1357828857982812162
1357828897933508615
1357830554683637760
1357831308546871298
1357831308546871298
1357831350900899841
1357832486982664194
1357833481628360707
1357833498657251328
1357835740797931520
1357837166097928194
1357837385531330567
1357839501876482048
1357843122970124289
1357846596919132160
1357846630104498181
1357846653361917955
1357846686584954883
1357846701692829697
1357853231569895425
1357858346414579712
1357863550962847746
1357863991511506944
1357867548512038917
1357867961311236097
1357870126578753544
1357993955938488326
1357994112692219905
1357994165557223424
1357994202483810306
1357994225628041216
1357994282678972418
1357994327222419456
1357994360936296451
1357994808904720385
1357994876298739718
1357994947341930496
1357994979252133888
1357995048521109504
1357995073628160001
1357995108533211142
1357995151025700865
1357995544648515585
1357995678933413891
1357999367542702083
1357999375595806720
1357999391014019072
1357999391756476416
1358002882239422470
1358018350119542787
1358023550427426817
1358034858711351296
1358043072337227778
1358043085746429952
1358045233368297473
1358048459371270144
1358048788821196801
1358051504796692481
1358052423282098177
1358052895497814021
1358052922425282561
1358053947357990912
1358057808135127042
1358059457306112000
1358060095960137728
1358069485257768967
1358071717671878658
1358073200622632962
1358074666439606283
1358075479388004352
1358077801941893126
1358077828143738880
1358081732361281545
1358083034377953284
1358083257456349184
1358084705162199040
1358086100535959558
1358090586604122117
1358091408620609539
1358093847574818820
1358096156321005568
1358098168437764101
1358102456480260099
1358106092098752516
1358106122264190978
1358109797820878849
1358115436844511234
1358117826674974721
1358119343817707522
1358123995967725574
1358137693406973952
1358141055410012164
1358142432207069188
1358148562660581376
1358159472124960789
1358160426056450048
1358163925112619010
1358166074991071234
1358167970661466112
1358175692500971521
1358175881454366723
1358175948869423105
1358180840426115075
1358181173457870848
1358185496833359872
1358186233588043776
1358189887699189760
1358191712913543168
1358191849010266115
1358194196088242178
1358194257484521472
1358195808768827392
1358198124460802050
1358206635940921346
1358211372702519298
1358212587855446018
1358212702703915008
1358214683426246657
1358214703542136834
1358221099075588098
1358222697193295875
1358234022602698753
1358234649303142401
1358359776279883787
1358359797645668352
1358359822685638656
1358359852964335616
1358360299980652544
1358360368654020617
1358360398882344960
1358360440091336705
1358360552838483968
1358360588569747456
1358360620354174977
1358360705368522752
1358360738662916096
1358361243053133825
1358362669305135107
1358363796616736771
1358363812844474368
1358363862035226626
1358363899771445252
1358363940636545024
1358364305947824129
1358364334825562112
1358364347504988160
1358364374130425857
1358364399044616192
1358364438135508995
1358364478090452992
1358364510827008009
1358364551172022274
1358364558826569728
1358364880554844161
1358364920404996097
1358375137263910913
1358377428159258624
1358382329115402245
1358408779998576640
1358412520344682503
1358413132927008773
1358415493825241090
1358416940432314375
1358421534516404224
1358423237298974724
1358424141024681987
1358432294218915841
1358444261079932935
1358444726257676289
1358445930245206016
1358452682965602305
1358466882332934151
1358467240786599936
1358470783421530112
1358480921113096192
1358480950368362508
1358488176206217216
1358489421327314946
1358491801926180864
1358496467665698826
1358497413158338561
1358497566325952512
1358519509733302274
1358523533329129479
1358525035103870976
1358529126215352320
1358529909262610434
1358536546698350592
1358536820196339723
1358542931649568768
1358542992576049152
1358543562649047061
1358546270038720513
1358555206875820035
1358558662315315200
1358563366185402373
1358565969409544204
1358569740558626816
1358582097439514624
1358587971205804034
1358587993087475712
1358588860050022401
1358718734966398976
1358719007021481986
1358719007021481986
1358719211892310017
1358719513240481793
1358719762818334728
1358719824789204995
1358720043249508352
1358720067891064832
1358720226695741444
1358720301513789441
1358720408569204738
1358720426617303041
1358720567248117763
1358720654044971008
1358720676992057344
1358720704519233538
1358720799490867200
1358720815068549124
1358720882781347841
1358720939433820165
1358721021193441281
1358722150014865410
1358728340606230535
1358731199557095424
1358732782420303874
1358732867988320256
1358738944381304834
1358739160178323457
1358741484296695812
1358746771183308804
1358747252777504768
1358750789087420419
1358753566958223361
1358756590040530945
1358758281183961095
1358758372577787905
1358759274156085248
1358760947175870469
1358760999508148226
1358761045515513857
1358761368078471174
1358766100004147206
1358766147684999177
1358766191909744643
1358766230832885765
1358768249727516674
1358771669930815488
1358774694434979841
1358776480680079363
1358778932502347776
1358780448550367236
1358781122847645698
1358783110750629889
1358787006625701888
1358788192674197505
1358789627595927558
1358790597771993091
1358793045064433666
1358793590965698564
1358793630060797960
1358794599670681600
1358794618545053701
1358794650618916871
1358801943876030464
1358804369731371009
1358806443693133824
1358806455596498945
1358807529845841922
1358808313572560902
1358808353884033029
1358809787228684289
1358813986427387906
1358814128043921411
1358822838581493762
1358822866960199682
1358822886413398020
1358823006366269453
1358823024112328705
1358823477139152896
1358823916454690818
1358825541575581699
1358825588769832961
1358827025977475080
1358829040614965251
1358831196457885697
1358831212895297536
1358833035920171010
1358835271245176834
1358836647501197312
1358837660052320264
1358841242000490499
1358841776526663680
1358843170918965251
1358846007035969540
1358846990419955727
1358849893935235073
1358851206253338631
1358854618353176576
1358857413231845382
1358857952225071106
1358859187913113601
1358860537560498177
1358860652228579331
1358860920181706755
1358861996792373249
1358863270921330693
1358864011740262404
1358864264707121159
1358864295547781120
1358864425718079490
1358865018792660994
1358870086208147463
1358873324495994887
1358873982959841281
1358874595214917632
1358878888638693378
1358881008964284423
1358884472322748420
1358884938397941764
1358885352304435202
1358886435785424898
1358887166735245320
1358889308481019906
1358891378588188677
1358891424486481921
1358891584016760834
1358892337804550149
1358892353109557250
1358893513828667393
1358893534334640131
1358895073145073670
1358895907803189255
1358896035578445825
1358896510776262666
1358896519861198848
1358898784525246465
1358901241259192329
1358902062336126978
1358902174395359235
1358904897958248448
1358906048774615041
1358906086607228931
1358908281478148096
1358908321076563968
1358908351179091968
1358909724507340801
1358910583370842113
1358913502396755971
1358913999937695747
1358914798780620800
1358915345441034240
1358915368010584066
1358916129331286018
1358916645205508097
1358917609547300867
1358918536119390216
1358919448585986050
1358920198112370688
1358923564095782914
1358925057041530882
1358926188090183684
1358928602889347074
1358928650398298116
1358928721399468033
1358930165238296581
1358932373367386112
1358933597697290240
1358935927742226433
1358936149675286528
1358936825319022592
1358939923361988616
1358942650053906436
1358949135123152896
1358949205142892544
1358950463174037504
1358950505083506691
1358954613286858752
1358957488410869762
1358980320079536128
1359080391982936064
1359080571327111168
1359080747521503233
1359080806690525184
1359080898549997573
1359080927884894208
1359081030360190977
1359081330617839620
1359081357662687238
1359081661695197184
1359081837382029314
1359082041460068352
1359082118576558082
1359082181096783879
1359082240664297475
1359082305009160194
1359082371463733249
1359082386378653696
1359082458575233026
1359082525180776449
1359082599197659137
1359082672266637313
1359082672266637313
1359082688452448258
1359082694920003594
1359082701240811525
1359082773311598592
1359083062349488128
1359087581477093376
1359093103681024000
1359095217215971328
1359095285025296390
1359097722603732994
1359109412179369985
1359111192351027200
1359113452497874945
1359113492784181249
1359114136035196928
1359120153632456704
1359120164860616705
1359121429971816448
1359122947227717637
1359123507788058628
1359125043654049794
1359125231508586496
1359125504947871747
1359131448658296833
1359132578977054724
1359133772155924481
1359135326103609344
1359137093398708225
1359138896999759872
1359142812592312322
1359143926414868481
1359144078718476296
1359145624210391042
1359146141397450754
1359147126803095553
1359147742057164804
1359149484278747139
1359152705541931010
1359153640154542090
1359154502700515332
1359158212705067008
1359158256850067462
1359158300659617801
1359158320175669255
1359159272085594125
1359165422990487565
1359168283337973760
1359169992944672776
1359170007029198861
1359170260658761741
1359170310789074944
1359171313085128704
1359171519981752323
1359171530350034952
1359172892102172674
1359174810283220995
1359175052055429124
1359176855123812354
1359177892664664073
1359179066826493952
1359181103756701698
1359181333747138564
1359183929467670529
1359184543501217796
1359187720132780037
1359188679806353411
1359188758965411841
1359191116617314306
1359191202399141890
1359191482377338886
1359192114568048645
1359192721857142786
1359193244765143040
1359193398197039106
1359200396028358656
1359203258741514240
1359205056504074240
1359207318731243520
1359209544522600458
1359209567113068547
1359209583437299714
1359211671726784512
1359212522860077059
1359213033613099011
1359214004758077440
1359215655229259777
1359216030166450176
1359216334933000199
1359217138662334464
1359219573757800457
1359220462442733568
1359220858783416334
1359222056735416324
1359223961649893379
1359224588299882496
1359226074954149891
1359227612195942404
1359229151513882630
1359230401789714434
1359231891744956421
1359231914725498881
1359234605476364295
1359236747415212032
1359236765656170498
1359236800431198219
1359240200644423682
1359240626307489796
1359241899148783621
1359244762486890498
1359245390218842113
1359245512336146442
1359245693802737668
1359246349523431428
1359249554940567564
1359249586515308546
1359249644665061378
1359249713879539719
1359250580582064128
1359252608897200128
1359253121134919683
1359255560932233217
1359255906547097614
1359255952021741569
1359256476674625537
1359257700085997569
1359258771743203332
1359258948306616320
1359258962999316482
1359260310029422596
1359260337388867586
1359261666140160008
1359262523220975618
1359262544846876674
1359263402405875713
1359263710813028352
1359264415665815553
1359265227062325252
1359265738763231232
1359267113991622660
1359267125639184387
1359268883471990786
1359270121957699584
1359272015031652357
1359272112502964230
1359275185489252352
1359277060347281408
1359278085393244162
1359278109246259202
1359278135062241286
1359280032313716745
1359280050202361856
1359280066258227203
1359281240973672453
1359282722733232128
1359284969676435458
1359284985853796356
1359285027411001348
1359287003041435651
1359287043482869761
1359287066941665280
1359288022907424771
1359289342540283905
1359294464876023808
1359294476737511425
1359296233983115268
1359297825562120194
1359298914344726529
1359298943964831749
1359300091224477699
1359300986272178180
1359301669583003649
1359302525338472452
1359308892837191683
1359308908490326017
1359312190499602437
1359312206391898113
1359312253720408070
1359313322013843456
1359314791337197572
1359319243859369988
1359319297944924162
1359323593671389184
1359443501486858245
1359443583397474308
1359443654272778240
1359443796757512192
1359443975388737537
1359444161745874954
1359444352045625344
1359444405690785794
1359444559344922653
1359444644938022912
1359444758771494912
1359444855034888193
1359445048555941889
1359445227396878338
1359445252378083328
1359445341154783233
1359445433576226817
1359445433576226817
1359445515121938433
1359445619723616259
1359445730998554627
1359445836447547398
1359445911701700610
1359445933889642505
1359445988587544578
1359446083693391872
1359446187787644933
1359446195626721282
1359446206133501955
1359446234927427588
1359446349087932416
1359446377269460995
1359450265334804482
1359453595758903296
1359457978525638659
1359458253151875073
1359458676176748546
1359458924236267527
1359468089474224128
1359470988447125504
1359471051596529666
1359471926440321025
1359473701192949760
1359473776824573952
1359475229475676162
1359475304050360323
1359476689093484545
1359480163025707013
1359483141157756928
1359483887127306248
1359484605393477636
1359484693729665031
1359485962108211208
1359487372329705479
1359489697777672193
1359490185646526464
1359490912901070852
1359493669762531333
1359494295443619841
1359494714639192067
1359496074596134916
1359496440612073478
1359497186648727553
1359497256366407681
1359498940454961152
1359501683710177287
1359503155592069123
1359503238521847811
1359503502519791620
1359504749566042112
1359505284079697921
1359506224216240134
1359506587887493125
1359507476488613890
1359507522139418627
1359507558050979841
1359509513133555715
1359510061110988801
1359510571465465856
1359510583461244929
1359510924642705408
1359511793652146185
1359512467274166279
1359512507593932800
1359514018596200464
1359514539067379713
1359516407671754753
1359517717901045765
1359519374399447045
1359527687140835329
1359528631056424964
1359528659925803010
1359528856693145601
1359529103020470274
1359534233929269259
1359535488978280452
1359536494881472513
1359537722638147589
1359539496769978368
1359539537547055106
1359540440106733573
1359540958669512709
1359541199670046720
1359541278913011713
1359541673764732930
1359542111973040136
1359546005155418115
1359546296890232834
1359547283273113600
1359547789156433925
1359549685959163906
1359551624348319748
1359552014955479043
1359555388698411009
1359557259186089986
1359559854436794369
1359565114010177540
1359565126672728074
1359565351260979200
1359567694736023554
1359567725232857092
1359569207382392838
1359570430655410181
1359570446065283073
1359570882969149446
1359571768487383041
1359576622165336064
1359578277011144704
1359579935749402626
1359581296046006278
1359581348319625217
1359582652337172482
1359585254005219328
1359585338142953476
1359589201885483008
1359593125841362953
1359593153368645641
1359596751989182471
1359597557467480075
1359599380102344707
1359600172527976450
1359600527818956802
1359600527760384001
1359601044087595009
1359602348167995400
1359602385597906945
1359604760219971590
1359606649422573568
1359607453189611524
1359607777912569856
1359608764891029507
1359610381061259265
1359611454463344644
1359611479012630530
1359613731899121672
1359613772390883328
1359614838717239298
1359617138613514246
1359617798507479041
1359619143687888897
1359620308114829317
1359621667941732354
1359621688640561153
1359621704616710149
1359623596465872897
1359623607069114377
1359625831384035330
1359628757179449345
1359629964472164356
1359630848237178880
1359635541927612425
1359636515593273346
1359637916142682113
