1260798263159951361
1260801801940598784
1260801835327197184
1260803562298318849
1260803583508918272
1260808335609065472
1260813730348019712
1260819396081016832
1260838581704232960
1260843681206026240
1260856196237492230
1260859848398442498
1260859941470048257
1260860476533215236
1260860666736373760
1260861630352678913
1260861723248136192
1260863965690769408
1260865709187317760
1260867428608888833
1260867544631652352
1260868598572167169
1260872757761409024
1260873505878372352
1260874721454850048
1260874927936278528
1260875391192817665
1260881173028278272
1260886337634177025
1260887162901475328
1260888097245413378
1260906200109133825
1260907743323414528
1260911685587677186
1260912245724393472
1260912481842671616
1260912632388878337
1260914199699521543
1260915634453590017
1260919504470790144
1260924838744428544
1260931760298135553
1260933662033338370
1260945347943129088
1260945847233269762
1260946063579590657
1260946591466356744
1260946876280516609
1260947175456071683
1260948613838110723
1260948698789543938
1260948888657297408
1260949057406672896
1260949843956174848
1260949978282954753
1260951071247253504
1260952083848728576
1260963118865428481
1260963486101843969
1260965649351872512
1260971647336452096
1260981671303753728
1260985021495750658
1260985056186839041
1260985056186839041
1260985080044027906
1260990144468803584
1261004361251119104
1261015559040270338
1261015699327119360
1261021744959066112
1261023575391289344
1261035445707632640
1261039597854711808
1261041234182696961
1261043133996871680
1261059351814406145
1261061499646164992
1261096092541706240
1261103024623108096
1261124275517321216
1261159867810754560
1261159990498336773
1261164540198297607
1261164675280113664
1261165285995880448
1261165467806437381
1261167389292539906
1261169883758411777
1261169979006889990
1261170254216155140
1261170689710710790
1261173737883176960
1261178303685300225
1261178421767438336
1261181658587451392
1261181987429191680
1261191360771735552
1261198506603274240
1261199431409577984
1261201689975107584
1261202418416488448
1261203162444312579
1261203272431476736
1261204847065468928
1261206319412834304
1261207041374392320
1261208618331930626
1261216083559800832
1261217867179208704
1261222088100192259
1261222498517110785
1261225399876534272
1261232111735865346
1261236335681114112
1261236397601624064
1261244569665953792
1261251621012402176
1261253768663846912
1261255448495370240
1261255572701282305
1261257793249542144
1261259810848161794
1261262987509338113
1261263272562606081
1261267570533023744
1261268353324396545
1261281885004673025
1261285041637916672
1261286346095685633
1261288108890320898
1261289997484781568
1261293548965638144
1261294781038133249
1261301067217637381
1261302827726462977
1261317502904209408
1261321483604934658
1261322962277449728
1261323465283362829
1261324603584110594
1261330166594363392
1261338440018259970
1261344755775967237
1261345110068826113
1261350897256284168
1261366012928122880
1261367576824737792
1261367883759710213
1261369082579947521
1261372820854104064
1261384549117775872
1261392649631617025
1261394562104176640
1261402108726636544
1261406385960448000
1261417207856156675
1261527935439134720
1261538381437100034
1261565067251740673
1261576258158133251
1261576404682125312
1261576552497721348
1261580778108043265
1261581437641412609
1261596584661397504
1261596811590086656
1261613641897357318
1261616620616790016
1261616859146792964
1261616923869151232
1261622813519048705
1261645934091538433
1261708630300082177
1261725123712741377
1261764997408907269
1261770539120553985
1261908333130182656
1261916886725525506
1261916918413438976
1261918917125197824
1261923329839181830
1261934003822702593
1261934835037343747
1261935572261765121
1261937638954528768
1261938967919943680
1261939371114221568
1261939396992921600
1261941158281752576
1261943180548878336
1261944614371680261
1261947694664253440
1261952358184976384
1261956145809207299
1261963664338432000
1261970830042583041
1261971535205675008
1261975501985452034
1261982037973614592
1262007721345404928
1262016120149573633
1262016506562514944
1262016572215955456
1262016708912525312
1262021168414015488
1262024749858861057
1262045734750179329
1262073028914982913
1262088135355199488
1262096183213715456
1262113800280399872
1262195838979198978
1262249274194243584
1262250103470989318
1262250202225836032
1262253683989000192
1262254826886488064
1262257357280563200
1262257799557533697
1262258725374644225
1262258874222075904
1262279274247012359
1262292349490618368
1262299341202567168
1262299897732218880
1262299991802028032
1262300056662802432
1262300157087027201
1262300341237952512
1262300451661373440
1262300835142393856
1262300967816568833
1262301182699147265
1262301549402996737
1262302357024620547
1262302453694947329
1262309087561179137
1262312748085583875
1262312905686597632
1262314762462826497
1262316258646560768
1262318016752087042
1262318363252011008
1262318403173453824
1262318895949545472
1262319837700861954
1262325703250456577
1262327740470091778
1262334901715681282
1262336138951503874
1262336361505456129
1262340539770449923
1262341956014952448
1262347550994190338
1262358662334406656
1262360659913834497
1262364850640035842
1262368391274389505
1262368565509926914
1262371132537294848
1262372355420106753
1262373257786691584
1262374624479903748
1262374624479903748
1262380561315831810
1262384425557516289
1262391449045344260
1262393973882093579
1262394143927648264
1262396525281456128
1262398706206281733
1262402606854520833
1262403458029588480
1262405525553270786
1262405798224957443
1262410251287969793
1262414122521628674
1262419139106426881
1262420090882076672
1262420853448478720
1262420904535040001
1262425038407548929
1262431930118811653
1262432019495215104
1262434288970022912
1262439945970409486
1262440299428753412
1262440467934990342
1262446367621828609
1262447869178654720
1262461859975835649
1262464747040944131
1262468886819008514
1262473385940078592
1262477695939534848
1262479708920229889
1262606167148093440
1262610952756908033
1262611578693828613
1262611842423304193
1262619481886646277
1262619620994879489
1262621818231369728
1262623529301762048
1262623814434861058
1262624524849291271
1262624690721472515
1262627866254159872
1262637384765714432
1262637452927401985
1262637645592702976
1262640541646413824
1262648344544980998
1262648434902867968
1262648607863451652
1262651400225505280
1262653306708656128
1262655251074576385
1262657688556785664
1262658382382669825
1262660626633175040
1262664173802131457
1262665316301262849
1262667532173008896
1262667655221317633
1262668104196411392
1262669335610355713
1262674091720441856
1262677293912260610
1262679637521502208
1262680413954244609
1262680607450181633
1262682158080102401
1262682236241031168
1262694126144937985
1262695422440734720
1262697616560840704
1262697716762718209
1262701216309665794
1262701314422771712
1262701453199761408
1262703947028008960
1262710959107432448
1262712241524072449
1262714939699052545
1262720423210385410
1262720556308353025
1262721714456276993
1262722378590814208
1262726071281205248
1262728225437872128
1262732126698397696
1262732898383388672
1262752838397997059
1262752940692959232
1262753020116262913
1262753077112696836
1262753173514547200
1262757678117347331
1262759676820652034
1262768295209340929
1262768440282095617
1262769054907076613
1262770803311095810
1262781832124194816
1262788821055406082
1262796319485288448
1262796374069989380
1262798545779929089
1262803096792518656
1262812027593953281
1262819955285753858
1262836671105708041
1262836781453578240
1262858959813132288
1262939490227679232
1262965293069955072
1262975867661271046
1262976080987721729
1262979295095463937
1262985173370638336
1262992175383687168
1262992233495756801
1262992347450744833
1262999668918751233
1262999725990699008
1263007227130118149
1263017335188869120
1263024005969256448
1263030727945465856
1263032212729081857
1263043391593594881
1263048032486113280
1263048433469919237
1263048703042093056
1263054391847895041
1263061764033384448
1263064310630068224
1263074385377800193
1263074739502878722
1263076643175723013
1263082320405225477
1263083829956313090
1263083920217772035
1263095270037811202
1263097406976974850
1263099357772931074
1263103045782495235
1263105222605332480
1263106087017828353
1263108101550440450
1263108107812601856
1263119808226365440
1263119848118398976
1263120335735607298
1263120749239373824
1263121278732513281
1263122557483573249
1263123238684708865
1263123312668008449
1263123778000781313
1263123893923053570
1263123990501101569
1263124101406896128
1263124183224995840
1263124263273402368
1263124408266379269
1263124576877400065
1263124730195968004
1263124861980999680
1263125211324571651
1263125361807642626
1263125488240857091
1263125583271165954
1263125783503089666
1263125885915463686
1263130874364690435
1263131206952108032
1263136163927220229
1263136620099878916
1263136896974274560
1263140478406594560
1263141721912815624
1263141793115312130
1263141876116467724
1263142192476012544
1263145051401719809
1263148834106019840
1263155977471299586
1263158571065159680
1263160320903663616
1263163857612095491
1263176183283355649
1263186707605852160
1263188548016111618
1263190125862883328
1263190792400756737
1263190982138515456
1263191174023700482
1263191702644367360
1263193052727750656
1263198569147686912
