1293668631340081152
1293673399223541760
1293673635761270789
1293675907270545409
1293682849070055424
1293683286338875394
1293683633601961986
1293684160855449601
1293685002031570953
1293685593071853568
1293686839598080000
1293687348715282432
1293689754379329536
1293690009841737728
1293691513902452737
1293694733844275200
1293695304307367939
1293695609887588352
1293695796123021314
1293696043436011520
1293696647705362432
1293696647705362432
1293699034566152192
1293700296502280192
1293701551068856321
1293701550972575758
1293706174160752641
1293709131409494021
1293710549394612225
1293711617138593792
1293712453486993409
1293712717564579841
1293712996699705344
1293713881974616064
1293714156990926859
1293715161082191872
1293716436792348674
1293719184803794944
1293720026197954560
1293720556647395328
1293721708889767936
1293722466934829056
1293724247127457798
1293724889086603266
1293725302691172353
1293725740417134592
1293725969564536833
1293726757510688768
1293729280179023873
1293732268549316609
1293732883283111936
1293735634050396160
1293736665031352326
1293736791816712197
1293739500431122442
1293740583152828417
1293741753812516865
1293742361156169728
1293743573196771330
1293744121065148416
1293744122721787904
1293744237456920576
1293745605798514688
1293746220578398208
1293746855797374981
1293746991156137987
1293747897570213890
1293748119411265539
1293748809219153924
1293748956938133506
1293751905450065933
1293752175127146496
1293753524858298369
1293754292701204485
1293755681401647105
1293756038731243520
1293756179596943360
1293759468656889856
1293762240500371458
1293762264424742913
1293765778119032833
1293774580469964800
1293779468511850496
1293781863463636995
1293789658485272576
1293797207930478592
1293802493386862592
1293805764671426562
1293810803100078081
1293812543639695360
1293815566592090112
1293819649772130305
1293823108734951425
1293826895507750912
1293834706358763521
1293838468163031040
1293841748876308480
1293845772400758785
1293848538913411077
1293852313510187010
1293855575709822976
1293858604936822787
1293861869418094593
1293864930177941504
1293868680657412096
1293872455925342208
1293876238763925506
1293880027973652482
1293883784086138880
1293887555302293504
1293891326241579010
1293892559660625920
1293895150289248256
1293897607098568709
1293900143738183680
1293902656491192320
1293905179306340353
1293910258134351877
1293912714893377537
1293918884823797760
1293920277613744128
1293922758603284480
1293925319519416320
1293926568000184320
1293927791772278785
1293930337593065474
1293932853391220738
1293935369780629504
1293939722096529409
1293940068000858117
1293940218454827008
1293940444901126149
1293942901051883520
1293945541697699841
1293947949702156288
1293950459816947712
1293952987484901382
1293955538418573313
1293958020557307904
1293963405213171712
1293965559873380352
1293968087130177536
1293970622184402950
1293973104654516225
1293975622247645185
1293978176578879490
1293980667433439239
1293983185513205763
1293985726313439233
1293988216064872455
1293990972758659073
1293996181320806401
1293997819532054528
1293998807533920257
1294008693818896390
1294011134303969280
1294012384613289989
1294016144064512004
1294023505181315074
1294025443562213376
1294028237320880128
1294035365343506435
1294038630936141824
1294038726608326656
1294040709029228544
1294040826813718528
1294041636926885888
1294041902115848192
1294043935346761739
1294044224711729153
1294044812916662272
1294044931544285184
1294045829007839233
1294046076089978880
1294047359199064064
1294049909503557632
1294050826592366592
1294053036944494605
1294055395321942016
1294058652823945217
1294061446754643968
1294066479118385153
1294067168074772480
1294068466945753096
1294069004139663360
1294069338102812672
1294071513872838657
1294072897682776069
1294073733502689280
1294073965464489985
1294074020929982464
1294076270855294978
1294076540922335237
1294078801555718144
1294081572480614400
1294081580625952770
1294082889961873408
1294084086139703296
1294086084545196032
1294086602529087488
1294086681591676929
1294089129773469696
1294091324967264256
1294091649975488513
1294092844508934144
1294093309032280064
1294097912696209408
1294098923674427392
1294099302529282049
1294099562810884096
1294099816897581056
1294100429261828097
1294103449315901440
1294105462372069376
1294106637154869256
1294106749809692672
1294110502411472897
1294110998979383298
1294113012304023557
1294113791542779905
1294115528743608320
1294115528743608320
1294118065647562753
1294119555296460800
1294121843272679425
1294123078499303424
1294125624685191174
1294126098423283712
1294129384857755648
1294133160146423808
1294136035941576707
1294140704566829056
1294147782106808320
1294152050587172864
1294154563986116609
1294159594877485057
1294160072382255104
1294163355314393088
1294167147137183744
1294169656547254272
1294172171611381760
1294175193041186820
1294178466124963841
1294180722106916866
1294183239997968389
1294187021926305793
1294191553183920128
1294200093885825026
1294201609002549248
1294204658337173505
1294208854524297217
1294210430357962752
1294213195977101314
1294215958278569984
1294219233577046017
1294223509854486529
1294227286959558657
1294231069546381314
1294234848379494400
1294238623055970304
1294242387116597248
1294246150384627715
1294249932677951493
1294251951903866881
1294252014587785216
1294253710701404160
1294257484450926592
1294259993764605952
1294260172551004161
1294262517355642880
1294267564571451392
1294270074308694017
1294272565750398979
1294275102184550400
1294277637611958273
1294280147420549120
1294282629844410368
1294285177204637696
1294287753358839809
1294290192992477184
1294292727031566336
1294295280859389962
1294297758979981312
1294300268570574848
1294302814374711297
1294306566120902661
1294308325232971778
1294310361844330496
1294314103893303303
1294317906210304005
1294321649513365504
1294325472298508289
1294327965229232128
1294330479341187072
1294330503026184192
1294333022381019136
1294333043046600715
1294335738012667904
1294338527489122306
1294341302067376128
1294344055493713920
1294348101873016832
1294349394704314372
1294350844322873344
1294351855116587010
1294355902729007110
1294356009213816832
1294358630657961984
1294359664189149186
1294360419042295811
1294361902139621376
1294362604207562755
1294362959083257856
1294363455584116737
1294364418982076416
1294365410658332672
1294366935551885312
1294368480293261317
1294368950856421382
1294372560768032768
1294373715740971008
1294373934712991745
1294376612671234056
1294378298991091712
1294382555140169729
1294384696508518401
1294385501391052800
1294386088979697664
1294387085873303553
1294388535131287553
1294389227866611713
1294391709200035841
1294392132426297345
1294392625122942977
1294394595447582720
1294396238511702017
1294396250431856641
1294396575607906304
1294397401747402753
1294398093719244800
1294401190369939457
1294401202394935296
1294402955894980615
1294403384372592640
1294404595058270208
1294405212728418305
1294406031418765312
1294408738321895425
1294409996743127040
1294411241268682756
1294412502739099649
1294413016356847623
1294413447086522369
1294414440646008832
1294414828484927488
1294415135063277576
1294415704616316941
1294416205189586945
1294416283577065478
1294418031028981761
1294420061327970305
1294420811206598660
1294423673940725760
1294423826231689216
1294427593966583808
1294429121016102914
1294431381368508416
1294431886396227584
1294432646844616704
1294434419458093056
1294437097198293000
1294439430288224256
1294441824422113281
1294444175103066112
1294447327021867009
1294447427710328837
1294451580801097729
1294455855988047872
1294457562054701056
1294460172971188225
1294460698697768962
1294460836375695360
1294461014067429376
1294461456457531395
1294462028971638784
1294462849553698816
1294463293289988096
1294463486823550976
1294463873760690176
1294464096721674240
1294464682007437312
1294466880649023488
1294468645956079616
1294472826582335488
1294473698955546624
1294473905847988224
1294474074811293696
1294475285379907584
1294476584640970752
1294477544637399040
1294480201204858883
1294484217095741440
1294487386408259585
1294487496630382592
1294491767992209408
1294495143182180358
1294499337423265793
1294506882682564610
1294514416839528449
1294521973352128512
1294529522365272065
1294544633301794818
1294552174224179201
1294559718925651968
1294567278210670598
1294574812875100160
1294578603653505024
1294582378980093954
1294586149353279496
1294589714092236800
1294593702791348225
1294593702791348225
1294597241009664001
1294601264542691330
1294605034655813635
1294608793209384960
1294612581106278400
1294615836280475648
1294619917539586049
1294620880191066114
1294623331262627841
1294623906515619840
1294623909761949696
1294626966180638720
1294627678641946624
1294627682811105280
1294631455474225155
1294634019380965376
1294635227814547458
1294638485291372546
1294639002134421505
1294641152549965824
1294642774977937408
1294646047189479424
1294650143610994688
1294653605082017792
1294657877744001030
1294660394380865539
1294662658290077697
1294665129217462272
1294665423405961219
1294668185615118336
1294670696690352131
1294672993189330944
1294676230105706497
1294678505511358465
1294680536909324288
1294683033535217666
1294685801780060160
1294688567776751616
1294691330585759747
1294692389932728320
1294695867572723713
1294698385484718081
1294698963233275904
1294700900842430465
1294703698413850626
1294706451638870019
1294708452376313856
1294709169426239488
1294710495065366528
1294713239910207489
1294715995404349440
1294718783840571392
1294720081637838851
1294721531436834818
1294723814505545733
1294726581693353985
1294729101111111684
1294731600119451650
1294733863550418944
1294736639307153408
1294738895364644865
1294740698944634880
1294743447321141249
1294746193147432967
1294748975925538819
1294751741163065345
1294755783838781447
1294759548310433798
1294763316963876869
1294767082421321730
1294770894066388997
1294774634399793153
1294778678002487297
1294782191780737027
1294785991732015104
1294789743448858629
1294793778046410753
1294797294118862848
1294801319212068864
1294804849608011776
1294808867893923840
1294812374453624832
1294816405813067778
1294819952554323968
1294819953036742656
1294823968399151110
1294831525427580933
1294839075812315136
1294842681391292416
1294843132346011649
1294846617200349186
1294854178406367233
1294861726404562944
1294869256279130112
1294876801861328896
1294884352426496001
1294891906908991489
1294899464994467843
1294907017832861696
1294914556263911425
1294922121823559680
1294929653753413632
1294937227022282752
1294944780368183296
1294952319138902017
1294956105861345280
1294959633954734080
1294963644023832576
1294967410949263365
1294971195343896582
1294974957806653446
1294978737059115008
1294982507536973825
1294986281877942273
1294989815906172928
1294990070647336961
1294993833688784896
1294997628820819968
1295001608368119809
1295005083806109697
1295008682862837766
1295012479559507970
1295016233155342337
1295020007223631872
1295020060340375552
1295023785637302274
1295027595122282498
1295029926140293120
1295031354166521859
1295035107968000000
1295038890731089920
1295042484490379265
1295046440172032001
1295048875326222336
1295050239792025600
1295053975587364864
1295057791443505152
1295061547342008322
1295065292251463681
1295069108594266113
1295072884239597570
1295076633569890304
1295080429628858368
1295084200731774976
1295087977358655491
1295091737615048704
1295095509506498560
1295099522163658753
1295103317757038593
1295106845787467777
1295110866338222080
1295114386877689856
1295118416521703424
1295121934422880256
1295125949890134023
1295129489953959942
1295133261782560775
1295137044344250370
1295141069538177025
1295144595190407169
1295148598406062080
1295152144962789377
1295155920524189696
1295159693904678912
1295163716011536384
1295167240036286464
1295171246502694913
1295175028829573126
1295178805640921090
1295186359980875776
1295193901146476546
1295201447185911813
1295209009398591489
1295216548257439745
1295224089540534274
1295231655276355585
1295239205879197698
1295246748496035840
1295249958069829632
1295252275187810306
1295254312466165760
1295258333335769088
1295261838914068480
1295265613619900416
1295269397288955914
1295272412435615744
1295275438772813829
1295279970965749761
1295284265006043136
1295287768743055360
1295291823146008576
1295295572526731264
1295298386304933890
1295300117289996288
1295302632433573888
1295306394040774656
1295310170680102913
1295312178661281794
1295314464590508037
1295314464590508037
1295316190290747397
1295317707940921344
1295322014639628288
1295325520595492866
1295329598264287232
1295332820236283909
1295337091749023745
1295340874918961152
1295344694466088961
1295347152332488706
1295349689487962112
1295352219303325698
1295354704923418624
1295357244524113923
1295359772221374464
1295362254863564803
1295364793512099842
1295367352029196289
1295369808700219392
1295372341942394880
1295374856163393536
1295377377283969024
1295379892511682564
1295382434196987907
1295384910782496769
1295388274664640512
1295390339319181312
1295393170679881728
1295396858328764416
1295398191211458560
1295402109387636742
1295403830448988161
1295406060451373057
1295407568303554565
1295410101017284608
1295413104545804295
1295416376572731395
1295421619616264193
1295422669245079554
1295423915611885574
1295425181792559105
1295425955951980550
1295426129063563267
1295426312518144000
1295426872310890499
1295430211799064577
1295430502141374466
1295431159053246464
1295432720420671493
1295435258586968065
1295438020594851840
1295440535310802945
1295442670626758657
1295445573772947456
1295449904966508546
1295453267246428172
1295457859669331968
1295460392819404800
1295462940053831682
1295464475458494466
1295469391354556416
1295469476834619403
1295469913658728453
1295471658355097600
1295471824164343813
1295475861999820801
1295477159994298374
1295481333767114754
1295481644518866945
1295483822692274176
1295488109900177409
1295491324066570240
1295491362528342018
1295493376196972544
1295495893572104194
1295497087325437952
1295498400088162305
1295501828248010752
1295502945690279938
1295504059076685824
1295504963678998531
1295506214911123456
1295507246269505536
1295507525614350342
1295508667073277952
1295509326308794368
1295513939808268288
1295514854296637440
1295515345755791360
1295516175657574404
1295519281791348739
1295521919383502848
1295524582523375619
1295526572968087557
1295527876285038594
1295529547467837441
1295532443102064640
1295536824346124288
1295542952400506880
1295544830177751040
1295546682181001216
1295547155969536000
1295550226523213825
1295550984131768322
1295551175719190529
1295552829491355649
1295555584574464001
1295556162767564800
1295561858867372033
1295562305363615745
1295563239523196930
1295565781808209921
1295567460054245379
1295568489940492289
1295569983632601088
1295570109830963200
1295573404347772929
1295573737815838721
1295573926655991808
1295574291484823552
1295574547526070272
1295575151975817216
1295576013393534976
1295576979584892928
1295578947154055169
1295582725039161346
1295586498570485760
1295601588095127553
1295606641602297857
1295609160378339329
1295612163265093632
1295616697437650947
1295618949141463040
1295621714668326914
1295624236963368960
1295626526189326336
1295630521918205953
1295633548653756417
1295639083969126400
1295642105910628352
1295646676888281088
1295649912223408128
1295654429744680962
1295657710579593216
1295662763566600193
1295666772801191941
1295670536060764160
1295673080480702465
1295675568432861186
1295676827520950275
1295680605905068033
1295684385891639296
1295688155505602567
1295691950822248450
1295695754368094210
1295699349478014985
1295699497033531397
1295703270661529604
1295707151206318080
1295707405297360898
1295708561465638913
1295709564931919880
1295712269725323267
1295717967645290500
1295719632209403908
1295720881843568643
1295722902235512839
1295724146152833024
1295727176248156161
1295729700090925056
1295732181361242112
1295734736468549633
1295737252786712583
1295739748699574274
1295742270692630529
1295744798062764034
1295747304457154560
1295749827746246658
1295752395847340036
1295754850450444289
1295757347164479492
1295759901306900480
1295762418006667264
1295764919250554885
1295767839794757633
1295773699359088641
1295774979242504193
1295776240977227777
1295777514976153600
1295782552079339520
1295785046281007104
1295787583935598602
1295789837803495425
1295790093949599745
1295792603129090053
1295795107329966087
1295797685350531073
1295801425642037249
1295805181440020486
1295805181440020486
1295808981097750529
1295819984078344194
1295826882500460545
1295829031275954176
1295830275742629889
1295834424815300608
1295836639818907648
1295837147153534978
1295837958440968196
1295839166325035008
1295842616379150340
1295847002278895619
1295848525788405761
1295850800766361602
1295852363442294785
1295853814399012864
1295855217221799937
1295856313654743044
1295858335707799553
1295858842899800066
1295861581960675329
1295861813817552899
1295862933847760896
1295867269109747713
1295867699680223233
1295869398755020806
1295869939384029185
1295870286047449089
1295873758486560769
1295877230413803522
1295877831285714944
1295878228284973061
1295878409147633666
1295878439552024580
1295879104764489728
1295880061833404416
1295880823921573888
1295882032107716608
1295882489286795265
1295882893823291392
1295883468728082432
1295885141466853381
1295889037442666501
1295889443128107009
1295892181128019968
1295895113198186497
1295900541860675584
1295903117108682752
1295903543199559681
1295906643650068481
1295911030632022017
1295912260968169474
1295915280275628032
1295916107375628288
1295919082441711617
1295920044808044544
1295923330499907584
1295923972392058882
1295927849203970048
1295930046322941953
1295931034047979520
1295931352546607104
1295932890560200704
1295934722023886848
1295936751928619010
1295937512813273088
1295937807257669633
1295939183404556288
1295943644076298240
1295945096798654464
1295946354964008968
1295948878882234368
1295949403203805184
1295952657656483841
1295953928476143616
1295954918960898048
1295956433452900352
1295959588282331136
1295960211610644482
1295962600497455104
1295965234847526912
1295966495609098241
1295969076074946560
1295971280416575489
1295974801044111360
1295977307627192321
1295977831449743360
1295979577869766658
1295981345492078592
1295982087107993601
1295982610552946689
1295984363734278144
1295985108604932096
1295986390015062016
1295987335558041600
1295987385684107264
1295989391375118336
1295992848735666176
1296002900615991296
1296006992184541184
1296009760614088704
1296012290798624770
1296014414760509441
1296017323233554434
1296020347641307136
1296021127689572352
1296022860390117376
1296029273938178048
1296033044445396995
1296039266473181184
1296041791515484161
1296043447833505792
1296043788599799808
1296045020215214081
1296048321224675328
1296050629304090625
1296054324867604481
1296058115922821120
1296061893682044930
1296065642911719424
1296069479642869760
1296071939560177664
1296074464589946880
1296079495510798342
1296088846946504710
1296091669935390725
1296092836899827712
1296094080989093889
1296096438976479234
1296098859354136578
1296101277718503428
1296104016435392514
1296105169634107392
1296106417053675520
1296107682831769600
1296108941450018816
1296110203805618177
1296112194942316545
1296114747197333511
1296117242996948994
1296120376427249664
1296122280460853248
1296124807906459649
1296127307095187457
1296129802626203648
1296132645798240257
1296134834566262784
1296137363245142023
1296138151568773120
1296139867768987650
1296142405478031360
1296144902233890816
1296144936807665664
1296147690011623431
1296150462299869185
1296153229726748674
1296155987389353985
1296158007890411521
1296160782279991308
1296163298300305408
1296165549970460678
1296168322736762881
1296171099672268801
1296173098136481797
1296175377094791169
1296178140302249987
1296180658860175360
1296183463230558209
1296185197029924871
1296188206652719111
1296190282594234378
1296193998013583365
1296197127396364289
1296199083237847040
1296201549694275589
