1293668592651829248
1293669110153392128
1293673879911772163
1293676666779324416
1293678912795533315
1293684208209211397
1293689086495129600
1293689175821004802
1293689184998154242
1293689239021015041
1293689375465775104
1293690286036508672
1293690772370284546
1293690822924238848
1293691510370848768
1293694523516821506
1293695597745246209
1293696145403740166
1293698019498405888
1293698119461244929
1293699811611496451
1293703334344499201
1293704340314693634
1293709122748256262
1293711365677318145
1293714169590685698
1293718668199821313
1293722246733848577
1293724222129410048
1293725154955210752
1293727897308602368
1293729227074752513
1293729513508085762
1293734289775955969
1293739316611395584
1293739542004948992
1293741556210569217
1293744365165314053
1293749382005886976
1293753872951869443
1293754418765209600
1293758083093561346
1293759700455088128
1293760424861552641
1293764481735176194
1293769504594563074
1293774796627546120
1293779071156072449
1293784604759994373
1293790163798241283
1293795173214953473
1293799958190186496
1293805252991488001
1293809267724750848
1293815306138394625
1293820350074171392
1293824364798971904
1293830420396683264
1293835447521640453
1293840733242363904
1293845524198699008
1293850791783145474
1293855085731164160
1293859861797703680
1293865911728971777
1293869675374350336
1293869935916208129
1293871712736620544
1293875456706580481
1293876714225971201
1293881264659996674
1293882770918387712
1293886540423335939
1293888931851902977
1293891829117718530
1293891840844980225
1293895607577382913
1293902403847294976
1293907536857280514
1293910293551038469
1293912256686612480
1293914289007255552
1293915483754729473
1293917724272406528
1293920512570204160
1293925437626896384
1293925818410905605
1293927563044302849
1293930584306266113
1293932857723953153
1293935606180044800
1293936170032861186
1293938448475336712
1293940659418804226
1293943921651982337
1293944401283002370
1293945668025946112
1293950750842920960
1293951971620265986
1293955744098811906
1293960785144754176
1293965815260368898
1293968210300153856
1293969955126480896
1293970853110185984
1293973854487027712
1293975883888447492
1293980899567185921
1293981410353651720
1293983418666164225
1293985869582471171
1293986455551905793
1293989203915739136
1293990131544870912
1293990968144867328
1293996003423657985
1293998642500689923
1294001556749266945
1294006070206136323
1294006070206136323
1294011103102607366
1294016656172363776
1294019664574644227
1294021178282123268
1294022671320199179
1294023285634727936
1294026205407186949
1294029631322898433
1294031258000007168
1294036280125333506
1294041305333497860
1294046594174722048
1294047762917466113
1294050180216451072
1294051362213433347
1294051955493363713
1294051997717426176
1294053605649952768
1294055562145968128
1294056428676816897
1294057171580342272
1294057768526032897
1294057783273197572
1294061511065788416
1294061561426788352
1294061575859445761
1294061686010380288
1294063720524591104
1294063862220636161
1294063999965790208
1294066478535380992
1294066476048097287
1294069361486036995
1294071750024744961
1294072333380927489
1294072389181960193
1294072418726641666
1294073769212948491
1294076036951322625
1294076543657009153
1294080087315415048
1294084088538824704
1294087115505049603
1294087705337397249
1294091644015456256
1294095412106874881
1294096328373481473
1294099186519072771
1294099859331375107
1294101959662764033
1294106754440212482
1294110588331855872
1294111765001797635
1294115141030563843
1294117300547792897
1294119120535982080
1294119461616680961
1294121838780579840
1294125343473692672
1294126112143024129
1294129387453984769
1294131895450574850
1294137937018228737
1294141737703583744
1294146747934138369
1294153288682819584
1294156820353896449
1294161100511076352
1294167637342269441
1294176194494189569
1294176455119835136
1294183236311146496
1294186506525999104
1294191550478639104
1294197837497020421
1294202376975417345
1294207653506416640
1294213190889414656
1294218234279931905
1294223247433752576
1294228051736309761
1294234575527391233
1294237700837474309
1294245798205624324
1294247147488108544
1294252706018791426
1294254915217481729
1294257741146464256
1294261105985032192
1294261405819035648
1294262771182379014
1294264526943264768
1294266337922035712
1294269059501039618
1294269187725107203
1294273327138328577
1294273600506257409
1294275922548461570
1294276615820709894
1294280383706603521
1294281676068200450
1294282789668491265
1294283485373399041
1294283655104417792
1294288179034501121
1294290960214622211
1294294477385994248
1294295982264537088
1294297120837599234
1294298007605784576
1294302341965983745
1294303027420114945
1294306789198934016
1294306814868238338
1294307363462295553
1294307409939369986
1294308626132275201
1294309653556469762
1294310586197524480
1294311031779610624
1294312944705196033
1294313741358637058
1294313860669874177
1294315905829277705
1294318162855550976
1294321819156185091
1294321911053332481
1294323166190370817
1294324917132042246
1294328191293837312
1294329104251203584
1294333477891067904
1294335617124491265
1294338257724018696
1294340805151404033
1294343299814359040
1294343760835469313
1294348342424743943
1294353358606733312
1294354696719794180
1294356376588890121
1294358392547540995
1294363949832560645
1294368469899792387
1294373496064278528
1294378543867219974
1294383103071354883
1294383566659428353
1294384178570592263
1294386089654984711
1294389999744450561
1294391433038663680
1294393203001446400
1294394124766937090
1294395780418146305
1294398680469045248
1294403701290020866
1294408653538091010
1294409243420958726
1294410569173184513
1294411373602983936
1294412625837662208
1294412642451218432
1294412799842557958
1294413217725206528
1294413765878972417
1294415540539150336
1294415775504035840
1294416957681197056
1294416975989321728
1294418796791439360
1294420186867662848
1294420303435591680
1294420988503789568
1294423303222751234
1294423823211732992
1294428860881174537
1294432210213376000
1294433893551144960
1294438953752432643
1294443956038754304
1294448985663590400
1294454042886897664
1294454382189256704
1294459063389085696
1294462870848253953
1294464092258930688
1294469126304538624
1294474409030410240
1294479184010543105
1294484214319124481
1294488512369233920
1294493020600053760
1294499566469996544
1294503858492919810
1294509381686571013
1294514924249665536
1294519206390661121
1294524493168291841
1294524493025730560
1294524493025730560
1294530774021152769
1294534309718765570
1294539849110822912
1294545624759783425
1294550170575818752
1294553942051950592
1294560988763688960
1294564262531207169
1294569781803311105
1294575578675384321
1294579861147844610
1294584391696551936
1294590686336081923
1294594206598664192
1294600000308162560
1294605290999033857
1294612065534050304
1294615598677270531
1294620614611939328
1294626417670578176
1294634044827852800
1294635473718185985
1294643021531828225
1294650319327109120
1294658627035332608
1294665877695221760
1294665918048604160
1294669177072934912
1294673729193218050
1294680530156486656
1294688565134327809
1294696118194970625
1294703909378957312
1294704903567351810
1294710729203908609
1294714744704729088
1294719027902681088
1294726083401613313
1294733856717910016
1294741170111877121
1294748711118155780
1294756024478576640
1294763577933467649
1294771107812319232
1294778666782797825
1294786709838876672
1294793538945912833
1294794261725163521
1294801321690828801
1294809625993379840
1294816675481755648
1294824216446013442
1294825461873221633
1294831425678540800
1294831761839534082
1294839815284723712
1294846619486224384
1294854922706522112
1294862210636947456
1294869765169741824
1294877566134878210
1294885116846714882
1294892414596009984
1294907767254384643
1294915313180565504
1294922356377497602
1294929914471350273
1294937458631757825
1294945279339356161
1294952824225386496
1294960616915050496
1294967413566509063
1294974953234800640
1294977196298326016
1294982508694601728
1294983096002129922
1294983481978753025
1294987422095351810
1294990557002043393
1294993947891314688
1294996719206313984
1294998097769238535
1295003047299633152
1295005662607478789
1295012502791651334
1295013463320920064
1295020768858972164
1295028062006972424
1295031564875763714
1295036367781666817
1295036729121026049
1295038370561884160
1295043152907304960
1295049957557370880
1295058280566398988
1295066318560002050
1295073116763324417
1295078266529894400
1295080644633124867
1295088461192601602
1295096251046862849
1295103572015751168
1295111092587429888
1295118898682122240
1295126969051484162
1295130888183873537
1295133998461734917
1295140800905515010
1295143223447433216
1295144686018060291
1295146300799844353
1295148532110897153
1295148850605371392
1295153566731120642
1295153781945053184
1295154764691505152
1295160786348920837
1295163715147509771
1295165060902526978
1295166490572918790
1295171034149203975
1295171885727133696
1295179310597386240
1295181115301466112
1295193900446093312
1295201210442625025
1295206422708396034
1295208994131386368
1295224092187140097
1295232161696579596
1295239694129790977
1295254794261626880
1295269908494856198
1295276705502892032
1295284750916222977
1295300116769800192
1295303735342759936
1295306942047563778
1295314958440423424
1295316220821098499
1295319742811709440
1295321248159997953
1295323004260556801
1295323930849312768
1295327733321433089
1295328285086363649
1295332006524522497
1295333545511092229
1295336644707594242
1295341388339568640
1295344891611033601
1295346923495403520
1295348654237261824
1295351052779298817
1295351494603083776
1295352456956841985
1295352960495554562
1295356226927300609
1295360246525952000
1295361901095002120
1295365274334564352
1295367116003172352
1295370060429697024
1295375101681176576
1295378127116554240
1295382137982640129
1295386429531533314
1295390200579985408
1295391302511722498
1295393539480793088
1295393971510878208
1295395220482412544
1295398017210687493
1295401509354704896
1295403073251270658
1295405077583278082
1295410578597523456
1295410828624134145
1295414043356934145
1295416628344229890
1295418431848828928
1295419258890006528
1295420659682758672
1295423248105119747
1295424176036208647
1295425678670802944
1295426043428376579
1295427442753130501
1295431717507956736
1295432544951971841
1295433664168448000
1295435430339510277
1295435740625739789
1295436024798236673
1295436112182145024
1295436344118980609
1295439271482933249
1295440777179521025
1295440777179521025
1295442528985120769
1295446816373321736
1295449979188912128
1295450860361863168
1295452375629598721
1295453950209032192
1295454357723521025
1295458132496457734
1295461926655463424
1295462155962257410
1295465953329913858
1295466087484710920
1295469469809225731
1295470715098062848
1295473488472539136
1295476999939428355
1295477016393908226
1295477503188844544
1295481285704658945
1295486089826906115
1295488343757783041
1295491831816478721
1295492004672081920
1295492108728532994
1295492732891336705
1295495888538918912
1295497038071623685
1295499669812973573
1295501328161046528
1295501479109750784
1295501865707114496
1295503057619431424
1295503686882471936
1295506222695591937
1295507212371136514
1295507226996572160
1295511382511833088
1295512861989576704
1295513747579076608
1295517579528806402
1295517659661049856
1295518272054423553
1295519243006627842
1295524475358842880
1295525026687590400
1295526170499440647
1295526292524326919
1295526680262582273
1295528205256929286
1295533518672535554
1295535034364055554
1295535874608967683
1295536004040814592
1295537197085593600
1295538278876303366
1295539208417878016
1295539684538552320
1295541952990019585
1295542603606351873
1295543110680936449
1295543382882877440
1295545558652915712
1295546290508529664
1295546818424709121
1295546895130079232
1295549262726672387
1295550736722464768
1295551115547815936
1295552770930606081
1295554193827168257
1295556285946093568
1295556432662847491
1295556619716177920
1295558033854980097
1295560601394204672
1295560913110601728
1295562130486435841
1295565143514914816
1295565358192119809
1295571168351735808
1295572006323224578
1295572844307533824
1295575081347952642
1295575427570753536
1295576434593927168
1295581196357963777
1295581458745053184
1295586495592636422
1295588897737576448
1295591516484902912
1295596563625123843
1295601588908810242
1295606632953663488
1295611398999937025
1295616692442353665
1295622221034135552
1295626516831834115
1295631790384783360
1295636574433087488
1295641847377920000
1295647146981634048
1295651911543271424
1295656959824330753
1295662257624547328
1295667009070538752
1295672047520096256
1295677331651080192
1295681429448396802
1295682124507471872
1295682128928288773
1295683053734567938
1295685889046319104
1295686187584233473
1295687146083426305
1295687398198845440
1295694063442763776
1295698636261724160
1295700975806627841
1295703001290674176
1295707785502621703
1295710269176516611
1295710569463459840
1295713290870337537
1295715352790413314
1295715615123156993
1295716821610397696
1295720918774423552
1295721172244541443
1295723138936909825
1295723235242385408
1295723457095905280
1295724759955767296
1295725408986570752
1295725750314766337
1295726141559447552
1295727573570289664
1295729020903084032
1295729168613769216
1295729428220215301
1295733216616288257
1295733691277221888
1295733713553301505
1295735245535416322
1295737491618758663
1295740760877391872
1295741027773493249
1295745051000221697
1295748309987057665
1295750321503973376
1295752836324765704
1295753752637583366
1295755189354455048
1295755597263056896
1295756414082834433
1295757625062301696
1295760146254172167
1295761465836802048
1295763914962198531
1295767926155423744
1295770959060836365
1295773727620304896
1295775475420233728
1295776179694297094
1295776223226986514
1295778495738650624
1295779555261775874
1295782804748472321
1295783151625736196
1295786560177176576
1295787940023545857
1295789584224321539
1295791594747187201
1295791896674148353
1295794116002029568
1295798135021867008
1295800908182433792
1295802922450784256
1295805444938768390
1295809203542675457
1295811301973925889
1295813005997944834
1295816738529882112
1295816756062191616
1295820550837800963
1295820889595019268
1295824296267390983
1295828074857193473
1295831854508052481
1295835126010646530
1295838659418234882
1295839387750731776
1295840042305196032
1295840427669688321
1295843431575674881
1295846219483291648
1295848474769055747
1295853501692731394
1295855275015057410
1295858529836904449
1295858529836904449
1295861053067165696
1295864817878794241
1295865309354631171
1295866511400357888
1295869099801632769
1295869173977845760
1295870191969206275
1295870673441751041
1295872779556753408
1295872800247308288
1295873831073177600
1295876964356698119
1295877148511744000
1295880007269732353
1295881733385191424
1295884348218957824
1295884361250660357
1295884441563181058
1295887887452516358
1295888750690656256
1295889909685923842
1295891579429957632
1295891754072195072
1295893071369056256
1295894206909751298
1295895330949660674
1295895816087965697
1295896408495620101
1295897735695142914
1295897772697227264
1295897905237303298
1295898516653580288
1295898669955325952
1295900219947855872
1295902986439462912
1295903207365976065
1295903304665509888
1295903888567152642
1295904770138476545
1295905339913764865
1295906781445726209
1295906874555064326
1295909045036101632
1295910633863622659
1295911362124812288
1295911877034348545
1295912553416208384
1295913330713014272
1295914065588629504
1295915411263959041
1295915736620302337
1295916722629873673
1295918622964174848
1295918915776806912
1295920410723221504
1295920653690736642
1295921076518576128
1295921141559652353
1295924850863808512
1295929630231351296
1295930075800625153
1295930835292626944
1295931780327829505
1295937351060004864
1295939245010427904
1295941348936298497
1295942575057141760
1295942872143781888
1295943729702895616
1295948877669990400
1295953564741894144
1295953806098927617
1295953911799521281
1295956681508245504
1295958936198225920
1295963984818995200
1295969002469183489
1295974039048073217
1295979323288150017
1295984109777489920
1295989155151974401
1295994932315004929
1295999465074167808
1296004251068641281
1296009520079044608
1296014317364674560
1296019348474204160
1296024619200241664
1296029407451197442
1296034443510140928
1296039480500133888
1296044756133384193
1296045958984327168
1296047288813604865
1296049528156585985
1296051625413554176
1296054570372694016
1296060071781322754
1296065728219688963
1296068900044468226
1296069501205778432
1296073430144622592
1296073452420567041
1296073454442160128
1296077478159699974
1296080891706593280
1296085026766049281
1296088051916120066
1296088529592709122
1296089517833822208
1296092272107368448
1296092324414590977
1296096438674481153
1296099875596230656
1296101955085967362
1296103644513828867
1296107099492147200
1296107915514912768
1296111204960739328
1296115234722242560
1296118248207982596
1296120249176281088
1296122517309001728
1296125795325313024
1296130333348429824
1296133087936622594
1296137625066242048
1296139654161485824
1296140622709944320
1296140889581064199
1296141523285880833
1296144342701178881
1296145191942918144
1296147005832658945
1296148940186935304
1296151750936858624
1296152721570004995
1296153257430134784
1296155282633043968
1296155984600195072
1296156648382357504
1296158893182156803
1296159785646260224
1296160013166182400
1296160524867182592
1296161116540698624
1296162384407658496
1296164050347479040
1296166092218544137
1296166129199718400
1296168079915974658
1296168188951040006
1296171096849485828
1296172299603845125
1296174972453478400
1296175873280937984
1296178637331402757
1296182156843192320
1296186180573241348
1296190491172765699
1296194501283807232
1296198517254434816
1296201775645630467
1296201782880854023
