1352028649004929024
1352028679111643139
1352028703778349057
1352028724808577025
1352028749710159875
1352028776574554113
1352028813144829957
1352028827606777856
1352028878278168583
1352028989381074944
1352029043529572354
1352029070364651520
1352029087863345157
1352029641343705095
1352030477834715136
1352031330582847489
1352043051682836480
1352119160785022977
1352128173643730944
1352136311143084039
1352137889577054208
1352138086113751040
1352138429941882882
1352139265686306818
1352140278694608896
1352141789445165057
1352144490568572929
1352144777224085504
1352149115753394179
1352149554779590658
1352150002219548673
1352150225910194176
1352150902761730048
1352151690477240320
1352153935671406593
1352157016215711745
1352157632610639872
1352164088596602880
1352164966758014977
1352165819401297922
1352166913858809858
1352168798527352833
1352175626229313537
1352179322908516352
1352180192119320579
1352186656221253632
1352187846233366529
1352188670661505026
1352191886702866437
1352194632092934144
1352197928820109314
1352198369096200192
1352199511226130432
1352205242469855233
1352207006787112960
1352209683336069120
1352210604052934658
1352211496420433922
1352212377190756353
1352213246770634752
1352224620745797632
1352225559582035969
1352226489077551106
1352227393436585985
1352233866128404487
1352234386834546693
1352234385622368256
1352234391720910851
1352234390382903296
1352234388168306690
1352234395491590146
1352234393037910016
1352234396825354241
1352239780445216768
1352240684875571201
1352242366481108993
1352242661177106432
1352245264095043584
1352249151178862592
1352255156931481601
1352255693714305027
1352257280184635398
1352257798260850689
1352260916113530883
1352270019619643393
1352286346627444738
1352287794798931969
1352295658196267013
1352299150826729472
1352299337682923523
1352299607234129925
1352300293212557316
1352300969846059019
1352314948102352896
1352315652401483778
1352333804585840643
1352341568053719040
1352342338631299072
1352347402917847040
1352348476399644676
1352348535862263819
1352349102982500352
1352355672961150977
1352355671983878144
1352357162308276225
1352368761517576193
1352378519347744769
1352378522061430787
1352389148179574787
1352389168853372930
1352391726053216256
1352392552918429699
1352393361261539339
1352394165972307970
1352394987967819788
1352483037410435075
1352491062825082887
1352494583301758977
1352497198106292226
1352500383394967552
1352501548480344068
1352502368722685952
1352503897022201856
1352509637942251520
1352511628110139395
1352512588307902465
1352513616587722759
1352513980116381696
1352516608183435265
1352517619937652736
1352518709043220481
1352522757267972096
1352526468920848384
1352526695773962241
1352527386307424257
1352527845432684544
1352528295900930053
1352528918671220740
1352529534403407872
1352541981986140160
1352542892087271424
1352543785067143169
1352543854671630337
1352544685940736000
1352545587527352320
1352559640551321600
1352560357836025856
1352563838483378176
1352564741110190080
1352575177419325440
1352576112883355649
1352577037198876672
1352578904867926016
1352579843821608962
1352581086816182274
1352586977196060673
1352587468684537856
1352588810782171141
1352588841530626049
1352588950154653697
1352589921219973124
1352590257229877251
1352591864688488448
1352594481363693568
1352594535851978755
1352594534379773952
1352594533238910985
1352594538901229568
1352594537181536256
1352594543196188674
1352594541686173698
1352594540381802497
1352594544420913153
1352595449211924481
1352602168252100608
1352602687188197376
1352603588850307072
1352605756919525384
1352609934794481666
1352617293445033991
1352617293445033991
1352620985770500100
1352622524627111937
1352623046012645377
1352623903538110464
1352623911171710977
1352623932151627777
1352625264539402241
1352632570979229696
1352633172018814979
1352633781660889089
1352635141139685381
1352644293530365957
1352644914966835205
1352650902923051013
1352651873715691524
1352655719238164482
1352659497685315586
1352667538287697922
1352668227084673024
1352668986425692164
1352669366555451393
1352675318381817857
1352676053416878080
1352677584048418818
1352682676457791489
1352687044548505601
1352693866063933445
1352694784163512333
1352695525330608129
1352696294616215552
1352701932645871621
1352708478901563392
1352709293770993669
1352709397546471424
1352710084149850114
1352717206963056640
1352718562427686912
1352718561517596672
1352725487685132289
1352729138206011393
1352730027390103552
1352744616634839045
1352745553491324929
1352748322927341571
1352751614340292613
1352756648142581760
1352756762630381574
1352756804082675714
1352756854636630017
1352756980218265600
1352757056219066368
1352757099672039426
1352767626276188168
1352851459784798208
1352853955571707905
1352859310800437252
1352862958678913025
1352863976426762240
1352866571815940096
1352867102881968130
1352873869842018304
1352874392280301575
1352874914806706176
1352875428701229056
1352875951370199041
1352889307175018498
1352889821082099712
1352890827547275264
1352890850397843456
1352890879682482178
1352890912867840000
1352891137925783554
1352891166648377344
1352891221094658048
1352891303927963649
1352892298451947520
1352893275745693697
1352904415330643969
1352904912569556992
1352905889854971904
1352906858944733185
1352906955153661952
1352908704220389376
1352910781420077056
1352919065694765057
1352920054568988674
1352923247965253633
1352927764555436032
1352931589639036928
1352935519768997889
1352935518309392384
1352935516891721728
1352935524365955079
1352935523891998722
1352935521195057152
1352935527918538752
1352935526064672768
1352935532616175619
1352935530883928064
1352935529424297989
1352939427014832129
1352947112183558144
1352949937101795329
1352950722111926272
1352951394693750785
1352951875063205891
1352952364081229824
1352952844723367939
1352963636667551746
1352963668200333313
1352964567547179008
1352965087045283843
1352967877742223366
1352969976567762946
1352974032921096192
1352979830384558081
1352980430648172544
1352985270585581570
1352989217463349250
1352997112435372034
1353001101478547458
1353004466400878594
1353006650609827842
1353008412867616774
1353010152841093120
1353010190795333634
1353011399216214017
1353012301885018114
1353012702453633024
1353012824503689216
1353013355678732290
1353013879136284672
1353024261900926977
1353025353132998659
1353025935172378629
1353031393736056841
1353039433189240832
1353042843875610625
1353043417366978562
1353058473878011904
1353059047847587840
1353071165464481792
1353081398257733632
1353081455035838464
1353081454033465344
1353085212125782021
1353088812445007872
1353093078517768192
1353093677049118721
1353096720037634053
1353098481330778115
1353100870787985410
1353101500931829767
1353108046097117184
1353108692942561281
1353116191695499265
1353116875002146818
1353216846200070144
1353221439420325888
1353223212214181888
1353226857559314432
1353227782390734848
1353230874360373248
1353236381800292352
1353237331965333506
1353238276434501632
1353239210652807169
1353242017787236353
1353251514442280960
1353252483393613824
1353253906588041218
1353254840902815744
1353255784344383488
1353266712074977283
1353267399693369346
1353268413527896064
1353269394978299905
1353269418856427526
1353269932151156736
1353271633981689857
1353271662217670659
1353281886555090946
1353283121874087937
1353283147597815808
1353283210357202944
1353283264581160960
1353283279869378562
1353283331643871237
1353283390204731392
1353283447687671809
1353284468509913090
1353284501280055303
1353288304842702853
1353292033864171521
1353292945001213953
1353293126211923968
1353293125024935939
1353293129768706048
1353293129768706048
1353293128376193026
1353293133900099584
1353293132520185856
1353293131064729601
1353293136634781701
1353293135217106944
1353297122800644096
1353297604185108480
1353298515850616832
1353311596869791746
1353314953151832065
1353315891635769344
1353318729900290048
1353334470536003587
1353335479769452545
1353338078912512000
1353341879543328768
1353342392577961984
1353353507450081281
1353357101788246016
1353365194483904512
1353365740620042241
1353369077981577216
1353369632682467329
1353370315972366337
1353372956760662019
1353379734894174208
1353379747795849216
1353379782000603136
1353379848295755776
1353379893984288769
1353380018341240832
1353380180652265473
1353380388069134338
1353384237068660737
1353384769048825856
1353385453911756806
1353386013394137088
1353388069974646786
1353395840400855045
1353411165662142465
1353422604661526528
1353426254972780544
1353429995218219008
1353437738352185344
1353439094106427392
1353444220472705025
1353444219428294657
1353453210585841664
1353456846653317121
1353457439744659459
1353460776024084485
1353464351760527365
1353476388397981697
1353487762100539393
1353488368848482305
1353488949034016769
1353491246040440838
1353495221888315392
1353495803004915712
1353496384238997504
1353506941188923394
1353507504119042049
1353567918647345153
1353579614510198785
1353587157194182658
1353590741935808514
1353591078881013760
1353594620115091456
1353595357842857985
1353598607442763776
1353599339231383552
1353600054557351936
1353602207510392832
1353602498611785729
1353606161036156928
1353613781566369794
1353614143610368003
1353614858827280394
1353614904561905665
1353615573679296514
1353616280306262016
1353627803539959808
1353628753675628544
1353629504099512320
1353630277772439553
1353633087264088064
1353636872870891520
1353644014873047041
1353644755704573952
1353648440857788417
1353652125834743808
1353652504257552384
1353661559940263936
1353663864055992320
1353664623472488448
1353667711864336384
1353668495024795649
1353674345105788930
1353674749696741376
1353675549764431874
1353676324595003393
1353677141855137794
1353689500346703873
1353694571016966145
1353698360742588416
1353698849240571906
1353702208773255169
1353704584930336768
1353705893226020873
1353705939740848129
1353707016548741120
1353713568131260418
1353717687344652290
1353718689296740353
1353721236455645185
1353730103805665280
1353732818984194048
1353733316663533569
1353734277985402882
1353740648273342471
1353741196305309696
1353752201273991168
1353756322878136326
1353756921002659842
1353759997876908032
1353760629874700288
1353765180245684226
1353765193810112512
1353765253058801665
1353765344998010886
1353765446319820801
1353771877882327041
1353772025471492097
1353772096896327681
1353772149866168322
1353772163665420288
1353778759493689347
1353782557108789248
1353790859771342848
1353791525684191232
1353792216603521024
1353794263813939201
1353797326792482816
1353798328077721600
1353801981928890368
1353801998089527296
1353802065596715009
1353802176519430145
1353802190238965760
1353802224519016450
1353802356782194690
1353802521014374400
1353807237957869569
1353807236997386241
1353809800090558464
1353810596647591937
1353837117198262273
1353837917366591488
1353838692633337857
1353839459012399104
1353840262032842752
1353841105943597056
1353841907626086400
1353844398530957313
1353874927796023297
1353942375668695041
1353946999096287233
1353949767261433856
1353951517448011776
1353951546585747456
1353952396691517440
1353954556942688256
1353956846881615875
1353958938262327296
1353961299726708736
1353962202957545472
1353962611168190464
1353963548947439616
1353964451855278080
1353965803226468352
1353971069225480192
1353971824858685440
1353976021461184513
1353976899865862144
1353978204160204800
1353979091343585280
1353982144184541184
1353988323887501313
1353991287284895746
1353992489024303110
1353993506868572161
1353994368856813568
1353995204454477824
1354006407029387264
1354008666505179136
1354009582276923392
1354012757914431488
1354013674302824448
1354016128331345921
1354016128331345921
1354016415712423936
1354021491235581953
1354022007210455040
1354022960894513152
1354023905632116737
1354025296203309057
1354028990202306560
1354032077155528705
1354036578818134016
1354037186857984000
1354038160905424898
1354039578009731074
1354043375364747266
1354046679075463171
1354046681646583810
1354046686746832900
1354046684108640256
1354046691708702726
1354046689221480449
1354046694418243584
1354051635555819521
1354052169968840704
1354052690494566402
1354054703303319552
1354055221375348737
1354057481752870912
1354063276586500096
1354065794079084545
1354066724602212356
1354070606250127361
1354071200381734913
1354071798313345024
1354072402771267586
1354081805025087492
1354082385139290112
1354084857681469444
1354086030685646848
1354097107058237443
1354116109239255040
1354116981499326464
1354120491234172928
1354128533799530497
1354129270633857025
1354132338381369347
1354136188475596801
1354143200106176512
1354144002103242753
1354147302999547906
1354148153847652352
1354151435198464002
1354157856732418051
1354158715696525315
1354170002383933440
1354170001331089408
1354170091022282752
1354174293417095170
1354175165144436737
1354185785327689729
1354189826384392194
1354197570462089218
1354198506085478411
1354199452131581955
1354200927121637376
1354205228053233665
1354206193825304582
1354207206837805056
1354208146957496321
1354209041497645056
1354296433697034242
1354305015578456067
1354310513539375107
1354311585339207680
1354313551406637058
1354315450088366081
1354315787813724161
1354316015665090561
1354317652920070145
1354321836822188035
1354321853448388611
1354321959371370500
1354323709692141569
1354323870061383680
1354324578865184769
1354324604135890944
1354325456284213248
1354328034896183304
1354328046283730945
1354328054466834432
1354328128810790912
1354332575955881984
1354338852639559682
1354339282752823296
1354340101258686466
1354340928018898944
1354352089137344517
1354353330907193344
1354353459869306885
1354355894788755459
1354356126540845058
1354356579546619905
1354359665740677120
1354361513931202563
1354363437254635526
1354363859008704512
1354368904500547586
1354369455032299528
1354370651914711041
1354371090555031552
1354371529476345856
1354372390134968321
1354378564578242562
1354378649550659586
1354378671293919234
1354378744488669185
1354383749232910337
1354384653046734848
1354385539416399872
1354389213836419072
1354393328243105794
1354398834579951616
1354398936577040393
1354399167418929154
1354399766348750850
1354400391618813953
1354400579402031106
1354400644438876164
1354400663627833344
1354400680824475649
1354400714769002499
1354400712940249088
1354405700332515333
1354415544372318209
1354416076721938433
1354416584136269827
1354421138512875527
1354426632329637890
1354429404190044165
1354429987894550542
1354433943936888832
1354439395919749125
1354439400193732610
1354439398134312961
1354439402467033094
1354439406913024008
1354439404979417093
1354439610898780160
1354440174571319302
1354444176872644610
1354444702477656070
1354454168858210304
1354454800889470981
1354455413635379211
1354459369426079746
1354459998269693956
1354468545992732672
1354469146143158277
1354469746327089157
1354474848660164614
1354485427164606464
1354489173235933185
1354489838041501702
1354496988860084226
1354504421296787466
1354504650561630208
1354505136035549190
1354508476383420419
1354509193659752450
1354509845957931013
1354510488814702592
1354519676437618692
1354527676854362120
1354532769481822211
1354532770626719745
1354539247529840645
1354540434337492993
1354546824808452099
1354550708704595970
1354554963570135044
1354555784282206210
1354556587822735363
1354560739286151170
1354561984625258496
