1347049130749644801
1347112683624161282
1347124568713007105
1347139668542959618
1347145843132960768
1347158543481274370
1347222487218663424
1347222581242376192
1347225270940536834
1347227592152256513
1347237815772348416
1347271790842662913
1347283113861390344
1347411496670810119
1347422980993929216
1347570004217262081
1347642984951668742
1347649279154798592
1347773878706335746
1347856894463860736
1347901302060310528
1347901323929333760
1347901826566275073
1347901825513504768
1347901824490082305
1347901823445729280
1347901830840283137
1347901829833576448
1347901828793389057
1347901827816124416
1347901831834308610
1347901952298872835
1347901951015415808
1347901949882945536
1347901956229001216
1347901954878439426
1347901953590714371
1347901960045821953
1347901958854565888
1347901957571166208
1347902082116849664
1347902081152159746
1347902080174809088
1347902078962659329
1347902083186376704
1347902203806109697
1347902202531045376
1347902207144779777
1347902206125559810
1347902205060255752
1347902211737616384
1347902210730991617
1347902209661358081
1347902208608649219
1347902329631121408
1347902328473493508
1347902333817036801
1347902332734881794
1347902331707293697
1347902330738364417
1347902338200006657
1347902337071763459
1347902335813447681
1347902334873923589
1347902455036563461
1347902453920849922
1347902459448942595
1347902458350112768
1347902457288876038
1347902456164880385
1347902702496280577
1347902707449806849
1347902704849358849
1347902710947880963
1347902709278461955
1347902715389640705
1347902714085134336
1347902712646537220
1347902716534681601
1347902828623249410
1347902832695939072
1347902831680909312
1347902830544265217
1347902829579522049
1347902836927909888
1347902835824869376
1347902834826649602
1347902833752821760
1347902837976547329
1347902883564544000
1347902885472968706
1347902892573937667
1347902958738960384
1347902956994117632
1347902955605741568
1347902962216050689
1347902961234558978
1347902959959478272
1347902966565535759
1347902965147865089
1347902963876909060
1347903085046231041
1347903084035330048
1347903083129438209
1347903082034679808
1347903088649138176
1347903087210450945
1347903086161924097
1347903092147118080
1347903090943397888
1347903089974472705
1347903206769139715
1347903205900836868
1347903336012410881
1347903338067578883
1347903337081892867
1347903337081892867
1347906608404123651
1347906611570896897
1347906610119593987
1347906615316336641
1347906614091632643
1347906612824924164
1347906620139847683
1347906618772516864
1347906617606434816
1347906621653938176
1347907862425571329
1347911007356686339
1347911008682086402
1347911399859752960
1347911406650322958
1347916042018803715
1347918939410452480
1347918938311516162
1347919154406453248
1347919199457439744
1347926451404865537
1347926448397574145
1347926990200819715
1347926988997054469
1347930014378033154
1347930135878529025
1347930134553059329
1347933753503592452
1347933782322667520
1347934792092798979
1347934791081943040
1347938314494435331
1347941115861864449
1347941119548649476
1347941711868088322
1347944985564303361
1347944989855137792
1347944988542308354
1347944987032391680
1347950007773765632
1347956689257996289
1347957017730813956
1347963555170148353
1347968137237393408
1347968135870091266
1347971158063239168
1347971159602520070
1347971420085768193
1347971423193722884
1347975562740944897
1347975561239429121
1348006138931863552
1348027904538464258
1348028411139145728
1348043476244586505
1348043484503093250
1348043509232766976
1348054077880430593
1348054075963625474
1348054698754887680
1348054701791719424
1348118627535310849
1348123053755142145
1348133853760684033
1348133852527489025
1348136269713444864
1348138102179713027
1348138116234809344
1348138124908572672
1348138159251587074
1348138191459651585
1348138225769050113
1348138242001006593
1348138246472085504
1348138249076793350
1348138259109580800
1348138258790813696
1348138262918025217
1348138265610772483
1348138264956428288
1348138264318898181
1348138274980835328
1348138272514600962
1348138282526396418
1348138287072993280
1348138285353332739
1348138297881714688
1348138311232196608
1348138379217612803
1348138440542584835
1348138459463090176
1348138480162000896
1348138503553638401
1348138514995580928
1348138513720479746
1348138512323805187
1348138519533821952
1348138518611038211
1348138517428199425
1348138516195147782
1348138515985543174
1348138522549501954
1348138521492480001
1348138520519446530
1348141275275382784
1348144923913031680
1348147715973275648
1348152323340644352
1348152332761128960
1348152339753021440
1348152347961257984
1348152349169225728
1348152356601552898
1348152353183174657
1348152367481565184
1348152370128179201
1348152379963805697
1348152385168941056
1348152391141642242
1348152409013575680
1348152504190705665
1348152981808582657
1348152980818731012
1348152979723935744
1348152978708918272
1348152985860202499
1348152984836870144
1348152983872106496
1348152982836166656
1348152987877736448
1348152986816577537
1348167480540278784
1348167492846411777
1348167510697385984
1348167512379289600
1348167523305455617
1348167559342927872
1348167565156216832
1348167594956775426
1348168705889366017
1348168709651591170
1348168708384903170
1348168707139268608
1348168714617720836
1348168713078403076
1348168710960205824
1348168716161175554
1348179405059682305
1348179406066311168
1348181566971899906
1348182447515697154
1348182457405812737
1348182455908503552
1348182464896913409
1348182469749698560
1348182487491608577
1348182677308932096
1348182676096786439
1348182674968510465
1348182680211394561
1348182679234088960
1348182678282006531
1348186702989324290
1348187204242194434
1348187203269115906
1348190226993172481
1348190225948831744
1348190224703082496
1348190229845315588
1348190228826124295
1348190227920154624
1348191126776393729
1348191130597416960
1348191134892371968
1348191141364199425
1348191142958002176
1348191146556665856
1348195008705294337
1348195007774085121
1348195006603935752
1348195113575608320
1348198279515758595
1348198278287007744
1348198276856573955
1348198281554268162
1348198280556027905
1348198799865479173
1348198797894103042
1348198802507890688
1348198808430256133
1348198815346651139
1348201372160823296
1348209226401763332
1348213126471196675
1348213711400558592
1348217279654215685
1348220422190297090
1348221155992350722
1348221155992350722
1348225080082399232
1348232470198628352
1348232474472624128
1348232481753997315
1348232481493934081
1348239803133825026
1348245707745091584
1348247729823043585
1348247742536151046
1348247745820307457
1348248232598532098
1348250875848912899
1348251147769929728
1348258638897549312
1348259807946412032
1348263203214483461
1348263261683273728
1348265895399927809
1348265897572651008
1348266100950065156
1348266102262939651
1348269126259671041
1348269878818476032
1348269877488877569
1348273051750834178
1348273049653678085
1348273060068134914
1348273777549869056
1348273776438386697
1348273775435939844
1348277163791949825
1348281452773838850
1348281451666497541
1348281926386331654
1348281960003678208
1348288097734307841
1348289376766230534
1348292275357458433
1348297031727656960
1348300581413154824
1348300579424989185
1348306105345011712
1348307117699002369
1348307122145005569
1348307123696934912
1348315930770632705
1348326500471226371
1348326974943596544
1348330274887659520
1348330273633566721
1348336303855853568
1348345258585808896
1348345751978401795
1348353927192801281
1348367770233106433
1348393943596101632
1348398471888338944
1348480762744426497
1348484634816950272
1348495864088592387
1348498667079159817
1348499413564592128
1348499416345411584
1348499434863271940
1348499431381983238
1348499442480111618
1348499444996714498
1348499455436320773
1348499454429700097
1348499464173056001
1348499479540936704
1348499545047629826
1348499551884292096
1348500395912355840
1348500394175913989
1348500392829546498
1348500398680666120
1348500397271367683
1348500403491491847
1348500402023485440
1348500400341544961
1348500406670749696
1348500405253066752
1348514431114772482
1348514435502108673
1348514445937545218
1348514449175564291
1348514453378265088
1348514477038305281
1348514614699454466
1348514613688586241
1348514612652646403
1348514611629223938
1348514616855285762
1348514615785713665
1348519401629360131
1348519445086535680
1348529851385393158
1348530216818282499
1348541666903248897
1348560619377717248
1348560623026790406
1348560638310813700
1348560637832650753
1348560653871685633
1348560653259255808
1348560667612246016
1348560763661791233
1348560789049806851
1348560786646564864
1348560792875016194
1348560791499202564
1348560790564069376
1348560790337380353
1348560798164033536
1348560797371412480
1348560796897300482
1348560795655802881
1348560794330402819
1348560800537985025
1348560799296458754
1348560810495401984
1348560814278647810
1348560812085014530
1348560822881181697
1348560820570124289
1348560837397671936
1348564336814514177
1348565449408069632
1348565448439201792
1348565447109533697
1348565452092444674
1348565450783817730
1348567821979148288
1348568591218601986
1348570360380157952
1348570358828261383
1348571865212547072
1348574886428504065
1348574884226453504
1348574883031117826
1348574887640592386
1348575380760911872
1348575382505717760
1348575390302949378
1348575404504854528
1348579037774450689
1348579663778496515
1348579664965427206
1348582704057610241
1348582734315319296
1348582813533052930
1348582812480229376
1348590326584369153
1348590741790969865
1348592995193376769
1348595518239199240
1348595517006127104
1348602568885161985
1348602567543033857
1348602570252587009
1348602748065951745
1348605292590850049
1348605301415665664
1348605338795319296
1348605587924287489
1348605586150068224
1348605589446791172
1348609099777376256
1348609105146077184
1348613071699390465
1348617038227378179
1348617037250138115
1348617823992606720
1348620433210281985
1348620474041958402
1348620475237339143
1348623195830566912
1348624336609898504
1348624335276105728
1348628741543530501
1348628740406841347
1348628742860533762
1348628987199844353
1348628998272798721
1348629004853641216
1348635531433820166
1348635533132525571
1348635839165833218
1348635844194820096
1348639436993568768
1348639465598840832
1348643410459176961
1348643583419502596
1348647016855961600
1348647993444945920
1348647994581684225
1348651011460591616
1348651017148239872
1348651017148239872
1348651022089121795
1348654410218360834
1348658384384483328
1348658392911511554
1348658391523143680
1348658398158589954
1348659065451204609
1348662337641713664
1348662336601559052
1348662335565565965
1348662334483439619
1348666741786861568
1348666768970178560
1348667244876754944
1348667246122450949
1348668758743662593
1348670389673623557
1348670388314673154
1348673539792982018
1348673541252673536
1348674108133957633
1348674128828649474
1348678066558496771
1348678105465024513
1348678443173482497
1348678442020073473
1348680900985425921
1348680907172012032
1348681713459765249
1348684861330976773
1348684859942739968
1348684863314956289
1348684982655574020
1348687366811222018
1348688257383419904
1348688768132411395
1348688773362675714
1348692909105692679
1348695680932405255
1348696319221764100
1348696323818602503
1348698692698701824
1348699705035739136
1348700211669995520
1348700210386505728
1348703483403268097
1348703481666834433
1348704150742294528
1348704147269443584
1348704164541554689
1348708138418020353
1348708137268817921
1348713791861637122
1348725115161251840
1348726283799298049
1348730788200599554
1348730789412941826
1348736439752691714
1348737576933478400
1348738588645576707
1348741676085473281
1348745248147587075
1348745507070496769
1348746140712243200
1348760988086984705
1348764342670520320
1348768658701447169
1348771681255362564
1348775945235259393
1348776210046746624
1348782751629991936
1348847105813733376
1348850953764491267
1348858630360076288
1348858632956387328
1348858631677046785
1348861070677569536
1348861902223409153
1348861901078364160
1348861899929047041
1348861906342211584
1348861905364942849
1348861904320544768
1348861903263592450
1348861909336932357
1348861908317704192
1348861907323613185
1348862585349820417
1348862594191384576
1348862595458093056
1348862606845554693
1348862603976732674
1348862624021286913
1348862625267015686
1348862652714512384
1348862683773333505
1348862721098473472
1348862777994129414
1348862782847000577
1348862783945891840
1348862796407173121
1348862794893025285
1348862799070588928
1348862804732817410
1348862804208586753
1348862807673081856
1348862806435782656
1348862818788007936
1348862824722944002
1348862832788598784
1348862871304892418
1348862869232881664
1348862880012242946
1348862883745181698
1348862900014886912
1348862912488738816
1348862996106383360
1348863032751960064
1348863042675757058
1348863042034012162
1348863051605401601
1348863053237002242
1348865047435440129
1348877247852195842
1348877252260487168
1348877256366686208
1348877259189460993
1348877269150932992
1348877277405343746
1348877276868444161
1348877288776097792
1348877313665019905
1348877333957062656
1348877357050957824
1348877369432559616
1348877376558661632
1348877383236005889
1348877391440064513
1348877389846216705
1348877389540024321
1348877418598170624
1348877427498475520
1348877442145013760
1348877878251855873
1348877883217911808
1348877881900822529
1348877880772595713
1348877879363309571
1348877886560694272
1348877885033963521
1348877891434516480
1348877889400262657
1348877887873564674
1348882037432754176
1348885250982686721
1348885256682799104
1348885259451047936
1348885264823951366
1348885944481431554
1348885941075775489
1348885947539103749
1348885949464236033
1348889079807496193
1348889078813478912
1348892352824233986
1348892357270200323
1348892356276154368
1348892355126939653
1348892353960923137
1348892361632305153
1348892360541753351
1348892359426117633
1348892358318776321
1348892362601218053
1348892608823746560
1348892618323873792
1348892624346882048
1348892632815198208
1348892635692470273
1348892685608898561
1348892709558358016
1348892711206715394
1348892729091219457
1348892740763979776
1348892750196985856
1348892754064125953
1348896882215448577
1348896886426456067
1348896884501270530
1348900148307501056
1348915858224128000
1348915928688418817
1348916261044903938
1348916262772957188
1348919405422338048
1348919404155731970
1348922426629840900
1348922425333796864
1348922427867189249
1348922427867189249
1348922520091717635
1348922533265944576
1348922562366107649
1348926075913453569
1348926452142510080
1348926567297277953
1348930276781649921
1348930282372657152
1348930603446538242
1348932874116898820
1348934005891031040
1348937626884001792
1348937624665382912
1348937631548190720
1348938784306470912
1348938782179958784
1348938780653178882
1348941585413767170
1348941587485745159
1348942059420274690
1348942056882753537
1348945198320021504
1348945316339335169
1348945324308631553
1348945354989957121
1348949856753119236
1348949860800622594
1348949859441655810
1348949858095300613
1348952686171987969
1348952689363857408
1348953127349673985
1348953125931995137
1348956153112268800
1348956150213926919
1348956398927835138
1348956397497577472
1348956680567091201
1348961925661540354
1348964385037963265
1348967893350887425
1348967897809494016
1348968978564071426
1348968979943997445
1348970621955309574
1348971615573327877
1348975542880641024
1348976660066914304
1348979660462419968
1348988231556112385
1348997721374543881
1348997718954307585
1348997729058508801
1348997727833772032
1348997735215755270
1348997927591583744
1348997930431123457
1348997935543984129
1348997933304201217
1348997936986746880
1349000680942436354
1349005202490335237
1349005216620933124
1349006352690139140
1349008371777736704
1349008368594255873
1349009157425389570
1349009625463590913
1349009624054308864
1349009628131110916
1349009626814152707
1349013978362613760
1349013976550666246
1349013982812786690
1349013992543571979
1349014407091806211
1349014405527302154
1349014408400429056
1349017676258144258
1349021074147713025
1349021313034317838
1349023330985254927
1349023717037395971
1349023715871191040
1349028813460615169
1349029130411495424
1349032148590727171
1349032152600432641
1349032150541090818
1349032157621092353
1349032155360284673
1349032161500819458
1349032159667838977
1349035577958690816
1349035577186910211
1349037055800610818
1349038435231821828
1349040074550177792
1349040073380032512
1349040522506211333
1349042891121975297
1349042897140776962
1349043473907781634
1349043475694567425
1349048108307673091
1349048263328976897
1349048260686606336
1349050638844493835
1349050663326593025
1349051525797089281
1349062346124087297
1349063225560629252
1349069901248401410
1349073923720114176
1349074245331132419
1349088771384381441
1349088769891209216
1349088865198501896
1349088868679737349
1349088876690870276
1349092294289342464
1349093558318338048
1349096136804589571
1349101609200939008
1349107773703737345
1349115701118652417
1349126139399180288
1349127030617595906
1349131046831366145
1349133944998957059
1349133944029990912
1349134443068481538
1349197739448418307
1349209345276444672
1349214348820926464
1349223443460448258
1349224417344294912
1349224433026822144
1349224436185133061
1349224443348971521
1349224451347509251
1349224467369783300
1349224474630098949
1349224491998707712
1349224491377979397
1349224496524386306
1349224529453850627
1349224545757122560
1349224579806486529
1349224655438098434
1349224668071342080
1349224666225909765
1349224665303101440
1349224671699460098
1349224679052091392
1349224677835759616
1349224690473197569
1349224696215175169
1349224703450353665
1349224716419084290
1349224727043309568
1349224732986585088
1349224732143583233
1349224742335733763
1349224740825804802
1349224740817432576
1349224745984794624
1349224745364058113
1349224812485468160
1349225045831282689
1349225044816265216
1349225043742507008
1349225042534567937
1349225049996234756
1349225048884736001
1349225047882272769
1349225046863069184
1349225052080799746
1349225051061538816
1349234881600090116
1349235741214212102
1349235742547984390
1349239791326552064
1349240178397818880
1349240176036483072
1349240184190201857
1349240200078229505
1349240213009276928
1349240231082549249
1349240254335754240
1349240250707697664
1349240261973573632
1349240264183984129
1349240267593961478
1349240282072698880
1349240286661242880
1349240286661242880
1349240285587513351
1349240284379549701
1349240284262096896
1349240288334766081
1349240314238803968
1349240772164423680
1349240777805758465
1349240775226183681
1349240782943789057
1349240781815435266
1349240780129386499
1349240787054170113
1349240786030710784
1349240784969613312
1349240783929450496
1349243667916017665
1349243666812948482
1349247355263062016
1349247363785895936
1349248195398811648
1349248698954305536
1349251091326636032
1349251094287769600
1349251092824002563
1349251339977572354
1349251542600347649
1349254871485071361
1349254870029594629
1349254872722378752
1349255196082376704
1349255214923194369
1349255228034527233
1349258781583138817
1349258785785839616
1349261147220938752
1349262486470602753
1349262484524437504
1349262664237649923
1349262665504366592
1349266250904596480
1349270206460416006
1349270212579893248
1349270220880433152
1349270229495521280
1349270259241529347
1349270721894047747
1349270720489029636
1349270719121690625
1349270724624568321
1349270723341086720
1349277390736740353
1349277393911832576
1349277392792031233
1349277391714045954
1349277923044429824
1349277931273641984
1349277933899280385
1349277932200620034
1349281166960979968
1349284915171483648
1349284921567813632
1349284925611134976
1349284948293931008
1349285195531177986
1349285199180226562
1349285198026862592
1349285196869238786
1349288969255546884
1349292864807727106
1349293665873760256
1349297026526310400
1349297024835997696
1349297033493045249
1349299744976330752
1349299754711310336
1349299756988833793
1349301301130055680
1349301300056375300
1349301298940710913
1349304565116489731
1349304566831960064
1349304937398861826
1349307481055514624
1349307488957591552
1349307488185802763
1349307493437075456
1349307714644582405
1349307716091613190
1349310607372111872
1349310606256467968
1349312115455062017
1349312116520493057
1349315260776206337
1349315259668910080
1349315264727302146
1349315263406120961
1349315261967470592
1349315266254053378
1349315805121568768
1349315816169361409
1349315819617087490
1349315826294415363
1349315862486986753
1349315882711969793
1349319920266276867
1349319923395252224
1349319921927286787
1349320951977152513
1349322940769128448
1349322939406065667
1349322941884899332
1349323239496024065
1349323244218830848
1349323244030095362
1349323250103427072
1349330277605257217
1349330282529361924
1349330614814535681
1349333808089346050
1349335143639523330
1349335142289039360
1349338167321657349
1349338942815019008
1349341683654209538
1349341693951287296
1349341726595575810
1349341724871688192
1349341732077527040
1349341943080185856
1349342561471668226
1349345206655660033
1349345214306148352
1349345238926692354
1349345715714097157
1349345718272626689
1349345717031112714
1349348355659296770
1349349056934539267
1349349227902750722
1349349748394795009
1349350498684391430
1349353390560608256
1349353391667900419
1349353905390579713
1349353911325503494
1349357039663919104
1349357038313197572
1349357041379201028
1349360545258991618
1349361568836845574
1349364589046034439
1349367734673371138
1349367733582905344
1349367732437803008
1349368263600451585
1349368260995805184
1349368266175737856
1349371129924751360
1349372037178019841
1349372892224442368
1349376039458279425
1349376166495465473
1349376162989035522
1349379684300169217
1349380694447853569
1349386977678929921
1349387111128973312
1349387738810781696
1349390389174693891
1349390388188966912
1349390387119443969
1349390675423408130
1349390682742546432
1349390687238823938
1349390692242632706
1349394031151697922
1349398178408370177
1349398181671546880
1349398186369040384
1349398185374961665
1349398184330596355
1349398187467968515
1349401707172700161
1349402909507772418
1349402905619685377
1349403097727078400
1349403105784315904
1349403104664424448
1349403103116685313
1349403345547534338
1349406237293625351
1349406435474595842
1349406461143773190
1349409259197325312
1349409258182348806
1349409257209307141
1349410240157130759
1349413783681302528
1349413797891604481
1349413798034231300
1349414044025843714
1349414045527330816
1349414045527330816
1349415919462670337
1349416429531983872
1349417186364805120
1349417189552451584
1349417191934894085
1349421252629442566
1349421275610034178
1349421353171083267
1349421839106248704
1349424989041164293
1349424993390587904
1349424997433896960
1349431018927710208
1349432284470865920
1349436234494578694
1349436941813518336
1349440086614495232
1349440088036425729
1349443759046537217
1349447750321115138
1349447788715765764
1349447886321242112
1349451158629146631
1349451581075431424
1349451600520228866
1349455564338651136
1349455814755450880
1349459412784734210
1349461220563116032
1349465823556083714
1349470165973385216
1349477831458242563
1349477833081438209
1349485383474577408
1349488537129930752
1349488783293497348
