1319054608916901891
1319063416787619844
1319073483943407617
1319090595814670336
1319105386666930176
1319117774916997121
1319247631089094657
1319286134564933633
1319294943110729730
1319322877062049792
1319328916499124224
1319346532584288256
1319349804099653633
1319367926483476481
1319392082436476930
1319410705364373505
1319420772469727232
1319432096172081154
1319435367653593088
1319446692236791814
1319448453911441408
1319448963443982337
1319450467265433601
1319452480451694593
1319452732114259970
1319453990325661698
1319454865286926336
1319455248868663296
1319456758734225414
1319457010312675333
1319458227160076292
1319458523177156610
1319459778989469696
1319460281936793600
1319461625427099651
1319463301995266048
1319464056621813765
1319465818300690433
1319468334845513729
1319468838195396608
1319469844920627201
1319471858027122688
1319472613035528192
1319473619941031937
1319480014857998338
1319643992523296769
1319655065708355585
1319666310133985282
1319674946482819073
1319686774441058306
1319698853830983682
1319714530507825154
1319723264927649792
1319732324616077315
1319740377486688257
1319757238593048577
1319784648227065859
1319786992125751302
1319790457560379393
1319796141567819776
1319811093422800897
1319988764249305089
1319997068765581312
1320020154936295425
1320034854575181824
1320041360771051522
1320055705416523778
1320058976885760003
1320062504068911105
1320071308193918978
1320075586442809344
1320081374448025600
1320084095679057922
1320102491157983232
1320114298878939136
1320122899655634944
1320130447649636352
1320137745696649216
1320151335199756288
1320154858654056449
1320164924803383298
1320349894050156544
1320362476714795009
1320372291486662656
1320385240171511809
1320394690789855233
1320401735534268416
1320417338026491904
1320417890911330304
1320426649410625536
1320449802094714880
1320458106757926927
1320463895295893505
1320477737249722369
1320485537782878208
1320500637352693761
1320507935756328960
1320516150988451841
1320716067111653378
1320734430881697793
1320736944238809099
1320739460842180610
1320741987973099525
1320743992275980288
1320757084225495042
1320775951781744641
1320784852266999808
1320787278147403776
1320800754228170756
1320812441551343616
1320822759933550592
1320836600805416961
1320850190325194754
1320857739959193601
1320865455159025680
1320933992443465728
1320936509038624769
1321083729096413185
1321095557289529350
1321112418487971842
1321119685358669824
1321138590789726209
1321145611475824640
1321164380080381952
1321169796420018178
1321174829328990212
1321188769173700608
1321216353164931072
1321223902849323008
1321232710711582720
1321233199062810624
1321240263663194114
1321245411789733893
1321250327190908931
1321255611795951618
1321457349836550151
1321467717694693376
1321474305004236800
1321480303819501575
1321491263334436864
1321499468571684864
1321507018516156419
1321512059029213185
1321522117754658816
1321532184285642753
1321537217441996800
1321554078376226818
1321563893001408512
1321576224624414721
1321586217956397058
