1298744399388647426
1298744510990647299
1298750144406589440
1298753092557705217
1298755903899000832
1298757115557773313
1298762146457755648
1298768533338255361
1298774155060318208
1298775011885424640
1298775058756718592
1298777246157533192
1298780864151613441
1298782845578522626
1298783271082311680
1298788662537142274
1298797378984542208
1298801280500998144
1298802414577790976
1298805986111533056
1298807444966010882
1298810009715802113
1298812478223245313
1298814643201126400
1298817514495860737
1298820027827671040
1298822544691142657
1298827577612808192
1298832611134013440
1298837595254792193
1298840282100727808
1298841881007108101
1298842677165793283
1298850226942418944
1298852743440809986
1298857776538505218
1298860293368377344
1298862810575720451
1298867842935214082
1298869101910044673
1298875392598695942
1298877910405636096
1298880425956216838
1298885385389391872
1298887100993925121
1298887975535861760
1298893011284365313
1298893113201631238
1298898041831927813
1298903102020448257
1298904333367406594
1298908113513439233
1298909529124429826
1298910624949313541
1298913141506617344
1298918174625329157
1298923211690737664
1298928241055608832
1298929545785913344
1298933274283212800
1298938311810207745
1298938733421420544
1298943340357001219
1298945313693003776
1298948373660102656
1298949995974909952
1298953412684312577
1298958440140664833
1298963113996242945
1298963473070796806
1298965990324092928
1298968506369634305
1298973539618263040
1298977876088205314
1298978572720373761
1298983368965537796
1298983611706888192
1298988639636951044
1298993672361394178
1298997001187516424
1298998709427077121
1298999003271503873
1299001222179860486
1299010694189322240
1299010703668449281
1299011823438573572
1299012047766728705
1299012148455247872
1299012309835304965
1299013059000893440
1299015377037426688
1299017510071799808
1299017760853422080
1299018715703508993
1299019520804294664
1299021881908105216
1299022213996326913
1299022311115415552
1299023108859400192
1299029389376720896
1299029669178757120
1299029839270342656
1299030556533981186
1299033715583209472
1299033873825890304
1299034181402537985
1299035619377774596
1299038598646378504
1299039935287169025
1299041676967718914
1299041750372188163
1299043500659560455
1299044816026824706
1299045960518164482
1299046647117369344
1299048157683298304
1299049183022850049
1299049183022850049
1299050084806668289
1299052985767653376
1299056503530360838
1299057341694963712
1299058408247775232
1299060754809749505
1299063310336360451
1299065438308044802
1299067143951126532
1299069680628436994
1299074284074274817
1299076149902020608
1299076599636205577
1299080153990078489
1299083394316410903
1299090085258895361
1299092065519833088
1299093797134102528
1299095239404134400
1299097985276678145
1299098549318291457
1299098886355722240
1299098903275606022
1299098913333547008
1299098924419035137
1299100957083611136
1299101468327280640
1299103181159497729
1299107924762034176
1299108175552098307
1299111754799210498
1299112655433719808
1299112717689774080
1299114006792351744
1299117160791334912
1299118501018382338
1299118689426509832
1299119038165966854
1299119505113673729
1299124534402924545
1299126177379082243
1299127667594162176
1299134002712903680
1299134523410493440
1299139633817681920
1299144067029168128
1299144667083059200
1299151435695665152
1299157434628411392
1299159766435074048
1299165103967760384
1299167695431057409
1299170336966017024
1299172254006145024
1299175057504182272
1299177812801196033
1299179757641195521
1299181824799772672
1299182597637980160
1299182761148854273
1299187048260071424
1299189965587271683
1299192918805106688
1299194999968473089
1299200992701870080
1299205065014759425
1299207261017968643
1299210098120638469
1299214363799089152
1299220735160795136
1299221692389011456
1299225197552181249
1299230209699323904
1299230230737952768
1299236201094737922
1299240298011222016
1299245330291216384
1299250363489554432
1299255398453530628
1299255636471902213
1299258992032538624
1299265462908452865
1299265834188115968
1299270498803646465
1299273054359400448
1299275529242046464
1299278656003473409
1299280366490906626
1299280562465640449
1299285598973247489
1299287241391366147
1299288112326090753
1299290628774338566
1299294378133913602
1299295661901242368
1299300697733824513
1299305728600014850
1299310761492099072
1299315795231678470
1299320828186603521
1299325861112369162
1299330896638558214
1299335927752536065
1299338445341384706
1299340960795688961
1299345998985142273
1299351027175620611
1299353377319522304
1299356061271375875
1299360934008250375
1299361093479927809
1299362188214202371
1299363609659740160
1299366126518902785
1299366479146684417
1299367935685857280
1299370198596808717
1299370400250552320
1299373090565165056
1299374008727736320
1299376196115857410
1299378117321142272
1299379992086839304
1299382379413372929
1299383784840867841
1299387789956526086
1299388963308830720
1299391784238407682
1299391919722844162
1299391928279203840
1299392395491016711
1299393361833533440
1299396150139772929
1299397292844351490
1299399601728950274
1299400636207898625
1299401089339535360
1299402454136770562
1299402783259582464
1299403903583293446
1299406395452907521
1299406441414000642
1299409077106343941
1299409134731886595
1299409772643520520
1299410012666814464
1299410025186832392
1299410251675054081
1299413276619661317
1299414623939170304
1299414667207544837
1299417116576280585
1299420683097845765
1299421716423245828
1299422817386201095
1299426393126850561
1299427666148417536
1299427694262747137
1299433301241991169
1299439619394674688
1299442563154354176
1299442583341608962
1299446424338419712
1299449918084575235
1299450937086541826
1299451690249334788
1299454049633423361
1299457473225596928
1299457779682496520
1299460570706522113
1299462261975777280
1299466095506714624
1299468968982458369
1299470111322124292
1299470254935072774
1299474638188109824
1299481890508816384
1299482894122000384
1299483657640513537
1299483992987701250
1299485140633169923
1299485511392940032
1299485914910121986
1299486922381778944
1299487510826029057
1299491955437568000
1299494996366692353
1299496931232747520
1299497221285580800
1299497267611615232
1299502021758812163
1299507054889988098
1299512087945846785
1299515871623221248
1299517121194602498
1299522154518675457
1299522588385767424
1299524021235507200
1299527190661406720
1299527190661406720
1299532220894457856
1299533102985797632
1299535273471033344
1299536451168690176
1299537253904023558
1299542287857451008
1299547320166555648
1299552353415098369
1299557388387835906
1299562419782479872
1299565076806950915
1299567452838342658
1299572486988759041
1299576288563228672
1299581449134202881
1299582552336928773
1299587587875770370
1299590133868457985
1299592360699899904
1299597651688730624
1299602685524496389
1299607718232195073
1299608852845879296
1299612751258550273
1299619225560997888
1299622817705664512
1299625737327050754
1299630212443856897
1299632884060307461
1299634983271768072
1299638854790467586
1299642950285053953
1299648738865053698
1299655244859600902
1299660672972722177
1299662986177462272
1299668528681725952
1299673810925318151
1299678183625830400
1299683215787974656
1299688248848142337
1299693843801976833
1299699203837292545
1299704159592042496
1299709779485499393
1299713576333000704
1299715571777331201
1299719404423319553
1299724576478228480
1299725779131981824
1299728514430701570
1299728906988195848
1299730069372506112
1299730112007397377
1299730287052623873
1299734112312360960
1299735400592834561
1299736033689505794
1299736064018403328
1299737197193711617
1299739966751363074
1299743180552839169
1299744523552251912
1299744825940619264
1299745336035078150
1299746274246307842
1299750158440312832
1299755009538764805
1299755085245935621
1299756204839837697
1299763615306854400
1299767904599236608
1299768784006164480
1299768842164547584
1299777919166881792
1299778555270832129
1299780576648613890
1299780920111771649
1299781322207105031
1299784001335496704
1299784033266786305
1299797124704591873
1299814082015571970
1299823906459725824
1299827663167782913
1299829146525274113
1299830745851191297
1299838599387586560
1299841751151247361
1299844281344159745
1299849310209630209
1299851461401092096
1299853894290255872
1299859944930328576
1299862618606170115
1299869442759888896
1299869442608824323
1299869948873814017
1299875434771828738
1299878291340292096
1299879509219393536
1299884542216396800
1299889575397998594
1299892091988905985
1299894608818655233
1299895969530572800
1299898743676792832
1299899641924734977
1299904677090226176
1299905694020202498
1299909708157861888
1299914741255532544
1299917257770897408
1299919775171252226
1299923582814793730
1299924807572627456
1299927325103075328
1299927472226488321
1299929840691351553
1299934873755496448
1299937042810372096
1299939907117264896
1299947731117469697
1299949976555073537
1299955006477459457
1299958781527429121
1299962556350595072
1299963018294390784
1299966331362652161
1299970106106159106
1299975139350650882
1299979008642146306
1299980173492666369
1299984246774226945
1299985205458018305
1299990238668832768
1299990585009303552
1299995275679789056
1300000304923127808
1300005338171703296
1300010374973054977
1300015404623028224
1300020437754294275
1300025472642842624
1300026242503045121
1300030504301805569
1300032719317950464
1300035907064442880
1300038483365359617
1300040574138036224
1300044920376291328
1300045603561447424
1300050636889894915
1300055675570061312
1300060703106248706
1300065736187142145
1300070774741626883
1300072245402845184
1300075802659356672
1300080835765456897
1300082094064807936
1300085875481538562
1300090376787820547
1300090902271021057
1300091695296589824
1300094975045251078
1300095230729953280
1300095635165712386
1300096253037023236
1300100170600902657
1300113357291257856
1300114277907550211
1300114599417704450
1300114735837384706
1300117615940075520
1300121082071076865
1300124180252446728
1300125142467645441
1300128526885163012
1300129204147834881
1300129576941768705
1300132011055644672
1300132971421331456
1300133282672267264
1300137530889826305
1300137867054919682
1300140413769199616
1300143678401511429
1300143880738942982
1300144032908181506
1300144638465052674
1300145501707415552
1300145696079781888
1300148507169431554
1300161082498125825
1300165237686128640
1300168060519755785
1300174731510001665
1300178908369821696
1300178908369821696
1300184811076825088
1300191569719390209
1300192162836099079
1300206667515133952
1300211697999806464
1300212497367138304
1300217931318530049
1300219618779230210
1300221571533955073
1300224590422003712
1300226797447966720
1300231830671486977
1300232988173701123
1300236142453731329
1300236863970504705
1300241896867008512
1300244062788702208
1300244910616895489
1300246930098774017
1300247156834463746
1300251966006673409
1300252139445313537
1300256996487245825
1300259513958690817
1300262029647736833
1300267063445876739
1300272095989907457
1300277129054044160
1300282162688806914
1300284678834925569
1300287195404787721
1300289459422855170
1300297262736838659
1300302294861443073
1300306169617985536
1300307328118317056
1300312362403139584
1300316688030654464
1300317394452189184
1300320277214105600
1300322427642114056
1300324944119644160
1300327460668571648
1300332493850243072
1300337527123918848
1300337920251895808
1300343072199385088
1300348981038309376
1300350165342064640
1300352626584846338
1300357662391988225
1300362692964888576
1300365242384351238
1300368148420423682
1300372762704318464
1300377792345976832
1300382825535815680
1300386485510701057
1300388767186874368
1300392892066721792
1300398695968464896
1300405696442236928
1300412967440187393
1300414591902441472
1300417536597438464
1300421631588794369
1300423742082875394
1300425651803967489
1300428567482781696
1300433164830031873
1300437617712881664
1300439448774156288
1300443949048369153
1300449335096745988
1300452156550426625
1300452618469343232
1300454469713293312
1300457107020550144
1300458256599457793
1300458868376367106
1300460134339092481
1300461137868345344
1300463104636203010
1300466439485378561
1300467931923582977
1300471316194177025
1300472352845828099
1300472665770262528
1300475230629122048
1300478773280804865
1300478893699334148
1300481734639837185
1300482368046804993
1300483946879365122
1300486293147836419
1300487113897578496
1300488239946567680
1300492310522855426
1300493739375431680
1300493895302774787
1300500172867276807
1300501611752628224
1300503356553736195
1300512831943647233
1300513048940220417
1300513182885335041
1300513858604412931
1300516373077123072
1300520034016653314
1300526106295054352
1300527211800342529
1300530923033763842
1300550583141781505
1300550714196885504
1300554144084897794
1300563446493310977
1300568592589692928
1300569055871475712
1300571883818168320
1300574085777301504
1300574448999903235
1300579119139229697
1300583960833974272
1300584153403084801
1300589185343131651
1300594218482544641
1300600296284909568
1300600988131188737
1300601611379642368
1300602591106088961
1300604284871028740
1300609317939236864
1300612754789683200
1300613790409478144
1300614353570459648
1300619384390549509
1300621071968739328
1300624417496510465
1300629456684490752
1300634483931205646
1300639516957585410
1300644551732785152
1300649583370878977
1300652257952686086
1300653061111599110
1300654616481210369
1300659652342898688
1300664682856943622
1300669843058823168
1300674733235605505
1300677520237293569
1300679782326099968
1300680720982003712
1300684815365103618
1300689849599524864
1300694881870868481
1300699914930847744
1300702706462420993
1300704952810008576
1300709981277224960
1300712221052264448
1300715014500876294
1300716272729161728
1300720051176177664
1300720654002520065
1300725080817913856
1300727598880702464
1300728846891638784
1300730114016116736
1300735151396151296
1300740180429606913
1300750248311226371
1300751299474944001
1300753101838639105
1300755279974412291
1300758811855040514
1300760313051004935
1300765352800866304
1300766701131149312
1300770379531599874
1300772895832993793
1300775412432334856
1300777304906317832
1300777929144582148
1300780447438307328
1300782962317897729
1300785479126638594
1300787996715823105
1300790512014819328
1300793922663243776
1300795064646430720
1300795551072636929
1300798061732483073
1300798481297100801
1300800578625384448
1300805611689443329
1300810645147848704
1300812557955903488
1300813161306574850
1300813161306574850
1300813721380335618
1300815678220320770
1300815828569518084
1300820548222676993
1300821912986279942
1300822949067468800
1300824468185546752
1300825338126249985
1300825553415606273
1300827203161255936
1300828198746415105
1300831182477815809
1300833512145199104
1300834079609417728
1300834844964990977
1300835772946411526
1300837145519816705
1300837290315591680
1300839789860659204
1300840137639763976
1300842547649142787
1300842953641005056
1300844703986876417
1300845258868174849
1300845579640229890
1300846994739679232
1300850198206459904
1300851356232753152
1300851411987689473
1300855187687575555
1300858173058945026
1300858630611369989
1300859752818376705
1300861315276300288
1300862176618516480
1300862858117492736
1300863650761191437
1300866166219571207
1300866346629107714
1300866711424512000
1300867603473235968
1300868981025312773
1300870135213944835
1300871285111689217
1300872602953674752
1300879165185548290
1300879952208965633
1300879962107523074
1300881125838065665
1300884567990075402
1300888889264091137
1300893757668294656
1300894546579075073
1300898819438186496
1300899906257850368
1300903945234153479
1300909375314366466
1300914360508964864
1300916837052567557
1300919353093902336
1300920071917838337
1300920360548945922
1300931140841287680
1300931443925938180
1300932810023358469
1300934961562882049
1300936473961787392
1300940486866276353
1300940878597386240
1300941507013140481
1300946544699604993
1300946647229149185
1300951573208719361
1300956606339919874
1300957467891826689
1300961640393834496
1300966672786796544
1300966777753497600
1300971705762893825
1300976742589435904
1300981772256120832
1300986805295165440
1300991838812135425
1300996436876644353
1300996871821819907
1301001904772845568
1301006940118622209
1301011971232296961
1301013141703155713
1301014547306696706
1301017004367699968
1301022039378075650
1301027071368388608
1301029149255938051
1301032103807561729
1301035410575949826
1301037138457186304
1301042170095304704
1301047203323027456
1301052236341149698
1301057269728239619
1301062018217074690
1301066290249908225
1301067339874541574
1301072369302351872
1301072922786689024
1301075755837743104
1301077402366472192
1301081351186034688
1301085088956907521
1301085856002789376
1301088685056692224
1301092501978148864
1301097539828031489
1301100315358294017
1301107601426599937
1301112637007241219
1301117667600982023
1301121999767367682
1301127714741473281
1301132767099580416
1301135941998764036
1301137800419450882
1301142839942762496
1301147216501825536
1301151985500971013
1301152899888631810
1301157935880396803
1301160947856207872
1301162439120007168
1301164586184273922
1301168932544421894
1301170175794794496
1301171253663821826
1301174042649440258
1301175403990654976
1301178365106368517
1301179138515120128
1301179404098310145
1301181850698874880
1301182327582846984
1301186502215561216
1301188782797082624
1301189869809668096
1301192285728780289
1301192981844688898
1301194568487051264
1301200150203895813
1301201796573081601
1301203380132511746
1301203732756037632
1301210468040806400
1301212580866699264
1301217123683971074
1301217397987307526
1301217673305632768
1301219415401299968
1301219904339795970
1301221910211108865
1301222537595170819
1301223694484856835
1301224290998792194
1301227362554646528
1301231231623999488
1301232594692997123
1301233446237491201
1301233460976201731
1301237041448005635
1301238260207964161
1301238270643310593
1301238851755749376
1301240296618037248
1301243089617653761
1301250726551785484
1301252501862264834
1301255867011010560
1301256927096250368
1301261136948535299
1301261812294393860
1301265682944929800
1301266194981363715
1301273501685428228
1301275386303610880
