1250554277359169536
1250554277359169536
1250566323819683845
1250589200665186313
1250592547447209984
1250592559556149249
1250592580691206148
1250592604456173569
1250592615545950209
1250592641399640066
1250592664157933568
1250593216535150592
1250593238647480321
1250593254715854853
1250594418668769280
1250594443574607872
1250594468820062208
1250594485630885889
1250596764694052864
1250596786093330433
1250596828451569664
1250597387875299328
1250597413468819456
1250600047470874631
1250600064617271297
1250600086771503104
1250600113673773056
1250600133357641731
1250600160050241544
1250600178740088833
1250600206846042112
1250600234855661569
1250600264173785088
1250602122887991297
1250606660495773699
1250651178377109506
1250651246291308544
1250651295360352256
1250651298799771649
1250651313723113472
1250651336934391809
1250651375337340928
1250651391519076352
1250651451975745538
1250658996819763200
1250660163008282627
1250665172068372480
1250665257015664640
1250665266159198208
1250665275294351361
1250665284429635584
1250665293527101440
1250665302670618625
1250665311877107717
1250665321024847874
1250665330139111425
1250665339228127232
1250665348346544128
1250665357494423554
1250665366583468037
1250665375697690629
1250665384832876545
1250665393938747395
1250665592895557633
1250667633860542469
1250667659974279168
1250668431604699136
1250672005097144322
1250672028199329795
1250672050982748165
1250672081076920321
1250672102006501377
1250672129756008448
1250672706577727488
1250672735853973505
1250673924662312960
1250673941326200832
1250674535063588874
1250675336452415495
1250675410448375808
1250675434427224065
1250675456694681600
1250675476701552640
1250675510440591360
1250676087924953089
1250676107071950848
1250677300636651526
1250677860995682304
1250677881002434561
1250680033636765696
1250682152326508545
1250683569883820033
1250684264330473472
1250686084708798465
1250688294549151745
1250688602046152707
1250689326578642944
1250689752573108224
1250689893132652544
1250690759193432070
1250690785030426626
1250692078255910912
1250693411298062338
1250694164372533249
1250697435980144640
1250697769678970882
1250698797333843969
1250700529153572865
1250700547646251008
1250700565140643841
1250701462402818048
1250708918675877890
1250708942172422144
1250711722899447810
1250714620475645962
1250715565041299458
1250715597865922560
1250718455403352064
1250719642026459136
1250721726289399808
1250721786662211584
1250722559055798273
1250726271987965953
1250726917776515073
1250727027679862785
1250727051822333952
1250727095552147458
1250727815160516608
1250729285037457411
1250733415663534081
1250733468662800388
1250733889468981248
1250738308457562114
1250738430314557442
1250739250145918979
1250741503980421120
1250742383861514240
1250745387088064512
1250747744593076226
1250748451748491265
1250750274655981568
1250751571761270784
1250753010533359621
1250758516815597570
1250762829730217986
1250762853197516802
1250762874240237574
1250764418402713604
1250764449839026176
1250764470722482177
1250766210846818304
1250767844721209346
1250767895031959553
1250769481900732416
1250769525538160641
1250769560917114880
1250776088697020416
1250777026962886657
1250777653726109705
1250778106509524992
1250778958901194754
1250780865883369472
1250780894157291520
1250780958724423680
1250782522608402432
1250784263336800258
1250788619905875972
1250789397194252290
1250791815185383426
1250792774246465543
1250795463273598983
1250795508387504128
1250796280491753472
1250798525232959489
1250802090349400064
1250806283751563266
1250811123785445376
1250815466047561728
1250816343659679744
1250818957348667394
1250818982967377923
1250819120981041160
1250819168217313280
1250820272367841280
1250820354878119938
1250820837604831232
1250823297253675008
1250827086996127744
1250829424544669697
1250835407497027585
1250836225428271104
1250837076494426113
1250839800220966922
1250840450832924672
1250840473712889858
1250842883961298950
1250848706510884869
1250850534740942848
1250850577761918987
1250850686356664329
1250850802123657219
1250850802123657219
1250855720670683139
1250857679939084289
1250864144376573954
1250864345548050445
1250878608601735179
1250878634463760385
1250904515894788097
1250918242543177736
1250935072200499201
1250935092794527744
1250935111773818882
1250935134808932353
1250935633528459264
1250936927773130759
1250939464374984704
1250939486315429889
1250939510621384706
1250940569943257088
1250940598317613059
1250940639568633856
1250940662587043840
1250940684569391104
1250940712369127426
1250942442305658881
1250942462446706690
1250942503827714051
1250942525159936002
1250947049274695680
1250947071349272584
1250947087606452230
1250947108598951943
1250947128119234560
1250947144275693568
1250948281435291649
1250951068294529024
1250951105535672325
1250951124967972864
1250951142294642688
1250951169419214849
1250951197890093058
1250951241422815237
1250951258720088065
1250951274201321474
1250951296066125832
1250951312994336779
1250954303063445506
1250958618394079234
1250988798944645126
1251014429535342593
1251014464750698498
1251014512666447872
1251014553544142849
1251014611052244993
1251014731651076102
1251014764974784513
1251014829634093056
1251014850878341126
1251016031562272768
1251017269540532224
1251020972137775104
1251023784427036672
1251023812499562497
1251023830195286016
1251024681848750080
1251025983022432261
1251026011006926849
1251027149294796801
1251027640477257728
1251027649595572225
1251027658735058945
1251027667857682432
1251027676959330304
1251027686077718528
1251027695271624704
1251027704398450688
1251027713542029314
1251027722656264194
1251027731774611456
1251027740880515076
1251027750011486208
1251027759104655360
1251027768260857856
1251027777480003584
1251027786585853952
1251030577085644800
1251030594366189569
1251030627123630086
1251034206785937409
1251035538750136320
1251037101052887040
1251037163732566018
1251040896667267073
1251041797813538816
1251043297600118791
1251043818763403265
1251044764713132033
1251044795486781440
1251044818026971137
1251045451714957312
1251046789328838657
1251047511965552640
1251047871551594496
1251049243332300801
1251049744153169921
1251049804995735553
1251050273369448448
1251052800794124291
1251055014241599489
1251057614416498689
1251058885579980800
1251058940974182400
1251060064284291074
1251060250477834246
1251060580678582272
1251061200705781761
1251062016464338946
1251062015541612545
1251062802393059328
1251062906747322370
1251064806171426816
1251065368472420352
1251067079052181504
1251068811207421953
1251069721606344704
1251069849780051968
1251071599358468096
1251071625979723778
1251071964581634049
1251073593267585026
1251078397029158912
1251079623645057024
1251081215777660932
1251081281712029696
1251081619496226816
1251082538380136448
1251082678872477696
1251082712632483840
1251083637916946439
1251083714198634496
1251083822814441473
1251084801072869376
1251087062574551046
1251094321916522497
1251095318537568257
1251096945411665921
1251100089160028161
1251101990400163841
1251102539115888640
1251103014871535617
1251103103648100352
1251105642175180802
1251106116320321537
1251109721370656769
1251110658810220544
1251111577387962369
1251113556583624704
1251113618722127873
1251116965256716290
1251119335021727744
1251120865649049600
1251122092906549249
1251123835497263104
1251126010298408965
1251131432191365121
1251134625709162502
1251137262223609856
1251137793864187905
1251141753563787264
1251142585755635713
1251147403249369095
1251149362010288131
1251150072953200642
1251150663213441027
1251153859084312576
1251154084255563778
1251156606902886400
1251158147449815040
1251158338261233666
1251159969530961922
1251160044910985222
1251173016765153283
1251179264453591040
1251185016027197442
1251185174097903617
1251192195232739334
1251194229549862914
1251195817760825344
1251203743846223873
1251204343170301954
1251207428227694592
1251207457503940608
1251211852622843905
1251212366022393858
1251217770496352256
1251219428978708483
1251221572263821316
1251225952006307841
1251226951504756738
1251228036663558147
1251228036663558147
1251232694052290560
1251234843792416768
1251244992892461058
1251246532151705600
1251268109027160065
1251281938859638784
1251291951783120896
1251291994573418499
1251292011161935872
1251292030015352838
1251292055659216900
1251292072453292035
1251292113255444480
1251292147023831041
1251292174261669891
1251292201528823808
1251292237708824578
1251292255660498946
1251292307862818821
1251299218708402183
1251300922292125702
1251300947055304704
1251300964558086147
1251300999236632577
1251301025400729602
1251301042718937091
1251301059554938881
1251301077405896709
1251301103985197064
1251301678428667905
1251302244156309510
1251302834437488640
1251303941066940419
1251303965439950848
1251304568471855111
1251305706185199616
1251305732764585986
1251305778113372160
1251305806403899392
1251306953630003200
1251364135658557441
1251365310994747392
1251367891821264896
1251367987107545088
1251368028853370881
1251368056128966658
1251369145083535360
1251369180408012801
1251369215220682753
1251369776133410821
1251370262865620992
1251370824478662657
1251370900097769477
1251370923787255808
1251370958612500481
1251370992498335744
1251371544368091137
1251371638807040000
1251372737676873728
1251374889250033666
1251375589333876736
1251375639631888384
1251381827216068608
1251383512176918533
1251384971958325248
1251385013964333057
1251385109875429378
1251385173582712832
1251385723703394304
1251385791688949771
1251385858592210944
1251386354291871744
1251386378509791233
1251386408687865858
1251387077360484352
1251389439722631168
1251390036878266368
1251390046256709632
1251390055396057088
1251390064497774598
1251390073578414082
1251390082742878208
1251390091865600000
1251390100962934785
1251390110135918592
1251390119250219008
1251390128368615424
1251390137495433218
1251390146789982208
1251390155887386625
1251390165010046976
1251390174107512837
1251390183158820867
1251390192340123648
1251390311315779584
1251392471868866565
1251397776602251264
1251402697623953409
1251405577986719745
1251408804404740097
1251409405419106305
1251423145577324544
1251423168889315333
1251423188657082370
1251428631727034368
1251429085714186240
1251429461196779520
1251439205143777280
1251444349377929216
1251451435499294720
1251451540889645056
1251453287880105986
1251457250641743875
1251459692565495808
1251460460391600130
1251460493803479040
1251461651238400000
1251462629920571398
1251463469989232640
1251463497210347520
1251468405443608576
1251470182628888577
1251472692831715328
1251478179816050688
1251479891725484032
1251485022479101952
1251493893251772416
1251500108526518272
1251500335895580673
1251501248853028864
1251501503128485888
1251506496917123072
1251513815642054656
1251514227690520576
1251515828681359360
1251516869053493248
1251517931034415113
1251519712162430978
1251523181824937985
1251524071348731904
1251525035485003784
1251528857540276224
1251529918581743616
1251530829332992000
1251531179682983941
1251532919753117698
1251539994650521601
1251540956190511104
1251542081086111745
1251554436553551872
1251557724242038784
1251567725341745152
1251570304155103235
1251573613662265345
1251576278932742151
1251582282302926848
1251582300124561408
1251585106600513537
1251585557441937411
1251588469975142400
1251593459200335874
1251598658212188162
1251614004394577922
1251617525437251584
1251627770184163329
1251659773084344321
1251659801341366272
1251659821583040512
1251659853250146305
1251659870664830976
1251659885491740672
1251659925832577026
1251659945990393858
1251659963124023296
1251659982506000386
1251659997437722626
1251660025644421125
1251660050860576771
1251660073404956673
1251660091608227846
1251660135908478976
1251663555855867910
1251666281830416385
1251666308707606531
1251666345520959489
1251666361300013056
1251666429277097986
1251666448914821120
1251666816138698752
1251666840016826368
1251667402515001344
1251669397514579969
1251669431987703811
1251670072743133184
1251671810673950720
1251671847416074240
1251671872279924736
1251671904911536131
1251672487362007043
1251672487362007043
1251672512158748672
1251673060068995073
1251673085469773824
1251673108353888256
1251673124086714368
1251724984218718208
1251727288506474497
1251727867261726720
1251729505720438785
1251730000908292096
1251730533903732736
1251731077921718277
1251731734741364736
1251732322229108736
1251732855790673921
1251732894906814465
1251732944189825024
1251732978717294598
1251733006974320640
1251733583162736640
1251741035463671808
1251741083245203456
1251741103742693376
1251741154397360128
1251741665104138242
1251746363878117378
1251746974640021506
1251748166262837249
1251751057484656641
1251751090128916480
1251752417160544257
1251752426295697408
1251752435363844096
1251752444457103366
1251752453537779719
1251752462664466433
1251752471753613312
1251752480813330434
1251752489889734657
1251752498970443785
1251752508072091651
1251752517161103361
1251752526258601988
1251752535326588929
1251752544457588737
1251752553588588544
1251752562665172993
1251752571783516161
1251752580935495680
1251752590062338055
1251752851128422400
1251754658147848193
1251755358915309568
1251767404595761154
1251769336261480453
1251770826166280193
1251773043669635077
1251775455964921862
1251781943999463428
1251781970251710467
1251781998806532098
1251785622966153216
1251785959936581632
1251786346265526273
1251789753718132740
1251791825385459712
1251792740809150464
1251792761482874881
1251793524032507904
1251795309807665153
1251796118716813313
1251797940387135488
1251803918054678528
1251803955543318532
1251803976489672704
1251805716953935872
1251806173008932865
1251807254233350147
1251811027177611264
1251813503171731456
1251816763743965184
1251817552969371650
1251818416421339136
1251821233370468358
1251822146625691648
1251822191504764928
1251823015379247105
1251824283527065600
1251824321686888456
1251824345908903939
1251827444899876864
1251827628744626177
1251831962672795649
1251836200425529346
1251842824699555840
1251849026032619522
1251851846039281666
1251853205459402752
1251857884918566913
1251858896102330368
1251859915200778240
1251867527078182913
1251869618827919366
1251874096897576960
1251878297853550594
1251879223137988608
1251886462682923009
1251887546482790403
1251892422193397760
1251894826066481152
1251899730881380355
1251904911199084550
1251915503356051457
1251915535765438470
1251921552003805184
1251922762165354497
1251924600570744834
1251927973516718082
1251937638011080704
1251940571717021696
1251944241711939586
1251946775965052932
1251967879605563392
1251978986487414792
1251982331075796993
1251983084146343937
1251999251892187136
1252008655794429959
1252011479437578249
1252011535138000896
1252011560987512832
1252011586342064132
1252011607749726208
1252011646014369792
1252011679224913921
1252011706244575238
1252011753380237314
1252011777816215563
1252011803783168001
1252011824494661632
1252011861031165952
1252011878240456705
1252011920552591361
1252011936784494594
1252014362010796033
1252017735434932226
1252018379629756416
1252018399888183299
1252018419362299906
1252018438110838784
1252018475213697027
1252018528825344004
1252021400111644673
1252022567440957440
1252022602933174272
1252023455010168833
1252024144537047040
1252024644372176903
1252025201337958409
1252025217515491331
1252026414972448768
1252086306617860097
1252086354139324419
1252086372774694917
1252086407008587778
1252086464864817152
1252086492136161282
1252102700315140102
1252102749740830723
1252102785119801344
1252104582601285632
1252104608593391622
1252107302670401537
1252107341731975169
1252107891462615040
1252109044741025795
1252109842921279488
1252110563481653255
1252112347709112320
1252114812533866498
1252114821635624960
1252114830749818880
1252114839989882881
1252114849099849728
1252114858226712576
1252116891423903745
1252116915872509953
1252118595770990592
1252119235758886917
1252120399476920321
1252124537308708865
1252125708719194113
1252125739471843328
1252126706015576065
1252126855303495680
1252129304630235137
1252131558280105984
1252132344066191366
1252132846774505474
1252132846774505474
1252133478252118022
1252134097335574529
1252134531861266433
1252134737944158208
1252136304420282368
1252137223996268544
1252138830817308672
1252140454164025349
1252142030744104967
1252142114751877121
1252142572115505153
1252142903151001600
1252143314729664513
1252143964020506624
1252145150249271297
1252145409943887872
1252145962677665792
1252147043533049857
1252148868202070016
1252149678474485762
1252150599703048192
1252151040004284416
1252151199320756224
1252152060134514688
1252152105634324485
1252152243073298432
1252153147490959360
1252153438382764033
1252154522568470528
1252154582060449792
1252154629888061440
1252154995274907649
1252155723393503233
1252155951324581889
1252156316124172288
1252156478665961472
1252157284215554049
1252157345632858112
1252157560540577792
1252157851314855936
1252158105896583170
1252159662713077765
1252163015182606338
1252164570602442754
1252164704212062208
1252166740425007104
1252169551263019010
1252170832119562241
1252170843645456384
1252178167533633536
1252179606939074560
1252181593248145408
1252187331731259392
1252189343961186304
1252192499701100550
1252194438211948545
1252194514346917889
1252197360240910336
1252200587975852034
1252203288801484801
1252203313808003074
1252203506792050689
1252205550449963008
1252211017934934016
1252212471634579456
1252216659022151681
1252221328645595137
1252224111557910528
1252229242017837062
1252229454669086728
1252230186088591361
1252230245450608641
1252231770205876225
1252232101471981571
1252235938790379522
1252238547211468800
1252239386642542592
1252242931815256067
1252245647438348292
1252247055285788675
1252247092975800321
1252247187372769286
1252248178423988229
1252251900562595845
1252253380661166081
1252257637313503233
1252257710231490561
1252257961927458819
1252258168056557569
1252262721791328258
1252262792280801284
1252263264156819457
1252265604129722368
1252266315752054787
1252267431915065345
1252267454342090753
1252270645431468033
1252271107169824768
1252271557231235083
1252273390448185345
1252274066070933504
1252274089508712456
1252274155002699782
1252279501129728006
1252279608914960389
1252279635058065411
1252280668329062402
1252280809777700864
1252281770101428237
1252287205336285189
1252293692796342276
1252294709311164421
1252301103284264960
1252307242319335427
1252307303845502979
1252310872824991745
1252312958148972547
1252319630267428865
1252320446978183172
1252339418188242944
1252343101244334081
1252369159209418754
1252383686743306241
1252383721090478080
1252383756255588352
1252383797384843269
1252383827604828162
1252383855945740296
1252383881048715269
1252383935872421893
1252383977328930816
1252383999105761282
1252384037227773955
1252384060011278337
1252384078847897602
1252384135391264771
1252384175014817798
1252384190101745664
1252389422634430464
1252389451805818880
1252389466016059393
1252389489604915200
1252389562673844224
1252392103142801409
1252392134197391366
1252392179713970177
1252393353011843073
1252393396443865090
1252421903781781505
1252421931325767680
1252421965006041089
1252421984257929218
1252422017682305027
1252422043510824963
1252422543056633856
1252422557329797121
1252454135900889088
1252454150639624192
1252454182616956929
1252457558205497344
1252457581597134851
1252457614740512768
1252458567279525889
1252462721381085185
1252467093137772546
1252467119570255872
1252467153258897410
1252467199140298752
1252467238541701120
1252467260783984640
1252467263917228034
1252467848728936449
1252467875648098309
1252469688069652482
1252469780013035522
1252470531380654080
1252470612368461824
1252473938539659264
1252475261251137538
1252477191973150721
1252477201041235968
1252477210226819074
1252477219328405504
1252477228677500928
1252477237791776769
1252477246914342918
1252477256037011457
1252477265151229952
1252477274269548544
1252477283421618177
1252477292548444160
1252477301675233281
1252477310785241089
1252477319933034498
1252477329064017921
1252477338178256896
1252477347300859904
1252478644183801857
1252480470777987072
1252480470777987072
1252480600486883328
1252482669377654794
1252482686821810177
1252482709789827073
1252482732837482496
1252483794780803072
1252488228659179520
1252488354383478786
1252488378471387136
1252493668503650309
1252493684823732224
1252493710102839299
1252496467044040705
1252497872223944704
1252497898643881985
1252497965140389888
1252497982777430016
1252500262369058818
1252508047727112193
1252508073589178368
1252509722487521282
1252510839539740672
1252511025854926848
1252511163851702272
1252511260513615872
1252511311973486592
1252511461034909697
1252511797644533761
1252512071020929025
1252512149446037510
1252514898556354560
1252516307477639169
1252517468893065216
1252520459352117248
1252520499676090368
1252521640770129927
1252521723200757760
1252525424682377216
1252526563624714242
1252529227435585536
1252529282146086912
1252531074334367745
1252531414475649024
1252535203882512384
1252541984721588224
1252542484028194816
1252545400826888193
1252546376015187973
1252548087882670080
1252549515036549125
1252549547773046784
1252552664178741249
1252552831640502272
1252555206006648834
1252558417308368896
1252559675956043776
1252563917991264258
1252565092408922112
1252573039386132480
1252573043379113986
1252575448057483268
1252575497172779010
1252577726986321920
1252578548898029568
1252578569982824451
1252579085060050946
1252580002660601859
1252580256369782785
1252582299478228992
1252582871493160960
1252583176834293761
1252584157982732288
1252584253021397000
1252584762331598851
1252585460087623680
1252587157988020224
1252590895498756096
1252591647944253442
1252596008447549441
1252596078576390145
1252598979029762048
1252599299042619395
1252602790884540421
1252604120533471234
1252604309050658816
1252606632682565634
1252606692090658819
1252614889014726665
1252614908212064256
1252614965057519617
1252617438170152960
1252622094896152576
1252622182699720705
1252625856683442178
1252627059853197312
1252631462077181952
1252632677833936901
1252635292693135360
1252636057335738370
1252636978643980290
1252637044125372416
1252637781135949829
1252640400587841541
1252645714292858881
1252658860516536321
1252667162470354946
1252673860513783808
1252674441756250112
1252675767181488129
1252680318454304771
1252690019447459843
1252693198813704193
1252694061351350275
1252708495549399057
1252712223799156736
1252722698192642048
1252727558526963713
1252732896407945219
1252741395103784961
1252741412371693571
1252741436816195587
1252741458140020738
1252741481804242948
1252741508123496450
1252741534140825600
1252742854994165762
1252742875005227008
1252742942747394050
1252743675244883970
1252743701211865089
1252743722313318400
1252743741472980992
1252743758455676931
1252753384458911746
1252762442112827392
1252762471372402692
1252762507820912640
1252762530407211012
1252762547859709954
1252762570529935362
1252762590381518853
1252762608643571713
1252762628532973568
1252762653413593088
1252766272238039041
1252766889195028480
1252766932547354624
1252767709995118597
1252767726789103616
1252768915345805315
1252768948816416768
1252768984212135937
1252769025647575040
1252769051513892869
1252769077493403649
1252769097852628999
1252769124008316929
1252769171215179778
1252771393038626819
1252825806302142464
1252829704286953474
1252829814311940100
1252830285848174594
1252831220292960257
1252833583741284352
1252833603131588610
1252833642570592258
1252836696229466112
1252839208118448131
1252839227701620738
1252839298572795905
1252839584179744771
1252839593461735427
1252839602726961153
1252839612088594432
1252839621337071617
1252839630690344965
1252839639963983873
1252839649304707072
1252839658586640384
1252839667881308161
1252839677171646466
1252839686462038021
1252839695748182016
1252839705227354112
1252839714593202177
1252840662988230658
1252843397045317632
1252843535008583682
1252845188214435844
1252847671519227906
1252849340516687873
1252849386079436800
1252849437161877504
1252849512285999105
1252855122968735746
1252859141132976131
1252859172539883526
1252859217788076037
1252859217788076037
1252861955859116034
1252862519166693377
1252862659982012420
1252864558764453888
1252865979979231232
1252867346063998976
1252872545105108993
1252873580712321027
1252873895738105858
1252874604080553985
1252875283381641216
1252875307096264704
1252875429842530304
1252883026486403072
1252887282723500033
1252893446488162304
1252893499088920576
1252893584245784576
1252895353411682304
1252899315871342592
1252900321833226240
1252900544710152193
1252901045463928832
1252901080540876800
1252901965480316934
1252901993603125250
1252902025437814785
1252902273556111361
1252902938906853376
1252902998935777280
1252908269707964419
1252909190944821249
1252909215011799040
1252909347954470912
1252913562026156034
1252915660973395968
1252920860731748353
1252922048248242176
1252922893853495296
1252926255030317056
1252926277637586945
1252926446286364672
1252927332064600064
1252928034736353280
1252928988252684290
1252930759993823233
1252930854432669696
1252930853962989571
1252931473100898304
1252931633147240448
1252932301761269761
1252933130954178560
1252933580457738240
1252933982125273089
1252935635461197825
1252941747304398849
1252946282727038976
1252946305338560516
1252946320299626496
1252946340277075969
1252946374066409472
1252950761295745024
1252955502994227200
1252957565295755264
1252957609444900866
1252962802366627840
1252964211690401792
1252968151370862593
1252968512613736448
1252970767479947264
1252972402151219201
1252972927907180544
1252973987136708610
1252978401880748033
1252980692260139008
1252981976186925063
1252984736521302016
1252984943745085441
1252986208671748096
1252987079086178304
1252987159700799489
1252987305540890626
1252988080241467393
1252992423619375108
1252993254812979200
1252994416257662977
1252997937161998337
1252998698394681347
1253002970985365511
1253009592893812738
1253009935799136257
1253012134096666624
1253012801079119873
1253014692425019400
1253016917960507392
1253018167129116679
1253023899375276032
1253031048243490816
1253031105533554691
1253031204330274819
1253031765809278984
1253044150502674433
1253045184004268032
1253059004714057729
1253060759938052096
1253072497832013826
1253080867741679616
