1344417987042791425
1344421759219499008
1344425535498317824
1344429309193293824
1344433084763049984
1344436858810478593
1344439375426416642
1344440634388611072
1344444408523968513
1344448186425909249
1344450699975938055
1344451958438907906
1344455733111214080
1344459508043685891
1344462024579948544
1344463284674711552
1344465799537250306
1344467057828532227
1344470833511555072
1344474607496134656
1344478389927874560
1344480647272808448
1344482157251629057
1344485932360114179
1344489707158179841
1344493485055946755
1344497256712454144
1344501032215261184
1344504806371700736
1344508585313755138
1344512356244709376
1344516130946355201
1344518647792824322
1344519905899589633
1344523687186337794
1344527455718051840
1344531231409537025
1344535005595369473
1344538782222061570
1344542555132854274
1344546330803273728
1344550104972324866
1344553882236567553
1344557654635642881
1344561430771752961
1344565204391227392
1344568984776142851
1344572754440323072
1344576530257735680
1344580304028237827
1344584081116426240
1344584081116426240
1344587854031147008
1344591630272057345
1344595403560398848
1344599179029573633
1344599778018144256
1344602953563430912
1344606729967906818
1344610502953955328
1344613508487503872
1344614281958969345
1344618052927717378
1344621828669636608
1344622615625932806
1344625602775703556
1344629386956431362
1344629733036851201
1344633152258658304
1344636928919007233
1344640702110552064
1344644487616868352
1344647484585504770
1344648252570779650
1344652027066925056
1344655801567174657
1344659622372790272
1344662473329283083
1344663351482142721
1344667127891030016
1344670901069967360
1344674680679096320
1344675079448309760
1344678450817236997
1344682226970144769
1344684260075196422
1344686000514232322
1344689780655759365
1344690414532616192
1344693550336733186
1344697326779191297
1344701100042031104
1344704881811046400
1344708650246393857
1344708889229615105
1344712424621039619
1344716199553167360
1344719976452685825
1344719989971025937
1344723749455724547
1344725007533010944
1344725789787516929
1344727525457465345
1344731298888183808
1344732557355732995
1344732929973477379
1344735075686965248
1344735687011151873
1344738848996257794
1344742623576264716
1344743580368297984
1344746398575693824
1344747656938049538
1344750175051337729
1344751964983353345
1344755206521671680
1344757724584636416
1344760239564890113
1344762756289990658
1344765272972959744
1344767789341552642
1344770305986879489
1344772824540524545
1344775339004801025
1344780385243185152
1344782562112241667
1344782889112666113
1344785405506412544
1344787923049345032
1344790438562168834
1344795474356826112
1344797211989782528
1344797983527866368
1344797988695117824
1344800504996630531
1344805538287202304
1344810572735422464
1344813087887659008
1344815604432310280
1344820637756346369
1344823154158563329
1344825675199504391
1344830703905587201
1344835737024225281
1344840483382718464
1344840781673209861
1344844545218007040
1344848320347451392
1344852094818398208
1344855875224268800
1344858386416865282
1344860902902943744
1344865935979651073
1344870977780510721
1344876002472722434
1344881035541176321
1344886073105797120
1344891101799354368
1344896135006019584
1344901171958460416
1344906201423781888
1344911234420895745
1344916275944775681
1344921300796641281
1344926334221357057
1344931369055608832
1344936400391692294
1344941433426472960
1344946467430141953
1344951499881758725
1344954016296366080
1344956533059313664
1344961571710070785
1344966599334367233
1344969115887403009
1344971632620630025
1344976668679491585
1344980057723432960
1344981698845544448
1344984216556154880
1344986732056305666
1344987595554639875
1344991771181240321
1344996798444707845
1344998621469667328
1344999315593302021
1345001831680786434
1345006869371351045
1345011897972584455
1345014415297548288
1345016930973974530
1345021969272614912
1345026997441888256
1345029515236560896
1345032030698946566
1345037065872936960
1345037755173253121
1345042096797847552
1345047130038267905
1345052164448604161
1345057196359335936
1345062229738098689
1345067267738877952
1345069779346853888
1345072295941984258
1345074813837205504
1345077328993517568
1345079069138952192
1345079845651410945
1345082363525681152
1345084878652465152
1345087395318923264
1345089911804854272
1345092428504600577
1345094728711360514
1345094945095311360
1345097465083658242
1345099978201436161
1345102494968524806
1345105011311833090
1345107527965425665
1345110044707336193
1345112563726520321
1345115077616283648
1345117594546630656
1345120111569457152
1345122627380244480
1345127660985352192
1345132693902786560
1345137726929047552
1345142763453517824
1345147793283887104
1345150311602810881
1345152826440351745
1345157862985764865
1345162892719448065
1345167925976641537
1345169184221667329
1345172959007289344
1345177992360824839
1345180509152935937
1345183025441587200
1345188058816245765
1345193091871854592
1345195608273952768
1345198124952903685
1345203159409553408
1345208191332700162
1345213224325672962
1345218259151446017
1345220774177738752
1345220774177738752
1345223290848206850
1345225807468363789
1345228323937419266
1345233358167498757
1345238390107635713
1345243423394070533
1345248458320605186
1345253489774092289
1345258522787901441
1345263555960918017
1345268589259943936
1345273622487683072
1345278658613829632
1345283688838270976
1345288721827045377
1345293760608014337
1345297378262265856
1345298788265635842
1345303821547937792
1345308856759496704
1345313887839608832
1345318920886992898
1345323956325109766
1345328987283869696
1345332284279422976
1345334020339421184
1345339055408467968
1345340757130014720
1345344086752956417
1345349119938707461
1345351667332608008
1345354155301343232
1345359186222329860
1345364219672154114
1345366609125396482
1345369252778319873
1345374285825679360
1345379320232112128
1345384356471181312
1345386386627637253
1345389385395519489
1345393437496008705
1345394418438832133
1345399451993649152
1345403170772705281
1345404484835450882
1345409517748535296
1345414558203006977
1345419584250105856
1345421762251677696
1345424617528168450
1345429653360578561
1345434683673350144
1345439716867391489
1345441616593608706
1345444753689571333
1345449702641311744
1345454816332398593
1345459850667565056
1345464882758438915
1345469915843731456
1345474952317853697
1345476286748254213
1345479982177427456
1345482499485540355
1345482498722172928
1345485015400947712
1345487531878432769
1345490049484247041
1345492565106122753
1345495081806020608
1345499822770577408
1345500114899632132
1345505151390425094
1345510181183115266
1345515214364684290
1345520249324630016
1345522763977478146
1345525280610242561
1345527797910036481
1345530313771020290
1345535347485130752
1345540380318724096
1345542897123295232
1345545413403803650
1345550446971256833
1345555479557144577
1345560512847757312
1345563029325422593
1345565546385874944
1345570579244580864
1345575612245831682
1345580647436361728
1345585678684463105
1345590711786246147
1345595747513888769
1345600778145202180
1345605811179909120
1345608327934451713
1345610844323778560
1345615877656502272
1345620910720610305
1345625944283881472
1345630977129926662
1345636010122760193
1345641047175659521
1345646076716433408
1345651109730271236
1345656147307450369
1345661176252829696
1345666209480638465
1345671242947301378
1345676275684438016
1345681308849221632
1345686345658716166
1345687867008438272
1345690617918140417
1345691375082287104
1345696408272130048
1345701441701179393
1345706474564042753
1345711507825438730
1345716545956282375
1345721186588766208
1345721574091939840
1345726607466639366
1345731645026942984
1345736673703944197
1345741706784776192
1345746742466244614
1345749052680507405
1345751773051408385
1345755003118628870
1345756806321033219
1345761840815460352
1345766872709525505
1345767379469533193
1345770121709711360
1345771905664606208
1345776942365241345
1345781972220735491
1345787005318225921
1345792040819249152
1345796268220686337
1345797071551524871
1345802104691175425
1345807142054371328
1345812171154993153
1345817204294471680
1345822239560757249
1345826426075947009
1345832303885312000
1345837339822592000
1345842370022002693
1345844887137169417
1345847403220500481
1345852438176174081
1345857469621432323
1345862502832340992
1345867538564067332
1345872569182740480
1345877602112684032
1345882637110427648
1345887668651974656
1345892701695217664
1345895218286108673
1345897735350853635
1345900251467706370
1345902768045875200
1345905284548538368
1345907801131012096
1345912837173096448
1345915352258109444
1345917867653554176
1345922900650414080
1345927936549900288
1345932967068258305
1345938000140791812
1345943034265890818
1345948066453438465
1345950583077756928
1345953099664347137
1345958135282843651
1345963165931208706
1345968199112638464
1345973235796512768
1345978265375182849
1345983298724499458
1345988334678470658
1345992106683330561
1345995881456263168
1345999656514433025
1346003135039479809
1346003436140158983
1346008464573665280
1346013497579208704
1346018533117980677
1346023563988492288
1346028597249654789
1346028597249654789
1346033634898227205
1346038663466119169
1346041181549993985
1346043696928546817
1346048729812353025
1346049622670798853
1346052438525157377
1346053763107155970
1346056281656680449
1346057812573642752
1346058796108455936
1346063831504601088
1346068396924948480
1346068862576566272
1346071379834187776
1346072641405411328
1346073895774797825
1346078933867847680
1346083962368774144
1346085719756972034
1346086478699520004
1346088995252559872
1346094032494190593
1346096739338641411
1346099061435191296
1346101578130812931
1346104094725910529
1346109134480019458
1346109885637922817
1346111644577849345
1346114161051381762
1346116677549879298
1346119194480435202
1346124227942907904
1346127049363234825
1346129260600119297
1346130804771086340
1346131777031610369
1346134293756727297
1346139328649580554
1346143392498008065
1346144360077824007
1346146876479954944
1346146876475654144
1346149393045594112
1346151508325367810
1346154430966583297
1346159459429568514
1346161977660379136
1346163906314702853
1346164492728721409
1346169528225509377
1346171287589314560
1346174558953484289
1346177075967909894
1346178334011494400
1346179592072130562
1346180850396909569
1346182108839079941
1346184627187314695
1346186188542062599
1346186516113092609
1346187141827731457
1346189658481258499
1346194691704848384
1346199730418814978
1346202242341359621
1346204758047154178
1346207274478444545
1346209791081779201
1346210029280632836
1346211641252315138
1346213032016416769
1346214826041888768
1346219857562329088
1346220436841967617
1346222375600226304
1346224890613886976
1346229924319932417
1346234956905926656
1346237473714802694
1346239990125133824
1346245025164877824
1346248264908218370
1346250056618262530
1346252573469097986
1346255089531379712
1346255393090056192
1346260124151803905
1346265155940868097
1346268428949204992
1346270189063704578
1346273043514077192
1346275225374224386
1346279293006073858
1346280255611256832
1346282771912798210
1346285288759447553
1346290322876329984
1346291180993130502
1346295354971414529
1346297872212377600
1346300518390497282
1346305422639116290
1346310454587453441
1346312971287334917
1346315487530131456
1346320520552189952
1346330586990972929
1346335624140353538
1346340653265915904
1346345686359543809
1346350720233123842
1346355752798191617
1346358269451751426
1346360786160136192
1346365819144478722
1346370852263243776
1346375885658730496
1346380921956515841
1346385951975727105
1346390985069252610
1346396021115531264
1346401051390455809
1346406084416827392
1346411118005276673
1346416150968557569
1346418669388066816
1346421184011722752
1346426223283609600
1346431250526044163
1346433767150387203
1346436283904610304
1346441320240455682
1346446350028660736
1346448866393124865
1346451383092965386
1346456420301078528
1346461449342877698
1346463968064376832
1346466482486718464
1346471518642040833
1346476548929581056
1346479067516739586
1346481581922385920
1346486619805679617
1346491648415592450
1346496681903177728
1346499198133276672
1346501721468657668
1346503422703525889
1346506747897405452
1346509266341998592
1346511781099876354
1346516667732520961
1346516815573180421
1346521847337275399
1346524365337239555
1346526880501960704
1346529648641933313
1346531917533913096
1346536946793758721
1346539464064004097
1346541980470317056
1346544496704692227
1346547012989190145
1346549529756266496
1346552046460293120
1346554083969273859
1346554563197874177
1346557079406854144
1346559596240936960
1346560854435667968
1346562114392125440
1346563874254819328
1346564629263216647
1346565887751409664
1346567145811894273
1346569663216451584
1346572179123691522
1346573437561552896
1346574695743807494
1346577213689196544
1346578973845815296
1346580987170340866
1346582706600210432
1346584763058978816
1346589795091271680
1346592313603207175
1346592349166698498
1346593342117851137
1346597344809246729
1346598387815247873
1346599861710417920
1346602377852321793
1346602473218322437
1346604894489358339
1346606242983251968
1346606519480102918
1346606519480102918
1346607417350447106
1346608309512634369
1346609927930916867
1346610675628580866
1346612444316090368
1346614962123231234
1346617477346676736
1346619993937612801
1346622514248773633
1346625027265986561
1346627543764324358
1346631314213101569
1346632577084346369
1346637613617188871
1346642643191693313
1346644444989288453
1346645160868757504
1346647676398538754
1346650193052246019
1346652713585618944
1346655252842483714
1346657743013220353
1346660259687849985
1346661275741388806
1346662775909617667
1346667810718687232
1346672842318856195
1346675359778013185
1346677650618777602
1346677875559129090
1346682909474791425
1346686014602043393
1346687941750390784
1346692974848200704
1346698009988489221
1346703041269960708
1346708074455728129
1346713110736998400
1346718140743430146
1346719199805235200
1346723173782466560
1346726790589534208
1346728207081373697
1346733240342597638
1346738273356431362
1346743308329000960
1346747081352994819
1346750857061154816
1346754631100055552
1346758406242123776
1346762180964753409
1346764036445188098
1346765956878532609
1346769731232145409
1346772430803636224
1346773509851152384
1346777280698331136
1346780981735403520
1346781057496956928
1346782383278796801
1346783157266358272
1346784830608969731
1346788607630086144
1346788789029634049
1346792380431802370
1346795525950078976
1346796155372507138
1346799930090905601
1346802921774739458
1346803713403359232
1346807479754055680
1346811255361843206
1346815029778137089
1346818804911923201
1346822579042930688
1346826356378763264
1346830128685395971
1346833909573685248
1346837678831054848
1346841453205594114
1346845228276346881
1346849006299840518
1346851891226030080
1346852777964630017
1346856552846782464
1346859069416509442
1346861585965305856
1346864108495380481
1346866619365138434
1346869135972605954
1346870642147282944
1346871652911513603
1346875427722293249
1346882977297354752
1346885897283891202
1346886752728985608
1346890527048781825
1346893889915953153
1346894303675617280
1346897563304087552
1346898076770787328
1346900490282418177
1346901600808226818
1346905114179637248
1346905548566847488
1346905626857803778
1346907824547250177
1346910156496388104
1346911642169143301
1346911917672079360
1346914434321584133
1346914937755422726
1346916465069359104
1346919467335380994
1346921394282528770
1346922951753355264
1346926262275747841
1346929533732065281
1346931947201720321
1346932051425955840
1346932202483769347
1346934063710359557
1346937083496165379
1346938997596155906
1346939512509882370
1346939603568132099
1346941133545500675
1346941389133799424
1346942116539219968
1346944633167867904
1346947150656073729
1346949989889675264
1346950924837605377
1346954700680290308
