1253243960849555457
1253248437136633856
1253266601975177216
1253286646243622912
1253330091502825476
1253330446017982465
1253331093903667202
1253378298782064642
1253584054299037696
1253586535762604036
1253587980498984960
1253589303487344640
1253597146600931328
1253603156245831680
1253603246016528384
1253645145246969856
1253645155904733187
1253686818844946432
1253693134887944193
1253721192965345280
1253730943782793218
1253951558821253120
1253952383144603649
1253955131768483842
1253982648831283201
1253987972044775424
1254000778802577408
1254024130908823554
1254316756446871553
1254316763531087873
1254316772037189634
1254316783030415360
1254316789401628673
1254316797303697408
1254316807265161216
1254316812596101123
1254316821139861504
1254316829402685441
1254316839825440770
1254316848444854272
1254350234974642181
1254410418845560832
1254465425083183117
1254470155746377734
1254470157545746433
1254476216259825664
1254485835199774720
1254514628647845891
1254668870260064258
1254676941619318784
1254682128580784128
1254682126307508224
1254683427099553793
1254689723194454018
1254691716478701568
1254707498013069319
1254736524748488704
1254758437633830913
1254787746133991430
1254791435494121472
1254813869761052674
1255047437938548737
1255052136838242304
1255052173529935872
1255060698847117313
1255071824905482240
1255078928064090114
1255089975734960128
1255089981971988481
1255089979191169024
1255102234465112064
1255111442019344386
1255113630800121856
1255141551178571776
1255141869136183300
1255155950178074624
1255179966393745409
1255413066822561794
1255421071651635200
1255452609806295043
1255453762157793284
1255454683809923073
1255455675645407234
1255456545736925185
1255463190974128130
1255482328773799937
1255495539736694787
1255527550245371907
1255532178408189955
1255574412721618944
