1339344905991282690
1339345892403531778
1339355063769296896
1339355066671755265
1339355070488596486
1339355076436111360
1339355073646895105
1339355079179169795
1339355085038645251
1339355082270384128
1339357580645330948
1339359985613082626
1339360883156377603
1339361772139139073
1339362634735489025
1339374695553118220
1339428488797777920
1339434218129154048
1339434232951808005
1339434256662224896
1339434283455438848
1339434331534667776
1339434382218686466
1339451450947231744
1339451453967134721
1339452707145433088
1339454778989047808
1339455530717360129
1339456230578909184
1339456233728831489
1339457488224194563
1339458637471858688
1339459417411076098
1339459502064742400
1339461263324291072
1339462567446671360
1339462774863360000
1339464786506092544
1339465290149752833
1339465768661110784
1339466596490883072
1339467416196276224
1339468235406798850
1339469567760998402
1339470071274594304
1339470229034979329
1339475356533833729
1339475359574732800
1339478376407592960
1339478380962451463
1339480801675767808
1339481590234279936
1339482333527896064
1339483913299914754
1339483916642754561
1339483919675211777
1339483921894035456
1339485423144493063
1339485466765250560
1339486277599711232
1339487184202723329
1339488694525423616
1339495754843500546
1339498005976788992
1339499767408308225
1339500890353528832
1339501658779357184
1339503290292334593
1339503293484154880
1339503770892447745
1339504792574541824
1339505181218758656
1339505807902330880
1339507568947974145
1339511060278198272
1339515122021228544
1339515119043293184
1339516377032511489
1339516380157267968
1339517159337299970
1339519981223030784
1339520151981600770
1339520800425164801
1339522668329136128
1339522671298666496
1339523171947581441
1339523926934884354
1339526116541919234
1339526695100014593
1339526976672063490
1339527799506415616
1339528636941135872
1339529498975490048
1339534747853332480
1339536509393920002
1339540787751694340
1339541046913589248
1339541050378088449
1339541048419336192
1339541054618517507
1339541052433305601
1339541060259893251
1339541058917703680
1339541056669495298
1339541061635588097
1339541192527233024
1339541369803710466
1339541408018010114
1339541527102689281
1339541552394362882
1339541573726576643
1339542088950624257
1339542959847579648
1339543822154555392
1339543988634853381
1339543994431356928
1339544701205143553
1339545318032027650
1339548588939104256
1339550300361945096
1339555384114200576
1339556358673326082
1339557238063702017
1339566208832704518
1339570233615540225
1339571149307523075
1339574258436083714
1339577898513145856
1339579040093487106
1339581724179669000
1339581808283770883
1339583822589906950
1339584828648243203
1339585571769880578
1339586553459265540
1339587534569971714
1339587596159074304
1339587599967514625
1339589454546173952
1339590461237817344
1339603077486133249
1339604206450167808
1339604752427065344
1339605212227534856
1339608171535609857
1339608543473897473
1339610497558179841
1339611739328049153
1339612007264378881
1339613265966608386
1339616915317243906
1339617533163417606
1339618050652463104
1339619986961297409
1339621821675614208
1339624092824182788
1339624693666639874
1339627609831989251
1339631541182365697
1339631541182365697
1339632643625902083
1339635230383194113
1339636166560260096
1339639700089434119
1339643103549001728
1339643135618629633
1339643436782284800
1339643477689323520
1339645477827043328
1339647089324793856
1339648498778710018
1339648749937823748
1339650726990110721
1339651505767497728
1339655866279071744
1339655867734450176
1339658312472780800
1339660074340528129
1339662086905982976
1339662194259189760
1339662972705251336
1339665967920652288
1339668882597015558
1339670363417014272
1339674166409224193
1339677188954730498
1339677863197503489
1339678658479448072
1339686749421899778
1339686753054109700
1339686756350889984
1339686759584706561
1339686762726219790
1339689397680287746
1339689769387909127
1339690218010660864
1339691021874151425
1339692614828908548
1339692789320323072
1339693452527882242
1339694247780511747
1339694950133411840
1339696659673083904
1339700842371424264
1339702856060964865
1339704665768902657
1339705372467191808
1339707120514691072
1339708392152195074
1339708780309786624
1339710405346791426
1339712759290839042
1339713563569623042
1339715186727514119
1339735070458961921
1339738846112706560
1339739424326873089
1339743302208413696
1339756965355008003
1339758276091801601
1339791259636928513
1339814594995490816
1339814885002240000
1339815473744121856
1339816388446343168
1339817359666769920
1339817362422378496
1339817365584965632
1339817638869028865
1339819330448572417
1339821633138253825
1339823348918988800
1339823652100059138
1339823658915811328
1339823662279507968
1339825160917037058
1339826016856977408
1339826419795423238
1339828100515938304
1339828976160804864
1339829843102490625
1339830685092212736
1339831535315390465
1339833031004221441
1339834221582557185
1339834224547913728
1339834228259876864
1339835844773998592
1339839003009421314
1339839010026491906
1339839012903784450
1339839018750636032
1339839015743348737
1339839021850214400
1339839024991756288
1339839031438405632
1339839034462507008
1339839043945852928
1339839040959488003
1339839046923800581
1339840512858214400
1339840516817620992
1339841014631182341
1339843078056779776
1339843911599218688
1339844543563223042
1339844744835457024
1339845561026015232
1339846368496660480
1339848569424113664
1339848566370668544
1339849320875618305
1339850079310655489
1339850076198481921
1339850830757982209
1339851837613195265
1339858188804509696
1339859048800382977
1339859638964133888
1339859641791107074
1339859873677389825
1339861019452207104
1339861512433913856
1339862314917519360
1339862910533820416
1339864419925372928
1339864590738452481
1339872725066805248
1339875537095979008
1339877197423755264
1339878031272402945
1339886314402050048
1339888110621093889
1339890341361676288
1339890344876531713
1339891893153525763
1339892743410216962
1339897135941218305
1339897139338600450
1339897143142850560
1339899401779687427
1339899562157334534
1339900419783454720
1339901917774950400
1339903390546092032
1339904293508419586
1339904438182563849
1339904441647050752
1339904444805345284
1339907202124034052
1339907321997250562
1339908207943299072
1339909093692194816
1339911983999684619
1339918526874836993
1339918548907520000
1339919537504997377
1339925676372201473
1339925705791041536
1339925719284117504
1339929851868950531
1339930610253611009
1339933766719070209
1339936645987127296
1339936652760899584
1339937149744013312
1339938250614517760
1339938761090748417
1339938760763518981
1339939285756239872
1339941932345245703
1339945861791576069
1339947974609264648
1339947971312578563
1339948948656631814
1339949553752092672
1339949984217788420
1339950178720202756
1339951242777419779
1339953879174279171
1339955017508384768
1339956026255306753
1339957282029879296
1339957482194657281
1339964062860513280
1339964683495890945
1339964831949090817
1339964835375816704
1339965312972800000
1339965336360251393
1339965959692533760
1339966753183592448
1339967348644712448
1339967797577867266
1339968606734606337
1339969109983899648
1339976913163587584
1339979087142633478
1339979744700461056
1339979744700461056
1339983804480565251
1339987481203253254
1339988451433844736
1339992514489708547
1339996233994293249
1340000819706540035
1340001573854961664
1340003771590594563
1340018760225157120
1340018758404825088
1340043605130551303
1340043601666068501
1340043609140322307
1340043613363986432
1340044356338786304
1340044391063412736
1340045569184718854
1340046362449235969
1340047166686040065
1340047977499537410
1340048770956988416
1340052409540882435
1340054866262167552
1340066753519489025
1340066756623278082
1340066760402321416
1340066764630220801
1340066767650099201
1340068809542152192
1340069780703866882
1340070793208881155
1340071732984614912
1340076316390023169
1340076319607033856
1340076323105075203
1340080175543955459
1340081101512077322
1340108782475636749
1340111338249605121
1340154146838614017
1340175572136280064
1340177988365799425
1340177991486332929
1340179496331259904
1340179607115476992
1340183138128027648
1340183522603102208
1340183525446791168
1340183531436302337
1340183528470933504
1340184529735192578
1340184647800598529
1340185284378570752
1340189310851686401
1340189313829625857
1340189317440876544
1340189323321327617
1340189320297275392
1340189326215409664
1340190207849746434
1340190713590542338
1340191699621076992
1340192188408483841
1340192334940672000
1340192338249920514
1340192685018255360
1340194848113045504
1340198873906724864
1340198877526433792
1340198883964706816
1340205417167728641
1340205419613044737
1340205476777177088
1340206437566468097
1340208437205069825
1340210254198546432
1340212715231580160
1340212966675898370
1340214130083590144
1340215098950955009
1340215483962970113
1340217244693966851
1340220407622868992
1340222278160805888
1340222281277190144
1340222284196397056
1340223385280901120
1340225791439892480
1340226768624619520
1340227314777526273
1340227746082004992
1340229656042156032
1340231338339823616
1340234428061274112
1340234431676739586
1340234429759893505
1340234435762008064
1340234433702584320
1340234441977946113
1340234440136683520
1340234438240849921
1340234861165068291
1340235474057703424
1340236980836323328
1340240649212358657
1340240652110614529
1340240655268896769
1340242411054886912
1340244841876353025
1340244927507292161
1340245330433073153
1340245844247924736
1340246940701908992
1340248702355709952
1340248705283321861
1340250891383939083
1340251439512375297
1340251979076030466
1340252518207598593
1340253040822108160
1340254493934497792
1340254496904138752
1340264557021982720
1340267932073553922
1340271855446478848
1340275762608410625
1340276384736964608
1340278901373857792
1340279349916946436
1340279872963432449
1340281669660647424
1340281673309696000
1340282424803115008
1340283104980848640
1340283627771469826
1340284150557913091
1340284186297573381
1340286703261667328
1340287260688826368
1340293923395256320
1340293956723204097
1340293978583953408
1340294252715274240
1340298501142429697
1340303565085159427
1340306072196792324
1340313285208514561
1340313302275158017
1340313394453340165
1340313434953572353
1340313464800210944
1340313533377032195
1340313559465676801
1340313597768060929
1340313655380996097
1340315895378436100
1340318039145934849
1340326465334898695
1340328478667882497
1340329178554658824
1340329752213794817
1340333511635562503
1340334216089915392
1340335021454974977
1340336931704586246
1340337488481665025
1340345593496031233
1340348615106191361
1340361948861501442
1340363658589851655
1340367736774537219
1340371609471823875
1340372773307371521
1340372770232950785
1340372777014972416
1340375477920419844
1340376068054773762
1340376683841466369
1340381326575366147
1340381329683337218
1340381648706138112
1340381646701252609
1340383043509477378
1340386557031837701
1340387114756808706
1340387792145313793
1340390924552200193
1340398440640114689
1340402453452382213
1340412032114454528
1340412029191020547
1340413703263559681
1340415803636789250
1340415807201939456
1340416561971142656
1340416558846324737
1340416565762789376
1340416572255551489
1340416575715876864
1340416575715876864
1340417384071516168
1340417565856821250
1340417713198551041
1340418008448118789
1340418595923345417
1340419147046502402
1340419737000566792
1340420588742070273
1340420585399197696
1340420592047173632
1340422095227002882
1340425366566035463
1340431865447141377
1340492562075938816
1340494414385459205
1340517165095473153
1340534953138941957
1340536628486483968
1340538049072119809
1340538954496565248
1340539926530695168
1340541635231424512
1340541638393942018
1340542208299167744
1340543142530039813
1340543974315073538
1340544149590827008
1340545407374532609
1340545410356695040
1340546665682493440
1340546668798881793
1340549273012846593
1340550192693714944
1340550189325701120
1340550195520659457
1340550198494425088
1340551658590392322
1340552556964007937
1340553452250947588
1340554336947089409
1340555304010985477
1340556669621833731
1340557490547814400
1340557493299195904
1340558241835708417
1340567822548803588
1340569265880096773
1340569566494285824
1340569569468006400
1340569572672417795
1340569578729066498
1340569575667150850
1340569581866397696
1340569587729969158
1340569584936636417
1340569590804475906
1340569593639780353
1340569597192400898
1340569602011619328
1340570850945318916
1340571320115982339
1340571795787812865
1340573672042577922
1340575206570680320
1340576097528934400
1340576110141181954
1340576114729758721
1340576133633486848
1340576229569736704
1340576242010116103
1340576276831232000
1340576301837668352
1340577082238263297
1340579381220167681
1340579384755957760
1340582782054125568
1340583291884367876
1340583818680557568
1340584163053891584
1340584777875898368
1340585533014233088
1340585850447523840
1340586863527161859
1340587689607880704
1340591209530712065
1340591213267853312
1340597311840370690
1340597752342994946
1340597863936630784
1340598805780176896
1340601139901939712
1340604547094499328
1340605144740802560
1340606561043980290
1340607294762086400
1340608825578184704
1340613222538338306
1340614167678644224
1340616453020672000
1340616916994560005
1340620402033369088
1340621160321601537
1340621157050052610
1340623626027081728
1340623631504818177
1340623629722267648
1340623627809509377
1340623634981896192
1340623633375440897
1340623638425440258
1340623636697391105
1340623639998283777
1340623741114605571
1340628398285197314
1340629369270767621
1340629461474144256
1340630297906475008
1340631085730959360
1340632112236511234
1340635501372563457
1340635781606551552
1340639870113492993
1340640535082651648
1340643519069892609
1340645570344574981
1340647380379701248
1340648084330704899
1340649090774921224
1340649093941653515
1340651141378531335
1340651966796623873
1340652366505369601
1340653020212805634
1340653117348655105
1340658154099658752
1340658157169897481
1340658280096555012
1340659259051290628
1340660265818439681
1340660837703426048
1340663687678464001
1340666648961970177
1340672495469387776
1340682313781440513
1340685977942188041
1340687342709985283
1340689674248065025
1340689859393036288
1340689862450659328
1340691526846980098
1340692880151687169
1340693338727604228
1340693873035792384
1340702945428582400
1340704956718993409
1340705462124220416
1340706722197991428
1340708669894369281
1340709214361186305
1340724085333106688
1340727979320750082
1340735157821714433
1340735160980041730
1340735902566535170
1340736488619855874
1340738680756027392
1340739397025710081
1340742204000710657
1340742207322599424
1340743174969581568
1340743832036646914
1340744413337669632
1340744412360404992
1340767873686523911
1340769913493999616
1340770075704487941
1340771899706646534
1340773859830718465
1340782221544869894
1340782218256539654
1340782225097433093
1340785579051671552
1340786212953579521
1340786839419047937
1340846393200668673
1340846396644208640
1340846402663018504
1340846399710257157
1340846405980700672
1340850751602569216
1340851354953273344
1340880056441208832
1340901597887541248
1340903271288991745
1340903277752401920
1340903274661240832
1340903997159436288
1340904494272536576
1340904778428280833
1340904778428280833
1340904781464911874
1340905091742744576
1340905832842731520
1340906285110353921
1340906287933104128
1340906536567234560
1340906604003274752
1340907040391225346
1340907043390173185
1340907046443606016
1340907795206561792
1340907798155186176
1340907876928397312
1340910668833239040
1340911570130485249
1340914845999374336
1340914842102882305
1340915110454439936
1340915345180258315
1340915352713228288
1340915349898862597
1340915354390900739
1340915825507786752
1340915993732931584
1340916533028110336
1340917246349225985
1340917861326462976
1340917865520779265
1340917868863602691
1340918299241148422
1340920881040732166
1340921755976814593
1340923146724139008
1340925159415422982
1340925768529010689
1340927676220108800
1340930100456513536
1340930799915442177
1340931153323290624
1340931672108388352
1340932206320115712
1340932524336439297
1340933067981135877
1340934467310018566
1340935569224962048
1340936987587596289
1340950325415579648
1340953983716909061
1340957836092825601
1340957875062140928
1340959287510745088
1340960504857190400
1340960503452086275
1340960502176997376
1340960509017899008
1340960507617009666
1340960506245476355
1340960513149333514
1340960511811342337
1340960510443999232
1340960705202311169
1340960760223199232
1340961060728221696
1340961146690539520
1340961222737481729
1340961361422135296
1340966544550064128
1340969362501595139
1340970458259271680
1340973038662201344
1340974796415377408
1340975994627354625
1340975997433368576
1340976003355713536
1340976000470016001
1340976817361055746
1340977582863429632
1340978007520014342
1340978010242035712
1340978259446657024
1340978340157644800
1340979106641534976
1340979772797673472
1340980645741342722
1340987319386599424
1340990464640622594
1340995120775254016
1340995123870658560
1340995127117004803
1340995948021989378
1340996335043010560
1340997125941776386
1340998644019961857
1340998646809186304
1340999903586213893
1341004180593504256
1341004184150142984
1341007640554577923
1341008061838848000
1341012737376350210
1341015006889046016
1341015209339740160
1341016076830838786
1341016910788505605
1341017014748520448
1341020962599432193
1341021796917719042
1341022613414539266
1341026092191260673
1341030581816221697
1341045452590997505
1341046018515873793
1341046298544386048
1341047214228041728
1341048725188259848
1341049748627853313
1341050485952958471
1341050566122893312
1341050741230874624
1341051090108870656
1341053743824056323
1341053907238268928
1341053909838782464
1341057280905756672
1341062110982320133
1341062817038946304
1341064326887727109
1341064329999888386
1341064333611175938
1341066189011902475
1341066591874760706
1341066595095998470
1341066770409525250
1341067351584878592
1341069146172379140
1341077665105719296
1341079929828610055
1341080842223964161
1341100698906320897
1341101573909430273
1341103918265282568
1341104611118243844
1341107305341808640
1341107306600120320
1341109373486174208
1341111705586249729
1341117685002846209
1341119199725424641
1341127244324978689
1341127247382589441
1341127250486374401
1341128753263591424
1341130647755173896
1341131313349324802
1341131929140256776
1341132577747382278
1341142339570548736
1341146277178830848
1341147373804941318
1341147377869176832
1341147380905852930
1341149919537721351
1341150694389248003
1341151452337725440
1341153165828362242
1341153169427075072
1341156685134635017
1341156688322322432
1341157671404232706
1341158421979082752
1341159172176572421
1341159947766288385
1341159957039820800
1341161458881736706
1341173295073390592
1341242820095430663
1341263896238317568
1341264450146496517
1341266911624097801
1341266914971148288
1341268563944988672
1341268924902596608
1341268927800893440
1341271441510199297
1341272431135223808
1341272951224741890
1341273282713149440
1341276192658366464
1341281255850188800
1341281258987544576
1341282011101720576
1341283611685904388
1341284018004897794
1341284843288748033
1341285031050944512
1341285036432211969
1341286289581121536
1341286298112454657
1341287310973952001
1341287310973952001
1341287738444828672
1341292630475419650
1341293838866984962
1341293842008596480
1341293844944580609
1341293847872155648
1341295023019732994
1341295603683307526
1341295606715871232
1341295613116342276
1341295609823817734
1341295823666200577
1341296616431620096
1341297408488169474
1341301388790427650
1341301394796670976
1341301401197158400
1341302142523625473
1341307864082755593
1341309493498568706
1341309944902070272
1341309949180178432
1341309953009721345
1341310521585360902
1341310707988652033
1341312965090394114
1341312969653809152
1341314223394205697
1341315333781647361
1341318375973269507
1341318665002692611
1341318663119450113
1341318668727308288
1341318666898518017
1341318672481193984
1341318670501486592
1341321018095394817
1341321021757022208
1341321025116663808
1341322806265569282
1341325696086528000
1341326532661358592
1341329071599443970
1341329833394114561
1341330643549114371
1341335114060599296
1341336621141123073
1341336624093933568
1341337913129377792
1341338326310285313
1341339138092642304
1341339144140808195
1341341142210756610
1341346939313549315
1341346944023715843
1341348843523362816
1341348952361349122
1341352962086584322
1341356753934557184
1341359773808115714
1341359777121775616
1341360228265291776
1341361091092377600
1341371924778258433
1341386361643909122
1341386388852371458
1341386446821871617
1341386449619456001
1341386456619737088
1341387222860374017
1341388174862462976
1341397774231810056
1341399058175455234
1341399787942404098
1341402555566481408
1341402768603566089
1341405323769372675
1341406595662680066
1341407167597989900
1341414383281446912
1341414386401947652
1341414389409312770
1341416902531428354
1341418158176018432
1341418261704011778
1341418844733255681
1341419444476780553
1341420035902992387
1341421429930270726
1341421959163342848
1341425960281890819
1341428816191827969
1341430271061704706
1341431495802707974
1341433768750530562
1341445841136062465
1341452383918895106
1341456722913882119
1341467487179845635
1341467483748876289
1341468463454429191
1341469254714085379
1341469496897376257
1341470066232020992
1341470067708424192
1341472360763973632
1341478379242082310
1341487364649213954
1341491228471418880
1341499947452121089
1341502547702509568
1341509761683103747
1341514833766789120
1341522848209391624
1341522851447398402
1341522854798614530
1341522864340660227
1341522861383507969
1341522867649994752
1341523603003756544
1341526262188290048
1341527174088699910
1341528065051160578
1341528947624996864
1341529821155876870
1341545749000187904
1341548594713808896
1341605717061464069
1341629035584122881
1341629553853272066
1341630971121201153
1341632069613576192
1341632448854147072
1341632830506487808
1341632833996136448
1341633308329951234
1341634081243754496
1341635087474044928
1341635280126828545
1341637049749745664
1341637563136823305
1341639999788343296
1341640834647769088
1341641668651585536
1341641913116594176
1341643140659331072
1341643143754764288
1341643146971758596
1341643153091211268
1341643150125875200
1341643156257988608
1341643159118499841
1341643643589947392
1341644171879325696
1341644399189569537
1341644660935188482
1341645153719767041
1341645790176010246
1341647418627137536
1341647422494285826
1341647425488957440
1341647431679827969
1341647428756385792
1341649195082674183
1341649907388706817
1341650659842678786
1341652452228141057
1341653963616231424
1341653969706377217
1341653966732611585
1341655137157324800
1341655220766576641
1341655963229667328
1341656478759985153
1341656481993809920
1341656789352378369
1341656865336422402
1341657605094170631
1341658121241063426
1341658491782639618
1341658494831869953
1341658995539529728
1341660756568395778
1341662266480078848
1341663082213486592
1341663273507237889
1341668054787383299
1341669439582953472
1341670038575718400
1341670571231371265
1341670574330961921
1341670864778084355
1341671682549932033
1341673489615478784
1341678373064613889
1341678376143220736
1341678385576243201
1341678382606639104
1341680893145063431
1341680889915437057
1341680889915437057
1341681769892986881
1341682444714582016
1341682651908980737
1341682855034966016
1341685259990147073
1341686078089142274
1341686887313010689
1341687687825252352
1341687944223084544
1341687940871823361
1341687947389771776
1341688104416145409
1341688496919076870
1341695988663275520
1341695991846678528
1341695997588758529
1341695994606592002
1341696004538691584
1341700238072004608
1341701090224517125
1341701922219241472
1341706637279719424
1341710333820473346
1341711088434507793
1341711095350910977
1341713088052162562
1341715609609003011
1341715618064678914
1341716040187785216
1341716917913063432
1341718223864131585
1341719393059938306
1341720714047578115
1341720718988480513
1341720727960104960
1341720737443422213
1341720741088256002
1341720750294790145
1341720768770666496
1341720773698981888
1341720782645440513
1341720840178720768
1341721827115196419
1341725432941596675
1341730430568046594
1341745928781385729
1341747331352432642
1341747334414299137
1341747790305779714
1341750180224389121
1341751352150675456
1341751748583706625
1341761671866540035
1341761675125547008
1341763023556538368
1341763990305824771
1341765178304688128
1341766956781887499
1341770455942901761
1341775261528977415
1341775267900043265
1341778516254310401
1341779075803832320
1341780295079620610
1341782469415231490
1341782811116761090
1341786212550529027
1341786334017499138
1341790205838290944
1341790361358913541
1341790366282997760
1341793802151997442
1341796148965756934
1341797357021769729
1341798917424472067
1341801182247997441
1341801409201774594
1341805421326168067
1341808827327504385
1341829116857880576
1341830374553509888
1341832054695223299
1341832387521601544
1341832704623583232
1341832832407142401
1341832834298773504
1341835910829248513
1341835954882031616
1341840034366967809
1341840684421177345
1341843461088169989
1341847735151030278
1341857052960960514
1341857056282841089
1341858839734464513
1341859567010009090
1341859593413156870
1341862083638472709
1341863093278830602
1341863743786000384
1341865354843316224
1341867005834620930
1341867715292770304
1341868381914456071
1341869633138257920
1341870140183470084
1341870492278468608
1341872402565910528
1341874814806618112
1341880454530662401
1341880457605107712
1341880460671152129
1341880957561958403
