1339349536574156803
1339350479638151168
1339353500166197248
1339357612081639424
1339414276704899072
1339425506790354945
1339428491075338242
1339438964982370304
1339439562582413315
1339439561496088576
1339439566919372801
1339439565862436865
1339439564667031553
1339439563622629376
1339439571122024448
1339439569939255296
1339439568941064192
1339439567976337408
1339439801678909441
1339439804270915584
1339439807429275648
1339439830284050441
1339439829386452993
1339439843869417473
1339439930896998400
1339439938211901440
1339439937427566592
1339439937326903297
1339439945782603779
1339439944578838528
1339439955060383745
1339439953948848128
1339439958248046592
1339439964401102850
1339439963885154304
1339439968436011008
1339439967660093442
1339439989814419457
1339439995237625856
1339440036899643392
1339440052133392385
1339440053488115715
1339440079274688514
1339440097708617730
1339440174577664007
1339440179707310081
1339442712915820544
1339447619827822592
1339447618821230597
1339447617541951488
1339450438064726020
1339455294578053120
1339455292048879617
1339455297727967232
1339455300454273024
1339455321874546688
1339455328811970562
1339455346696400896
1339455357383532548
1339455383925121025
1339455471988711425
1339455509737447424
1339455528653770752
1339455530583158791
1339455535645638656
1339455542071349249
1339455546097745922
1339455550959054849
1339455550107488257
1339455553559351297
1339455553362403328
1339455558412165121
1339455556772192257
1339455555815927808
1339455563076231170
1339455562044477442
1339455561616793600
1339455561071411200
1339455559913881601
1339455568944246786
1339455794262077440
1339458940992585729
1339462624937975810
1339463850962219008
1339466239899561984
1339467374018215936
1339470268469657600
1339470267412750336
1339470267412750336
1339470266401923072
1339470272861151232
1339470271091109894
1339470269631635461
1339470274899582976
1339470273892904961
1339470365488234498
1339470370932486150
1339470380331900928
1339470398975565825
1339470397985665034
1339470413072637953
1339470417812205568
1339470421347938304
1339473161209827329
1339475049682620418
1339478222124277761
1339478320413515777
1339478824006782978
1339481589856628736
1339481968409362432
1339485873331720192
1339485876410331143
1339485895012085760
1339485935969447938
1339485958778068992
1339486244795867136
1339486249434849281
1339486248021291008
1339486246985289728
1339486245794148352
1339489518106243072
1339493104886423552
1339494046427873284
1339497078657933315
1339500341524500480
1339500340253618176
1339500346037555200
1339500344741531648
1339500343676137477
1339500342661185536
1339500949140848640
1339500956023742465
1339500960960360448
1339500971202895877
1339500984159133696
1339501030866862080
1339505118635384832
1339505119826563073
1339508235318030337
1339511792871981057
1339511993464745989
1339512023705632769
1339513049070256129
1339513047925149700
1339515822914629632
1339515828388196352
1339515834323099648
1339515832628629507
1339516448486526976
1339516446246727680
1339516452550758401
1339516450516520960
1339519342300389376
1339519343348969472
1339523670549688321
1339523672105693185
1339524375435874304
1339524374303404032
1339527490210033664
1339527520824287234
1339529523226808321
1339530791676649473
1339530793270407170
1339531152206475266
1339531159903080451
1339534550913978368
1339535824631656448
1339538530838654978
1339538528330498050
1339538535985139715
1339538969214808070
1339542116771405825
1339542120722395136
1339542119564726272
1339542118151254019
1339549493193285632
1339549917698617344
1339549920198463490
1339549919238004737
1339552933638066178
1339553348358451200
1339553351726489600
1339557089383878656
1339557342031958016
1339557340928872448
1339560806053232642
1339561994001686528
1339564640674594816
1339565271858606080
1339565270491230209
1339568539229798400
1339568537866625025
1339568870009544706
1339568873243373568
1339576355097358337
1339576356552716288
1339576467903062018
1339576466955067392
1339584029088129026
1339584028928720898
1339584053683449856
1339584072352296960
1339584395447918598
1339584394072231937
1339584392772009991
1339584398086160384
1339584396639125508
1339586157173039105
1339586158586523651
1339602514669305856
1339602891401691136
1339602890042691585
1339603194985537542
1339606160496754689
1339606595894992899
1339606599346872320
1339608795425681409
1339610694379950081
1339610693469839362
1339617489752268800
1339619128424853505
1339619126319304705
1339619132006797312
1339619130622668800
1339621168521883648
1339621168261836802
1339622146016833537
1339624678416134151
1339625036387287040
1339633538832875523
1339635858605965314
1339636148247941121
1339641144653713408
1339644116381134849
1339644160584912899
1339644418874228738
1339644417087401985
1339648032426614788
1339663415816687617
1339663668389154816
1339663666896019456
1339667111510208522
1339670962636169219
1339677654157578245
1339678640016015360
1339678638929629185
1339686440905695232
1339688783042781184
1339694244332593152
1339694242545848320
1339707259937546242
1339707958486159360
1339707957227839488
1339708963626000385
1339718835218378762
1339719912659406848
1339767854606905345
1339787024962875395
1339792015463051265
1339798935536222208
1339801355398070272
1339802127925997568
1339802133747683328
1339802132661362688
1339802145504305157
1339802164953231361
1339802172201070593
1339802186117750784
1339802201749737472
1339802205742718976
1339802204648087553
1339802203444314112
1339802209781878784
1339802209626841088
1339802208779423744
1339802207827312641
1339802206795489281
1339802211753201667
1339802210759131138
1339802226198519809
1339802230275383297
1339802274307186693
1339802303268843520
1339802315084197888
1339802331018358784
1339802334864535552
1339802334864535552
1339802332868079617
1339802332314427392
1339802338341613568
1339802345216077824
1339802350685483008
1339802350060527616
1339802349771079683
1339802353374015488
1339802386471284741
1339802407665102850
1339802433015459841
1339802449796849666
1339802512346542081
1339802510672932864
1339802575923765249
1339802587885948928
1339802587818827777
1339802595616014337
1339802594097717249
1339805599022772224
1339809635772018688
1339809639937044480
1339810130716585984
1339810129563111424
1339812775208607744
1339815039159570432
1339815038136160256
1339817350879703041
1339817356814655489
1339817371150807044
1339817381204520960
1339817379866554368
1339817393711964161
1339817414213709825
1339817415962742784
1339817422552002562
1339817426800795648
1339817431490027520
1339817427840999424
1339817439996067841
1339817442533666816
1339817442361524226
1339817440184823816
1339817446954381313
1339817450632859650
1339817490591985664
1339817707315851265
1339818185617534976
1339818184224849920
1339818183071391745
1339818190713487361
1339818189350268935
1339818188406550530
1339818187169230850
1339818194211508225
1339818193045446656
1339818191896211457
1339821155692277760
1339822588462211072
1339824690391605250
1339824729448964103
1339824742262480896
1339826109693628416
1339826112726138880
1339826111824285703
1339826110872207361
1339829133056958466
1339832549103853568
1339832556003467264
1339832580003278848
1339832584692518912
1339832652212232192
1339832655328595969
1339832654418518016
1339832653369942016
1339836431586316288
1339836430462242816
1339837437871157248
1339837436889690112
1339840459670208512
1339841087288950784
1339843852102893569
1339844241502167042
1339844275069186049
1339847378992414720
1339847377868398592
1339847380091334660
1339847892534779905
1339847917268594688
1339847921014071298
1339855179517063170
1339855178229399553
1339855181446406144
1339855359792582657
1339855369124913153
1339855372815888384
1339855373893832704
1339859257680949248
1339859458160173057
1339859710309122050
1339859709256290304
1339859711479304192
1339862855298863107
1339862857538699264
1339862856448163842
1339863031405285383
1339863039806418944
1339863038237822976
1339866929826320384
1339870486273142785
1339870904126337026
1339875186464583680
1339878407950262275
1339878404905193472
1339878411314061312
1339878458441179136
1339878459942739973
1339881726797959168
1339885605895991296
1339885612325875720
1339886892435742720
1339889170001649664
1339890537931833344
1339893038399840259
1339893182822137858
1339895688524562433
1339896077412040705
1339897087354351618
1339897582877724672
1339897581694930947
1339900728677056512
1339900927298461696
1339904596060323842
1339904601940783104
1339905133702832135
1339908151919833088
1339908209285447688
1339912186957848577
1339912934986665986
1339912936190398465
1339915997805948929
1339916002017087488
1339916206728343552
1339916207873351681
1339918848133251072
1339919755982106624
1339919756040802305
1339927153375281153
1339927528887132161
1339945719348793344
1339945773639770114
1339950809413419008
1339953615008636929
1339953622537428992
1339953648240107524
1339953657970876417
1339953671061315584
1339953955602800642
1339953954633859073
1339953958937214976
1339953957846728704
1339953956823289856
1339957427538698242
1339957603149869060
1339961443131809793
1339961442913705985
1339961446814412812
1339961449171587073
1339961462253608961
1339961476979826689
1339961495766114304
1339962013427015680
1339962012453937152
1339962011296231424
1339962010121895944
1339962016404934661
1339962015339610113
1339962014362292224
1339968680449306625
1339968678461227008
1339969012101427202
1339969014144118791
1339972073028943873
1339972578274775040
1339972579629547520
1339973158896590853
1339973330942582785
1339975757733519362
1339980001337290756
1339980005187600385
1339980003027501056
1339980252655673345
1339980250889916416
1339988055780777984
1339988052819628033
1339995074348920834
1339995978661695488
1339995979789918208
1339999000452218880
1339998999403581440
1339999033746743299
1339999033746743299
1339999038624641025
1339999049039159303
1340002662486581250
1340010832302723073
1340010831199707136
1340013965376692234
1340018757163347968
1340021902677405698
1340021923737165826
1340022773347885057
1340025174842753026
1340025841049341953
1340029457936101381
1340040527433977858
1340048453204766720
1340062670549102595
1340163741300781056
1340164978263863299
1340164984635068417
1340164984446341120
1340165000086892546
1340164999487078405
1340165016591462400
1340165035394527232
1340165045305700361
1340165051295121410
1340165088569937920
1340165109897977859
1340165148619780098
1340165192886456320
1340165219323174912
1340165226591903744
1340165225291649024
1340165239904628737
1340165239350964224
1340165265305288704
1340165263241728000
1340165273756856323
1340165284691382272
1340165298104791040
1340165298993938432
1340165303960014848
1340165326433075200
1340165425989099520
1340165470272417792
1340165473955053570
1340165472726130690
1340165471471980545
1340165478916886534
1340165477507600385
1340165476224098306
1340165475150438400
1340165481123069952
1340165480061890562
1340172152335679488
1340172898674253824
1340172897378136064
1340172899676614656
1340175176768638976
1340180115335106562
1340180117734211584
1340180129197273088
1340180132489781249
1340180146494566402
1340180153331281921
1340180178232889344
1340180203784593410
1340180262588706817
1340180314430316545
1340180317362147328
1340180321732603904
1340180320159711233
1340180319207567360
1340180324647641088
1340180330708398080
1340180328347004929
1340180337368969216
1340180340237807616
1340180351356956673
1340180355714863105
1340180352585912321
1340180521037553664
1340181203039621120
1340181202020388864
1340181200648818688
1340181199768076288
1340181207376543744
1340181206378246146
1340181205321281537
1340181204306329600
1340181209482031104
1340181208433451010
1340183719642992642
1340183718632148992
1340184059465633792
1340184081791918081
1340187746539716610
1340187745445003264
1340187744312520704
1340187749832302592
1340187748188053505
1340187842492985345
1340187849447120896
1340187870548652033
1340187878232567810
1340187882582138880
1340191787797929984
1340191898112159744
1340195300648972290
1340195299470405632
1340195298438606849
1340195303614341121
1340195302641307649
1340195301605269504
1340195487048151040
1340195486125469697
1340195493868134400
1340195501568905218
1340195512352448512
1340195534242521088
1340198191287812101
1340202807740289024
1340202816053403648
1340202822814617601
1340202828325933056
1340203349589692418
1340203348486574080
1340203352802508806
1340203351695192064
1340203350646648833
1340205487472537602
1340209766807683072
1340209764265906176
1340209769974403072
1340209929056100353
1340209935808942081
1340209963994640384
1340212775470190592
1340217336746393601
1340217439871586304
1340224908165402626
1340224912263426048
1340225117977075719
1340225116542787585
1340229644172152835
1340232572165627904
1340232578629054466
1340233925361164288
1340236588647899137
1340236944794472448
1340236943485890560
1340239965054124032
1340239966354345984
1340240409772093441
1340240411420467201
1340240414935232512
1340244744220286977
1340252462884806657
1340252547961954310
1340252549207662592
1340254996508622850
1340254999683674112
1340255004737892352
1340255568120881158
1340255566627631105
1340255569437839363
1340260062862958594
1340260097813954561
1340260096610193409
1340267605668605952
1340274796710539265
1340275573097070592
1340278721190584322
1340278833367420928
1340281992189861888
1340281990684131329
1340282542897963010
1340286278991011841
1340286276260511745
1340286646315483138
1340286645333938178
1340292939306561538
1340293600211591169
1340301118287478784
1340301117079519233
1340301115968000002
1340301120573374466
1340301119424143361
1340301341198082049
1340301341474865152
1340301349242744834
1340301352682082304
1340301358176546818
1340305136988659713
1340305391935049728
1340308792261529609
1340308791225565186
1340308985568780289
1340308991403040768
1340308991403040768
1340311941953175552
1340312975807266816
1340313449985765381
1340315465357402119
1340315469270626304
1340316469532319744
1340316468022374401
1340318472815792129
1340320185027354627
1340321249013075968
1340321254176223232
1340327416607035392
1340327415646588931
1340327418708430848
1340327417701752837
1340335088085606402
1340342767034109952
1340342768418222080
1340353336231350272
1340353335275057153
1340354225335914496
1340354254167564290
1340365542633324545
1340365540754264064
1340365563445596161
1340372264680890372
1340372267574943749
1340373216867446784
1340375880162570243
1340375879231410176
1340376111876739073
1340376110563901440
1340380640470921216
1340380767646408704
1340383526307414017
1340384166379102208
1340388944999956480
1340392710876897280
1340395364864540673
1340395893854494720
1340400260598927360
1340417765358751745
1340425561609400321
1340428833686614016
1340508608904065025
1340512773374152705
1340526123243999232
1340526851706392576
1340526855447740416
1340526854222958592
1340526852947861509
1340526860304707587
1340526859247706113
1340526857922301954
1340526856718614529
1340526862376681472
1340526861193920514
1340527715607306240
1340527719973568512
1340527727439458305
1340527735198920704
1340527757277716481
1340527820297138176
1340527831978307591
1340527835686051842
1340527854522675200
1340527859283210240
1340527864278622208
1340527863997620225
1340527883354329088
1340527882884554753
1340527890526576640
1340527898646736896
1340527897396867079
1340527913326825477
1340527909749071872
1340527909346418689
1340527969094262786
1340528038505836544
1340537568627208194
1340542207296585731
1340542205916680193
1340542211067285504
1340542209884520449
1340542208676515840
1340542215844552705
1340542214867283975
1340542213810372608
1340542212623364097
1340542216784121856
1340542374808866816
1340542371965136897
1340542387760848897
1340542388230615040
1340542397797851136
1340542409856479232
1340542422397427717
1340542447257006085
1340542454102159361
1340542466739593218
1340542470803865601
1340542468257947649
1340542486930976768
1340542491582410752
1340542490139615232
1340553657171865601
1340553655649411073
1340553812625534976
1340557234678493184
1340557231939608577
1340557247366258691
1340557251308904448
1340557278177583105
1340557291611967490
1340557305386033157
1340557809989996545
1340557808631046146
1340557814096228353
1340557812712177664
1340557811281903616
1340557816608636929
1340557815467757568
1340561079861084161
1340564834287562752
1340565614788714496
1340572188701827074
1340572193999237120
1340572193986633729
1340573538722299904
1340573541142425603
1340573540102205441
1340579577643425792
1340579576657760257
1340580577758605312
1340580577708302343
1340584233232789504
1340587249369456641
1340587248329232385
1340587250430615552
1340588254551269377
1340588261073440769
1340590397010059267
1340591898663260161
1340595053639524353
1340595052641325057
1340595712380317696
1340595710727753729
1340599390499713024
1340599395457388544
1340599458011041793
1340599832998637569
1340599831929135104
1340602730562289664
1340602729459195905
1340602728439971840
1340602897285967873
1340602896438730752
1340602937337405441
1340606768611807234
1340613173905256448
1340614181242904578
1340622464041299968
1340629785882419207
1340629784657756160
1340636576489992199
1340650416485224449
1340652680629211143
1340655578889080832
1340655577911857157
1340656021749030914
1340656031530168320
1340663095191085057
1340663253324558337
1340667782791237634
1340674708858028032
1340674706312056838
1340674912973799425
1340675082608230402
1340675079932297218
1340678494725005320
1340678499007381504
1340679232700051458
1340679231718576130
1340682504538230784
1340690307197804544
1340692184627068930
1340696972244578304
1340697983466102785
1340704780352507904
1340706917753090048
1340712705640972288
1340714466170683392
1340715721723015168
1340716025046851585
1340727689662050306
1340727694397501441
1340728682038509568
1340731407937761282
1340731408852070402
1340731408852070402
1340731580340264962
1340731579149086720
1340742399832670208
1340742398805069824
1340753840564391937
1340765425919934466
1340807050792677377
1340807327172063232
1340810599165358080
1340871247681339393
1340874161762267136
1340885467709857792
1340885969394782213
1340888508706242568
1340889369045913601
1340889368022589441
1340889366978125824
1340889373949116416
1340889372992794624
1340889372023902208
1340889371042410497
1340889370107158530
1340889375865937920
1340889374909554689
1340889564601311232
1340889574051110912
1340889580162179072
1340889586327810048
1340889584415236096
1340889590463389697
1340889624118439937
1340889635518636037
1340889700563881984
1340889707081818112
1340889728665698306
1340889738643947520
1340889741059903488
1340889740418150401
1340889747414245377
1340889749918281728
1340889748601233408
1340889761670688776
1340889761628733441
1340889760504700929
1340889793165713416
1340889865370669056
1340889870995234816
1340889891094315008
1340889914012016641
1340889993720565761
1340901452768632832
1340901451225202694
1340901454379327489
1340904613051031552
1340904620365901824
1340904621909417986
1340904626422505480
1340904625063550977
1340904643921141766
1340904648882987010
1340904654067163136
1340904729979850752
1340904845994147841
1340904850662457344
1340904849018212355
1340904847441203201
1340904854613442561
1340904853040599047
1340904852033949696
1340904857163579393
1340904855905308673
1340907991361413120
1340907990149296128
1340916163862286336
1340917299612512257
1340920202209472512
1340920205426511872
1340920211009134592
1340920827185750022
1340920826174918657
1340920828184031232
1340923594977624064
1340923593945796608
1340927242302439425
1340927418241081345
1340946520334589953
1340950178329735173
1340950183450914817
1340953412771270656
1340954925891682304
1340954929431674882
1340954927758077952
1340957168556789760
1340958197306195968
1340961472420007938
1340965420333985792
1340965493306515456
1340965873784254464
1340965872383344644
1340972673166413824
1340972677616578560
1340972681550770177
1340972692116279296
1340973674845753344
1340973673868525568
1340973677035180033
1340973675927891969
1340976821215477761
1340980092093100032
1340980235370684416
1340980237664972807
1340980332858765314
1340983996449058816
1340987289992884225
1340991540378836992
1340992548542660608
1340994809767587840
1340994823894036487
1340995694019022853
1340998468039368706
1340998465610948620
1340998464088358913
1341000122545688578
1341000125557170177
1341002863196188673
1341003623522729988
1341006583615111172
1341006772241195009
1341014695986122754
1341021123631144961
1341021542252224514
1341022617277399040
1341025642108788736
1341025640808554497
1341025736560439297
1341025790000029696
1341030297643614208
1341030296565661698
1341033118875217930
1341033568831590402
1341036973155373056
1341038350019391488
1341040532227801097
1341040533641302017
1341040533603532802
1341040539827900425
1341040544290582528
1341041496556912640
1341041500805758978
1341041498880528385
1341041505390088192
1341041502990913538
1341044513985314817
1341045271367577600
1341048216557633537
1341048227852894208
1341048226594643970
1341049172300976130
1341049171336253442
1341049170161909760
1341051185063555073
1341052584421801994
1341059489374629895
1341060751834796032
1341063384435994624
1341063390270251008
1341063425225584641
1341063893464961024
1341063897436938240
1341063900456841217
1341066534341365760
1341067363547017228
1341068172259074048
1341068171067891714
1341071123782520835
1341071697131147264
1341074210190368769
1341074713502597120
1341079001490665472
1341082630419308545
1341082634454220800
1341086302859608067
1341089939715289088
1341094012720132096
1341094470025023488
1341097867528732672
1341097869999128576
1341097873186775040
1341098086123401219
1341098122232127492
1341101011537076224
1341101613843419137
1341112111204880384
1341113467915304960
1341121146817716224
1341131007718768640
1341131007458762760
1341131966695895040
1341131966695895040
1341131965634789376
1341146427465101316
1341233007194075136
1341234138636984322
1341236413715673089
1341248356266340354
1341248358061469699
1341250899856027649
1341251375536062464
1341251379344465920
1341251378258198528
1341251383752761344
1341251382494416897
1341251381387087872
1341251380502122496
1341251387716370433
1341251386562945024
1341251385090838528
1341251554892984320
1341251578838347777
1341251597511352321
1341251631778844672
1341251628037513217
1341251652792291328
1341251655845732352
1341251670450331652
1341251690939478016
1341251698619281410
1341251706865250305
1341251723319504897
1341251730722447360
1341251781477720065
1341251789249769473
1341251807692132353
1341251843607977984
1341251864558514177
1341251878567460864
1341251877938339840
1341251882820485125
1341251890852589568
1341251916202975233
1341251918870548481
1341251939502321664
1341259994763845633
1341260002363891712
1341260435845046273
1341260437044674563
1341262389602336768
1341267112644419584
1341267117413335045
1341267115756507137
1341267114015899651
1341267120726818817
1341267118935789568
1341267125831274497
1341267124824633344
1341267123721519106
1341267122333208576
1341267265958907904
1341267627134607367
1341267632230686721
1341267638937395200
1341267637779787777
1341267654338895874
1341267652245925888
1341267655597174784
1341267672961589248
1341267689780736000
1341267689201954817
1341267718151036928
1341267731635703808
1341270757804892161
1341271636775821344
1341274781782429696
1341274780582866945
1341274976717074432
1341274988037464065
1341275011974377475
1341279187068338176
1341279439766708225
1341279813504405509
1341282440996859904
1341282452527067137
1341282459518812161
1341282458482876417
1341282457354608641
1341282462937309184
1341282462777786369
1341282461783740417
1341282460550586371
1341282466234064896
1341282479446106120
1341282484995174400
1341286401195843584
1341287117855617025
1341290009878401025
1341290012533424128
1341290011279327232
1341290339089395712
1341290342549774336
1341290350401490945
1341290383863648256
1341297436346748930
1341297438150291456
1341297557872336897
1341297556819648512
1341301455433596928
1341301464531144705
1341301496739209216
1341301959731466240
1341305095850516481
1341305097079414787
1341305230953127938
1341309507431854082
1341309509990457345
1341312688236990465
1341312696738869248
1341312706343800833
1341312705903415297
1341312715701284864
1341312719023173634
1341312747607371776
1341313287170924544
1341313286239789057
1341313285090549762
1341313288467038209
1341316181165109248
1341316186462539777
1341316185443319809
1341316184038203392
1341316182926712833
1341319705533902848
1341319704451842048
1341320105414803456
1341320110540288000
1341320109026127875
1341322599100346370
1341323853587382272
1341327154148159488
1341327173433630721
1341327182656921600
1341327205683630080
1341327506238971905
1341327505202896897
1341327504217231360
1341330903432196096
1341334927657328641
1341335685295349761
1341336429377454081
1341342354184183808
1341342353097859072
1341342691041357825
1341342695755833349
1341342725476630530
1341345500050550785
1341347011807744002
1341349012188897281
1341350036404375552
1341350072823525377
1341350279376117763
1341350278226800645
1341354056372035585
1341357443792703488
1341357448595173376
1341358584156676096
1341358582856470530
1341361735953879040
1341361734875934726
1341361733370167297
1341364750773436416
1341364748999245825
1341365085462261760
1341365120639905793
1341369029848485889
1341372803426131969
1341372802402676743
1341373128245719041
1341373131638919169
1341376967724191744
1341382994364252161
1341384007603240961
1341384281193672705
1341384381194125316
1341384380187430913
1341387785052274689
1341387783617835012
1341387797098278913
1341387823400820737
1341388910971088896
1341388909838618624
1341388911965130752
1341392055080157184
1341395327170064384
1341395422837940226
1341399098595930113
1341399138701881344
1341399359674564611
1341400357910568962
1341400359428874242
1341402606959255555
1341402606959255555
1341403885043331081
1341403883214696448
1341406760670814213
1341407159117090817
1341407157338710022
1341413702843686913
1341414577632731136
1341415082496983041
1341418188869939204
1341418192930021381
1341418202694356994
1341418200790142976
1341418206246920194
1341418481221189637
1341418479975469056
1341418478775857153
1341418482752090115
1341422881637421056
1341430181857136641
1341430467304828928
1341438108236017666
1341445659157692417
1341448703979233288
1341448808052322304
1341452486817800201
1341453082853482496
1341458620093853697
1341460254115024896
1341460633686921217
1341464157141479426
1341467912582918145
1341471602932920329
1341474849177411585
1341479444951801857
1341482403273998336
1341484907562983432
1341490451656761344
1341498002641309696
1341498001718538240
1341502091139944449
1341506057181413377
1341509203609800706
1341596650599370752
1341599529850843137
1341613285188263938
1341614019287732224
1341614017610096640
1341614023016546304
1341614020982317056
1341614028259397635
1341614026661347328
1341614024899751936
1341614031338029056
1341614030343995392
1341614029324734465
1341615045906722816
1341615053892706306
1341615065573847040
1341615070820896769
1341615070531497985
1341615079951921153
1341615101829328896
1341615100889866240
1341615132959531008
1341615184645922819
1341615183957995520
1341615226802855937
1341615265344344064
1341615268779470849
1341615273036673024
1341615279521062914
1341615288807264258
1341615298470932483
1341615302665265152
1341615310785433600
1341615309216747520
1341615308809920512
1341615356201365510
1341615370210258945
1341615371695087617
1341621439141531648
1341621440118833152
1341621630762672128
1341621636513091585
1341624700104036354
1341626100330291205
1341626479357042688
1341626478253940736
1341626477079511040
1341628921897476097
1341628930348990464
1341628942650912769
1341628945884729345
1341628957137973249
1341628980512890882
1341629009315176451
1341629025958170626
1341629054554939393
1341629092563697664
1341629108585947142
1341629123039539201
1341629121558884352
1341629129788186624
1341629129561681920
1341629132489322497
1341629138709442560
1341629137958670336
1341629496345038848
1341629500304490496
1341629499331420160
1341629498270253062
1341629497326518272
1341629505161502720
1341629504150593537
1341629503173365762
1341629502204473345
1341629501164253185
1341632762344742913
1341634274080878592
1341636763719221248
1341636771080237056
1341636781998010368
1341636780387426304
1341636800331300864
1341637549505142784
1341637548477566976
1341637547378712576
1341637552411799552
1341637551442939909
1341637550574718981
1341637669424652293
1341641825338060802
1341644452306292736
1341644460090900481
1341644464436224002
1341644500440150016
1341645225165377537
1341645224011960320
1341645222460080129
1341645226499219456
1341647865941118976
1341651927852048386
1341651926014947335
1341652017844899840
1341652020592222210
1341659947575115779
1341659946530656256
1341659945465331714
1341659948615311361
1341660070627713024
1341660077388951554
1341660081931378688
1341660088113770496
1341663848479162368
1341670011358703617
1341671579948900352
1341671774816149504
1341675548620165121
1341682347897311235
1341682346500608000
1341682817747587073
1341682821136527361
1341685111020875776
1341686714096599040
1341686743129616385
1341688750749831170
1341689892049362944
1341689891118219264
1341690359257198598
1341690363304656896
1341697821112557568
1341697819929792512
1341697847826272261
1341697852716793858
1341700327729295364
1341700337216843776
1341701468584173568
1341702047771615235
1341702477486276608
1341702475804409856
1341705116341075973
1341705497590734848
1341705496458190848
1341705498630836226
1341705817008058374
1341705822649380864
1341705828248776705
1341707888314654721
1341708600205602816
1341709271398981633
1341712340538966018
1341713169903878144
1341715563362467840
1341715564637523969
1341716569974444034
1341719887115407361
1341721225454743552
1341723550550470657
1341730536973221890
1341730536973221890
1341730538462187522
1341731923941416960
1341739850743963655
1341745762225463299
1341745766621040640
1341745765576675329
1341745764586831873
1341745763261399045
1341746324409081859
1341749922983538689
1341750417328197638
1341753186235809793
1341753437378121728
1341753438749659137
1341754948237725699
1341762753002795008
1341765118280032263
1341765122822463493
1341765130875531264
1341765139251539971
1341765894775558147
1341765893781524480
1341765892737134593
1341769294812573696
1341769293113876481
1341776713814925314
1341776822317551619
1341780111834542082
1341780387656310786
1341784895538954242
1341784894402252801
1341784893269762048
1341784896839139329
1341792319314378753
1341792757682233345
1341800120476569601
1341800119516053504
1341800118542979072
1341800117515374592
1341803520412930048
1341803519137914880
1341804041484070913
1341804046630481920
1341804079698354176
1341806785640898561
1341806796021837825
1341811464512942082
1341814842462674945
1341814843737665538
1341815117936267264
1341815122449342466
1341818239177748480
1341818238011756546
1341818797385261056
1341818809141833728
1341822893609472000
1341823049079861248
1341825360527319042
1341825914858979328
1341833059163906048
1341834094204731392
1341834093147766791
1341834091994304512
1341834461940486145
1341834465358852098
1341837364851720192
1341837363832442881
1341838119021076480
1341844746327748608
1341844751771987969
1341844754385006592
1341853345829384192
1341854845712674816
1341867158708563974
1341867690345021443
1341875069258244096
1341875076979970049
1341875236589895680
1341875237856559104
1341878634437480448
1341879037283749889
