1301279484868538369
1301281499069677568
1301283262585876480
1301283769937166338
1301287038860382210
1301288796848349185
1301290811825545219
1301291316870033408
1301292571856195584
1301293847927050241
1301296600720044033
1301298363359539200
1301298574701985792
1301299690252558337
1301301590662418432
1301302138296037377
1301305156970196993
1301305909977571328
1301307671576969218
1301308427625328640
1301308964139864064
1301309684637413377
1301310904726777856
1301311701325885441
1301313458772860931
1301317234485321730
1301318997762244608
1301319651012481024
1301322014066487299
1301322773172813824
1301324785977262087
1301326798735781890
1301328559718502402
1301328862400270336
1301329062812618752
1301329726636609536
1301329974469689347
1301330329614118919
1301331609027780609
1301332335204368384
1301336110329663488
1301336614296264704
1301337548594307072
1301337870507048962
1301339886071488514
1301341896694992896
1301343659435216896
1301344161858285568
1301347434426232833
1301351208226115590
1301352749624303617
1301352970475499523
1301354985129680897
1301356220284989440
1301356600125341696
1301356997347082242
1301358761362292738
1301359585110847489
1301362535346642945
1301366310522228736
1301368071446319104
1301369279950987264
1301369736098246661
1301369978453520386
1301370082417934337
1301370967759810560
1301371049821396992
1301372096430387201
1301373860684668928
1301377631850582017
1301381410213761024
1301383170785456134
1301385182746943488
1301388531579760640
1301389461746577410
1301400281159262209
1301404558594322432
1301407832894566400
1301415380934684672
1301425449990529024
1301430482488487936
1301440547589156864
1301445621677785088
1301460682131505153
1301465714453286913
1301468231081832448
1301472006685315072
1301477038046543883
1301482072985530368
1301487105881890816
1301492892268146694
1301494654932856833
1301498430452314114
1301502205745401857
1301503964291235845
1301505985169838083
1301507992383295489
1301509753517084672
1301513530638819330
1301517303784370178
1301519066105098241
1301521077361954819
1301523092112637954
1301524853678379008
1301528630942670848
1301532401907249153
1301534163208724485
1301534599642640389
1301536180442456064
1301538170169819136
1301538192580120577
1301538206752542722
1301539954326212614
1301543130580180992
1301543421673271298
1301543729006809095
1301547503100272644
1301549265995657222
1301550676871458817
1301553292359720960
1301554547601682433
1301555052495147008
1301558117633789953
1301558828895555584
1301562604603748361
1301564366597369857
1301566378860834817
1301568391120130059
1301570152870424576
1301572336559165445
1301572339016986626
1301572337821646848
1301572343924363264
1301572342024290304
1301572347850227712
1301572346252197889
1301573927421054976
1301576011822239745
1301577702571487235
1301579465554829314
1301581477000425473
1301583490409017346
1301584139338964993
1301584138193891333
1301584142996389889
1301584140840570880
1301584720573075456
1301585252549373958
1301585697975857152
1301585873444548608
1301586103313469441
1301586501055123456
1301586672841232384
1301587380659396611
1301587949117530112
1301588045443948546
1301588623817469954
1301589025078345731
1301589361482297344
1301592610532810754
1301592802883760131
1301594561341534208
1301595822962991104
1301596578302636032
1301598590670901248
1301599593910730757
1301600353230696449
1301603413948596224
1301604126695067649
1301605489533267969
1301607899991506944
1301609663490859009
1301609698538541062
1301611674605060097
1301613686868541441
1301615449742991369
1301616037213818881
1301616095648837634
1301616099553804288
1301616102460407808
1301616108118536192
1301617944351240194
1301619223374987266
1301623002040283136
1301623700635049984
1301624761026478080
1301625872256958464
1301626003094081536
1301626000355196928
1301626000355196928
1301626007267418112
1301626012099256321
1301626015261761538
1301626022807232512
1301626026619936768
1301626773088751618
1301627785492922368
1301628119384686592
1301628788422344704
1301629817335447553
1301630549455515654
1301634326262579201
1301636940035321857
1301638101618622464
1301639860059594755
1301641129566371841
1301641876508938240
1301643886180397058
1301644894935625729
1301645648090062849
1301648733474557954
1301649424691728389
1301650164751323136
1301653199892422657
1301654961240104960
1301656975617466371
1301658987117580290
1301659993347960833
1301660446433275906
1301660751178928128
1301664522449678336
1301668297843376128
1301670061950873603
1301672075636232193
1301674085081116673
1301675846621696006
1301677424866807808
1301679623055474689
1301680398955474944
1301683396498817024
1301685158874173441
1301686460454764547
1301687174404935680
1301689188090351617
1301690193431461888
1301690199882297345
1301690946531323910
1301693993101791232
1301694588055420928
1301694720947691521
1301698497180299267
1301700260646055938
1301702273605795840
1301704284552212480
1301706046050897922
1301709823063592963
1301713597467439104
1301715358307495938
1301717370944344066
1301719386730967040
1301721144920363009
1301724923241660416
1301725160853000193
1301728696781467648
1301730459102126082
1301732475106979842
1301733709612109829
1301734486217023489
1301736245933092865
1301740023470002176
1301743798062522368
1301745558982463488
1301747569899573248
1301747968748351488
1301751851285708800
1301755118468165633
1301762671340027905
1301766950423535616
1301770218600124417
1301787837386371073
1301792869829795840
1301802935656034305
1301807967604441090
1301818036979216384
1301823083423117312
1301828100318167041
1301830616984555525
1301834392696958977
1301834392021729281
1301836911653400576
1301838167352508416
1301839425266212865
1301841942955864065
1301843200789942273
1301844460423262208
1301845721432371201
1301848235707969537
1301849493072216065
1301855281488498689
1301857042408378368
1301860817005162497
1301864592059047945
1301866352106496000
1301868367054344202
1301870380500611072
1301872141353316352
1301875917531287552
1301879693348605952
1301881452225847296
1301883477407731712
1301885481043611649
1301887242198286337
1301891014907625472
1301892778465669120
1301894791274397699
1301896555050532864
1301896554861780998
1301898579125116929
1301900342855176192
1301900578608623619
1301904653190270978
1301907878924742658
1301909889510498307
1301910946240106498
1301913667215282177
1301917440792764418
1301918949823729668
1301921217188900865
1301922989831860224
1301924992645558272
1301926751493386241
1301926751354990592
1301928766667722753
1301930527918821387
1301930778935296000
1301931164320452612
1301931167587774465
1301931165478088704
1301931172025360384
1301931171060707328
1301931169999499271
1301933037026906112
1301936830611324928
1301938084150468612
1301940088612556806
1301941700466597888
1301941704639959040
1301941703373283328
1301941701628452865
1301941707282329601
1301941705982181377
1301941853730877440
1301943264157732864
1301943262979133440
1301943265881591809
1301943272567308289
1301943271682265088
1301943270654664705
1301945459469025280
1301947639639027712
1301951415934476288
1301953636419862529
1301955191479173121
1301956912792117250
1301956948603146240
1301958470250508288
1301958964658266119
1301960974736543745
1301962740035186690
1301962851737899014
1301964550502256640
1301966514107502592
1301972051503255553
1301972931933696000
1301973559569518595
1301974064311959552
1301976075111727106
1301977839613419521
1301979092745678849
1301979101209665537
1301981619801202688
1301984208512978947
1301985407094136834
1301985898964422667
1301987149131153409
1301989162409754626
1301991175017115648
1301992369433096192
1301992944732377089
1301994006730010624
1301996529587302400
1301996711334813697
1301996867186688000
1301997623554043908
1301998526088581128
1302000489119330304
1302002247761571841
1302004263015583748
1302004263015583748
1302006276755464194
1302008037985615878
1302011812615987207
1302014832665923584
1302015585098895360
1302017347096543232
1302019361926979584
1302021373087416328
1302022384342495235
1302023135567532033
1302024361616924672
1302024358823559169
1302026910789185537
1302030684194832385
1302032445781479426
1302034459995312128
1302036477245902848
1302037184728317954
1302038236039122945
1302042011441209345
1302045784398016513
1302047548857872391
1302049559040987137
1302051573191802880
1302053335525142528
1302057110516232194
1302060131568496648
1302060885276491776
1302062647299506181
1302064660993245184
1302066673457991681
1302068436231770112
1302071285552353280
1302072211478634496
1302075984884232192
1302077744885440513
1302079760357642240
1302081773841645568
1302083535793197056
1302087307932192768
1302091086425399296
1302092848075018240
1302094860690784256
1302096872362967040
1302098632427143169
1302102408743485444
1302106182514077697
1302107945757532160
1302109957907787777
1302114239629479936
1302117507399061505
1302125059658702848
1302129335999107078
1302132606868348930
1302140156242284545
1302155258680967169
1302170359123202049
1302185456914833409
1302187975283965952
1302190488418738177
1302203073788551168
1302208107599233024
1302215657103208448
1302219429841903616
1302223204052852737
1302226981103308800
1302229998166712321
1302230753036701696
1302234528627515392
1302238304629338115
1302242080245374976
1302245853411803136
1302249628318998529
1302253403796656128
1302257179643260929
1302260954323918848
1302262968709795840
1302264727561793537
1302266312236826626
1302266768610656256
1302268502498316290
1302274039126392833
1302276052270616578
1302278066635452418
1302278754228555778
1302279830545879042
1302283222466715649
1302283603628437504
1302287375733870593
1302289139837042688
1302291153686089733
1302293165639192577
1302294925757870080
1302298702225248267
1302302475987410946
1302304238391963648
1302306252115120128
1302308267759108096
1302310029123563521
1302313803439386624
1302317577163677698
1302319337622188032
1302321352280616966
1302323364774785025
1302325125736542209
1302328351298785280
1302328900018733058
1302332676490358790
1302334396372930560
1302334440316772352
1302336453012267008
1302340019001016320
1302344001375399943
1302351551550361603
1302359098009231363
1302360022643429376
1302365894958612480
1302366648037449729
1302370236558057472
1302370729619460096
1302371947016261633
1302374201089761282
1302374618825596928
1302374827227975681
1302381748534284293
1302386297827258368
1302389301393661952
1302396849073074177
1302404400007335936
1302411948525584384
1302415211056381952
1302419497408659456
1302427046526758914
1302429059721428993
1302430822029578241
1302434599650422786
1302438372091277312
1302440134047158272
1302442147505934336
1302444161040351233
1302445923583299585
1302448491839406081
1302449697756512257
1302453474555199488
1302455232199262213
1302457245796622338
1302464799146758146
1302472345727229953
1302479894849490944
1302483672470351873
1302487444877725697
1302487801183625216
1302491723889811456
1302494997254733825
1302502546309812224
1302517643602255872
1302532742698106887
1302547842679156736
1302550361484525569
1302552880084332545
1302565460286808064
1302570491622944815
1302578043068784640
1302581817111990274
1302585594338586624
1302589367094050821
1302593142705844229
1302596918154063872
1302600693015105536
1302604465170788352
1302604551132864512
1302604548029079553
1302604553972453382
1302604558561021952
1302604556174385159
1302608243857010690
1302612016192983040
1302612737617346560
1302612853518606336
1302615792706617345
1302619569262133250
1302622145495719938
1302622147802615810
1302622153829879809
1302622932338749440
1302623339706540032
1302625353429590016
1302627116291424257
1302630892310011909
1302631526148890625
1302634665598160896
1302636426585047040
1302637687992582145
1302638441948213249
1302644243467444224
1302645989661118464
1302651528357072897
1302653540175933442
1302661092653649921
1302661092653649921
1302668639376732160
1302676191250460672
1302681726523768834
1302683742646001665
1302684840572194817
1302690199625854981
1302691287917830150
1302695065266126849
1302698839456051201
1302699648503574528
1302699646993620992
1302699651905150976
1302699650399395840
1302699655218700288
1302699653603811328
1302700855813115907
1302700897324023809
1302706386929938435
1302706636834865152
1302706727834525702
1302706884630269955
1302711804322131968
1302713936857399297
1302716219108196352
1302716222530748416
1302721489389711364
1302727024881041409
1302729098305974273
1302735466869919746
1302736027090481152
1302736056010158080
1302736589815250945
1302739850617995264
1302740299584684034
1302740703701684224
1302742126128762881
1302744138455146496
1302751687296405504
1302755460660047872
1302759235852345347
1302760543401340929
1302761249709711368
1302761320538750977
1302761406777892864
1302763752350052352
1302765232050245632
1302765235476918272
1302765414477230080
1302766786035748866
1302770457964285952
1302770561848881152
1302771979439742976
1302774337670451202
1302781885924466690
1302785662073143296
1302789437655527424
1302796987046268931
1302804011267969025
1302804009162473472
1302804536059400192
1302812083927617536
1302815858423721985
1302819636401049600
1302821648857432064
1302823408321941504
1302827186534199297
1302830960967385089
1302832719362240512
1302834735132049410
1302838511024959490
1302839012403613696
1302842287546920960
1302846060155621376
1302849832219013120
1302854113059909632
1302857383740411905
1302864932929708032
1302875000869879810
1302880033011388417
1302890099823316992
1302895130886705153
1302905198629859328
1302915266154823681
1302917780115775489
1302921555572334593
1302921554800541696
1302924075011055617
1302925333843369984
1302926592554029057
1302929106737287169
1302930366500605953
1302932881476595713
1302935397060743168
1302936657277202436
1302939171678498817
1302940437653708801
1302942443546042368
1302944208655994882
1302947982824927235
1302951756884856832
1302953519788576768
1302955532119085057
1302957543216513026
1302959307269513218
1302963083569176576
1302966856786083840
1302968616544079873
1302970644011905024
1302972643021291527
1302974403265933319
1302978183336210434
1302981956481806336
1302983720354410498
1302985734614331398
1302987754842787845
1302989503209058304
1302993279949078530
1302997053237334016
1302998821308370944
1303000842602262529
1303002842140225539
1303004604284710914
1303008378013265920
1303012154317172736
1303013917678096384
1303015931698962437
1303017940556673026
1303019706161520646
1303023477495078922
1303023733980848130
1303025868621582336
1303025872761286658
1303025870462791681
1303025875919675392
1303025874388746240
1303025879522500608
1303025878033547264
1303027252125462529
1303029015062740997
1303031029230456833
1303033039719747585
1303034804322041858
1303038576385548288
1303042354367082497
1303046126103392257
1303047198788247553
1303048142221381632
1303049852432060416
1303049903011229698
1303053677524123649
1303054084904284165
1303054513218244611
1303057452712239105
1303061226415628291
1303063242248511490
1303065002585325577
1303068775080751104
1303072553221718025
1303074314418360324
1303075570620665857
1303076327344484354
1303078341763891201
1303080042935787521
1303080103170248711
1303083877687267330
1303087651722067974
1303089415934357504
1303091424444002305
1303091448389263363
1303093441606414338
1303095200512868353
1303098977550827520
1303102798473637890
1303104511238692865
1303106527415463942
1303108537686646791
1303110302037413889
1303114075711377409
1303117850291458048
1303119613383802880
1303121625295081473
1303123066155937798
1303123637772455936
1303125399908614145
1303125399040413696
1303129172701835265
1303132948720386050
1303134709539635203
1303136725598965760
1303138737635852289
1303140503672815617
1303140724435759104
1303144274113040385
1303148049255092225
1303149811298955264
1303151825718304768
1303153837432242176
1303155600961015809
1303159374924443649
1303159374924443649
1303163150162853888
1303164908763336705
1303166922725437442
1303178250072387584
1303184035888455682
1303197120518852608
1303237388601352192
1303242422395252738
1303272622931603456
1303280169063518209
1303282688405667842
1303283945396727808
1303283945304399872
1303286461408727040
1303287721209860096
1303288979270311941
1303292752562720768
1303294012363870208
1303295270881570816
1303302854317412354
1303304833257086976
1303306592667013122
1303310371047038983
1303314142602952707
1303315907289194502
1303317921419100161
1303319932931919872
1303321693717495812
1303325467068510210
1303329244097974272
1303330151997071362
1303331004057346050
1303340569071104000
1303344342036348931
1303346103333646340
1303346528661262336
1303347421431377922
1303348126955245568
1303348330857148417
1303350130133921792
1303350697836994560
1303350705755807745
1303350717915123715
1303351892752375808
1303352802387701761
1303352813246795777
1303352836353269761
1303353095229812738
1303355667533754371
1303360984979914752
1303361205499834369
1303363201367552003
1303363260142555138
1303366385146486784
1303366474183127043
1303366995082129410
1303370768668151809
1303371806632341504
1303372505210593282
1303373262672420864
1303374471168815104
1303374540005945344
1303376305761681408
1303378322978725888
1303381998388404224
1303382140722327552
1303384735020797952
1303385867722072064
1303386313094176768
1303386322741075968
1303386327925178370
1303386323919667201
1303386330110418945
1303389642255986689
1303389887106777090
1303391401208619011
1303393614966341632
1303395431137902592
1303397192485474304
1303400963848499201
1303408960293097472
1303408963912790021
1303408961501016064
1303408968530714624
1303408966127378432
1303408969554169856
1303412289241067520
1303415991167332352
1303416065465233410
1303416423520272391
1303416664713723910
1303416666882269191
1303416673001771010
1303416671269515264
1303416674817896460
1303418286395318279
1303418372038762498
1303419838514298880
1303421601946513409
1303423615778672642
1303425626527985670
1303425928194715649
1303427391507902464
1303430777984757761
1303431163084759043
1303434939967451137
1303436700631343106
1303437681985232898
1303438718196502529
1303440725561008128
1303441267343360000
1303441354803089411
1303441481471012864
1303442489475465220
1303446264810536962
1303446482457112577
1303450038027382784
1303451800893304832
1303453813093826560
1303455828733833217
1303457588063993856
1303457796956979202
1303461425835397125
1303465136972324864
1303466530592698368
1303466900442288130
1303468912835792897
1303470926852485120
1303472688418172929
1303476463728033792
1303480237557198850
1303482001870159872
1303484011075993601
1303485615351255040
1303486025898041346
1303487786176188417
1303488160949628928
1303489340421451776
1303491562656206851
1303491562295513088
1303492084477964288
1303495337986994177
1303495586252050435
1303497098575441920
1303499112118210562
1303499117151358976
1303500885822038018
1303501123471446022
1303502888774369288
1303504608073887745
1303506662880411648
1303512197545558016
1303514211805470721
1303515976281985025
1303516224307986432
1303517988944052224
1303521761905070082
1303525553409085441
1303527298382139392
1303529310612008960
1303531290486951936
1303531326130225152
1303532595301543942
1303533084810317829
1303533592639762432
1303536861273616384
1303537585411612672
1303539213330120704
1303540637174824960
1303542397138350080
1303544409896738818
1303544925993095174
1303545035560906757
1303546424508985346
1303548185395298306
1303551960294010881
1303555735914254338
1303557498625024007
1303559509936418816
1303563107986415616
1303563789573459969
1303567061357076481
1303574611729285120
1303578890825330689
1303582160172003328
1303589711550861314
1303599777314111490
1303604811007434754
1303614874090643457
1303619908685758464
1303624940210487302
1303629973652156418
1303635005965561857
1303637527052640256
1303640039038083072
1303642558011236353
1303646334327705606
1303646334164111361
1303648849161056257
1303648849161056257
1303650106676252673
1303651366917812224
1303653884561420289
1303655140608663553
1303656397066952707
1303657659841875970
1303662619287605248
1303665140793999363
1303665206829121538
1303665237439254529
1303665452409782273
1303667220841668610
1303668980788400129
1303672757285158913
1303676532850864130
1303678293716107270
1303680314099806209
1303682320247914496
1303684079360016384
1303687858042142722
1303691632039079936
1303693391482564608
1303695414198239233
1303696503903383552
1303696507254661123
1303696511134388226
1303696519145508865
1303696525516701698
1303696528880488449
1303696532617666562
1303697417984978944
1303698527256633347
1303698639383011328
1303699183573110784
1303699779935825921
1303700449405566977
1303701300698284032
1303702959704940545
1303705054734553089
1303706732368211968
1303706982017167360
1303708427374538757
1303708499453632513
1303710505203363844
1303711809585606656
1303712524869808128
1303716892700536832
1303718054396821507
1303721401669488640
1303721399287119873
1303721403703730178
1303721688241070080
1303721833494183943
1303722149220237314
1303722957408092160
1303723600072015873
1303725604500656135
1303726352416161794
1303726398142517250
1303727020531240967
1303727621444952065
1303729387741876230
1303731099672043520
1303731098803863552
1303731098006949889
1303731097155416066
1303731096358547457
1303731100510953472
1303731841841602565
1303732072096264195
1303732281165504512
1303733092813877248
1303733161873022977
1303736931881308167
1303737323662737411
1303737327391563778
1303737325961216001
1303737324757540874
1303737329446785029
1303737328490483714
1303738689043001344
1303740717198606346
1303742716929609735
1303744484950388736
1303748252932730881
1303752027697152001
1303752372527792128
1303753791699906567
1303755802084290560
1303756074000891904
1303757816138735620
1303758396374515715
1303758695566778375
1303758733600727041
1303759578572763136
1303762458079707136
1303762927317516288
1303763355367362561
1303764585845895168
1303765598673858560
1303767128349306892
1303768889910853633
1303769389276131328
1303769387980042240
1303769386625282049
1303769391134195717
1303769396687433729
1303769394326183942
1303770819256938497
1303770905127067650
1303771536533237760
1303772916522405899
1303773004422197250
1303774679556132868
1303778453871898626
1303779336474877953
1303779341252263936
1303779343873712128
1303781689114714115
1303781703455059968
1303782226803527680
1303783988608274434
1303785239248924673
1303785237344731136
1303785243476803584
1303785241463586816
1303785246723248128
1303786004759838721
1303786577038946304
1303788016998199297
1303788169024864256
1303788281348288512
1303789777230200856
1303793091288031232
1303793094832259072
1303793092466626561
1303793097743060992
1303793096426053633
1303793553680859138
1303794691796680704
1303794944172195840
1303795495551164416
1303796149782941697
1303797327912730631
1303797593064038412
1303799088576630787
1303799491934347264
1303801099799977990
1303802263970803713
1303802262989410304
1303802261852708864
1303802260653137923
1303802264956534784
1303803116249403392
1303804878955917312
1303806122038423553
1303806599933227008
1303806625778528256
1303806624658632704
1303806622477635584
1303806629343707137
1303806628064444416
1303806631675793408
1303807284875866118
1303808562724970496
1303808652558696449
1303809710957584384
1303809760806842368
1303811945615818773
1303812425955893249
1303813700608880642
1303814190621171712
