1309037235824734213
1309054970097029127
1309056668832010244
1309056674062270464
1309056671105323014
1309058664221859842
1309059152652705798
1309061800168763399
1309062592091099141
1309062757187190789
1309062943783481344
1309064139646607362
1309074185034096640
1309074746986946563
1309076528299466755
1309083753315291137
1309084061009358849
1309412626343096321
1309432533210333184
1309479650217820160
1309911881436594176
1310249818808344578
1310499612957061120
1310514935571656704
1310518491229937664
1310518511178002432
1310518534582267905
1310518585824022528
1310550870258581505
1310869639401005056
1310927574529343490
1311233107765465089
1311234847512424452
1311266340481662976
