1309011409926320128
1309026110416605185
1309040881744392197
1309060763072557056
1309069765453975555
1309100415489892352
1309111348408745985
1309129335366987779
1309145318907351040
1309151367324467202
1309161518978789378
1309165912579362816
1309187630811295744
1309196408663289862
1309380614337056769
1309392953136287744
1309409059234250752
1309421450902855680
1309422281769312256
1309431520256499712
1309433687650562051
1309464931503419394
1309511987894812672
1309540288478826504
1309540634278211586
1309541599601479680
1309561093195530240
1309573653684772867
1309752061974765568
1309785287409782784
1309811460873375744
1310165065178415104
1310477316364083200
1310487923440136192
1310495216722423808
1310516665868783617
1310536874805661696
1310554899818651651
1310588076381614080
1310609973479645187
1310826646711271424
1310853859401752576
1310865805089935360
1310891324279787521
1310898851973402624
1310907935137107969
1310930838280962049
1310932254072463361
1310950721601310723
1310957008296849409
1310970867481030656
1311010641478639617
1311194852537888769
1311218393262034944
1311218842283192320
1311220264219406336
1311253462454349824
1311277872984850432
1311297505318113292
1311314873628925952
1311327221827678212
1311367700162240514
1311375018014789634
