1309039365738258432
1309076610432237568
1309089718521466880
1309097750433165312
1309104558665273345
1309104992222171138
1309117631476105216
1309138178222288897
1309167590976237569
1309171432048467968
1309180043063701504
1309202943694970880
1309402652590080000
1309424402719805441
1309431826478510080
1309457427948023815
1309468191513604100
1309494867203182593
1309521336860053504
1309542178851450880
1309574642885996544
1309767161280253955
1309787118877712384
1309799129074335751
1309811202000850946
1309873361384742916
1309934765789806599
1310123761048465409
1310165788091793410
1310203033792516096
1310297908663656448
1310494211297497092
1310526162574213120
1310565925003751426
1310599395319013376
1310617964958420995
1310628919650004992
1310637647245709312
1310654367931027456
1310656054775119874
1310664046857908224
1310664071507709952
1310851305024430081
1310872402054840321
1310888298886230016
1310919386522439680
1310934603910115328
1310952723366387712
1310991227370770433
1311020168039092231
1311024145740767232
1311213306502426624
1311234832140316674
1311268051396902913
1311289424249057280
1311301270234431488
1311313843398860801
1311330714030239745
1311352028556296192
1311352935457185793
1311369734626172936
1311382648116449280
