1293668589237497856
1293683687364542464
1293698786292768768
1293713884151349248
1293728982811070465
1293744082393735171
1293759182722629632
1293765422874079232
1293768602139729920
1293771763705434113
1293772740642643972
1293773537027796999
1293774281122316288
1293775240837894144
1293776796693991430
1293777259002826752
1293779313255313408
1293781829804109824
1293784346441084928
1293786863094968322
1293789381279457283
1293791896284913665
1293792159469051904
1293792351924649987
1293792874774114306
1293794050861150210
1293794412812673024
1293796594857447424
1293797539037224960
1293799445965033473
1293799901286014976
1293800150893199361
1293800403226841088
1293800749491789831
1293800858556207104
1293801110830895105
1293801483088076806
1293802066461298689
1293802216185372674
1293802744281800704
1293802854130634752
1293804484611567616
1293807080504254464
1293807840830918656
1293808691481845760
1293809512344952832
1293810548472270849
1293811798366461952
1293812029342572544
1293812443605618688
1293813072243589121
1293813789973000192
1293814545450860544
1293815015770923008
1293816529994354688
1293817061978902528
1293818355577692160
1293819233076477954
1293819578800377856
1293821165379760128
1293822095273664513
1293822216354893826
1293823889643102210
1293824101124055040
1293824611893645313
1293825131228397568
1293826708462804992
1293826970099253249
1293827130002997251
1293828317175578624
1293828573812457472
1293829644995633159
1293830291283468293
1293831986801528832
1293832161615912961
1293832337202073600
1293832485596430336
1293833560344928256
1293834680387731456
1293835194953334787
1293835460075233280
1293836945437720576
1293837195074134016
1293839711245676549
1293841285133078528
1293843930300194821
1293844744586420228
1293847261135491074
1293847517084495872
1293848672443260929
1293848984856014849
1293849187386359810
1293849779617882112
1293850339536441344
1293852294468063233
1293853794275659777
1293854810945531906
1293854839533981697
1293856460968009729
1293857327997685761
1293859404060794882
1293859462349037569
1293859843975966721
1293860132938547201
1293860714021445632
1293862360692580354
1293863293111730177
1293864880328646658
1293864963442970624
1293865125993156608
1293867542423965696
1293867898214252544
1293869910322548737
1293872428028841991
1293874943470391298
1293876525276823553
1293877024952659969
1293878221671403525
1293878703437615104
1293879982201208833
1293880534221746176
1293882932910850052
1293883226432442369
1293885010101989376
1293890043472420864
1293890947999309829
1293892323978420224
1293893420818276352
1293893546047676417
1293895077807271938
1293895702490357760
1293896599228293121
1293897592930172928
1293898525420511233
1293898571813707776
1293899192658665474
1293899814057508870
1293901810495713280
1293902627655364609
1293903632895741953
1293905142518095873
1293906858848079873
1293908414029070336
1293909925358219264
1293909934933815298
1293911434477281280
1293912692554477569
1293913688210997259
1293915209120137216
1293915415064612864
1293915415064612864
1293915840060915712
1293917727048916992
1293918984232775682
1293920241911726083
1293921161781403648
1293921500458897408
1293922758682742785
1293924016928043014
1293924118031749120
1293925275906895872
1293927791881314306
1293928270153625600
1293928514794721290
1293930308476207104
1293932826333605888
1293934603808526338
1293936826990891009
1293937858181361667
1293939494018854912
1293942891547701250
1293943874482774018
1293945407966511105
1293947926163709958
1293948350845399043
1293950441340858368
1293955475508211718
1293956588403908608
1293957990849097737
1293959751680905216
1293961262376787968
1293965540583780352
1293967575735508993
1293970574562263042
1293970590622195712
1293973090234511360
1293975606846042112
1293980640048631808
1293981487298117634
1293982718406074373
1293985675931463680
1293988189816987650
1293990706470502400
1293991401882038272
1293995739484430336
1293996998123651072
1293998256247185409
1294000778932187136
1294001977651793925
1294003289240084480
1294004356065431553
1294005806082543617
1294007064138719232
1294008322710855681
1294010839058374656
1294015620552568833
1294015765872508930
1294030971721977856
1294046071874891776
1294061174183600129
1294076271291293696
1294091371725324289
1294106469256724480
1294121569732763648
1294124085291569153
1294126601781694465
1294129119148613633
1294131634988412928
1294132893300617216
1294134151331950594
1294135170417614848
1294136667989635073
1294137926436126720
1294138005373034497
1294139184714625025
1294139307020541953
1294140442913562624
1294141701288800256
1294144217950892034
1294144979049357312
1294145986076475392
1294146734294147072
1294148468232065025
1294149251023290369
1294149645195792385
1294150552159432704
1294151769967046656
1294152128899026945
1294153026014523393
1294153529247043585
1294154220061499393
1294154284234244097
1294155542408175616
1294155542357782529
1294155673081655300
1294156398385934336
1294156800753668096
1294158662416699393
1294159317600436224
1294161833847209984
1294163092234833921
1294163752980537345
1294164350534524928
1294165691248128000
1294166871474921472
1294167841487441920
1294169084733665280
1294169383632158724
1294169521717116928
1294171900273258498
1294172128527384577
1294172950766194688
1294174417065373696
1294175487091187712
1294176054127493120
1294176933320826880
1294177653604458497
1294179232982142976
1294179450028847104
1294180120320782336
1294181676365619202
1294184483109953536
1294184981456199682
1294185113740283906
1294186999855722498
1294188176689504256
1294189521169534976
1294189864817233922
1294190774750310402
1294192032840396801
1294193291139805185
1294194309500207105
1294194549452021761
1294195807625842688
1294197071130406913
1294199507312402434
1294202099228725248
1294203346686025734
1294204615844442114
1294205783861874688
1294205874114891780
1294207132456251392
1294207485419630593
1294212121140617216
1294212171119751169
1294212585366204417
1294215450591670273
1294217198827794434
1294217504294928384
1294217926166413315
1294219074042507264
1294219121123643392
1294220119527358465
1294220561112080385
1294221761266036737
1294222232021897219
1294223490158034945
1294224748457496577
1294224753365069824
1294225431638544384
1294226083416625157
1294226347846492160
1294226571520348168
1294227266772369409
1294227610264903680
1294228189229850624
1294228233051832320
1294228523704438784
1294228880149053441
1294229781664342021
1294232298540294147
1294233465249030144
1294234816024436737
1294237331403268096
1294239848132485122
1294241379149844480
1294241844579184640
1294242369143939072
1294244881359986688
1294245185401040902
1294247275288559617
1294247398097580042
1294248090652860418
1294248175046361088
1294249053849563138
1294249915749548034
1294252430956195840
1294252517778427907
1294254465143525377
1294254947605852160
1294255721383637004
1294257466784407552
1294259230334234626
1294262497675849728
1294263167472865281
1294266239024496640
1294266640901824514
1294266792479793152
1294267530442235906
1294269667645816832
1294269667645816832
1294272568120225795
1294274595596500992
1294277597057052673
1294277771926089730
1294278211031969794
1294281216036876288
1294282262121521154
1294282629861249025
1294285146741329920
1294286725431341056
1294287673360883714
1294288735727755265
1294292696463548417
1294297688847134720
1294297920523644928
1294300584984674304
1294302337025150977
1294305279098658816
1294305888229036034
1294307574934843393
1294312048009117696
1294312829311311872
1294315273248485376
1294316439483097089
1294316570890698757
1294317864350973953
1294318885127229441
1294326292456898561
1294333959841734658
1294340309321752577
1294347380196888580
1294348864930156545
1294353486281347075
1294358127324942337
1294361956317626370
1294362543201366017
1294363160833556482
1294365677118136321
1294366271841144837
1294368193826312192
1294370710530400256
1294373226928275465
1294375743653257216
1294376250207875072
1294377683544158209
1294378260848168967
1294383293379391489
1294384505042669568
1294393362322202624
1294408464702279680
1294423559884935169
1294438662285869056
1294453758299078656
1294468857134899201
1294483959620009985
1294485214996004864
1294486472997982208
1294487731393814529
1294488989630705665
1294490248055934976
1294491507349757952
1294492764617334785
1294494022665416704
1294495281170399232
1294496539268669441
1294496981184909312
1294497797560033280
1294499057180737536
1294500314364538881
1294501572437827584
1294502830775185408
1294503860745183233
1294504089041084417
1294505347416293377
1294506605891837953
1294507154309873664
1294507864032194560
1294509122289885184
1294510380496990208
1294511638880464897
1294512462742597633
1294512897142345728
1294513536786456578
1294514155924402177
1294515413934473216
1294516671999291394
1294517930265382912
1294519188544016384
1294520446797385729
1294521318784868353
1294521705017282560
1294522963627139077
1294523351453642752
1294524221754716161
1294525480113180673
1294526738387492864
1294526928041500672
1294527996561301504
1294528927067779073
1294529256513363969
1294531030108573697
1294531771506229249
1294533029797302272
1294534288101130240
1294535841159749633
1294536804524347395
1294537987095699457
1294538063004278787
1294538183447924738
1294539321131831296
1294541837802364928
1294544356494516228
1294546871046885376
1294547259582013442
1294548021569630208
1294549387738308609
1294551073684938753
1294551904756826114
1294553162557173760
1294553772035907584
1294554420827418626
1294556937325969409
1294558195713740800
1294559457662255104
1294560712438603777
1294561970457325568
1294562706314469377
1294564487073333249
1294565136645206017
1294567217737150464
1294569520363737089
1294572036820537345
1294573295183040512
1294574556003344384
1294576909465071616
1294577069935022080
1294579586659999748
1294580032824901632
1294580195714793473
1294581067941318656
1294584619887505408
1294584741254041600
1294585005486870528
1294587136419565568
1294589653312581632
1294590567842807815
1294590911410835456
1294592169454514176
1294593196438302732
1294594686053687296
1294594924059463681
1294596309433888768
1294597202640171010
1294598461166428162
1294599719432253443
1294600988033191937
1294602235905703936
1294603733872107521
1294603967763304448
1294604757655531521
1294607269158584323
1294608527349239808
1294609785850077185
1294612303279792128
1294614818792538117
1294617335379238919
1294618769449508864
1294619085435797504
1294619853165334528
1294620834590588928
1294621110785302529
1294622097273237504
1294627300693233664
1294627721075662848
1294629918366732289
1294632434965700609
1294634953632710658
1294636484969091073
1294637468130488321
1294638487568883718
1294638846588727298
1294639655695126528
1294639984691961856
1294642057043218433
1294642268452814849
1294643051013472257
1294643188624437255
1294643272523096071
1294645017764495362
1294648571195777025
1294650056444796928
1294655084090003457
1294659374531710976
1294660117330186240
1294660933294465026
1294663075744931840
1294663919232004096
1294664056712896513
1294664164896538627
1294664164896538627
1294664280533544961
1294665154630758405
1294666492924002305
1294669013289762821
1294670183739531264
1294674719409668098
1294675216728236036
1294675839473405952
1294683455343796225
1294686407752142851
1294690316294000641
1294692062013652994
1294692186005676038
1294694286584315904
1294694424912568323
1294695353342496769
1294700382585671680
1294705415863668736
1294708624787492864
1294708854173962247
1294710448823119874
1294710933210701825
1294715012389445637
1294720515186319361
1294725548199927808
1294733098060353537
1294739329873477632
1294740648445095936
1294755748921188355
1294770847467450370
1294785947989663745
1294801047265796097
1294816145892085762
1294831249568280578
1294846344729772038
1294846486623248391
1294851377617711104
1294856410623176704
1294858927172009985
1294861443930583042
1294862072547811329
1294863960282472449
1294866477057630214
1294867231898079233
1294868333750300672
1294871510251737089
1294872265046159360
1294873142305882112
1294874026775478272
1294876544175706112
1294878520322265089
1294879059931877376
1294879059734822912
1294880318084636677
1294881576480919552
1294882039280340994
1294884094254256129
1294884093176492032
1294885351371288577
1294887867886514176
1294889994495176709
1294890384519094272
1294890696663543813
1294891643959537669
1294893160334794758
1294894662705004544
1294894914317164544
1294895417646297089
1294896675882962944
1294897934341898240
1294900450819440641
1294901152488796160
1294901709093982216
1294902967384981507
1294906744607399937
1294909582393987073
1294910948390641666
1294911775566045184
1294914292249133057
1294916808483512321
1294919325158199297
1294921844340846593
1294924358251667456
1294926875060568064
1294929392708145154
1294929829553418241
1294931908241977347
1294934424598065153
1294936943403433985
1294939457683062785
1294941672242118657
1294941974516994050
1294943149543116800
1294947099130372096
1294949524268388352
1294954557345345536
1294957074112114689
1294959590564483077
1294962106966540288
1294964571132878851
1294966651180523521
1294967144258494466
1294972173476671488
1294972995279224833
1294974691581612032
1294977206607912960
1294979458072485888
1294979723215306759
1294982446849687553
1294984756493463553
1294987272903725056
1294989790757056513
1294991802840358912
1294994149175963648
1294997341217402882
1294999855782404096
1295002372599451649
1295004888968044547
1295006427694665730
1295006847229923328
1295007742332219393
1295009922212433920
1295012442875953153
1295013376188350464
1295014592805056512
1295017467375497216
1295019593052966913
1295019988701585408
1295022505086742533
1295025021774110725
1295027134554165248
1295030054829916160
1295032571466670080
1295034892682756096
1295037604564307970
1295042638966448128
1295044455989489665
1295047670927515648
1295050188579639302
1295051049649295361
1295053459033436160
1295055220632846344
1295057740885352449
1295062074192609281
1295062520353492992
1295067803700142080
1295067936122720256
1295072839301652480
1295075554899775492
1295077453220720640
1295077869882937347
1295080387174006784
1295082903186087943
1295085120643379208
1295087758059479041
1295089194784653313
1295092969385664517
1295095486370779137
1295098002550321152
1295100519220830208
1295102083130167296
1295118137168281600
1295133234678894593
1295148336077447169
1295163434422525953
1295178534596620288
1295193632996118528
1295208734507950081
1295211054201528321
1295212010377019393
1295213050946084865
1295216085730500608
1295216281818468353
1295218219821740032
1295218338235383810
1295218798585290753
1295219763476561920
1295221314970681345
1295222312015466496
1295223833687818240
1295226348131229696
1295228864852037632
1295230285672521729
1295231382059470849
1295233897941422080
1295234622507319296
1295234876401242114
1295235180593111042
1295235559695233024
1295236414498648064
1295237994090242048
1295238369082056704
1295238626910052354
1295238934134308869
1295238956158726145
1295239271729762305
1295241360342159362
1295241447738761216
1295241908349014016
1295241908349014016
1295243964329521152
1295244929384546304
1295246481948061696
1295248997393694721
1295251375517990913
1295251557383012353
1295254033813438465
1295254620932120576
1295255466864455680
1295255782552993792
1295257232431624192
1295259063752822785
1295259429869441025
1295261264743104512
1295261580586672128
1295261630377398275
1295262373729710080
1295262999876374532
1295264096955359232
1295266613613084672
1295267289135284224
1295269130015318017
1295269664281497600
1295271646656258050
1295272492920188928
1295274163297370112
1295276680580218881
1295276683986075650
1295279196411920385
1295279220525084673
1295279961100693505
1295281713065623554
1295284052761747456
1295284202825551873
1295284234026995718
1295284891085611009
1295286746171748352
1295287765488357377
1295287890092724225
1295288849900371968
1295289167434448897
1295289262779314176
1295291089264533511
1295291289416728582
1295291779302948867
1295291980143091713
1295294296011177985
1295296428403720193
1295296812832571397
1295298973494841344
1295299161986863105
1295299329956163584
1295300611576082432
1295301845892476929
1295303639800713217
1295303805656010752
1295304362366046213
1295305080313438210
1295306880659542016
1295307095902957569
1295309395505614848
1295311490883497984
1295311911979024384
1295312597227626497
1295314179927281670
1295314433942716417
1295315088648413188
1295316980531171330
1295317825737940992
1295319461873025025
1295320880533442561
1295321980166496256
1295324495012597760
1295326754274512898
1295327011569725440
1295327206693117952
1295329528345223168
1295332044843683840
1295334406568259585
1295334561740554240
1295334682704384000
1295336111724802049
1295337079908384768
1295338339835555840
1295338756808024064
1295338929793769472
1295339594586546176
1295340976962240512
1295341385944530944
1295342111248637956
1295344633594044416
1295347144266780675
1295349660949782530
1295350919215767553
1295352177402105856
1295354632345133057
1295355579532288000
1295355952787533824
1295357210537734145
1295358126976270336
1295359731209560064
1295360985981579266
1295362243958312961
1295364760628793344
1295365151819018240
1295366759361458181
1295367277618040832
1295368535439323136
1295368900939591680
1295369793810440193
1295370538152591360
1295372310120140802
1295373568323321857
1295373968438951938
1295374833224568832
1295376085388066816
1295376443552215041
1295377870106361862
1295379859871416321
1295382377955377154
1295384892977504257
1295385753606926338
1295387409643790336
1295389928000327681
1295391592711323651
1295392442762563584
1295394959462297606
1295396864490078210
1295397979445223426
1295398102288007170
1295399992425816064
1295402509037527040
1295405030934106112
1295410058860339200
1295412577091178498
1295415091878191104
1295420008995201025
1295422641688449024
1295423094216101888
1295425158379757568
1295429727365324802
1295431729637974016
1295432120891056128
1295434214721105921
1295434585929650178
1295437741199708162
1295440257895211009
1295442313330786305
1295445290984456193
1295447807482933248
1295450327169343489
1295452840949940229
1295454437188734977
1295456112255348736
1295457874139738113
1295458600635240450
1295459546526371840
1295460390420307969
1295461648736686081
1295462224442667009
1295464358382915585
1295480526099234816
1295495625677537281
1295510726228860928
1295525825153052675
1295540921321377795
1295556022031929344
1295571122566713344
1295574667328204800
1295578174017933312
1295579197411401731
1295581186195165184
1295583702911614976
1295586222077890560
1295586279401431040
1295588736114151424
1295589016847486976
1295590949721079810
1295591252721725440
1295592572166053888
1295593769136529411
1295595257015480325
1295596285894959104
1295597015943061505
1295597105667616768
1295598675796910080
1295598802489860096
1295601320133632000
1295601372151390208
1295602472195698694
1295602813658112001
1295603083205017600
1295603835629498368
1295604097299742720
1295604562796130304
1295604957694001153
1295605255590367232
1295605589561810945
1295606095726227456
1295606095726227456
1295606170980409344
1295606352107261952
1295608115501694977
1295608869771591680
1295611385431433216
1295611786562068480
1295612794512052225
1295613901900570625
1295614941215563776
1295615215346880512
1295615795913949185
1295616418566696960
1295616735186477058
1295617419306840064
1295617617533837312
1295618172373159936
1295618367576055808
1295618560979603456
1295618935065153536
1295619025339392000
1295620808006438914
1295620897659850752
1295621451584872448
1295622126121168897
1295622893636812800
1295623343715102720
1295623968498397184
1295626484707713024
1295628054019145729
1295628327957536768
1295629001512247297
1295629906936844288
1295631523274612741
1295634034630909952
1295634794769002499
1295635918620155904
1295635977847939072
1295636298305343489
1295636357575041024
1295636551150567425
1295636720843726849
1295637089271386112
1295638620485951490
1295639068819087362
1295639183910936576
1295639193394315266
1295639777631502337
1295640282722119680
1295641584227291138
1295644100792852481
1295644903406555136
1295646618151030784
1295648895482105856
1295649134058172416
1295651477105643520
1295653195436437504
1295654167374110721
1295654357199921159
1295654637345869825
1295656206024007680
1295656683994148864
1295659200492654593
1295659494010236931
1295660398276943874
1295661716920033285
1295663383367372800
1295664017499983872
1295664233552764930
1295665498819112960
1295666750315352065
1295668008560533505
1295668446823358465
1295669268152037376
1295670525205852160
1295671783358525442
1295672196430540800
1295673041637105671
1295674299836055553
1295675558177595393
1295676174383886336
1295676822571683841
1295677061286301696
1295678075057786880
1295679333198168066
1295680591476559872
1295680823853801479
1295681849675714560
1295684366589472769
1295684805087109120
1295685124743454720
1295686882987249666
1295687698947219456
1295688060806594561
1295688181845757959
1295689399469039617
1295691922187550726
1295692992783753218
1295693127404130306
1295693683552129025
1295694432860241920
1295696949249601537
1295697870432149504
1295699466872328196
1295700762807406593
1295701982456545281
1295702699707637760
1295703120069173248
1295704499240067074
1295704885485346816
1295706669465436162
1295707015411453954
1295707846512967680
1295709532149223426
1295712048693882888
1295713370646216708
1295714565431255040
1295715503919554560
1295717081879580674
1295719309717667840
1295722117493751808
1295724379934822401
1295726176720355328
1295727148171440132
1295729411023675392
1295732181503848450
1295733225558548480
1295734168945659904
1295734697968967683
1295737217462104066
1295739731041562624
1295740034532941824
1295741704851644419
1295742371372642308
1295743978722164736
1295744585839386626
1295745840745795584
1295746084103426049
1295747280868237312
1295747737825222657
1295748532113203213
1295752314234576902
1295754830607052806
1295756880229421059
1295757536881192961
1295759508174766080
1295759865198055429
1295762140528283648
1295763427043028992
1295767415683346433
1295772446700834823
1295773793810620417
1295774857658015744
1295777479727226886
1295782516616392709
1295787546157305858
1295789643645034499
1295790006498480131
1295792579246559233
1295793639755571200
1295797612394627072
1295797945145741315
1295798870992203777
1295800129169940480
1295800314524831745
1295801387645718528
1295802645903552512
1295803903984902144
1295805162657906688
1295807678837530624
1295809966704648208
1295811554731057152
1295814473656053760
1295817745234239489
1295820319685521408
1295822778315104257
1295824036845551616
1295825832947195905
1295842914296377349
1295858011789983744
1295873110219067392
1295888213878272000
1295903308864016384
1295918408471519232
1295933509756784640
1295935254247636992
1295939146503127041
1295940549804011525
1295940958647877634
1295943574152982528
1295946090907176963
1295948609985245184
1295951123900227584
1295953640528793600
1295954481193123840
1295956157618483201
1295957438190026757
1295958673727127553
1295961190225633293
1295961331804377089
1295961331804377089
1295963028148686849
1295963708523343873
1295964232018788354
1295964852259885056
1295966223381889024
1295966470619508736
1295966846349447168
1295967736418504704
1295967988340973568
1295968739968589824
1295969353922490369
1295970870125633537
1295971257557671936
1295972078869516293
1295972392691474432
1295972774037553153
1295973086387372032
1295973773229748226
1295973805534388225
1295975853764091904
1295976289749340161
1295977454117560320
1295978807103496193
1295979649277874176
1295981322834518016
1295983839525744641
1295984727841800193
1295985037133910016
1295986357081260032
1295988872719904768
1295991389247942657
1295993911211520009
1295996148717674497
1295996422446133249
1295998067808903169
1295998335271264256
1295998939028570114
1295999792204722177
1296000370259394560
1296001456915406849
1296001459260133378
1296003407828975616
1296003972256464898
1296003975658049536
1296004109561212928
1296005115741196290
1296006344403824640
1296006488826109952
1296007229771001858
1296009010139639810
1296011522037227522
1296014038678241283
1296015912533991425
1296016555893878785
1296017281785495552
1296017779854913536
1296018838304296960
1296019071662804993
1296020329874235393
1296021588241010688
1296022846569840648
1296023161671225344
1296024105674833926
1296024918778425345
1296025363521458177
1296026337023582209
1296026621535588354
1296027879692800001
1296029137992208384
1296030396375654400
1296031654914465799
1296031883923468289
1296032003633090561
1296032912974983170
1296034171069050880
1296035429439987714
1296036687940915201
1296037946043166720
1296039211439722496
1296039208956628995
1296040463053422593
1296040479558119424
1296041695050596352
1296041720875024385
1296042979258507264
1296044237604024320
1296045946128736257
1296049052526796800
1296049270726905856
1296051787372179457
1296053602969149440
1296054308773998593
1296054491977064448
1296055167675248640
1296055480524185600
1296056820654473219
1296059336993710081
1296060722666000384
1296061451530981378
1296061854725230592
1296061853878177799
1296061853689237506
1296063618447024130
1296064370267447298
1296064370221318146
1296065018581192707
1296065308801761280
1296066886778540035
1296066931317932035
1296067144225042438
1296067459011817473
1296068543625265152
1296069408280977410
1296070447864451078
1296071919964430342
1296074436651687936
1296075269070106624
1296076954920075265
1296078660995297281
1296079693280616448
1296081704478744576
1296085761612066818
1296086409053446146
1296088278135984129
1296089536527663104
1296090794475032578
1296091706375524352
1296092159922274305
1296093311027965953
1296094569109630976
1296095581568466946
1296096003016265728
1296097085750538240
1296098344029356039
1296099612323975169
1296100101883133952
1296101366658740225
1296101613631832064
1296101997792440320
1296103377827315712
1296104204537401346
1296105893885440002
1296107152071745536
1296108410514137088
1296109669015003136
1296110927461326848
1296112185429708801
1296114706239954946
1296115960504561673
1296116489637044225
1296118225139167232
1296118604749049857
1296119735122182144
1296122252753137667
1296123509991587840
1296124768484298758
1296125364557828099
1296126026490081281
1296129803972759553
1296134438917754883
1296134961909706753
1296135987643506688
1296136072670392322
1296137064359047170
1296137515091492864
1296138925120139264
1296140372096290823
1296141672670208003
1296143499163828226
1296144903366496256
1296145911073079303
1296149734948839428
1296149999395405826
1296152450815139845
1296154760081477637
1296156425455120385
1296157483677806593
1296160000507891713
1296161414042783746
1296161575775154176
1296165033542443008
1296165656832901121
1296166667542835201
1296167549999157248
1296170066808057858
1296171563654537218
1296172583310811139
1296175101080109057
1296177616563646472
1296180133212991489
1296181602377244673
1296182866112655360
1296183815002632194
1296186172780105729
1296187760513089536
1296189947666464768
1296205299028819969
