1293672358801154048
1293676134341763074
1293677781168074764
1293684189955534848
1293687458194837504
1293698786217332737
1293714889140101120
1293717657078968322
1293721433152004096
1293730240146092034
1293744217060188161
1293755284989579264
1293759935843631104
1293763189088440325
1293770505434968064
1293774445652447232
1293785604946198528
1293793154500571136
1293801096130039808
1293808253235847169
1293831850822180870
1293834679423062018
1293851539312959489
1293859089039138817
1293861102363856896
1293864880785764354
1293868652421189632
1293870417258700801
1293876350894452739
1293877963381972999
1293880120369983488
1293881739408965636
1293883751915651074
1293888552586153984
1293908165323395081
1293910179935789057
1293913951621664768
1293915712206110720
1293917725694341120
1293925323646656512
1293927026047561728
1293930579260563459
1293930811604062210
1293934586448273414
1293940410528735232
1293945911224283137
1293953162215383041
1293955670132367362
1293957509133344774
1293959251115663360
1293961010793996291
1293968560440487936
1293969239217451008
1293970689674874881
1293974348852867072
1293976110066290688
1293981898574827520
1293991212018434048
1293991300451258369
1293993224122642441
1293995613495758849
1293995917629100034
1294002534290399232
1294012097815130112
1294015872579670016
1294026705317879808
1294028958321827844
1294031475491459077
1294034746591162369
1294046073296572416
1294053950124154887
1294053950124154887
1294057395845398528
1294061172594008064
1294073003828023297
1294076306934706176
1294081806623559681
1294091371977027586
1294096751947849731
1294098919761145856
1294100177779712000
1294106619475824641
1294117793718296582
1294121568549785603
1294125343544971264
1294127108172677120
1294132893091074048
1294136668031561730
1294140442976624640
1294158881715826688
1294159394066829316
1294163472884752384
1294168125672501248
1294173158531117056
1294178191603568640
1294181966640820224
1294183225208823808
1294188258000166912
1294197069532393473
1294200435830554625
1294200953793589248
1294212167659450368
1294213432955346944
1294218539549822977
1294226233035825152
1294227268257153024
1294230938835132416
1294235073948999680
1294236576508125185
1294241529343684608
1294244126272000001
1294247901200125953
1294253689314504706
1294255450913771521
1294259226462892034
1294261239166582786
1294263000661205004
1294268788611911680
1294272746361434114
1294278100159586304
1294282630007939072
1294285649751814145
1294287736946470913
1294288921879285761
1294296974481485824
1294302983094702081
1294314087095111680
1294317955426193409
1294319623727468544
1294319930981089283
1294323244619771905
1294323646471733248
1294327173407363072
1294329186748780545
1294330950462177280
1294337994699153408
1294340511159988224
1294342273367519232
1294346047754395648
1294347557812858880
1294362657223516164
1294370711256084485
1294378763459997696
1294382034870325248
1294393361198125057
1294404684069793792
1294408962641551362
1294416008904466433
1294423815586377728
1294427333315588096
1294446375996882945
1294449982574125059
1294453760702455808
1294455015998926848
1294468859144146944
1294472631966720005
1294476406647189504
1294483956625104896
1294487731226255360
1294495220718075904
1294499057071726593
1294519380643123201
1294528001066106880
1294531021325639681
1294536804591456256
1294539321169543168
1294555165060718592
1294557230688284673
1294559471629414402
1294566114761072642
1294568630932430848
1294575812088193024
1294578328771280897
1294585878107627520
1294608527357444097
1294618593682849793
1294623806116503552
1294629414911844353
1294638726333816832
1294641194404847619
1294650055232835585
1294664150296059904
1294665182891970560
1294680250689953793
1294684024984592385
1294687802068615174
1294687867277541376
1294690316155604992
1294695417935024128
1294710448755941377
1294725669516181504
1294729323266453504
1294740651796439041
1294751972512288768
1294755830835949569
1294767071989923840
1294770847912083456
1294778397046878208
1294782171417399296
1294785959360430080
1294801048247382018
1294812370490068992
1294816154700124166
1294821463804071937
1294831248150392833
1294838795372654592
1294846348223811585
1294850119116951553
1294857668901744640
1294861445759262720
1294865218787450881
1294868993409536001
1294880318026121217
1294903978363420672
1294904953950154753
1294916504698466306
1294918066967441408
1294920583453581312
1294933860325654528
1294937292231061504
1294940716100194304
1294944492475133957
1294948265935269888
1294951444236439552
1294952043661074433
1294963365295554562
1294967145231601664
1294982259951521792
1294993564477403137
1294999989773623297
1295001114627043328
1295012444599812101
1295018995926683651
1295027670921682945
1295035089156374528
1295038879838253056
1295042640648470536
1295045154294833155
1295046412758130701
1295050187832995840
1295052704113459200
1295057781679108096
1295062770371530752
1295069061928431616
1295072837401743360
1295084161288384512
1295087941463810051
1295099260799655936
1295103039024640001
1295114360289767424
1295118160337788931
1295121910125060097
1295133237182750722
1295137009594298368
1295148448002584582
1295163434015678467
1295174758326247424
1295178535037001731
1295182308031397889
1295193635785334784
1295201182609276929
1295204957231157249
1295208838702993409
1295212507083177984
1295220056767569922
1295223832404299777
1295242087953248256
1295244719279284229
1295249292962279424
1295254031779028992
1295256329901219840
1295256329901219840
1295257805578878980
1295263901861453829
1295265355300913153
1295272905039912960
1295275031069589505
1295278615354015744
1295284277274390534
1295304945806311424
1295307919282647040
1295312415345827840
1295318203514552320
1295321979264745479
1295325184820498432
1295334941576896512
1295350106754035718
1295359865343352838
1295363501968576513
1295366904199155715
1295369038516764672
1295370194647384069
1295372310111596544
1295374323230924800
1295376303953190912
1295390186810073090
1295400298014478337
1295405090359201792
1295409303856148480
1295413584063795200
1295416350270279680
1295420192177229825
1295424517406371841
1295429158336593920
1295431449688997888
1295433784280653825
1295438999683833861
1295446549321965572
1295457874370494465
1295461168002277383
1295461648715530240
1295464827138310146
1295465424767909889
1295469198575939584
1295474801415524355
1295476748252053506
1295480586807779329
1295488072763600896
1295491847738085377
1295495625706885120
1295499397447344128
1295510723548909568
1295525861341487104
1295540987285180416
1295545954280513536
1295552245610639361
1295556524186562560
1295563571372294145
1295567345239257088
1295574894911074306
1295578669713244165
1295586219422674944
1295593512533200900
1295601320750088193
1295609444664053760
1295612643651342336
1295616166757457920
1295632273103114242
1295633303870025728
1295639528699580417
1295641500869632000
1295646924691902464
1295652627145949186
1295658717736841216
1295659165285789696
1295661723098193921
1295663346243588096
1295664274241654786
1295673293425393665
1295677320259235845
1295677932917096448
1295682352920829953
1295687198637993986
1295691972733276160
1295700837570883585
1295702857916780544
1295707246387769345
1295715321588916224
1295718172084101121
1295723646468620289
1295726614639149056
1295727654302371850
1295729666754580480
1295729739953582080
1295730607444631552
1295732043939221504
1295737332285485056
1295744765741469698
1295745519386595330
1295748539478351872
1295752410707697668
1295756088852111361
1295764990083977216
1295767534965317632
1295771188329943040
1295777155868131328
1295778738160971779
1295781757946433536
1295782570924347392
1295785784482525184
1295788050061066240
1295790064392450049
1295792076030844930
1295797617415188480
1295807460519878656
1295808937065947136
1295816486930415616
1295823168750460928
1295826478639259649
1295827812050493442
1295829870073839617
1295831586311745537
1295835515212771329
1295837578369937408
1295844924386979841
1295858013786390528
1295861785438773248
1295873109912719362
1295876674488336391
1295877322281820161
1295884443358568450
1295888712983703553
1295891984398209025
1295903312248619009
1295907083708035073
1295919666972495873
1295948607632351234
1295952382191439873
1295964211827351552
1295971235235598336
1295974024619732996
1295981438597292033
1295991897878560768
1295993433467822081
1295997680901128193
1296000383152726017
1296006992029519874
1296012780378525697
1296015858762944517
1296018316646133761
1296026291167166464
1296034986689167365
1296047838145675264
1296054379938709505
1296058078736121856
1296061855924985856
1296064125865533440
1296068474750607360
1296072659579670528
1296074087350046720
1296076173236211713
1296088277695565826
1296091207920214025
1296092054913789952
1296095827501264898
1296097589109039104
1296099649103769601
1296101364095950848
1296103378234118145
1296105722950950912
1296107152399110155
1296108913813647367
1296110927050182656
1296111548818247681
1296114904991236098
1296118477200162820
1296122253801861121
1296126026460934144
1296129876416770055
1296130565914099719
1296133576996651008
1296134026680557569
1296139828871004160
1296144981296590849
1296148675740147712
1296153993027223552
1296163775184347136
1296167551580291073
1296170716279328771
1296171325027946497
1296186492856016897
1296189695911579648
1296190451297349632
1296196626181169153
1296201664463069189
1296204774187073536
1296205299670540290
