1324218224662241280
1324218249593131010
1324218280219975681
1324252537831247872
1324252547805315072
1324252572090290176
1324252583293321216
1324252607154708485
1324252628260409345
1324252650771255296
1324252704093442048
1324252717175476227
1324252728357490688
1324252785592905728
1324252798020685824
1324252813875175424
1324252824843259904
1324252839703621632
1324252855134494720
1324252864244555778
1324252879151091712
1324252888634458112
1324252905852067841
1324252922239193091
1324252930862686210
1324252946947805184
1324252983295676418
1324252997594079232
1324253221481861122
1324253332165283840
1324254174389903360
1324254537843093509
1324254556767866881
1324254745888985088
1324260275957207040
1324260290033295360
1324260305241853954
1324260330705473536
1324260347658883072
1324261286742544385
1324264526825619458
1324265844529135616
1324266258594992128
1324271361645305859
1324271991076118531
1324273328190820354
1324273397845676033
1324273409006723072
1324273422160060416
1324273429466533894
1324274100475432960
1324274159090913281
1324274166158286848
1324274178988613633
1324274187209445378
1324274204196438017
1324274242343587840
1324274257262686208
1324274291232432132
1324274301558755329
1324274320043089920
1324274373906280449
1324274430722400256
1324274444471336960
1324274456345382916
1324274456345382916
1324276518802116608
1324278648975876096
1324281384098299904
1324283817973133314
1324284192763596800
1324284246865944577
1324284260061224960
1324284308291538944
1324284321264488448
1324284369993871360
1324284408032043008
1324284446594469888
1324284456094543873
1324284492282998785
1324284501577601024
1324285420264411136
1324285443698024451
1324291525627551744
1324293481695715329
1324299983793889281
1324300003767177228
1324300038881816576
1324300050768551936
1324300060998443008
1324300071723216897
1324300086898237441
1324300111086837763
1324300125540331522
1324300179068067841
1324300192322068480
1324300207736107009
1324300214308622336
1324300229227794433
1324300240900497408
1324300253730869249
1324300262387929090
1324300270118068224
1324300281551720448
1324300301055283200
1324300350564798468
1324300365572022272
1324300389823467520
1324300402037313536
1324300417342341124
1324301601423659008
1324301998502674434
1324303040711675905
1324305018300911616
1324305032070729729
1324305042636156929
1324306792831221760
1324308080763588609
1324311659431841792
1324311656588070914
1324316886738345984
1324319153281486849
1324319574007926784
1324319582304260097
1324319604861214720
1324319633890041857
1324319646468767744
1324319655146770432
1324319663430475776
1324319673912119296
1324319690395705344
1324319718753341441
1324319731550162945
1324319792489267200
1324319808784130049
1324319818577793025
1324319829629849602
1324319842611113985
1324319863800766465
1324319874324320259
1324321265235169281
1324321763640119296
1324325104751386626
1324328945660108801
1324330814994288642
1324331368625688578
1324331506857398274
1324331557818146817
1324331606035804165
1324331629150670852
1324331713594621958
1324331761824899074
1324331777469665281
1324331801528160257
1324331831685238784
1324331851281010689
1324331907711148032
1324331941970280449
1324331990473154560
1324332014007472130
1324332563087921154
1324336760357376003
1324336913009004545
1324337100884484096
1324337135730774018
1324337158119956482
1324337247156580354
1324337316652089345
1324340620438216711
1324344474311471105
1324344501960396806
1324344649050411008
1324344696978739201
1324344951694598149
1324344990957555713
1324345023941513216
1324346194781446144
1324347127619899394
1324347230107639808
1324350813427421184
1324351506230005762
1324353389115920385
1324355375940980738
1324355405372411904
1324356569350443009
1324356644860473344
1324356687629869064
1324356708928507904
1324356812083236864
1324356902369841152
1324356923207155714
1324356952378478597
1324356984196517888
1324357052152619010
1324357141013123074
1324357885560848385
1324358270556004354
1324359032598089738
1324360592480739328
1324361253654089729
1324361889380474885
1324361909198639105
1324363192680800256
1324364678491967489
1324364997103898624
1324368494801145859
1324368624967180289
1324368634098208769
1324368676968189960
1324368694152220673
1324368723931762689
1324368742298562560
1324368797541765120
1324370439083380740
1324370452534484993
1324373379139424257
1324373604889513987
1324373645213519872
1324373668051431424
1324373689354326016
1324376344847933440
1324376926677540864
1324377143258812417
1324377174258888710
1324377294421610496
1324380898725429255
1324383818732736512
1324386901369982976
1324387347883040769
1324388650210263045
1324390806938132480
1324392194179014656
1324393639829737472
1324394382733250566
1324394390937370625
1324394421413203969
1324394431366258691
1324394438022602752
1324394465625329666
1324394481421066242
1324394505148207104
1324394519341793283
1324395865092558848
1324395887456591873
1324395928363716608
1324395999964598272
1324396052766740480
1324396219448365056
1324396228990349316
1324396237848797184
1324396249076871170
1324396673771163656
1324397411033325569
1324399227280236546
1324399291255980033
1324399428166365186
1324400210076983296
1324400620875534336
1324401720991059970
1324402890509815810
1324402918158729216
1324402941240004608
1324402965243973632
1324402988388110345
1324403012597698560
1324403012597698560
1324403039625728002
1324403072064495620
1324405173318541313
1324405216666673152
1324405231606767616
1324405248291725316
1324405264565575682
1324405284383694850
1324405325928275972
1324406752708829184
1324410408678182915
1324410857615462401
1324410919951257603
1324410954516451329
1324411016164376581
1324411038503227396
1324411052533141505
1324411090193797122
1324411114046791685
1324411131709001729
1324411855444606979
1324412043093549056
1324412154787860480
1324418029334265858
1324418086636761089
1324418143775715328
1324418162859905030
1324418175669280770
1324418203179749376
1324418258930438152
1324418817100042244
1324419557277245443
1324423843495186432
1324424593067646978
1324424847938695173
1324425847663714308
1324426367845412866
1324426530039255040
1324426559961370625
1324426608300707840
1324427169813176325
1324427366819602432
1324427613285265412
1324427635435335685
1324427651172413440
1324428884943773699
1324430124280909824
1324431417409941505
1324438195971543040
1324438332261212161
1324438349264945154
1324438405623795713
1324441951551279104
1324442986697117696
1324453277581402119
1324453450269286400
1324455479943274499
1324457565351301120
1324459161153871880
1324459169114718210
1324459191034093568
1324459225607798784
1324459245841063938
1324459264233144320
1324459297309446149
1324459307870674944
1324459435591405572
1324459449478717444
1324565537268076544
1324565564300382209
1324579863253176323
1324579903136817153
1324579921600143361
1324579944245137411
1324579958958809091
1324579973517189120
1324579988327325700
1324580016299139074
1324583635274661888
1324587434882072578
1324609312619188224
1324611275960340480
1324613371078053889
1324613393710518275
1324613442469269506
1324613458806087680
1324613465697374208
1324613475952398336
1324613486505316352
1324613496097673216
1324613509355917312
1324613531736694789
1324613559649816577
1324613569812508672
1324613590876409856
1324613604897861632
1324613645607776264
1324613666642296833
1324613697826902016
1324613721331814401
1324613732182405121
1324613792546914304
1324613804064428033
1324613814185283584
1324613883647111169
1324613904761298944
1324614198786166788
1324614820180725761
1324615087487918080
1324615108056748033
1324615123156275207
1324615911991582720
1324619363710885888
1324619496229900289
1324619619349549056
1324622383425163264
1324623066589241344
1324624459073019904
1324627664116895745
1324629750288158720
1324629830793613312
1324634309144305666
1324634892676800512
1324634905347870721
1324634920111714304
1324634928869498882
1324634944174477312
1324634952919666689
1324634966723076097
1324635032791715840
1324635045101998080
1324635054958616584
1324635066711085057
1324635093118443522
1324635135631904769
1324635151473795074
1324635161141694464
1324635179948933124
1324635198282211328
1324638062266224643
1324638312989155331
1324638323265228800
1324638339887030272
1324638363748585473
1324639358859837442
1324639362101989376
1324639690457255937
1324641723675455489
1324648053580697606
1324649526393741313
1324649528339927040
1324651803816939524
1324651863359262720
1324654666970521600
1324658208665968643
1324658217201377280
1324658262525022208
1324658276345237504
1324659510397575169
1324661129042366464
1324665413133869056
1324665423711903747
1324665432863870976
1324665451218087936
1324665480884461568
1324665511515459584
1324665640137990144
1324667894299529216
1324668833827835904
1324668841952190467
1324668850865135616
1324668972571250688
1324669714937847808
1324672995210780675
1324674371257028609
1324678970181386240
1324681514131574785
1324681525456228353
1324681545039421442
1324681563913728001
1324681621363216386
1324681638744412162
1324681668746190849
1324681676996419589
1324681727051182085
1324681736530415623
1324681757401272322
1324681778007781378
1324683048558960641
1324684775655936000
1324685068036657158
1324685558761852935
1324689700578361345
1324690620603158531
1324693334640701440
1324693879354961920
1324694762704801792
1324695583161044993
1324696216882552832
1324696216882552832
1324696226860879872
1324696235840839686
1324696244804112384
1324696252358025216
1324696263120617474
1324696273560154112
1324696282405982210
1324696293579567105
1324696301825597443
1324696325145956352
1324697683966218241
1324697692078047235
1324698960007757827
1324698968371142658
1324698982145314816
1324699310710124545
1324699601027452929
1324703409925246976
1324704746637303809
1324704919161626627
1324704946953093121
1324707620180103169
1324709097829224449
1324709272362561542
1324709356118679552
1324709813713063937
1324710059671232512
1324711241986772994
1324712161122406400
1324714269078900736
1324714754678599680
1324717152503537665
1324718029649940486
1324718676390629381
1324719564014473223
1324719912875687941
1324720770631827456
1324725829113417731
1324725866354692103
1324728462385532928
1324731481860820993
1324731561086996481
1324731586894536705
1324732289604091905
1324733509181841408
1324734609880502283
1324734666428080129
1324734950684401667
1324735040677400576
1324736207977328644
1324736647225839617
1324740147246780418
1324743091379724290
1324744965080158209
1324745129064861699
1324745136421613572
1324745141798735872
1324745149956673536
1324745157082828808
1324747193434148866
1324747359629303808
1324749698826162179
1324749716148654080
1324751028030459905
1324753186977128452
1324756266988773376
1324756869152473088
1324757412969091073
1324757960967495681
1324758994204938241
1324759572511399936
1324760037194108929
1324760314165022721
1324760577936379905
1324761066056941568
1324761303978778624
1324762174896656386
1324762571279355905
1324762604284379137
1324762652455981057
1324762711671087104
1324762846270468097
1324762876830167041
1324762962909954051
1324763012205600769
1324763033915297793
1324763050583461889
1324763169479401474
1324763418264481792
1324763468231303176
1324763493015408640
1324763549911187456
1324763579405504514
1324763646426255360
1324763664147189760
1324763688532926467
1324763703410106369
1324764209209614337
1324764282987446272
1324764295473844224
1324764639717171202
1324764761620402181
1324764840628523010
1324765258255372290
1324766552160436224
1324766661447208960
1324766703880933377
1324766924170055681
1324766950497636352
1324772436382986244
1324772455605510144
1324772467412504577
1324772492637020165
1324772503835824130
1324772547360149504
1324773188442771462
1324774503965200385
1324774917389406208
1324776750761521152
1324776793841274880
1324777112105111553
1324777274042916866
1324778679126413314
1324778808818475009
1324780691889029126
1324780959292706816
1324782470986948608
1324782510971277315
1324782520697823232
1324783193611030530
1324785388548968448
1324786290475356160
1324788745187565571
1324789252547371008
1324789761094070273
1324791004810137601
1324791263342854146
1324791390736420867
1324792529653518336
1324793408221794312
1324794669608411136
1324795263974780929
1324796284012650497
1324800080428367879
1324805438181920779
1324807120425017346
1324807632683749378
1324807648139726850
1324810441676214276
1324813922428399618
1324817179074768896
1324820551861440512
1324825517091102721
1324833776690749440
1324835312074395653
1324848046711148547
1324848183994843136
1324935842213847040
1324955212826763265
1324955907369918465
1324956147258953728
1324993452954841088
1324993745352187904
1324993810431176704
1324993821097259009
1324993832228950016
1324993853884162048
1324993865401716736
1324993886293520387
1324993895072210944
1324993908879847424
1324993927729061888
1324993946439864320
1324993964710240258
1324993986549981187
1324994007299223553
1324994018514776065
1324994036478906368
1324994047048552448
1324994069446209536
1324994079663542273
1324994102757298181
1324994120230776832
1324994136622116864
1324994166028464128
1324994207262666753
1324994262279352320
1324994299944120320
1324994310480289792
1325000869461577728
1325006821745172481
1325007069938929666
1325013690098311175
1325019064796844033
1325019074150207489
1325019095151108097
1325019114579103744
1325019135282192385
1325019145914691584
1325019145914691584
1325019223643594754
1325019255646130176
1325019290924421123
1325019321421221888
1325019332829736960
1325019348373803008
1325019371803201536
1325019382691586048
1325019408838893572
1325019430166917125
1325019455555035136
1325019467953238016
1325019480163045376
1325019523859308545
1325019568570556417
1325019578766913536
1325019606575149057
1325026274117627904
1325028759561449473
1325029750994296832
1325029789560938496
1325029807315410945
1325029835228540930
1325029846079205382
1325029865557553152
1325030018628653056
1325030046373961729
1325031101572788225
1325039376141836289
1325044431553261568
1325044450893189121
1325044514822770688
1325044527057530881
1325044540026269696
1325044564126806018
1325044611073650689
1325044623283277824
1325044661287854082
1325046658376331265
1325051945065852931
1325052000216682496
1325052055686418434
1325052081720471553
1325052230010073088
1325053426024247298
1325060215457411072
1325064289129000961
1325064297236619264
1325064319319543809
1325064333961924612
1325064347903815681
1325064360876777473
1325064380111843328
1325064401142116359
1325064448869064704
1325064463633027072
1325064472080343041
1325064496734490625
1325064504321912835
1325066305586802688
1325072370168713216
1325075476398956547
1325075544082411520
1325075588743393280
1325075596548911107
1325075605319192577
1325078822174253056
1325081088881004544
1325088603152773120
1325094506354667520
1325096335691960320
1325096345951215616
1325096375915253761
1325096387260899328
1325096398249975808
1325096431863148545
1325096441614921731
1325096472543637504
1325096493326462977
1325096505276047369
1325105802928123905
1325105816907755523
1325105836037971969
1325105848054640645
1325105881802035200
1325105897585201156
1325105906749739008
1325105939343695880
1325105970591260679
1325107586396467202
1325107598295781376
1325107611646238721
1325115990129119236
1325118755010179073
1325118773523779585
1325118794419892225
1325119370889056259
1325119548882886657
1325119552083140612
1325123598403723264
1325126955960692736
1325127410019307522
1325128465893392384
1325128511951147008
1325128519438000128
1325128571170353152
1325128615227400192
1325131596735852544
1325131890647429124
1325134666303741952
1325137352155680772
1325138744853336065
1325138775274446849
1325138805259563012
1325138877066092544
1325138924075880448
1325138946653761538
1325138980535296000
1325139026882473984
1325139055206526977
1325142106118172672
1325142112027947010
1325142139421003779
1325142503377547265
1325144932747669507
1325145002867974144
1325145035902513153
1325145431429447687
1325145830215585794
1325146833732005890
1325146905681268736
1325146922517098497
1325146933858623488
1325149597908557824
1325149594901225474
1325150439474524165
1325151208940601345
1325151219439054851
1325151550356901889
1325151697782546441
1325155307920662530
1325155465177821184
1325156000198955013
1325156101302546432
1325157339406561282
1325157605518487552
1325157632903032833
1325161212049551361
1325161294236848128
1325161943494139905
1325167856854724608
1325169397229522946
1325172356831088641
1325175141244923904
1325179869852884994
1325185667911938049
1325202470117789701
1325302747026100224
1325307692685123590
1325313638392016897
1325317573836214272
1325317628982947841
1325318136703438848
1325323397568532480
1325339220328779776
1325339297969475584
1325339333705035776
1325339381872340994
1325341565183782913
1325341581960941569
1325344166168195073
1325345291751583745
1325354256577286145
1325354636858060800
1325359256015675392
1325360550667227136
1325360791604891648
1325360815428526084
1325365090590351362
1325379357796339712
1325382059225968640
1325384149671292928
1325384163961282561
1325384218030055424
1325384243598532608
1325384266100973573
1325384296778108929
1325384557592518657
1325384694280687617
1325392224239153152
1325393374619295751
1325394524303220736
1325394865811824640
1325395165658435587
1325395848143003648
1325396067517689859
1325396204692402176
1325396213122920448
1325397661915242496
1325397661915242496
1325399064205283328
1325401024144822273
1325401603470450693
1325402150155988993
1325402864806719488
1325403363761135616
1325403383872819201
1325403411974643712
1325403437236940800
1325403447395553282
1325404726066819074
1325405047035977730
1325405079172767744
1325405439312482306
1325405779457945600
1325407734288748544
1325409761236578304
1325410453766467584
1325411047612829696
1325415684923387905
1325417678031515648
1325417847724642305
1325419741058641921
1325423455043457025
1325425505668050944
1325429835905294336
1325430218606178304
1325430466325966849
1325436025804615683
1325436531834834945
1325436546623934465
1325436574088241154
1325437347631157254
1325438670900506624
1325439004943192064
1325439562995404804
1325440977503461376
1325441019496853505
1325442234255368198
1325448872076988419
1325450105852489728
1325453148161499139
1325461297329270785
1325468242593329158
1325471426439221260
1325471715644858376
1325475549238661121
1325490870792183808
1325502187309555715
1325507581423521804
1325514528000520193
1325521632811769856
1325523338970746881
1325523588376653831
1325529357348167680
1325529572855730179
1325531646871932933
1325533136621621248
1325545717868490756
1325552040903405572
1325552060046172161
1325559751455989762
1325562072038567936
1325564362342412294
1325565344929493001
1325658388999581696
1325664759493120003
1325664799674540033
1325666084096270336
1325666082242367490
1325676930251845633
1325681151705571330
1325687126596390912
1325688877093425152
1325688945699680256
1325688983385464832
1325689014377123840
1325689059147214848
1325689093855072257
1325689104961515520
1325689152231321600
1325689180865908736
1325689215041089537
1325689276416323585
1325689410520748033
1325689443274141697
1325689492443947008
1325689588749393920
1325689636467961858
1325689792693215233
1325689809386561536
1325690047677526016
1325691248817135616
1325692165490610177
1325695254301970434
1325697236915904512
1325698582092124165
1325698600681304064
1325698635368026112
1325703992660422657
1325704078396190720
1325707524717342720
1325711078182047745
1325711088743280640
1325711100638269440
1325711117088395264
1325712838229364736
1325713250454016004
1325714497806479362
1325714515846189056
1325714540093452289
1325714565389291521
1325715504649170945
1325715773327896576
1325715800020357122
1325716923422810113
1325719984358699009
1325729605056155648
1325729651201888269
1325729924607582209
1325730006794981376
1325730032891928576
1325730098922872833
1325730516109316097
1325730539421233152
1325730601140445184
1325731935331766272
1325731957838372866
1325731969720840192
1325732004156092416
1325732035479089153
1325732074641305600
1325733002928861184
1325733571865227265
1325734311279071232
1325735831382990848
1325735928783130625
1325735940954992642
1325735990732992512
1325736489158897665
1325737258599800833
1325738260413501441
1325743153991847937
1325743169468846081
1325743296052940801
1325743328831414275
1325743361345515520
1325743393469829120
1325744013815713792
1325744458596487168
1325745550021570560
1325747425361997832
1325747451886702592
1325750407189164032
1325752594623574018
1325755147876753409
1325755165291503616
1325757223780409346
1325761418541535232
1325763913040998401
1325764104989106179
1325767540589662209
1325778120096571395
1325779216370167808
1325779230345621506
1325779242139914240
1325779266257252353
1325779279943229441
1325779295059456002
1325779562253475840
1325779597980540928
1325779644243734528
1325779661427765248
1325779714758369287
1325779729786560512
1325779738204528640
1325779781879803909
1325779793158283277
1325779831905263616
1325780051800051712
1325780069965586432
1325780107512918022
1325780125250691072
1325780185468334081
1325780310215315457
1325780377982603265
1325782512463998977
1325782576154423299
1325786454518280194
1325786465796763648
1325786487129042944
1325786521459421185
1325786559606628357
1325787879201792000
1325789548069130242
1325790451857821704
1325791213522456576
1325794071756103684
1325794104735911936
1325794104735911936
1325794133911498752
1325794142228787200
1325796134003093507
1325798781749780481
1325798894081617922
1325798908736495617
1325798944409079808
1325798995558543362
1325799052722704384
1325801283920556035
1325802773439508481
1325804183757451264
1325804198118760451
1325804246277746688
1325804670363824131
1325805261823631362
1325805285466910721
1325806745705476098
1325808840072454144
1325809313877798914
1325811105231478791
1325811118380642307
1325811524192047104
1325812093342388230
1325814055144202240
1325818319782416386
1325818336312233985
1325818364112084993
1325821628530503680
1325827332062519296
1325827590364475393
1325829635364573184
1325829643505709057
1325829663919378432
1325829687663341568
1325829694730760192
1325829712648818690
1325829730294247424
1325829833587298304
1325829848410038273
1325830865763635201
1325831727785369600
1325833146257039360
1325833194755780608
1325833547190571008
1325833699565432832
1325833777000685568
1325833799171715073
1325833819103109120
1325835636494962691
1325835669063741442
1325835711539539968
1325836901866229760
1325838501036904450
1325839289146630151
1325839407937675264
1325839480243236866
1325840029323759616
1325840043089522688
1325842634829680642
1325842756078624774
1325843413963595776
1325844449990242306
1325844820536004608
1325846402031886342
1325846746694623232
1325846961904345088
1325847122432978944
1325847820520333312
1325848157935243267
1325848858035949569
1325848873991106566
1325849372379197444
1325849396123197442
1325849482978848768
1325849632971386882
1325849980939210754
1325850687499096065
1325850738296287232
1325850817019191296
1325850833808986114
1325851999234117635
1325852252750434305
1325853893113356288
1325854324166168588
1325854560078925824
1325854929794297858
1325854945107697669
1325855670562861057
1325855926205734912
1325855952822816770
1325855971760099328
1325855983529291778
1325856185468194816
1325856197451280384
1325856282516090882
1325856739770716163
1325857903757176833
1325857938280509451
1325858885006188544
1325859116854734851
1325859148265902081
1325862105803796481
1325862513536331778
1325862535120216064
1325862553935896577
1325862594578673674
1325867122384375813
1325870128060305414
1325872126742687746
1325873568375300097
1325876919003385857
1325877338043789312
1325877353503993857
1325877363595468801
1325877375343669253
1325877386613755910
1325877542813904899
1325877585763586049
1325877613945085954
1325877635533115394
1325877653883117571
1325877901326229504
1325877922452869120
1325877936281489409
1325878166313988098
1325878445813985281
1325879688166862849
1325881442564452352
1325881695766269954
1325882191105155073
1325882215272771589
1325882229646561282
1325884028218707976
1325887229076582400
1325888489053966339
1325888624223801344
1325888918525456386
1325890289966473218
1325890801201782784
1325890810328518664
1325890822060072960
1325890913361666051
1325890925126705153
1325890959142494211
1325891034707087363
1325891056844607488
1325899550327009280
1326027148352778240
1326027178719522816
1326050482301841408
1326050686409256961
1326050715995869185
1326050732659904512
1326050742210355202
1326050813479968769
1326050968044265472
1326051012734562306
1326051034922356736
1326051055696818177
1326051066102902785
1326051146599960577
1326051409033383937
1326054407683891200
1326055115522977792
1326056786206494720
1326056795769630722
1326056859539804160
1326061960866238464
1326061980671746049
1326061991610429440
1326062008308031488
1326062750087454722
1326063834528960512
1326065440720900097
1326070152643948544
1326070176673124356
1326070240208424960
1326070264254312448
1326070331992395776
1326070385272565761
1326070408567693312
1326070424577437697
1326070494190252033
1326072655863312384
1326073749683236865
1326079722602815488
1326081348034031617
1326086091519168513
1326086107667304448
1326086123312078848
1326086135685255169
1326086148901441537
1326086162096730112
1326086171789811713
1326086199270924288
1326086419027202048
1326086436563640320
1326086509112537089
1326086509112537089
1326086585629237249
1326086606294544384
1326086623226945538
1326086641883209728
1326086661726490624
1326086714499198976
1326086760942735362
1326088050364047360
1326088195872858112
1326091666151903234
1326091675589021696
1326091710431105024
1326091759559069696
1326091808733007873
1326091843457650688
1326093231591976961
1326093261564481536
1326094984257409025
1326100928466972672
1326100941951602689
1326100970162544640
1326100998922915840
1326101074776887296
1326101096507584513
1326101122550013952
1326103965856108547
1326104141354164226
1326104199604690945
1326106476419616769
1326107627928100865
1326108265239949313
1326109097335418880
1326109313367232514
1326111198710992896
1326111503506956288
1326112252840325122
1326116242776858624
1326116532737495040
1326116551477628928
1326118440290185216
1326118454177488896
1326118469704802306
1326118488528867337
1326118500671352833
1326118522028765184
1326118534859067392
1326118558401658880
1326118596137922560
1326118612084645888
1326118661585825794
1326118677360619520
1326118710730502145
1326120250602119169
1326120263428214785
1326120322605658114
1326123374708477954
1326123795925659648
1326123941279260676
1326126102784446465
1326126183524802561
1326126210020225024
1326126224134070277
1326126256904155138
1326126279712759808
1326126293214253057
1326126309895000064
1326137184701861889
1326137203785945088
1326137214196125696
1326137234291118081
1326137248111357952
1326137309624999937
1326137348313264129
1326137361965658112
1326137377664929794
1326137622654291973
1326140164855508995
1326143459196100615
1326143511486459911
1326143523326996481
1326143538908827650
1326143546060058624
1326146231001903106
1326148187128811521
1326174124998352897
1326176335161602048
1326176353771728896
1326176386294435840
1326176411577675778
1326176427067252743
1326176449376772098
1326176470419517442
1326176827711369222
1326176920690634753
1326176941746114561
1326176961291571201
1326176977729048577
1326177031051243520
1326177058096078848
1326177076676845569
1326177081189928961
1326177085841436673
1326177097015025670
1326177115096690688
1326177127226626048
1326177157266231298
1326177194067038208
1326177207258140674
1326177270285930503
1326177328670662656
1326177356776689666
1326177382009548802
1326177414200905728
1326178261781663744
1326178284963557376
1326178905615720450
1326180656569864193
1326182012651188225
1326186576049823745
1326186588938907650
1326186603899985920
1326186715040665600
1326186733940207616
1326186825493438464
1326186836524412928
1326186854635479040
1326186877372731394
1326186910520324096
1326186998760173568
1326192031677485056
1326195645137510402
1326195824410435584
1326195885102030857
1326196102379540481
1326196114563936257
1326196183308656640
1326196288011067392
1326196420714655744
1326196478289784837
1326196489320878080
1326196549676912641
1326196778606211080
1326196864170012673
1326196947162701827
1326196967198896130
1326196980444499968
1326199573111574534
1326200881889546243
1326200923857817602
1326200935438295040
1326202551004491778
1326202948288909313
1326207283815182339
1326208105915576333
1326209104973602816
1326209355574874112
1326209740607803393
1326212350911844352
1326212776205881350
1326212819575074816
1326215667419385856
1326219418699960321
1326220688781348865
1326221934187716612
1326222282285600773
1326222772826157056
1326222808490373121
1326223021682675713
1326223113621790720
1326223141002235911
1326223153765502984
1326223162674180104
1326223181686984707
1326223264574820352
1326223291749699585
1326223309617422337
1326223324746293249
1326223361345810443
1326223463472893953
1326223490672971784
1326223559379791873
1326223569467170818
1326223589452951554
1326223630058090496
1326223684508508160
1326223718054498306
1326224848306237443
1326225718712426500
1326226988261138434
1326227021022769156
1326227044095680516
1326227116564819970
1326227419120984069
1326229236160622599
1326230751470383105
1326232000001347594
1326232991723642889
1326233764855488512
1326235774325547011
1326235774325547011
1326235814976696320
1326235843485458432
1326235862733119490
1326238325884260357
1326238936482672640
1326238979021303808
1326239034797121543
1326239047325454340
1326239061867175939
1326239075880284160
1326239102635741186
1326239113855557632
1326239133329743873
1326239154376765448
1326239169111330827
1326239185905258496
1326239208927846400
1326239237134544900
1326239254389862405
1326239296739794947
1326239312128700417
1326239887436247044
1326241218335043586
1326242460713054210
1326243916518141953
1326244071082504197
1326244325014065159
1326244339622801422
1326245005162319874
1326247001160347648
1326247106475069443
1326247146379763715
1326247171881115651
1326247200733736961
1326247225622716417
1326247257310715913
1326250076365352972
1326252144266268673
1326252163476168705
1326254941867020299
1326258168683499522
1326259920648499200
1326261695703097344
1326262196955963395
1326270107878821889
1326271021897355268
1326271706915278849
1326274450728300544
1326275015797510144
1326407656744103938
1326419645566480386
1326443388519002114
1326444345617223680
1326456144760594432
1326456189186666497
1326456208849592320
1326456224980889600
1326456233344323584
1326456242827616258
1326456251509846016
1326456263249629184
1326456281931067392
1326456292089745408
1326456301501681664
1326456311874269184
1326456380740530177
1326456393851920384
1326456400999018496
1326456411941986305
1326456423929274368
1326456447350300677
1326456461527019520
1326456472201519106
1326456482951548929
1326456517567131648
1326456539658526720
1326462648851030021
1326463800376221697
1326468855934410754
1326468853996675077
1326479200820359170
1326479211410944000
1326479229584805888
1326479278096179200
1326479294059704321
1326479304859906050
1326479361898401794
1326479371742437377
1326479379346706432
1326479389240987648
1326479419045781510
1326479439262265344
1326480460365565956
1326484219451805696
1326486051838418944
1326486349122314247
1326486369636655104
1326489115509092352
1326489120307376130
1326490176223404033
1326494056499847174
1326496349865570305
1326499283156267008
1326499286536871942
1326509148079611905
1326514319207641089
1326516317709611009
1326516328845471744
1326516580352741376
1326516642768179203
1326516672317038592
1326516796896243712
1326516832996630533
1326516843536904192
1326516862407102465
1326516874700595201
1326516916526190592
1326516935853486082
1326516945974341632
1326516968900464641
1326516982401921024
1326517031617880067
1326517041118011393
1326517884806443013
1326518216835919873
1326518303335047169
1326518390429769728
1326518401787981825
1326519401747787784
1326519399575064576
1326522667097354241
1326524434648363008
1326527017039310848
1326527029043490816
1326527049847205888
1326527063189303296
1326529431230443526
1326533883572092932
1326533889913839616
1326533899732709376
1326533909358682112
1326533916618944513
1326533926874066957
1326533938622263297
1326533985510457346
1326534066133368833
1326539521345818626
1326541539732987905
1326541549027512321
1326541558150164482
1326542813610176513
1326544509656707080
1326550095874019340
1326550110923182080
1326550121195040769
1326550132398018562
1326552497272414213
1326552504876761089
1326552512816574466
1326552794678009861
1326552802844270594
1326569619738554370
1326574260635242498
1326576264371712001
1326578786750656513
1326582058857197569
1326584069992443904
1326584322011389953
1326585971140407298
1326589362163814405
1326589479658938368
1326589494372478976
1326589509295812610
1326590620866056192
1326592367730765836
1326593139176566784
1326593256289939464
1326597409238097920
1326598174862151685
1326599777916694535
1326599924474138626
1326600036344619008
1326600689280114688
1326600933174890496
1326600970630012930
1326600988493537289
1326606975937863680
1326607297972461570
1326610756213870593
1326611496307204098
1326615798018953216
1326617047732793346
1326630163422064643
1326637481295556610
1326645064991469569
1326653015336611840
1326659817872764931
1326660193460088833
