1281120905591218176
1281128454377914371
1281147328204865536
1281164944080277504
1281170759512141825
1281173982599958529
1281175010686586880
1281176304398864385
1281206841062690816
1281214379166511104
1281230376065622019
1281250297944383503
1281265720605712384
1281286112703635464
1281290773208666115
1281309649392689153
1281322230496911360
1281483292487962625
1281509715818807296
1281513723740528640
1281521040867438593
1281558795240583168
1281592763394387971
1281605112805367810
1281634287960424448
1281653161132822528
1281664486261178369
1281670465048780802
1281670477484883969
1281672037371572226
1281679279168905217
1281679291139395588
1281684618630983681
1281690731472719872
1281690765299781633
1281703199834025985
1281703217366278146
1281703246676066307
1281860779059421185
1281872103734558720
1281883428678443008
1281890982016016384
1281913628602413056
1282003236996685824
1282015549011025928
1282023195982340101
1282023244728541191
1282023299065638912
1282026877427658754
1282047006253424644
1282057278171095041
1282057320625774592
1282234491755364353
1282245816518934528
1282253368308703233
1282276015734239233
1282313768530137093
1282343733015584769
1282377936880963584
1282389263506477056
1282395185960431616
1282395200644677633
1282396811223863297
1282407913236111360
1282408024607465478
1282409394085539846
1282412089395621890
1282412121142300677
1282436519819698176
1282436593249333250
1282568778992291841
1282568794813145088
1282585558032814080
1282604662407954439
1282622263280504833
1282623304298147846
1282629822653628417
1282635725930889216
1282638403943624704
1282645959168540673
1282700795436244992
1282701457905651715
1282706355502157824
1282730060869509120
1282751649312673793
1282774299040874497
1282947946032427009
1282970592765853698
1282971936868438018
1282978146870915074
1283000793038065664
1283019464389337089
1283019499441201153
1283025866323369985
1283046581231591428
1283057199330340865
1283076290573000704
1283077747347206144
1283082155749449728
1283087160636321792
1283094910762209281
1283106489645686785
1283121587307323392
1283136686424125441
1283310333780586497
1283321655067136010
1283322476580220928
1283370731653521408
1283378746590986241
1283385834478145539
1283408477466001408
1283413400509452288
1283421851453202435
1283430200294944769
1283438676349861889
1283465100708376576
1283476432023425024
1283483976217362436
1283496557896011776
