1280999589785542657
1280999639026667521
1281003365288288256
1281178217064198145
1281178823640461313
1281178924370755585
1281178989537759232
1281179068612960256
1281179120307769345
1281179211152216065
1281179445131386881
1281179537901064194
1281179667806982146
1281179798711209984
1281179913123479552
1281179962544926721
1281180192011059200
1281180190673158144
1281180297040662528
1281180467182678018
1281180572598091776
1281180620601909248
1281181068104777728
1281181146517327872
1281181667483430912
1281181941170089986
1281182031066607617
1281182153536147456
1281182250860716033
1281182338307719169
1281182442037133312
1281182618772549632
1281182928005992449
1281183177508347905
1281183276728713216
1281183627624226818
1281183630681931777
1281183629452902401
1281183932243947521
1281184037076336642
1281184037076336642
1281184085084430336
1281184323698294784
1281184322100346880
1281184325791342592
1281184441063411712
1281184502920904715
1281184675554361345
1281184673977294848
1281184735524503557
1281191193876017154
1281191195897663491
1281194995920375808
1281201929029332994
1281213037689442304
1281227584798445568
1281231290851786756
1281231289203466244
1281237380935057408
1281241954953592832
1281246536597483520
1281251930782732289
1281256426682429440
1281258517685579778
1281258523977043968
1281262167392686081
1281268383447748608
1281275209841086468
1281281472184438784
1281292538037637131
1281292541967687682
1281292540264800258
1281292546027786247
1281292543540559872
1281292549429362689
1281292547730673668
1281292552633802753
1281292551102828544
1281466868633608193
1281466876724490240
1281466884521701377
1281466894499840001
1281466905019252736
1281466913487552512
1281466920978481152
1281466929375584256
1281466941039935488
1281468586352091137
1281468600096821249
1281468605641773060
1281468614135222272
1281473583177519107
1281475445913989120
1281481479407665153
1281509011255447558
1281523330059837440
1281535980680478721
1281611923423780864
1281612526443257858
1281612670458896396
1281612942102978560
1281613246122926087
1281613727696146432
1281614802947911680
1281614806290780160
1281614804797489152
1281614807599386624
1281615805394952199
1281615958373806083
1281616045804007426
1281616233297842177
1281616454073425922
1281616519231942657
1281616675088064517
1281617284415598593
1281617629535494149
1281617702247976960
1281618628270530560
1281618631781220352
1281618629847646209
1281618634947911680
1281618633421139968
1281620787137523712
1281620925218250754
1281625190871511040
1281630537816342528
1281635941707284480
1281641252526710786
1281647485014941697
1281653333158027264
1281901743505375234
1281901757644378112
1281901767886811144
1281901782785024000
1281964500984500225
1281988350996549632
1282057018409353216
1282079836505243650
1282254409767038976
1282393941707501568
1282427120828981248
1282427159198523394
1282427199509934081
1282427344653885447
1282427562829008899
1282427575499993089
1282427583985004545
1282427595225812997
1282427604612657153
1282427923664973825
1282427968544014338
1282428036554674176
1282428096864497664
1282428446522716166
1282429060409364480
1282430517577756677
1282556415945723904
1282556729922904064
1282668098928226306
1282681358851039234
1282681723566923778
1282681882031816705
1282682186685190144
1282682314800103427
1282682359922462720
1282682491967602688
1282682559504297986
1282682802908078080
1282682948911800320
1282683016939220993
1282683176939331588
1282683280211542019
1282683362151485442
1282683424281681922
1282683601751101442
1282683795729256456
1282684434588880901
1282684436182700034
1282684535772192768
1282685180440961025
1282685182026416128
1282685345352515587
1282685408971816961
1282685550835765255
1282686908716535815
1282686907525275652
1282686905918926849
1282687009144872962
1282687060340613123
1282687354797531136
1282688229523759104
1282700172141703168
1282707676665982980
1282717261036478464
1282727329928806400
1282735289253998592
1282753419367854081
1282753580194299906
1282755469958930433
1282757207180947463
1282783479193833472
1282783493991419912
1282949878839152640
1282949914541072386
1282958651221778434
1282966618512007168
1282978592683511809
1282985999925223424
1282999720630157312
1283007605833637888
1283022755034783747
1283032819296612357
1283063143179190272
1283069001355210752
1283299227100237829
1283316440225857538
1283326100211478530
1283336710286381058
1283353212825862149
1283358587524448258
1283373555753848833
1283386530485215232
1283391503944101889
1283421596162699264
1283423694728110080
1283432742236164099
1283435909363511296
1283438599015407618
1283442410211639296
1283443907792175110
1283447482945544193
1283450997818429440
1283458304937795589
1283461160134742016
1283462943968047104
1283473110126284801
1283474414575788032
1283478367686340609
1283519887894355969
