1301391550539235328
1301410998994325504
1301481062695084032
1301503411981103104
1301532651501780993
1301533772240900097
1301548852533768193
1301563703872180230
1301571420829429761
1301624128382828545
1301751875168075776
1301765815214120960
1301794417238515712
1301795435342950400
1301806034621796357
1301848614046760960
1301852974516445186
1301868412533190657
1301914763350478848
1301914847727280131
1301953740275175426
1301956249622319105
1301972173431746561
1301982643425341441
1301991809699241984
1302120772480241664
1302121255739498498
1302127777030836224
1302170652812677120
1302204924843954179
1302218424513425408
1302243535836663810
1302247051149836288
1302279106780897283
1302307386246549506
1302332810674438145
1302345095904202758
1302479687827050496
1302504799905013760
1302533237684797442
1302549079331872768
1302561883149479937
1302591617019400192
1302630597505028100
1302658020053221378
1302663188580896768
1302683329179852811
1302698873798963200
1302704715390758912
1302830483525566470
1302837298820718592
1302878122501713920
1302880514307698688
1302884299759378434
1302912980435251200
1302939983830028291
1302946468886728704
1302959307902910464
1302964932233879552
1302979992956153858
1303003072399134723
1303005351025967106
1303015984660451329
1303026848880828416
1303039737024913411
1303047453109882880
1303055937717051393
1303069261003403264
1303082837483155458
1303182675382075392
1303202089821233152
1303221379807031299
1303247710292791297
1303251519555461128
1303289583447298049
1303289912884711424
1303302519804833792
1303323462581321734
1303332163425906688
1303334964885360640
1303370511578263553
1303388371457396736
1303399646379864070
1303425674070364166
1303437984625291265
1303458884988928000
1303646274114260993
1303646473633116161
1303651611152125952
1303698384541429766
1303719135520710657
1303721864238374918
1303735272778203139
1303739615459844096
1303740675570257923
1303758424618999815
1303758688495206405
