1271061693351723013
1271080498652119041
1271093582158598146
1271110694876872705
1271115566741360640
1271140893542830080
1271159264984420354
1271162068985614339
1271171092045008896
1271455859181264902
1271473082516021249
1271499807203475456
1271503586892054529
1271518632607186944
1271806529621164032
1271880021980917771
1272174201991020546
1272511899989692417
1272530300929744897
1272548167154794497
1272583994895458311
1272597240050266114
1272624791841845248
1272874822733910016
1272892439251083268
1272901845871136770
1272909623117451264
1272927666799349764
1272940501067595776
1272956316819079168
1272967932692385792
1273236706255396865
1273255326284947457
1273281499496878080
1273315220744699906
1273349798234656775
