1341881347724500993
1341885077014384640
1341888837438550017
1341892640695054336
1341896370311942144
1341900173618933762
1341903950056980480
1341904942169206785
1341907705821331462
1341911541847879681
1341915261188902922
1341922240896651264
1341922810848047104
1341926612607098884
1341930366521790469
1341934163620986881
1341937907578392577
1341941725145788416
1341945467303829505
1341949248158527488
1341953016031809537
1341956817270804481
1341960553703624705
1341964339314618369
1341968108626567169
1341971921336983559
1341979447424122880
1341987005849341952
1341990768144211969
1341994533949681664
1342002083684298753
1342009643615330305
1342017180112740353
1342024743491407872
1342032295130181633
1342039829010407424
1342047401960464385
1342051167552106497
1342054941762990080
1342058705735606272
1342062476096139265
1342070044147200001
1342073801677426688
1342077608868065280
1342079893413232646
1342081373356625921
1342085156753072129
1342088915868594178
1342092667237253120
1342096469424267272
1342100249381367813
1342104005753917442
1342109804064612355
1342111552384757760
1342115348137603075
1342118331571195905
1342120377154207745
1342121987041325058
1342121987041325058
1342127011838488578
1342130421090430976
1342134200707776512
1342138045114556417
1342141761125281792
1342145571444977665
1342149319286259714
1342153060760641540
1342156866185539586
1342160635669438465
1342164400782929920
1342169381913157632
1342171964140564481
1342175769204817921
1342179506845601792
1342183282297987072
1342187058375352320
1342190853394214918
1342194598261755909
1342198424121303041
1342202159052566528
1342205967887437824
1342209710011920392
1342213534617362432
1342217256684711939
1342221052529750019
1342223001127964672
1342224804208914432
1342228610611032077
1342232363384922112
1342236148404465674
1342239902663139330
1342243714299809794
1342247455119855616
1342251258166575104
1342255001469595649
1342258794299072519
1342262550084415489
1342266345581379585
1342270099189862403
1342273909270392833
1342277671749898241
1342281440025858049
1342285212001181697
1342289001890328578
1342292749589086209
1342296526811443202
1342300287646789634
1342304121915912192
1342307862694027264
1342311638448427009
1342315389854871553
1342319213118189571
1342325049211179014
1342327713898622976
1342330506067779584
1342334280945573894
1342341830906683394
1342344623562354689
1342349388270755841
1342356922679365632
1342364483159777280
1342372016872161280
1342379587070808066
1342387116731478016
1342394680483459072
1342398445731127298
1342402213759610884
1342409782020468738
1342417331314634753
1342424895943225344
1342432425201332224
1342439964412420096
1342443734227685376
1342447501517975554
1342447530274127873
1342451282561404928
1342455064682786816
1342462631161061376
1342466384719183873
1342470251431264257
1342473943316357121
1342477704684253184
1342477719011995648
1342481502031007751
1342485271854649347
1342489054236053504
1342492822314868742
1342496608160772097
1342500383437041664
1342504151088029696
1342507928364998656
1342509703973249027
1342511696246669313
1342515505530363906
1342519237609447425
1342523036994596865
1342526794377932800
1342530575824019459
1342534347786752000
1342538153488490498
1342541898674745344
1342545714811969537
1342549448291921921
1342553220942618629
1342556988014735362
1342560757913935875
1342564521437761536
1342564544338661381
1342568336991932417
1342572097034477568
1342575872914632706
1342579651869339649
1342583416202653696
1342587176865947654
1342591029715808256
1342594745709850625
1342598542624497667
1342602291585679360
1342606116992258049
1342609848798744577
1342613630077042689
1342617372331552768
1342621197973008385
1342624926151438336
1342628720729841664
1342632495272128513
1342636282757971975
1342640048014045193
1342643832995909632
1342647595907354624
1342651392322887682
1342655138922717186
1342658900479406081
1342662682919522306
1342666475841212423
1342670225897095170
1342673993388728321
1342674009096335361
1342677790349553664
1342681567647444992
1342685317409755136
1342685345469628416
1342689133169434631
1342692875528712193
1342696682463645696
1342700438701936640
1342704214418599936
1342711778174771200
1342719330367246337
1342726878227001344
1342734401986306048
1342741963246858246
1342749510691393537
1342757069410197504
1342764626887536641
1342772178794721282
1342779709499838469
1342794819714871296
1342802365041283074
1342809889182109696
1342809905338658820
1342813678467481601
1342817470420234241
1342821226650234880
1342825018015830020
1342832558724280320
1342836338173890561
1342840102146498560
1342843888114028545
1342847666267545603
1342851424414298117
1342855228522115072
1342858972190171136
1342862759080439808
1342866511434821633
1342866521832517634
1342870318663217153
1342874074104668160
1342877906725445633
1342881637093277696
1342885418728099844
1342889178837753858
1342892971658801155
1342896735929118720
1342900526271385600
1342904274632773634
1342908082351960064
1342915607470235655
1342923189102538769
1342926909471002624
1342930719241351169
1342938312210870277
1342945809399226369
1342953375239983104
1342960926924951553
1342968487136923656
1342976010904608773
1342983573859672064
1342983573859672064
1342988592054988801
1342993622552207360
1342998695390932994
1343006191530729472
1343013784642732032
1343021312751661060
1343029523751854081
1343031561235607552
1343038905503854593
1343040155586727937
1343043963096326147
1343051511560101888
1343059055372328961
1343066595099369472
1343074176161230852
1343077911805493248
1343081696560783361
1343089268797923328
1343096790053253122
1343104360633540608
1343111901602045952
1343119443350712320
1343127005060067328
1343134571831959553
1343142350416191488
1343149647188127744
1343157209505607680
1343164774499012608
1343172277391609859
1343172300548542466
1343179851327561728
1343183622942167043
1343187406154035207
1343191179362353152
1343196123536773120
1343201587100004352
1343204765526798336
1343207783089496068
1343210041135009794
1343213819208867842
1343217589489700866
1343221383489318913
1343225167586217984
1343228899237502980
1343228913976274946
1343233117147058179
1343236466621767680
1343240229398990849
1343244021708300288
1343247812105011200
1343255365035696128
1343259112159784962
1343262896277630988
1343266661361717248
1343270485933645824
1343277547270918144
1343280505282813956
1343283016853057541
1343285890471186432
1343289297370312708
1343289322229927937
1343293101218082816
1343296881384894466
1343300664806567941
1343304428116467712
1343308189039816711
1343311976445997057
1343319068011601921
1343321317790134273
1343327073490915335
1343330834351337472
1343334625087774727
1343338256201621511
1343342159819382785
1343345954548813826
1343349724355682315
1343353502781890561
1343357265764638721
1343361054349418498
1343364812798099457
1343368600812457986
1343372370124410880
1343376152837107712
1343379904306565123
1343383691452682243
1343387476275195904
1343391249362014209
1343395024113983488
1343398768981336064
1343402564721790977
1343406359392489473
1343410118768152576
1343413892052103170
1343417654460231680
1343421453996355589
1343425225694846976
1343429003680620544
1343432759650512900
1343436545634799616
1343440302032478211
1343444082199322625
1343447846100611072
1343451651814912001
1343455409798066176
1343459191982317568
1343462958760931328
1343466748981424128
1343470516443734016
1343474293703929863
1343481865416695808
1343489412282404866
1343496933382483974
1343500722026000384
1343504509314732033
1343508260524060675
1343512079077158912
1343515811785416704
1343519588605190144
1343523361712959488
1343527153741295621
1343530914442309632
1343534683980767232
1343538470657126400
1343542215050735616
1343546016784670721
1343549784834117632
1343553560785653766
1343557341459972096
1343561105667485700
1343564874794852352
1343568648905097217
1343572461540028418
1343576198627143680
1343579991922135040
1343584005522923532
1343587519598714881
1343591314617757696
1343595579474120705
1343598875433701376
1343602617965010950
1343606420869160963
1343610175421374465
1343613955797905410
1343617745464811529
1343621500868440065
1343625294415061004
1343629046211600384
1343632850902523905
1343636623607685128
1343640383033643010
1343644171500990465
1343647934643056640
1343651712335286273
1343655486357467136
1343659254989926400
1343663102861209603
1343666979631198210
1343670588087427074
1343674356073967616
1343678185372839936
1343681915849740289
1343685691516006404
1343689461511630854
1343693236595007494
1343696200998989824
1343698256258334723
1343700804021198848
1343704553682825216
1343708309921083396
1343712458620497920
1343715891322761223
1343717633892503553
1343719646281793537
1343723468601356294
1343727200818896897
1343731010358419456
1343734751874703361
1343738589008588802
1343742291920490502
1343746085555232769
1343749862827970560
1343753636397113344
1343757406988361728
1343761165529341953
1343764939517947904
1343768766832910337
1343772504507244545
1343776263945728000
1343780046385897473
1343783867157786626
1343791469858066433
1343798936256049153
1343806482173861888
1343814056633913345
1343821592174989312
1343829151158034434
1343836684283224064
1343844267253489666
1343851765314236421
1343851765314236421
1343859361131720705
1343863113393856512
1343866879304208384
1343872378598793216
1343874464333885442
1343878192533282816
1343881988894298114
1343885753286320133
1343889540218580992
1343897073943523328
1343900849999933441
1343904607483920384
1343908404486676482
1343912426983608320
1343915967701790721
1343919715136249856
1343928158131789824
1343931039153057795
1343934839079186432
1343937637380460552
1343942375761195013
1343945770706337792
1343947407223103489
1343949931694989315
1343953712071520257
1343957491965685766
1343961255741190147
1343961445843816448
1343967354363981828
1343970057064472579
1343975085762351106
1343980022684647427
1343985441624760321
1343988140592287752
1343991440419004417
1343995219298152453
1343998999305588736
1344002806592794624
1344006547790299137
1344011088006963205
1344014089832574976
1344018030666383364
1344021653773291521
1344025431067013132
1344029199384899585
1344032947414962177
1344036743436247044
1344040515197657091
1344044235419508736
1344048062499614720
1344051843949862914
1344055890681462785
1344060159019130880
1344065052681400321
1344067165700431874
1344068729286643712
1344070697166008320
1344074496169402369
1344076255646375936
1344078277896507394
1344082036307464192
1344085857100300289
1344089599245746176
1344093385192308736
1344097144391798785
1344100961070034944
1344104676535521281
1344108449660080129
1344112240287485954
1344114347702972416
1344119783655153666
1344123570226606080
1344127329287757824
1344131154174238720
1344134879097794564
1344137660353437701
1344142436843614211
1344146227118698497
1344149990239850497
1344153776895176705
1344161336004120576
1344168890302144513
1344176429299339264
1344183974072082432
1344191541687046146
1344199072517939204
1344206624383229952
1344210401639231488
1344214192266633217
1344217933665476610
1344221727941914624
1344225488567492609
1344229277064167424
1344233039367442433
1344236833589391361
1344240600074358787
1344244381809840133
1344248140522803200
1344251910531018752
1344255706225143808
1344259472856899584
1344263257746534400
1344266995420647425
1344269487290380288
1344274587580821504
1344279213004759043
1344282136304640001
1344285889447534592
1344289663335485442
1344293425223520258
1344299819351879681
1344302246654341120
1344304770849374210
1344308525523218433
1344312327198420992
1344316336181284866
1344319877285376007
1344323642780508161
1344327396514693122
1344331195904094210
1344334963123097604
1344338740769136641
1344342509175103488
1344346287907479552
1344350090383810561
1344353841911889924
1344357636167364608
1344361373195788290
1344365155472257026
1344368705115971585
1344372704003158018
1344376489987469317
1344384034332434432
1344387785680171008
1344391587703496715
1344395378154754049
1344399147458318338
1344400903298756618
1344402956125417473
1344406674455621634
1344410468748828672
1344411705254752260
1344414224697745411
