1250545690520039424
1250583285941633026
1250586737367224322
1250612457074278400
1250630308854185987
1250632770231115776
1250647757355958275
1250678572580327425
1250694141316673536
1250694146056171520
1250694151475286017
1250695392485924864
1250696510913875968
1250696520040689669
1250696516626415616
1250719802739523585
1250719806698983424
1250721230988214272
1250722430177378304
1250725514551201795
1250728483195686912
1250729720334909440
1250731147765657601
1250731152094134273
1250732589645803522
1250732593215090689
1250732597262589952
1250733898490875905
1250733903402409984
1250733907827400705
1250735279876575232
1250735288407785473
1250735284490207232
1250736374115860480
1250737522617061378
1250737543114559488
1250739899650670592
1250741279283183617
1250742549725302785
1250742553797963777
1250743912525938690
1250743917588381696
1250745005196574721
1250745009814593536
1250745015627849733
1250747855154880513
1250749133541068800
1250749138049826816
1250751753177481218
1250754034874671104
1250755391681703936
1250755893010083840
1250756666028699649
1250758010500153344
1250760793966198786
1250760798105894913
1250760802908483584
1250762227608625152
1250764740927918080
1250764743960334339
1250766019544731649
1250767383540744193
1250771141196681217
1250772244088926214
1250773572156624899
1250776001623339010
1250778369458950146
1250779588369752066
1250779593876951040
1250780786355298311
1250780790654480384
1250780790654480384
1250783470282059776
1250783474233073664
1250784841790095363
1250785836846768128
1250786139314798592
1250786143349739522
1250791439707103235
1250792798942629895
1250795404762939393
1250796749159088128
1250799183977725954
1250799188062994436
1250799192970321920
1250802872348008449
1250802876420685825
1250805259309666305
1250807995585507329
1250808000455086083
1250809300647378945
1250809297447137284
1250811559514947584
1250811564279635969
1250812867290574850
1250813945700667392
1250813950389825536
1250813954609250304
1250816038796754944
1250816409673904134
1250817742854389760
1250819089280520197
1250820203212083202
1250821322160013312
1250821326778097664
1250823598048194568
1250823764595617802
1250827516417323009
1250829894046699521
1250829898446450688
1250829903194394627
1250832211869343746
1250832217439428609
1250835905918705668
1250837101349871617
1250838186147930114
1250848010705276931
1250849437800415234
1250849441340416007
1250849448227454977
1250853271541092356
1250856988231303173
1250858253942128640
1250859674796199944
1250861657221484544
1250862175763206147
1250862184516722688
1250862234990981121
1250863653949145090
1250864770745589760
1250866171123044352
1250869923108323328
1250869927172550660
1250873716617162754
1250877516514025478
1250877520737710080
1250883477576310784
1250885907194003456
1250885912193630208
1250887116588015633
1250887120685760513
1250888443011489803
1250890808766726146
1250890817360859142
1250890813824958464
1250890821953560579
1250890826865152006
1250890834716786690
1250890839376740353
1250890843579351045
1250892181755375616
1250900724692717573
1250903075436539905
1250907946055348224
1250943506803240960
1250965005857705986
1251000547177529345
1251011919810572288
1251015800149946368
1251020732911493120
1251020737722408960
1251021937477910533
1251023319563976705
1251028503107174405
1251031167001858048
1251031163306729472
1251031171292676096
1251033899339218945
1251039220426248192
1251040644572774402
1251042538930257920
1251044677224202241
1251046995302789120
1251047003829735425
1251047003104129024
1251048413648560129
1251050974241869825
1251055819837374464
1251056999556620289
1251057649908621313
1251059646644858880
1251059648393891840
1251062056935206912
1251063416858521600
1251068455291424769
1251072228705345536
1251072233042317312
1251072237224054784
1251072816562176000
1251074676899622914
1251074681077145600
1251077142693150722
1251077500891009024
1251079476525649928
1251079485618819072
1251079481852379137
1251080910805635073
1251082159470804992
1251083572859097088
1251085763137110018
1251085768879194112
1251087117469593600
1251087908347490304
1251088540013924352
1251088544371744768
1251088548746452992
1251092177150672896
1251093552056225800
1251096635985342465
1251097547470487552
1251098697770860545
1251099881265074176
1251101276714274824
1251101281319559168
1251104010045722624
1251106318234107906
1251106322285768705
1251108520881262593
1251110998326550529
1251111004068622337
1251112337479815168
1251113466825408513
1251113471946694656
1251115916294787072
1251117189089853440
1251117193980448769
1251118859207180288
1251120943738556416
1251120952567631872
1251123254913269760
1251124326658686977
1251124329594720256
1251124333189238790
1251125566595649539
1251125571284762626
1251126861335314432
1251129334858997760
1251130525714169856
1251131766678720518
1251133208466542593
1251133212052635648
1251135661043781633
1251135666718638080
1251135669688205312
1251135674306244608
1251138032658452484
1251138038014640128
1251139303901716480
1251139307072557056
1251139312541933568
1251140658171125760
1251140663233720321
1251142967919665152
1251144119591763968
1251145355711795200
1251146714175553536
1251148108718731271
1251149408458076160
1251152996282458117
1251154353278214147
1251154357556359169
1251154362581188611
1251155480598073344
1251157943929593859
1251160354677088257
1251161773694046209
1251161778270027779
1251163085991063552
1251166635290963968
1251168990564671488
1251168995497123845
1251168995497123845
1251173995170484224
1251173999524052992
1251175266199748609
1251175270691766274
1251181655030738944
1251185456672358401
1251186122568466438
1251186542829240322
1251187968292896769
1251189376610111488
1251189381114875910
1251189385472729098
1251193398427615238
1251194701375508487
1251195831069356033
1251195835339149314
1251195838539456514
1251198307961102343
1251201089753489409
1251201093998084096
1251205316907274243
1251205321240064001
1251210433131937799
1251212663566327808
1251212668394000384
1251214072059748355
1251214076270739460
1251216788890714114
1251221880847175681
1251225927570292744
1251232436853317632
1251233864669937664
1251233869636009984
1251233877374484480
1251235079654907904
1251237664394805250
1251240372812079106
1251241543555481604
1251242810751225857
1251243926146748418
1251245096181342208
1251251238496276484
1251251243059752961
1251251247371431940
1251252555167997956
1251253668248199168
1251253671771455488
1251254782402191362
1251254790736228354
1251254788215504898
1251254796046254080
1251254803172335617
1251254799418482689
1251278046453260288
1251306609650946048
1251375778450866176
1251393223500709888
1251403432382128128
1251406827528630275
1251406832637222914
1251409411878330368
1251409417125482498
1251410616679530496
1251410621398159361
1251410627609923585
1251411868108939264
1251413158369034242
1251413163439947777
1251417166706065409
1251422350089863174
1251424896204238849
1251424901854093312
1251426134249607169
1251426145926623237
1251426205263331328
1251432322446098432
1251433740141821953
1251435390067781632
1251443869780250624
1251447648495849474
1251448033591660544
1251448131356631041
1251448137279045632
1251448165816991744
1251448175367462912
1251448232699404290
1251448249971548167
1251450391801233409
1251461406035247104
1251461443838500864
1251464403997921280
1251468886786129920
1251470248823476224
1251470261662224384
1251470389408129025
1251470696686944256
1251473577372680192
1251473619554914304
1251473999433011205
1251474310109241344
1251474817578139652
1251475022193049602
1251475549547048960
1251481667686055938
1251482740563869697
1251488994556366849
1251491204392460290
1251493122179305475
1251499677561901056
1251513199360389122
1251524234981113858
1251528068029714434
1251528076812574720
1251529218766356484
1251540910325862400
1251556314188263430
1251559641709977605
1251561545911472129
1251564024002744323
1251569306665705473
1251573253916831753
1251574581229469696
1251578040485888005
1251583619065425922
1251591434748256258
1251593730932572160
1251604985923735552
1251613281384628228
1251613285843156993
1251613290687578114
1251614558655000576
1251614563704938496
1251615951180701696
1251619855104696321
1251623690292400130
1251623694050492417
1251623698764832768
1251628720235917318
1251628724719628289
1251628728926511112
1251628732735000583
1251628737281626116
1251629945765474305
1251629949838131201
1251629954061795330
1251629958474141696
1251629962609688577
1251629967131258884
1251629971258445824
1251629975029022727
1251629983778443266
1251629980758544385
1251658357133492231
1251660934772404224
1251668648806232065
1251675013687783429
1251691721546661888
1251704010895220737
1251758905560104961
1251760021928583169
1251760026655612929
1251762496605741056
1251764860855234561
1251767405543555073
1251774951817916417
1251777554538774528
1251778735319195649
1251780170844962818
1251781355614220288
1251785286436216833
1251785290731175936
1251787665936179200
1251787674098241536
1251788859433611265
1251791138492747777
1251792474022064134
1251793803238834178
1251796563485028352
1251802727455305728
1251803893325090817
1251805111745216512
1251808962950893571
1251812824592105474
1251816478350946304
1251816482385924096
1251819243336802304
1251823194580881408
1251824564352532480
1251824566399373312
1251825724014632960
1251826805796995075
1251826810507137026
1251829316771512326
1251829322018676739
1251830667727581184
1251831941428645888
1251831944255606785
1251831948940582917
1251833380733431808
1251833380733431808
1251833384898306049
1251834541481889793
1251834550180864001
1251834995406225408
1251835636685963264
1251836928007254016
1251839532665835521
1251839537615077376
1251841912232988672
1251845385196310530
1251845734950977536
1251849125001388034
1251850537315831809
1251851667236163585
1251852896443957249
1251854334184357889
1251857173686161408
1251859453743443972
1251859458839531521
1251861723201576960
1251861727433629697
1251862950568251392
1251868035104878592
1251870477129322496
1251870481734606848
1251871825166045184
1251875530623922176
1251878227053871104
1251882085092130818
1251883482890067968
1251883490666299392
1251884744285081600
1251886067873185792
1251886072897966080
1251891137931087872
1251893726621782016
1251895015871262720
1251896117635227649
1251896122492289025
1251897334201487362
1251898484963389441
1251899796031496192
1251901174069985283
1251901179182878722
1251902478926467073
1251902483464622080
1251904717573312512
1251908572146995205
1251909824293621760
1251914676641955840
1251916108510175235
1251917531738181636
1251917537039863811
1251920001940013058
1251920006939639814
1251923967935381505
1251929605671464961
1251936041361162242
1251936046138392576
1251936049544257536
1251937403373268993
1251937407613747200
1251937411774533633
1251939990759714816
1251942726817513472
1251942731649351687
1251943958416101377
1251943962602016769
1251943968344100864
1251946542195527686
1251946546419109888
1251947801694605312
1251951807078838278
1251955515359461380
1251958027533660160
1251962055785152512
1251962059992023042
1251964629401640966
1251966939334946821
1251966944804249602
1251976984651091968
1251979204423487490
1251979208336736268
1251979213437128704
1251979216905699328
1251979220974256132
1251979225571131392
1251979229740371969
1251979234547052545
1251979238242226176
1251979242801430530
1251979246995677187
1251980469568233473
1251996721363783680
1252020857020526594
1252020861982445569
1252024665364746243
1252069042409689088
1252092458529423362
1252102679284809728
1252104084401856517
1252106577206804485
1252111378053242880
1252111382834753539
1252113890571321345
1252114650122072064
1252116490104553472
1252117694746447875
1252119133610815490
1252123043339669504
1252124191454908417
1252125433920978944
1252129590908256256
1252130625466830848
1252130629619245056
1252131888996716549
1252134232698368000
1252137995517472768
1252139283554676737
1252139288847884288
1252140466763698176
1252141822786273281
1252146916441362434
1252152995472703489
1252154297707626496
1252159079797137413
1252159847031869443
1252162671153119234
1252163920669917185
1252163926588116992
1252169268868911105
1252171865445019648
1252171869513551872
1252171874563502080
1252173054156865537
1252174163713892357
1252174825394786306
1252176784675803136
1252181587699150848
1252186260124438528
1252186264599777282
1252191262473703429
1252191266789642248
1252195007357952000
1252196218123489281
1252198844714160129
1252198848933638145
1252200189768667136
1252201273945923584
1252205251224092678
1252205255921733632
1252206363289272327
1252208652871663619
1252211202962440192
1252215992312348675
1252215996712194048
1252219877194072076
1252221057148293120
1252222213710888962
1252222218261725184
1252223284885827585
1252224447978835969
1252225490179457025
1252225647956631552
1252226852598530048
1252228090681573377
1252229482938761217
1252229487938490368
1252232196234108928
1252233415132360704
1252234842957201414
1252235971212394497
1252237355412606976
1252237359959113730
1252238504995799040
1252238509114564608
1252241106252726275
1252241114574336001
1252244530025431040
1252244534534328320
1252245820772098048
1252246922905124865
1252249361674899456
1252249365810462722
1252251685990420484
1252253143443935232
1252253147776638978
1252253152000311299
1252254301273174016
1252254303802228736
1252255657308413952
1252255661855068160
1252255665894166531
1252259352133742601
1252261597109727232
1252262936229314561
1252267953875226628
1252267958430314496
1252269259717214214
1252269259717214214
1252271757412753410
1252271772923281410
1252274418937708544
1252277130219618305
1252278298337574912
1252278302687059971
1252278519322869761
1252279394464382977
1252280511839551493
1252282966627233792
1252284053065207812
1252285293807403010
1252291310511415296
1252291314680573954
1252297673601888256
1252298749164093447
1252299975180025856
1252299979256930311
1252301257995440132
1252302619948863493
1252302624369541120
1252303778377863169
1252303783578697729
1252304867823140864
1252307332047962120
1252310970648715264
1252316045714632706
1252319839752007682
1252323489106837506
1252326078930173953
1252327494595809281
1252328759186898948
1252328763549003776
1252334734014926850
1252334738259554304
1252340550474186759
1252341645393059841
1252341648949833728
1252341652695334914
1252341656935739392
1252343035431510018
1252345479112716292
1252345484078809089
1252345487664930816
1252345492039598084
1252345496347131907
1252349190534860806
1252351874302218240
1252355580200509450
1252355585422442498
1252358105557430279
1252376266046464007
1252385065339768837
1252416323310645255
1252442942746374144
1252473472325955584
1252473481062686720
1252480821182816256
1252482044346748928
1252482048616431616
1252488121977094144
1252491971161194496
1252493086812487680
1252494439655911425
1252495774245666824
1252496922163777536
1252496926764929025
1252499518966423552
1252501878895714304
1252503208066506752
1252503210599821312
1252504645886529538
1252505905075290112
1252505909521264641
1252505914579521536
1252506396639322114
1252507253875314691
1252507259432775681
1252508549751734277
1252508553996271616
1252513489316388864
1252514812325756928
1252517109738987521
1252518275138887680
1252518278989336576
1252518288053227522
1252522305844019200
1252524613231312897
1252525860185309184
1252528222035640322
1252531842940637185
1252531847252320256
1252533115337277440
1252533121586794496
1252533124518551552
1252535758327554048
1252538457374822400
1252539594475741186
1252539602553970688
1252539599156645888
1252540841215905792
1252540841144573953
1252542205471965184
1252542210979123202
1252546813879562240
1252546827972497408
1252548508432900103
1252548513461940224
1252548519170359296
1252549644938248193
1252552214754795520
1252552226993852417
1252553520223588352
1252556070263930880
1252557442942197760
1252557448105398272
1252557451737645056
1252561128456097797
1252562323060994055
1252564518120628224
1252565622950690817
1252569265678532609
1252569584047185922
1252570480164384768
1252570484639662080
1252571908102643718
1252571912447942656
1252571916680015872
1252573115680542720
1252573120772349952
1252574339607728128
1252576892772855810
1252576897306963968
1252578160266432513
1252579278778257409
1252580634586996742
1252581789559934977
1252582929789849600
1252584329877880833
1252585506556313600
1252586708169822209
1252591675140177921
1252596589128028160
1252597878394097666
1252599106389921794
1252600388248842240
1252601510883663872
1252601516462088192
1252602870849048581
1252604205359083522
1252605635537121280
1252605640637329409
1252606735531081729
1252606739813367808
1252608064223674368
1252609214566072320
1252609218651324417
1252609222732402689
1252610646425907200
1252611853664083968
1252611858185453568
1252616836824346626
1252617974898442240
1252617979755405318
1252619299753267207
1252619304744497157
1252624243797504002
1252625618937819139
1252626757523517444
1252627971422261252
1252628712878718979
1252638035709214724
1252640424667291648
1252640428077318149
1252644129563201537
1252644133925158917
1252644138341863425
1252644142582202371
1252645555236454403
1252645560332488710
1252648119386374148
1252649212929507328
1252653022804619266
1252656394458869760
1252657790302240768
1252659065437724676
1252661668838072320
1252661672805838853
1252664500756635648
1252668345700188161
1252670610855116802
1252673583052140552
1252682239021912071
1252689472111640576
1252694166733193219
1252696523772776448
1252697745217007616
1252697750430519300
1252700300122742791
1252700300122742791
1252701694296809479
1252701698868629505
1252701703314575361
1252705451558477825
1252705455425675265
1252705459599020032
1252706749594980352
1252706754011545607
1252706762354036740
1252706759761965057
1252706766808326148
1252706771107483650
1252706778879492098
1252706775775817730
1252706783145218050
1252706791567298562
1252708046113030145
1252709475355701248
1252734871350513666
1252736107290165249
1252761292928098305
1252762594835922944
1252763692653043712
1252782306143674368
1252791238136381441
1252794664823988226
1252794669731328001
1252795995286638592
1252804519261548544
1252828127262203905
1252836585239834624
1252840367763775500
1252840372595593225
1252840376668282880
1252842792851656710
1252845111865569289
1252846200681664513
1252847564665151494
1252848685278310400
1252848690152140800
1252854491415588864
1252856558267990019
1252858852925558788
1252863847859249154
1252863852330356736
1252865011124330497
1252865014962065408
1252868740338733059
1252870049288777733
1252872675577327616
1252872680258166785
1252879243660296192
1252879247502278657
1252880533534568449
1252881720073838595
1252884593444655104
1252885386411401217
1252885391054532609
1252886728106340353
1252887930130948097
1252887935273373704
1252887939354247168
1252890578070708224
1252893144930291712
1252895503437778944
1252895507938246656
1252898323700342785
1252898329270390785
1252899605769080832
1252900773937254401
1252902005904982016
1252905735807262721
1252912028953575424
1252912035450535936
1252914313800581120
1252914318716387328
1252918103748546561
1252918107275956224
1252919524380364802
1252920608091975681
1252921924285542402
1252923186712363009
1252923191720378368
1252924378381258753
1252929336899928064
1252930571447214080
1252934439753170944
1252935549679276033
1252935554418778112
1252936855387078656
1252938079075217408
1252940548131995648
1252942960548872193
1252942966932549632
1252944198644498432
1252946884324462592
1252946888548143105
1252950576217952256
1252950580240289793
1252953284756811776
1252953289966190593
1252954496692555776
1252955794842308608
1252955803855794176
1252958389497466880
1252958393419149312
1252960936123682816
1252960940104077312
1252962254653358080
1252964574174814209
1252966938009120768
1252970643307597824
1252970647581528064
1252973159395049474
1252975629122899968
1252978336336433157
1252984809128853504
1252988404196917248
1252988409414660096
1252988413185318912
1252990591018942464
1252991927378743296
1252993206620491776
1252993210659545088
1252994471433773056
1252995727451664387
1252998242750672897
1252998644694990855
1253000446324756481
1253001784307732480
1253009396822671362
1253011840302559233
1253011844702314496
1253014464737271808
1253014468768010243
1253016707100299265
1253016711546224641
1253017602340814851
1253019044514541569
1253020220836458501
1253020225651511296
1253022559446204423
1253025137756188677
1253026505573249025
1253035734421966854
1253036657173049352
1253037978932346881
1253037983361650691
1253037987379793924
1253039256605544451
1253043112731164675
1253044141803610113
1253044548089102336
1253048323440812036
1253048331800109062
1253051097989685250
1253051102850953218
1253051106852319235
1253054720022917121
1253054724061921280
1253054728797327360
1253057302661410816
1253058646122037249
1253059944368295936
1253062323587231746
1253062328121253894
1253062331539562499
1253065455021051918
1253065452626026502
1253065458598715397
1253066936352747525
1253066940677054466
1253066944699392005
1253066949468225542
1253066953297661959
1253069472237326346
1253069477668884480
1253069484883140610
1253069482291081217
1253069493452058633
1253079554534637572
