1339344557515960321
1339347070902296577
1339349587421782022
1339349748151676930
1339352104109039624
1339354620708020224
1339357137265250304
1339359659614826496
1339362170509803520
1339364686903521281
1339367205771866113
1339368656493572096
1339369720156282881
1339372236793282560
1339373684243501056
1339374755850293248
1339377269886873602
1339379786326663168
1339382304192385024
1339384819688624129
1339387336245710850
1339389855051227136
1339392369528090624
1339394885804318720
1339397403355443200
1339399919153639426
1339400946913337345
1339402435736047618
1339404954449158146
1339408727204630530
1339412502279581700
1339420053515755523
1339435153093902338
1339450253771223047
1339465351688548353
1339480451283501056
1339488000820924417
1339495551826612230
1339502284535975938
1339505806878883841
1339508132393984001
1339510656165404673
1339514824846417922
1339516436910206977
1339518334447071232
1339520715100475393
1339523231682879489
1339525576982446080
1339528264902184961
1339530781442633728
1339533298272509953
1339535814510841861
1339538331198111744
1339540855800139776
1339544598599884801
1339545881079517185
1339548399285071872
1339550914047135744
1339553430910615554
1339559609250557953
1339560980452261888
1339563499442323460
1339564215938543618
1339566013449269249
1339569337674452995
1339571103203807233
1339573563762892801
1339574846846582787
1339576080051531777
1339577523659804673
1339578598974492673
1339581113304403971
1339583061386653697
1339583629719171073
1339585721049333760
1339586151871463427
1339588663315861505
1339591179663417351
1339593695960522752
1339596212882685952
1339598729544810499
1339599801109807108
1339601253484019712
1339603762441302016
1339607613030477824
1339608795379605506
1339610328859074560
1339611311991382017
1339613828720422914
1339616354077270021
1339618861956517894
1339621378694152192
1339623894861266944
1339626411510927362
1339628928235753472
1339629740970418178
1339631445984202752
1339633961744658433
1339635219557740546
1339636477848858624
1339638994972233729
1339641510975975432
1339644027612721153
1339646545654915072
1339648166174580736
1339649061033570307
1339651577464848390
1339652377683607552
1339654093795635201
1339656610592018438
1339659127317024771
1339661650329284608
1339664316333760512
1339666428308406274
1339666677068394508
1339669194334334976
1339670203190435842
1339671710425993216
1339672633839923201
1339674226714800128
1339675176653516800
1339676747663589380
1339679259808428036
1339680310619992064
1339681776353091585
1339684293946257410
1339685378370973700
1339686809584988163
1339689326091907073
1339690487083638784
1339691843303432198
1339694359415902208
1339696876069806083
1339699393583173633
1339701909045694465
1339704425783250945
1339706943028391937
1339708200786923520
1339709459174715394
1339711975304118278
1339714493224390656
1339717008523407365
1339719525130936322
1339722045681147906
1339724558358650881
1339727074819407872
1339729591301246982
1339732108286128128
1339734624533147648
1339737143090892801
1339739657735532544
1339742174376833027
1339744691491770368
1339747207499706368
1339748936991596544
1339749724212011010
1339752240521703427
1339753067206590467
1339754757284610049
1339757273812492303
1339759790621294592
1339762306952163329
1339764823593259015
1339767342008467457
1339771115074322433
1339774891181137921
1339782439514857473
1339797541567737857
1339812641980653568
1339827739147309057
1339842840143151104
1339850389298978816
1339857943064395777
1339868639114244096
1339870624634839040
1339873037265608704
1339875553269096450
1339878069771747328
1339880587209928704
1339885619531689984
1339888395183656960
1339892325531742208
1339893169568292864
1339895686091956224
1339897720773992449
1339900718975766528
1339903238640787456
1339905752467574785
1339908268907499521
1339910789595975681
1339913302235865088
1339914616697139200
1339915818566524930
1339916778642653184
1339920851928420352
1339923807482617856
1339923807482617856
1339928235220627457
1339930918417534977
1339933442201542658
1339936765809836033
1339937209617670146
1339938467795505159
1339940986470985731
1339940986361769985
1339943501115604994
1339948537459695618
1339949704549904386
1339951050778882062
1339953567298428928
1339956085470294016
1339961117146296323
1339962375407988738
1339963639269183494
1339966150256504840
1339968667153534983
1339971185665183747
1339973700247040007
1339976216539852800
1339977260087033860
1339978733332119552
1339981249796952065
1339983766253539328
1339986285050650626
1339988799749644289
1339991316109791232
1339993158093037575
1339993838773886978
1339996349249536007
1339998865760514048
1340001382850564098
1340003899017633792
1340006415730139137
1340008936116604928
1340011448722972673
1340013965284311040
1340016481778581506
1340018998398885890
1340021515300073473
1340024033836847105
1340026548141735938
1340029064799784962
1340031583118479362
1340034097968771073
1340036614483931136
1340039136846118912
1340040709534048256
1340041647732625408
1340044164159959041
1340046682432552961
1340049197379141632
1340051714049789952
1340054234742534144
1340056747222904833
1340059263683715088
1340061780769312769
1340064297163091970
1340065555336884225
1340066813548273664
1340069332739506176
1340071846666936320
1340074363194925058
1340076881358573581
1340079396309360643
1340081912946302976
1340084432301039619
1340086946136256513
1340089462676545536
1340091980940918786
1340094495950565377
1340097012436357121
1340099528943349763
1340102045622263808
1340104562259083264
1340107078870978566
1340109595193135105
1340112111914033152
1340114629226188800
1340118403432910848
1340122180386959361
1340125953255763973
1340128169727279105
1340129732474535936
1340137278019145728
1340144828856844290
1340159929248866305
1340159928711794689
1340175026293596161
1340190125876244481
1340205226142392320
1340212775667134464
1340220332569812992
1340224106935930881
1340228572951166977
1340231793983680519
1340235250320863233
1340235425395314695
1340239199300104195
1340242974630940672
1340246384528695296
1340250525489618945
1340254298836324354
1340258075538825216
1340262382694612992
1340265809885589508
1340269400167870466
1340273161808433152
1340276948564643842
1340280723522150401
1340284497925820416
1340288369033506817
1340292048075640833
1340295825159823360
1340299597458096128
1340303489038123008
1340307147096281088
1340314336590520321
1340314697023819777
1340318473453359104
1340322840407629824
1340326029244579840
1340329796690006016
1340333572868231168
1340337346051518464
1340341155725254656
1340344896259903489
1340348671003639811
1340352445742985217
1340356220314521600
1340359995607670788
1340363771152277504
1340367591022456835
1340371324003262464
1340375095047462912
1340378870252376065
1340382644559867905
1340386419295006723
1340390194239971332
1340393969792897025
1340397744003842050
1340401521729679363
1340405293826469888
1340409069253758977
1340412843498352640
1340412843447881728
1340416621047910405
1340420393245405184
1340424168991539203
1340427943059750913
1340431720949182468
1340435492626546688
1340439267542220801
1340443042508095491
1340446820837642242
1340450592137736193
1340454367938314241
1340458141893480454
1340461919115890688
1340465691632275456
1340469467801919488
1340473241505325056
1340477017989525504
1340480791323668480
1340484566507683840
1340488341028917251
1340492116711985154
1340507215321436166
1340522315432550400
1340537415572721664
1340552516803637253
1340567613731041280
1340582718141284352
1340585290851708929
1340586487973343233
1340590262519820288
1340594037351272448
1340597813994872832
1340601587211796480
1340605363645784064
1340609136980062208
1340612912403103745
1340616686781775872
1340616686781624323
1340620461449736195
1340624423594782723
1340628504849747968
1340631786234273792
1340635563137744896
1340639335897591808
1340644499572183040
1340646885749616642
1340650661319458816
1340654435496845312
1340658215852322817
1340661985269198851
1340665761950433281
1340665761950433281
1340669535230169088
1340673315485208576
1340677085342425091
1340680860987576321
1340684634560970753
1340688411330535426
1340692184236871682
1340695959303417857
1340699733900201984
1340700499696365568
1340703514645839872
1340707283622359041
1340711060073017347
1340713575178891265
1340718613007724544
1340722589145116672
1340726157973458945
1340729932956221440
1340733710073794562
1340737482724413442
1340745032345804800
1340748809299701764
1340752582155898884
1340756357771911170
1340760132012158982
1340763909641236480
1340767681692065792
1340771457660375042
1340778141623697408
1340781522857717761
1340786556940943360
1340791589258424322
1340796622394015747
1340801655374147584
1340806688706727936
1340811721959587841
1340816756001173505
1340821788146753536
1340824304615878656
1340829337902145538
1340834371020881921
1340839407562067968
1340844437463810048
1340849470599286787
1340854505089449984
1340869605221232641
1340884703096791041
1340899803761434626
1340914903520075776
1340930002288832513
1340945100604661761
1340950024633655296
1340952653371756548
1340956697624539137
1340958438533304320
1340960205346115584
1340962716983300096
1340965691466407936
1340967751188287489
1340970266541903875
1340972783040393218
1340975306765717506
1340977816427327490
1340980332800081920
1340982850439368705
1340985366111645698
1340989286561275904
1340992916022423553
1340995998563360768
1340997948856016902
1341000465375485954
1341003129257652225
1341006927086686209
1341012804250251264
1341015565016686592
1341018081754230784
1341020695032115201
1341023114759524357
1341025631631331329
1341028148717051912
1341029406450405379
1341031990297018375
1341033181353566208
1341035705355657217
1341038214258302978
1341040731268378625
1341043601845997573
1341045764043145218
1341048280537391104
1341049551399075840
1341050798269059072
1341053314109063171
1341055830632902660
1341057747404660736
1341058349836754945
1341061048158318593
1341063380107284480
1341065896752676866
1341067998078132224
1341068413389684746
1341070929808424960
1341073448500666368
1341075963216494593
1341078479719329795
1341081003390087168
1341083513160777728
1341086029386838022
1341088545889546240
1341091062648086529
1341093242134286342
1341093579070922754
1341094582092705793
1341096097465344001
1341098612193779712
1341101128914620418
1341103647413952512
1341106162125647872
1341108678674542592
1341111197429448704
1341113711906340864
1341116228283342848
1341119451228491777
1341121261808746496
1341123778152071168
1341126317299949581
1341128811262472194
1341131327937028096
1341131628421246976
1341133844599201794
1341138877579370497
1341141399757008899
1341143910752677890
1341146427393789955
1341148944236040193
1341151460462084097
1341153977061179392
1341156493903708164
1341159010326732814
1341161526854610947
1341164043558481922
1341167256735277056
1341169076626984965
1341171593939136512
1341174109548367873
1341179825021726725
1341182917708410880
1341184176016470017
1341186697099296769
1341190467397009410
1341194242484391936
1341198017127305217
1341201792575660035
1341205566987919363
1341209342230478850
1341213116730929154
1341216894074937344
1341231993221091329
1341247090995855361
1341262193443000323
1341277292258086913
1341292388954877952
1341307492823797760
1341310612425625600
1341314535014150145
1341317988641878016
1341320323115958272
1341322589407379456
1341325105180205063
1341327621230120960
1341328665993506819
1341330139246981121
1341332654386413571
1341335171124002819
1341340204183916544
1341341462496071680
1341342721034752002
1341344833798086659
1341345239861235715
1341349012427976704
1341352789549715458
1341356561910808578
1341360338378190854
1341362853387780100
1341365370146463745
1341367890285645825
1341370403134980097
1341372919864152065
1341375438468259840
1341378391258312706
1341380469473107968
1341382992946749440
1341385502700625920
1341388019622789120
1341390536091914244
1341393052259164160
1341395568929763331
1341398088079052805
1341400602077630464
1341403118647447552
1341403118647447552
1341405635187859460
1341409421696626691
1341413189137907713
1341415701756571650
1341417115769860096
1341418218301353985
1341420737744146435
1341422564342677506
1341423251298217984
1341425768128135170
1341428290750459905
1341430801347559429
1341433318122942464
1341435836223553537
1341438350864097280
1341440867496849412
1341442558740852737
1341443386872455169
1341445900585988096
1341446655602642945
1341448417147498498
1341450935428501504
1341455811541934086
1341458485603491841
1341461000084738050
1341463516708962306
1341466034377781250
1341468550192500736
1341471066506457088
1341473585618010112
1341476099591524352
1341478679604563969
1341480923850686465
1341483649397448706
1341486165992611841
1341488685506768905
1341491199019020291
1341493715634958343
1341496232800227328
1341498748912824320
1341501265524609026
1341503784413872128
1341506298513420288
1341508815213252608
1341511333221597184
1341513966657388554
1341516364968644608
1341518885204406273
1341521576945213446
1341523914707533824
1341526432284110848
1341531464459022337
1341536497762258944
1341539014063566848
1341541531778494466
1341543269776408577
1341544047278661632
1341546563991179270
1341549081483603969
1341551597093081088
1341552330278379521
1341554113843105792
1341556630534631424
1341559146823385088
1341561663363936256
1341564184090177537
1341566696499265538
1341569213115326467
1341571729970356226
1341574246384820224
1341576762979807232
1341579282842312709
1341594379127902209
1341609481696849923
1341624579551182848
1341639679498539008
1341654781538910208
1341669880752422912
1341675018560954368
1341677428272328711
1341679942795333632
1341684982876659712
1341689576692322305
1341692674886291457
1341696300610445313
1341700078663155713
1341704104071061504
1341707627206610944
1341711400129990656
1341715179214671872
1341718949818462208
1341722725279141888
1341726499892645888
1341728566032150528
1341730281124810753
1341735307830382596
1341737825301983232
1341740340986994696
1341742155807780864
1341742857284022272
1341745236322754562
1341746632862420993
1341747890583199745
1341750407203270656
1341752924511240193
1341755440330371073
1341756698818736131
1341757956891635713
1341760476192141317
1341762990421528576
1341765506676584450
1341768023145758720
1341770539917074438
1341771911529979906
1341773056461713416
1341775582137253888
1341778089555210240
1341780606183739397
1341783123504205824
1341785639373713415
1341787734579527680
1341790679333277697
1341791627531194369
1341793189049581569
1341795705732562944
1341798222054924289
1341800738721320961
1341802062657572866
1341803255454699523
1341805778093699079
1341808288527167490
1341810805109473281
1341813324175040513
1341815838538665988
1341817096490106881
1341818354886004736
1341819115472863234
1341820877881544704
1341823388025835521
1341825904553517056
1341828422188761090
1341830937760264194
1341833454342688768
1341836789519151106
1341838487444582404
1341841004010250242
1341843522379378689
1341849768889372672
1341851072290287616
1341853587027062784
1341856103496224768
1341858621433376768
1341861136778616835
1341863653222526983
1341866175114952712
1341868686592753666
1341871203049345025
1341876236285407232
1341878783096307720
