1326670620780875776
1326670620680187918
1326671776575844353
1326678578482835456
1326712545709871104
1326712545630162944
1326712545575657473
1326713104063934465
1326721035157327872
1326722155829194755
1326747651304534016
1326747651203883008
1326754454914408448
1326754458584408067
1326754456936058881
1326755038283370496
1326755037587050496
1326755035859050499
1326758401091776513
1326761247598141440
1326766916174827521
1326783913499488256
1326788748525375493
1326792436438487042
1326792550334812161
1326795370425438209
1326805665290080257
1326806589777588224
1326812335521067008
1326812383730421760
1326828185850408965
1326828752547049472
1326830830040326145
1326832609905823744
1326837048637067264
1326838239416770561
1326839435212808192
1326842397083529223
1326843002950705152
1326844094589579265
1326851265989636096
1326853999908311041
1326858370251419656
1326864536750727170
1326866977240068099
1326867058911481857
1326873421142237186
1326879505282191360
1326880337021067266
1326881533404323841
1326884430930178050
1326884460223205379
1326886088468795395
1326889682156855296
1326891774988738560
1326892238283091970
1326892381950652418
1326895095967338497
1326899974177759234
1326904129894178827
1326909166489907201
1326913755394023425
1326915731628421120
1326922672320770051
1326928196319801344
1326932243412037633
1326932243412037633
1326945534897233922
1326945675330904065
1326948781091381252
1326949279928291329
1326956489915969536
1326957911755665408
1326963893474824192
1326965056819617798
1326965179045863429
1326967374063542275
1326969111717572610
1326971760068145153
1326986518792187904
1326996797970149377
1326999373587341313
1327006078501064707
1327007446456479746
1327008044820140033
1327008090991054854
1327008180581388288
1327008386962116611
1327009119115599873
1327009688840511488
1327010432201134081
1327012811596308481
1327013650582925313
1327014953837064196
1327016044104462336
1327016420513820673
1327016959205109764
1327018222760169474
1327019348926607360
1327019897000431616
1327022102222925826
1327026574567346178
1327027132816633856
1327052613628596224
1327067345257377794
1327072424358244353
1327073005428674561
1327073005617504256
1327073005617487875
1327088869662224384
1327088869481865216
1327089416922406912
1327089416851091457
1327089416582606852
1327089971879178240
1327104787695984641
1327105343302873089
1327105343277723648
1327115538385002498
1327125165055090689
1327129145164361729
1327147146060181509
1327147238569684992
1327147265472032768
1327147299269697538
1327148960155316224
1327153810498850816
1327153925108215810
1327154246186315776
1327155758388088833
1327160048720678912
1327160768605917185
1327168654379798528
1327171016179716096
1327173497253208064
1327178481566969856
1327182654177996800
1327182778019024896
1327191097097981952
1327197834471464965
1327199755223576576
1327203067901652994
1327207100968296449
1327212137794691072
1327217502720561153
1327217750012465152
1327222197543432192
1327224707406553088
1327226663730638849
1327229313826103296
1327230051419557888
1327235212007395328
1327238575902089216
1327243850801418240
1327249504538681345
1327253653670023169
1327256981057515523
1327258761170444288
1327260948520972289
1327266486742867972
1327267434617856001
1327271595673591819
1327271626145222656
1327271838154682368
1327274224512274432
1327277806171066372
1327283683750014978
1327285595480133633
1327289180058230790
1327297288423825408
1327297954089218050
1327298454264160256
1327299079936815117
1327299150250127360
1327300959538704385
1327314157390229504
1327314327834140674
1327317658056921088
1327334094045376513
1327344327018881024
1327357392745586688
1327361407634059264
1327368315623395330
1327373455222829059
1327373674907885568
1327373743853883395
1327378392870686722
1327381918309085185
1327382027927236616
1327382032750620674
1327382048848441345
1327386080115560450
1327386079817764868
1327386095718428677
1327386120750030849
1327386139272024066
1327386903612715015
1327394069644005376
1327394981183709186
1327400060376801280
1327420008922800133
1327426800159481857
1327430233964810240
1327430233868410882
1327430233696460800
1327430790448345089
1327433057738117122
1327433057733894146
1327433614859128833
1327434756775096325
1327434756582236161
1327476969555038214
1327482082185125888
1327504173361983489
1327531885644406784
1327531920268398595
1327532017022607362
1327532105350471680
1327532144298745857
1327532203425865728
1327532278931656704
1327532357683916802
1327532747846541312
1327532928759369728
1327533287234007041
1327538731692290049
1327545174977810432
1327545572795047937
1327564556466610176
1327575000484892675
1327577893233446912
1327583576343384064
1327583678915031040
1327585238055350272
1327593268381683712
1327594329632813059
1327597269026279425
1327602729074692096
1327610209485910016
1327610250556477440
1327610619642736642
1327619547545923584
1327624549232504834
1327627962980691968
1327628623424139264
1327644888154972163
1327645013212278790
1327654470487056384
1327661931277275137
1327664818946510848
1327665659178840064
1327676350711410689
1327676413735038976
1327676758779424768
1327676937750401025
1327687146912817154
1327687146870890497
1327714394269245444
1327734196400513027
1327743244785098752
1327746656469651460
1327759109253439488
1327764206146494464
1327771053951741954
1327775571473031168
1327776119051984896
1327776119051984896
1327777273664122881
1327777863647555585
1327778407002886149
1327778408441458688
1327785771101794304
1327790291261198336
1327801628267843585
1327801628171317249
1327844676825722880
1327886297965457409
1327886580003069952
1327886622533296128
1327886780687917058
1327887110423138304
1327887249783001088
1327887271622815745
1327887327176364032
1327887413017014272
1327887522752557056
1327887570500521984
1327887616948187137
1327888094553661442
1327888842582528008
1327892042039562240
1327892249959653376
1327903481643085824
1327906265255862272
1327908132434157569
1327908240324177921
1327908272360321025
1327908303880548352
1327908347119603712
1327908378723692544
1327910256295497728
1327910400411709440
1327912694247198720
1327918449503383552
1327918469522874369
1327918530726146048
1327926863906398210
1327929940428398592
1327935997905088512
1327936036501073928
1327945001448443904
1327945226963603459
1327961771689340928
1327961788676190209
1327965123600855048
1327965351225733120
1327965403654610946
1327965461443735552
1327978940523220993
1327979108362489859
1327979121750798336
1327979246631923712
1327987848088342534
1327998072262168577
1327999958721716225
1328000846303522817
1328006304552595457
1328011938811547648
1328012484767322112
1328027467337101312
1328027772627906562
1328028997691854854
1328035446023131142
1328036928592236547
1328045749465178113
1328053831394013185
1328053837555511298
1328064305548419074
1328066281598316546
1328077852101795840
1328081458091659273
1328082149623390208
1328231537847001088
1328236146116202497
1328236252106256384
1328236370180136960
1328236478590291969
1328236756991434753
1328239677153927168
1328242548666667009
1328242572427407361
1328243171147583495
1328246446521540608
1328246580571467780
1328247009791373312
1328248971203063808
1328253233769353216
1328257509841367040
1328258369111601157
1328258414582108160
1328261211763462144
1328263865965162496
1328269844362522624
1328277148575162369
1328280660121890818
1328282084402745345
1328288066642063360
1328289704517791745
1328292534947344384
1328292553272209409
1328295422494912512
1328295441058975746
1328298570311733248
1328298581703286785
1328298589618118657
1328298597243367424
1328298604126146561
1328298608811257857
1328303604789284865
1328307642763259904
1328313729252012032
1328313766233116673
1328318483139092481
1328318738274394113
1328322128710684680
1328331299090804738
1328339882369052673
1328343735688712196
1328344992507715585
1328355715321372679
1328359042721468418
1328369420079669249
1328372292141912066
1328377700612976646
1328385911722307590
1328386703007084544
1328387360539742216
1328389048126279680
1328391110398537731
1328398168933982209
1328404950393696258
1328413402499346432
1328416732508250112
1328419340002209799
1328433033452589063
1328438876831158272
1328450454246842368
1328450534320300035
1328454889333288965
1328461216633806849
1328464475016597507
1328466037638111232
1328466852012494848
1328466856429150211
1328467980129284097
1328467989415546880
1328471765559939072
1328476304610619392
1328476313649340416
1328478040360366085
1328479495209299971
1328480429524086784
1328481593221144580
1328482694326587397
1328482695396159493
1328488916614262786
1328489477489254400
1328490617668841473
1328496270999220226
1328496823682654208
1328497984238202882
1328499690304909312
1328502548119117827
1328503083261943810
1328503083136151558
1328503088743899137
1328511568175312896
1328513837914611713
1328529125192196096
1328529749552099328
1328535368887635969
1328552366896001024
1328582361295032327
1328598341148676097
1328598440906010625
1328598935900971008
1328602349665988608
1328603757941288963
1328605759702241281
1328606945150955520
1328607966535225344
1328610970500001792
1328614322713595905
1328615704141176832
1328615764266524672
1328616926298460160
1328618345395064833
1328623301623754753
1328623325141032960
1328623343226990593
1328623376726945792
1328624175305666560
1328624197615095810
1328627099595386880
1328627132231200769
1328627203530256384
1328627203530256384
1328629103306616833
1328634872089481216
1328634966343888898
1328639142192877568
1328644411245334528
1328648811426828288
1328649062325886976
1328661779233247232
1328661952021868545
1328662491937824768
1328670452127051778
1328670477666168836
1328675640158121985
1328675712518283264
1328678333601738752
1328680676376391680
1328682447874056192
1328683401977749509
1328686259259265025
1328688910340419586
1328689010089320449
1328690160645582849
1328704093163024386
1328704832799199232
1328707934088548352
1328710776006250496
1328712766983647232
1328713049679794188
1328715972589522945
1328718444649385984
1328720101227384833
1328723359459401730
1328725523967643648
1328730003396300800
1328738819840090112
1328739832194064386
1328739849277493248
1328740281911545856
1328746037318705154
1328748228670578689
1328752273057603586
1328755602013773827
1328757270944100352
1328761335862194185
1328770339342589958
1328774515233611783
1328774768720535553
1328779824496844802
1328784625968304140
1328798305606914049
1328824668862734347
1328824699728650244
1328825266832072712
1328830416502009862
1328831758348017665
1328831776584773634
1328831793856917504
1328835670320836608
1328835760573779978
1328842944271577088
1328849728176578561
1328853139018158089
1328864454415671300
1328867863692795909
1328868419270217735
1328871823421943809
1328872379544711175
1328872379515342848
1328872379293036545
1328872978042458117
1328874653998256131
1328875788658208768
1328876345716314112
1328880305449693185
1328884836052971520
1328885976538763264
1328906349078605830
1328923925531811841
1328931287248277506
1328931287135105026
1328938634607812616
1328941474873024514
1328960678514847744
1328960785738063879
1328961911380119552
1328962560994013188
1328964161284546564
1328967995595567105
1328968447066333185
1328969094624894977
1328969230960775173
1328969429628178433
1328969473446043648
1328971012394913794
1328971265978339328
1328971736377946117
1328972232543105024
1328976705902551041
1328977062217003012
1328980613077069825
1328981631277916160
1328981661866991617
1328982465625681920
1328983110030159873
1328988691281436672
1328989215472951296
1328994019888738306
1329002371192647680
1329009316733612032
1329009909162254338
1329011081579204609
1329019277178003459
1329024774073356288
1329030442557857794
1329031562701254656
1329031770063433729
1329036961772949504
1329036973961523200
1329037224336351238
1329039376903499776
1329039417089142784
1329043596151042051
1329043614312312832
1329043630124920833
1329045663737384960
1329045702522048512
1329050393154826241
1329051425721225223
1329059214581522436
1329059710067220484
1329061111715475459
1329065465281466370
1329066498112049154
1329067869896847360
1329080267907104768
1329080273334505475
1329080270364966921
1329080281916063744
1329080390498226179
1329080393362903041
1329084331319468032
1329085589384138752
1329109805643030531
1329110494930669569
1329113995383541765
1329115535930519555
1329117495299608581
1329118107294642182
1329118326098944001
1329118623957471232
1329121180226367488
1329124841979584512
1329127125199302659
1329127136188313600
1329127389046173696
1329130506122895366
1329135762428846082
1329141368174891021
1329142970629697537
1329147872470773760
1329149814446182403
1329162983654760448
1329165773118562305
1329170761114796052
1329175444827025416
1329187288459472896
1329188307071344644
1329190075872186368
1329190246756577285
1329190582925864964
1329190691772243970
1329190781932986369
1329190925826920456
1329194875103965189
1329195031543111680
1329195221326962690
