1342107794749722625
1342148279002402817
1342199874968817664
1342455081623547905
1342512684965752842
1342849650320158720
1342898729985204225
1342947041929011201
1343226642454499331
1343279483135078402
1343542239650324480
1343583738463203328
1343595062828167176
1343602643441213440
1343625262269923330
1343632733919186944
1343651685869244417
1343662758634651648
1343663012931121156
1343678112601669633
1343904607924350978
1343924742676426752
1343934829616914433
1343947887366037505
1343964777585008640
1343982272391901185
1344003449487302665
1344011560218488835
1344283994897178627
1344304748170772480
1344313028532183041
1344313798262468612
1344327543856521216
1344354948880936960
1344371176798302210
1344378222859984897
1344383759739727872
1344387282623721477
