1342031509260124160
1342066518922829827
1342103483583852547
1342148782079705094
1342155970923921411
1342182252663336960
1342395407561854976
1342441209323786242
1342491412911292416
1342516455066062849
1342553951770529793
1342758550062452737
1342764260921896960
1342802086862454784
1342807211244969984
1342827504285995008
1342841546199150592
1342855941885218822
1342864380573134849
1342892180533256192
1342923889576271872
1343111124112310272
1343136037523005441
1343152390615216128
1343164089347022849
1343168176583020549
1343208671904485380
1343230299912679426
1343261111563526144
1343479424243687424
1343486597258473472
1343515148825333760
1343534915900432384
1343550916830638080
1343567631165476865
1343584780596744200
1343590028971298818
1343610812586463235
1343614781828292608
1343634568058966016
1343637821555433473
1343650426877427714
1343658762582818816
1343847336913596416
1343855276500393984
1343876566149947393
1343905608618156034
1343936562296451072
1343976285895352322
1343981106018697216
1344009039823458309
1344209611432202241
1344226163875606528
1344243082057793536
1344259493392211970
1344296685200175107
1344329736810622980
1344344248649396227
1344372434326196227
