1245515271500189698
1245528271879581696
1245696643523129344
1245696954111340544
1245743713336332291
1245744137762193409
1245791944602718211
1245802477183795200
1245815183966117889
1245820656660381697
1245843958053232641
1245874495669362689
1245884502523744261
1245893271173423106
1246054088040685571
1246150242728316931
1246163826040541184
1246181370944249858
1246195942715543555
1246214291696553994
1246227925466320896
1246242411111755779
1246261416509800448
1246402592831389701
1246441975517253632
1246450853374017539
1246490680052125707
1246513822984278016
1246531500679598082
1246556997744500736
1246586742012096515
1246596564694548480
1246612351899652098
1246620867808956416
1246751562736766983
1246754071345795072
1246760122568847360
1246775296956805121
1246793778532409354
1246800640795443205
1246804215470657537
1246809150471970817
1246811721878179844
1246813223313121280
1246820672006995969
1246824148053221377
1246828878443749386
1246830388523274241
1246836257365331974
1246844182523674629
1246853416208474113
1246856931760844802
1246864732562362374
1246892019999440897
1246903440313397248
1246912585942908928
1246928083581644813
1246958357837201410
1246967979801272322
1246981486915567618
1247186927134146560
1247187239106490371
1247199099537051648
1247220593637961728
1247239265400033282
1247249458099892226
1247278320246497286
1247325891933462532
1247340895013306370
1247349499103784961
1247470533475794946
1247543556589436929
1247551476756553731
1247562838455005184
1247630069595545601
1247644682471047176
1247684643899539457
1247696951782584320
1247705685095264256
1247716461990359041
1247719761586409472
1247826275210756096
1247857653759586304
1247949947791646720
