1245598087004844033
1245598679332839432
1245598698916077568
1245598735943364609
1245602118016225286
1245611434299363329
1245615450458710016
1245619730288803843
1245621285998047232
1245621363286532096
1245623428658294784
1245624261009534977
1245628538494930950
1245629914629296257
1245633835439546369
1245636858781904896
1245641121989931008
1245645407700451329
1245649425726201859
1245653705266847744
1245657490320048128
1245660487372558337
1245660541823016960
1245660597309628416
1245661253302812679
1245665533825036292
1245670061630787584
1245674341242753027
1245678366784737280
1245682647852036099
1245686673155002369
1245689778407964679
1245689947522293760
1245691453453611009
1245692740878446596
1245695228478193665
1245699759060520966
1245700259801714695
1245700332912549888
1245703017174904832
1245704037061844992
1245708063660748800
1245712348947664896
1245712724941733888
1245717375707762688
1245722406746013696
1245727188390948864
1245731728142016514
1245733450289762304
1245734996175921152
1245738766330888192
1245742291731582985
1245745572939739143
1245745591994417153
1245750087680233472
1245750478048309253
1245750527251660800
1245750576303964160
1245751615405068288
1245754344416346113
1245754630740619264
1245756821161336833
1245758660313321474
1245763174491701254
1245767453566734337
1245775810503544833
1245776667844411392
1245776693928906752
1245776720235560965
1245776740741533697
1245776740741533697
1245776768574926856
1245776801198194688
1245776815769165828
1245780288476676097
1245781490811777035
1245781516946374657
1245784564431310853
1245786886796382209
1245789106346627074
1245792871992655873
1245797149536923649
1245798487809298434
1245800497237446657
1245801679527739396
1245806458958155776
1245810485578129408
1245815016911187978
1245819799646715904
1245824581442719745
1245829361342832640
1245833135973175297
1245924211652263937
1245958739015983104
1245960223824793601
1245962852688629761
1245964503663153152
1245965272210694144
1245965378444054528
1245966941212364800
1245969032131592192
1245972345178796035
1245973309361192965
1245973665352744960
1245977841185042437
1245982117043060737
1245986529367011328
1245986647310811141
1245990927375765504
1245994950858285056
1245999238628212737
1246003511239860224
1246005184276422656
1246005262818979840
1246005314568232961
1246007793729093634
1246011815055761409
1246016092629274625
1246019865648955393
1246020689670397952
1246023714493337601
1246026546432954368
1246026788746268672
1246027920788860928
1246032448460402689
1246034427626557441
1246036727308976128
1246040755690516482
1246049058260758531
1246053839276593152
1246057616922611713
1246060927742509056
1246061161994477568
1246061245595365377
1246062145801981959
1246066424537395201
1246070449227943936
1246074727203885065
1246079762675744774
1246084056208625664
1246084139608129537
1246084230402228224
1246084294663159811
1246084357564985344
1246084796394221568
1246084935859003392
1246089577493934080
1246094106952073216
1246097376818929664
1246103171199578113
1246106720449028097
1246107960075526146
1246112485788258305
1246118769723953154
1246121047562293249
1246123069023928326
1246125565482094594
1246129842795491331
1246132456958418944
1246132520397213696
1246132654333988867
1246133868018704386
1246135578581704705
1246138151422263296
1246140530360279041
1246142678376554501
1246146955220312070
1246150981831790594
1246152958867316736
1246155259854106625
1246159537465372674
1246164326177804290
1246164496768544769
1246164547305684992
1246164867725381634
1246165006942683137
1246168848174395398
1246172875846975494
1246175895234260997
1246180424491114498
1246186465698160643
1246190243541377028
1246193762935726081
1246320617378455553
1246322648365367296
1246322990180114432
1246323137555451905
1246323195420069888
1246323290114854912
1246323618562428928
1246327394769739777
1246331418441142273
1246335699894370304
1246337827438235648
1246337868903088128
1246337909642452992
1246337929062088705
1246340226051723264
1246344507878146053
1246349035381850112
1246353316570894336
1246356429201645569
1246356491952467968
1246356560537956352
1246356576245559296
1246356594553651201
1246356662023270402
1246361366434381824
1246363634219061248
1246366021960830976
1246366153083060224
1246367506715086848
1246369043055022081
1246370174896353283
1246372616283308032
1246374203789541381
1246378479337250816
1246382005845200897
1246382883679481856
1246386534582018053
1246388383464783874
1246388435557941249
1246391063109152769
1246395090945413120
1246399872875597825
1246403646578929665
1246404776050425856
1246404866982977538
1246404884611686400
1246404976735371264
1246407422589239297
1246411455777460226
1246416229897773057
1246421261141659650
1246422125432487939
1246426300803407873
1246430576342679553
1246430823739527168
1246435858149978114
1246440647437045761
1246445675094650880
1246449693678342144
1246450201541464071
1246455238640500737
1246458800309239808
1246458824233533440
1246458869884346368
1246458979439595520
1246459020698955779
1246459772951384065
1246466056786530304
1246468070643838976
1246468151954542594
1246470335517655040
1246473816865492995
1246473853129326599
1246474867693817857
1246479750325043201
1246481156637446145
1246485438946213888
1246489211588489218
1246490291089129477
1246490310143811584
1246494241611829249
1246498267602583554
1246502044774604800
1246506072707391488
1246510602736066560
1246515131237961728
1246517898186829826
1246517898186829826
1246523435892854784
1246527720646983681
1246533250677424135
1246536743349878784
1246536804519550977
1246536820952838151
1246536860182155265
1246536890582474752
1246538283867353088
1246542812679745536
1246547847639687168
1246552878216601600
1246557912765431808
1246684597653573635
1246687013560082433
1246687933836464128
1246687953822216193
1246692044682276865
1246695168486420480
1246695188967362561
1246695217346076672
1246696827371601920
1246699425013080064
1246701865338839041
1246706390749581312
1246711423348158466
1246711525655621634
1246711559017172992
1246711657923063808
1246711706627321856
1246716205471277056
1246719999479353345
1246720987833544705
1246722243817865219
1246726522553188354
1246730800592310273
1246736085281058816
1246739861358419968
1246743637347700736
1246746358914088961
1246746549109100544
1246751225527312384
1246754871300194305
1246755907125600256
1246756221207621632
1246761755902173187
1246766042413772800
1246770561738510336
1246772907763736577
1246775101502017537
1246775231466872836
1246781384431210497
1246781892944412672
1246786166331932673
1246788250594955267
1246791460319563777
1246796484240171009
1246801021915017219
1246801623017455616
1246801654760067075
1246801705821507585
1246805552828743686
1246810579714617345
1246815108241731585
1246819638001971200
1246824674920726528
1246829202449600513
1246833479842750466
1246835771924983809
1246835808633606145
1246835832373346304
1246835885838041089
1246835913268830212
1246838257889030144
1246842873468813319
1246845901416644609
1246845961747476486
1246845989601849348
1246847821782880256
1246852856893898758
1246858146460688384
1246862925912051712
1246867955243266049
1246872485242580993
1246874354916495360
1246874386067488769
1246874562412924928
1246874575318798349
1246874750112206857
1246877266883358721
1246882552104849410
1246887145547206664
1246887168833916929
1246887205269897219
1246887585739345922
1246889104878505984
1246892113658351621
1246897146122711046
1246901426833539084
1246906209619378184
1246911242280865795
1246916527200309248
1247035706582740992
1247035720147009537
1247041320075571201
1247042356169379841
1247042952112848897
1247044913927200769
1247047389573251074
1247049896731041794
1247049906797400064
1247051664382734336
1247052960187723777
1247056201088729089
1247060472249057281
1247061221402181633
1247064251396743170
1247064833763291137
1247065973162639360
1247068780141953025
1247070764584534016
1247074315113320448
1247078088720162816
1247078596369436674
1247080010462232577
1247081440250138625
1247082369770815489
1247083931880562688
1247086400182398977
1247086594600906752
1247088012858621954
1247088844056539136
1247090679702003717
1247093071977885696
1247093900315156481
1247094453304770569
1247094949532905472
1247096556530040832
1247097450713747457
1247097473996390402
1247099482535313408
1247100369001472000
1247102753769492481
1247107032936841217
1247110170808930304
1247110805969141760
1247115085526556672
1247117608517804037
1247119612304592897
1247124144359079937
1247127919853436928
1247132156633235461
1247132206142836737
1247134714214916096
1247134741121454082
1247134779750965248
1247136223958904832
1247141006308454400
1247144781744156674
1247149311001006082
1247153587555373056
1247157620420612103
1247161087188856832
1247161121540173824
1247161207129124867
1247162660040261632
1247164980471795712
1247166927945887746
1247171965728821248
1247176741988302848
1247177030329909249
1247181271769415680
1247183154303119360
1247183216768962561
1247183231667130369
1247185412113813505
1247185799814295552
1247190328681136128
1247191698528243712
1247194598096674817
1247195124330790912
1247199643496255488
1247204172908421120
1247208213788983296
1247212728009330692
1247217005314408449
1247221030462074881
1247225309117722631
1247225928519999488
1247226052197433346
1247229850080944136
1247234116480884736
1247234793282113538
1247234945602420736
1247235221667414021
1247238154337357824
1247241935758266369
1247241969467822081
1247242424000434178
1247242424000434178
1247243460379320320
1247245298063286274
1247246699426447363
1247248799145381888
1247251232965775361
1247256013109112837
1247260038911209472
1247264570495905793
1247269853083336705
1247273630041542656
1247277909028585478
1247282185972957199
1247391205639553024
1247398669286023168
1247398784772059136
1247401093774049283
1247401127026581507
1247401219800412160
1247402183190106117
1247403965064589313
1247404488702525440
1247406405822353413
1247409524509683712
1247414055180140544
1247414172666732544
1247414652595851264
1247418581865938947
1247421834003386369
1247422861968576512
1247427393846992896
1247431669801500679
1247433148549431296
1247436208038391808
1247440480268361730
1247444504581419009
1247448782498906112
1247449299358810112
1247453061930455040
1247457339218821120
1247461367650672641
1247463270488866817
1247465642409820162
1247469420315922437
1247473192475725825
1247474847053238272
1247477474138750978
1247478954446991360
1247479061020053505
1247480911811219456
1247482000610557952
1247483880271155200
1247486281971621889
1247488270222659590
1247490306305474562
1247494590279684097
1247498611690258432
1247503392366305280
1247504858716024832
1247507166984056833
1247509932729077760
1247511695867641856
1247515975630704645
1247516138805899264
1247520002137370624
1247524281635852290
1247526214685749248
1247529311747231744
1247530056047443972
1247533317022298120
1247534347315367939
1247539130600271881
1247543659819663366
1247544002489880580
1247546697011605504
1247548190393544705
1247551184380071936
1247552718962647046
1247557501580689410
1247562029583515649
1247566563642925056
1247566925284212738
1247567769429835777
1247568179762794498
1247569256860004352
1247569386287792128
1247570587804991488
1247575117972078594
1247575877065551872
1247579393008054272
1247582422633455616
1247583422425464832
1247586828892483584
1247586919686512640
1247587091132923905
1247587696970776576
1247591181728579589
1247592229608329222
1247595872898232320
1247596014644625409
1247596505491439616
1247598219724566533
1247598534788034561
1247600532895805442
1247604819994587137
1247609087203905543
1247613627907129350
1247618400949501958
1247622426512539656
1247626955920478214
1247632242823901185
1247636017366081537
1247640295975596032
1247644573603692547
1247768910956359681
1247772164918358017
1247772637213810689
1247772698257715204
1247772742864130049
1247776441774694406
1247778734918127619
1247780973795635202
1247785249771155458
1247789778768031744
1247790899494436865
1247794060477091840
1247795328750718978
1247797218825797633
1247798588177911808
1247802868414873607
1247806898906083330
1247809018837585920
1247809080586100737
1247811169722740747
1247811531808616448
1247812161683910657
1247814100593278976
1247818601064738816
1247819724936949760
1247820097495990272
1247823764290756608
1247824124434677760
1247824164637073408
1247828032699727874
1247831808017924098
1247835581796757505
1247839858741166080
1247844391601033216
1247848666892775425
1247851465995141121
1247852695496556545
1247856979978190848
1247860997823631361
1247865780424847360
1247869554166059008
1247869594162823168
1247870686745550849
1247874086853894146
1247875154018996224
1247875230120493063
1247878362061815808
1247881168818565123
1247882398219423744
1247886670029942784
1247891701500227585
1247894007906070528
1247894035529789442
1247896733729714179
1247901771285950469
1247906048473784321
1247908213695090688
1247910335450886146
1247910582356975616
1247911592949428225
1247915105859313665
1247919889697910786
1247924415301640200
1247928749330444288
1247928945619742721
1247932985351028750
1247936529575575552
1247937505271394305
1247941838641803269
1247945807577440257
1247950084412706818
1247954617822035969
1247958903821926402
1247962935441358850
1247967208526897152
1247969927941836802
1247971478286536704
1247976008868859916
1247980786940358656
1247983054452375555
1247987833710825472
1247992401228107781
1247996644022517763
1248001423377182720
1248006960168833024
