1286058971946790914
1286059855162290178
1286069659612184583
1286069701743906817
1286070014144110593
1286070797879123971
1286072196067205124
1286072432453976064
1286072908796899328
1286073143803740160
1286073415397515264
1286073705194561537
1286073917245984768
1286074167943671809
1286074365893902338
1286075100605886464
1286094427778424833
1286094434963161089
1286094434950623243
1286094985130016770
1286094985104961538
1286094990884642817
1286101773057511426
1286105201804554240
1286108578152095749
1286110848902148097
1286112538984407040
1286120476541161474
1286133490770157570
1286143676213874693
1286149913013899268
1286153330524389376
1286173706709012480
1286180488412049410
1286182131929157632
1286184813280423937
1286191087065980929
1286191206926635008
1286196812701995011
1286197260901113856
1286216397413023745
1286220209532043264
1286220369859432448
1286220468324839427
1286230711188574208
1286232237726367744
1286234654937423873
1286234728895582217
1286245364631306241
1286246085485301761
1286249991355412481
1286251204264239105
1286251845376266246
1286257680424882176
1286261981482233857
1286262340233629697
1286262340233629697
1286262358197837824
1286262903751024640
1286266932539330560
1286271045385822209
1286271144803393536
1286271359413297152
1286271364396195841
1286271361904717825
1286271368280014848
1286271366258360320
1286271370364624901
1286271670496432129
1286273930689486851
1286277223222251520
1286282266516258816
1286282734076297217
1286295995358248960
1286297566334857216
1286310345255145473
1286312897535148032
1286315320655990786
1286322474607677441
1286323016402718722
1286329822248087552
1286331464926343169
1286331682258407427
1286336249347936257
1286341745115045889
1286345255030263809
1286345260092841985
1286345257462968323
1286345265000124416
1286345262584274946
1286345266967257090
1286348029721817090
1286350261661859840
1286353884517142528
1286357250152464388
1286379207489204224
1286382873759621125
1286387680507572224
1286406185827078145
1286409975003336705
1286424937390133249
1286425272439451649
1286425442317107200
1286425641978679298
1286425916026105856
1286426139725049857
1286426971178774537
1286427676534870021
1286428187078135808
1286428889728851970
1286429187478302722
1286429403166187523
1286429616576618498
1286430265989095425
1286430704969166848
1286434901290627073
1286437740125597696
1286443477174292481
1286445752693198850
1286446334585831432
1286446334300622848
1286446333906300930
1286446890943488003
1286446890805059585
1286446897092337671
1286453672684199941
1286454228731518976
1286454229075472384
1286457068887703552
1286457068615012352
1286458780541124612
1286459328405409792
1286467258475327493
1286479717013639168
1286512006946795525
1286514267223732224
1286522764736831488
1286528418557894656
1286543041428422662
1286543068041293824
1286543138639810560
1286543191001440256
1286548912401195008
1286550827692326913
1286553249487753216
1286557041511796736
1286560740099469312
1286563921055428610
1286567103319990273
1286568228991500288
1286576064542760960
1286576271955300353
1286576456110399490
1286576725401513986
1286576880989229056
1286577083976687616
1286577235244318722
1286577340005470208
1286577512030535681
1286577692469592064
1286577935982505984
1286578287238578176
1286582582747058176
1286591221570338822
1286596066943672320
1286600761510694912
1286614478293999617
1286619574478266369
1286622970648104961
1286627221193580544
1286635608501297152
1286636369259962370
1286636516752662533
1286644235589033985
1286645969451393027
1286646453352435714
1286647552016814080
1286655072181653506
1286657874018668544
1286660726174683136
1286661238542540800
1286666437046788096
1286669586323197952
1286679493680205824
1286684587666681856
1286685851951534081
1286688877001027588
1286693921322668034
1286693946983424000
1286695083761455105
1286703150381006848
1286708805800206337
1286711554570948609
1286712727470321670
1286722114091974657
1286722625973231616
1286729303485558784
1286733372153266182
1286737985921339394
1286746556608196608
1286749095693029389
1286758968400936960
1286759070540726277
1286766991978778632
1286784375934390274
1286784520151347200
1286784689949335557
1286784873718599681
1286785032800079873
1286785177507831808
1286795178435543040
1286801399058243584
1286815569551949824
1286816203940548611
1286817922405539848
1286819051017207808
1286820162793082883
1286822440937684992
1286823569872363520
1286823568228192256
1286824696785371136
1286824696705581056
1286824696684699651
1286838846794141696
1286866468899106817
1286869880525008899
1286874976423903233
1286895355641159681
1286897629167837184
1286922184162713601
1286922248859930624
1286922815640342530
1286923813666656256
1286925042950066176
1286931694252109825
1286936535313588224
1286947378671562752
1286955099697360896
1286955840805703681
1286956026114310144
1286964507936542722
1286965466175606784
1286977687521763328
1286984223765733377
1286984221391806464
1286984228505354241
1286984226122936320
1286984233182011394
1286984230854172672
1287014815790182400
1287024157872529412
1287041044702531584
1287050189258346499
1287054109619687425
1287060135492423680
1287060170758131713
1287060170758131713
1287060211396751360
1287068392374128640
1287068495398739969
1287079641174487042
1287102638102843393
1287118090828906496
1287131358603681793
1287152819783565312
1287153068757463042
1287154609476304898
1287154842243420170
1287154974015856640
1287155139413934091
1287160125686460416
1287164349380009986
1287171771548999680
1287176863954214912
1287177437550465024
1287180270416859141
1287181948667015169
1287184242754166785
1287184791067136001
1287184791050346497
1287184796972720131
1287185920890986496
1287194419796611072
1287196115977359360
1287196115977285634
1287226142466945026
1287231237766238208
1287231244573593601
1287239732481658882
1287263503515029505
1287281080421228544
1287284239713673216
1287284895576924160
1287286815595036672
1287290764171649024
1287290810824822784
1287302204261576704
1287302704797188096
1287307033943904256
1287323112707633152
1287323166105362432
1287327740799209472
1287335718029844480
1287341161661829121
1287341296051519488
1287352300806328321
1287352369194455040
1287360977164546049
1287361914046210049
1287371472344932353
1287394919875784705
1287403735791079426
1287403752236949504
1287406394472386561
1287410170696433664
1287412721105985544
1287413475157905409
1287414360843915264
1287414376107057157
1287414585511890949
1287417598062333953
1287421294791794688
1287426459397763080
1287428160167043072
1287430317645733889
1287430555190075392
1287430614455640064
1287432094885597185
1287432196664459267
1287432424977203201
1287432442568114177
1287433329608884228
1287433664134025217
1287436766559993856
1287446212933750784
1287447670911643650
1287453491531784200
1287465708998340608
1287467098319597576
1287469892728430597
1287498861049765888
1287513953556467712
1287514668450361346
1287515362016329729
1287515807480778752
1287516071176679427
1287516491064254464
1287516973023277062
1287517481003778062
1287517938443063296
1287518105187627008
1287518556293398530
1287518827039858688
1287524028098453504
1287524028413091842
1287536497290248197
1287541594447634433
1287541594426613760
1287542734144843776
1287542733058576384
1287542732630761478
1287549502069628928
1287583452058005504
1287606098128756736
1287606098086760449
1287611201992765440
1287626495461130246
1287630240408391681
1287632818563100678
1287635189640945664
1287645399591931904
1287648146504519680
1287654104978817029
1287655161704468480
1287668784849985536
1287680535679115264
1287683157169504256
1287684160224731136
1287684366332833793
1287696226092277766
1287699882753630208
1287699943629578242
1287707116988440577
1287713968518246400
1287716231865393157
1287723403198291969
1287729029953585153
1287732955515936769
1287740080061325314
1287743053864800261
1287753147746856960
1287762853727031297
1287763653790490626
1287764752253542402
1287771840363089922
1287777218022825990
1287777809591664642
1287778186567221249
1287779172094545921
1287779710785789953
1287804664738701313
1287809630991679488
1287813947542900739
1287819008239194112
1287824469722046470
1287824845829476353
1287826917274587136
1287843820831412224
1287856355144093697
1287857981267345409
1287859658028453888
1287859918591188995
1287860553629696000
1287860667299631104
1287861509452976128
1287862486633521157
1287864092405850112
1287865948620255233
1287866647546494978
1287870719871737858
1287872285810909184
1287874028867211264
1287879687310422018
1287885348140285953
1287887035236331523
1287888203463241728
1287889335216463872
1287894980170743808
1287895536675237893
1287895536444547072
1287898949182017537
1287903517139755010
1287908609544916993
1287908609440067584
1287909158260477953
1287909158193373184
1287909158038245376
1287909706791608321
1287911412648620032
1287915364995813376
1287944822335184897
1287944827892428800
1287965777937805313
1287968618354028544
1287977073630470146
1287995020079968256
1287995051411374080
1287995218600644608
1287995504702500864
1287995519306997760
1287995551234043905
1287995594032713736
1287995688685625344
1287995725964554245
1287995751294001153
1287995800732172290
1287995800732172290
1287995898082058243
1288001418574651392
1288001829863923712
1288002192859963392
1288002405720875008
1288010078134599681
1288010833260351488
1288012725529055234
1288016134692896768
1288016330294255617
1288016572217532416
1288021516140064768
1288026520339062785
1288038124959027200
1288038255385075714
1288043694487150592
1288043948267773952
1288044512502218754
1288046877427085313
1288049705449148421
1288055702561447936
1288056683290341377
1288057502538530818
1288064887483183104
1288066425630973956
1288067925014990849
1288074063173365766
1288077104689680384
1288080039557431297
1288087304284897281
1288091165095538688
1288093294971555840
1288094083337146370
1288096240799043585
1288097075729752065
1288097207019884545
1288100865623175169
1288102025457217538
1288106923976306688
1288107461099098112
1288111729419853824
1288116211624972288
1288122692571246597
1288125480864903178
1288128995360411649
1288131855368232960
1288135350712512512
1288141258830024705
1288146235266723842
1288147716044988418
1288148070337777664
1288150148082733057
1288151883186675713
1288154924761722886
1288155004902219776
1288155784392716289
1288161887306371072
1288163480185569280
1288167527219109888
1288169369374203905
1288171943628361729
1288176825777238018
1288181881113108483
1288186462039691264
1288206332038983682
1288209522197254144
1288212853858742278
1288212963921403904
1288225495348391937
1288234159832539146
1288238324235284482
1288239445611864071
1288240018927030279
1288245673343713282
1288248501227397120
1288249640073256966
1288250752008429576
1288257006181191680
1288264934833496067
1288265493888081921
1288267775413280770
1288268331519180801
1288268887893725185
1288270591238299648
1288270591225663488
1288271172816314368
1288271172661137408
1288271172585631744
1288277957484646400
1288287026551365632
1288299478445953024
1288300034640031744
1288306279648301060
1288310813409910784
1288356083237609474
1288356185595355136
1288356293623914497
1288356347759800320
1288356420308606977
1288356495692910599
1288356570569596928
1288356651087667202
1288356676442230785
1288356721963016193
1288356869518565376
1288356994617872384
1288357095058923520
1288357322901913600
1288357365851578368
1288357398013452288
1288357627362148358
1288357651110334465
1288357757075292160
1288358131303690241
1288358943337717762
1288359269868408834
1288359872086659074
1288360238651932674
1288361738790932480
1288362726612402177
1288363064342065152
1288366380392251393
1288366643597447168
1288368208559341569
1288374362110857216
1288374423532310529
1288379707550044165
1288382184743723008
1288384286090043392
1288384608728420352
1288384701070290944
1288385069325918213
1288388276819308544
1288392693358485505
1288399810123444226
1288403138202959872
1288406129584857088
1288413385470566400
1288413618501976065
1288415827247734784
1288419947358625792
1288420347834961926
1288422146977529856
1288422172038397954
1288436359364050945
1288437051529089026
1288438651379240965
1288443431052861440
1288445763509530624
1288447982950547458
1288456681656123392
1288457740763967489
1288458084394897409
1288459252818939904
1288463041512841216
1288463432065458176
1288470290713006081
1288470667202002946
1288487524709670915
1288490937568628736
1288493165171953667
1288501787872366592
1288501933049815040
1288512266112040961
1288519042039517186
1288519599898664961
1288519745604661248
1288522890938388480
1288524408898887680
1288531800684474371
1288552965477990401
1288576742232383490
1288586511471058947
