1255825045189988354
1255827671067615239
1255829492595113986
1255831954462846976
1255839964568453122
1255860382066970633
1255882646250536960
1255897200627871744
1255906793152225282
1256108600545558528
1256113934429499392
1256153933258596354
1256155660288434176
1256157171676581889
1256158552969936896
1256200770531274752
1256209045318500354
1256236940816416770
1256256042570264579
1256256205414109184
1256256345541615617
1256306783020343296
1256493689477623808
1256503645992030208
1256558299924893697
1256562321960419329
1256567904818139137
1256576347817816065
1256599324928196611
1256605675683221508
1256619457809539073
1256833376096403457
1256840919170428929
1256865858384732160
1256879423476940800
1256908866945572865
1256925222734721024
1256946617455792129
1256967249614614531
1256979219374125058
1257192490605502464
1257234762214838272
1257240674304475139
1257243612225699840
1257259551520444419
1257269439072014336
1257293560312987649
1257297327787839493
1257298766677323776
1257325390219141121
1257341901805666305
1257347167938805762
1257347416854061058
1257374768908709888
1257558342165082112
1257622452227715072
1257623916828295170
1257626131869642752
1257627701587906560
1257631870134730752
1257711615492923393
1257723492566474753
1257960498345246720
1257962971885682688
1257965419039727616
1257966740274851846
1257968403937202177
1257972923371003904
1257978216825917440
1257989025253806080
1257991283496439810
1258027936449540096
1258056428281040896
1258065224994885632
1258091454976720897
1258094802261983236
1258097142964596739
1258100017354678280
