1214843949464117248
1214847766368837632
1214851373616914432
1214851380306857984
1214853273582067712
1214854699398119424
1214858451979030528
1214858552856080384
1214858558098919424
1214859290852384768
1214865590873214976
1214865853398700032
1214865859207786496
1214871030411517952
1214872183727624192
1214874206544048128
1214875654040236032
1214889727897276416
1214893002382020608
1214894913403244544
1214895336386387968
1214897418032033792
1214898653451751424
1214899081719566336
1214901838933319680
1214902587759030272
1214904288671084544
1214904638903857152
1214907991411036160
1214908833019179008
1214909064397889536
1214912019209621504
1214916138695581696
1214916610353446912
1.214918286087e+18
1214920773778968576
1214922745408098304
1214931284134248448
1214938702083842048
1214938709004435456
1214945622291144704
1214946127360876544
1214946135820795904
1214947550727430144
1214949171595227136
1214949399085879296
1214949518212337664
1214950915310051328
1214951364800987136
1214953186584342528
1214953675195482112
1214954497803522048
1214955504922968064
1214956829714894848
1214959793263259648
1214960469422641152
1214960478444650496
1214960977382273024
1214960984613412864
1214962263511257088
1214963654350770176
1214963943959085056
1214965539396825088
1214967642089377792
1214968998292533248
1214969918430629888
1214975698315575296
1214975705152286720
1214989661082279936
1214996581079904256
1214997970501767168
1214997978852675584
1215012561030012928
1215035229804457984
1215035235840118784
1215110080179232768
1215131356465774592
1215138265621073920
1215181183404793856
1215190861744463872
1215202313603674112
1215205835787231232
1215210518102847488
1215211289313714176
1215211810305052672
1215217043827351552
1215217668636188672
1215219693126082560
1215220431507951616
1215224171011170304
1215224210466803712
1215224833857880064
1215238926006247424
1215240966174576640
1215242259689562112
1215249638229344256
1215249643879010304
1215256932354650112
1215261097059594240
1215262986098610176
1215264353311608832
1215264359070355456
1215265948350980096
1215270826381062144
1215271647852105728
1215271653321527296
1215273914349367296
1215279073116606464
1215279081559691264
1215279504278552576
1215284158785892352
1215284471227985920
1215286247200976896
1215286253005885440
1215293199192817664
1215293677183979520
1215293682921852928
1215301229909200896
1215301593823895552
1215303120894464000
1215308641315651584
1215308648135548928
1215311817578307584
1215315000669229056
1215316070388527104
1.215316077846e+18
1215316298000891904
1215317493335519232
1215318834921574400
1215321292309762048
1215323376085946368
1215327899613573120
1215328023056134144
1.215328390519e+18
1215332170924904448
1.215338146617e+18
1215345379509563392
1215346513645146112
1215346520066625536
1215346527079555072
1215359976417329152
1215359981790171136
1215363888494956544
1215367418144378880
1215367423525715968
1215374714136227840
1215374827915112448
1215389295374028800
1215389302189805568
1215389308720336896
1215410183683239936
1215425158787158016
1215425164252286976
1215426041902071808
1215440635215269888
1.215440642937e+18
1215447681071341568
1215454095965704192
1215505811759226880
1215505818264584192
1215509717209907200
1215537536409325568
1215558512429928448
1215562919016050688
1215571875914371072
1215571881580851200
1215572504640507904
1215574705031335936
1215576544820842496
1215579306501398528
1215580085962657792
1215580241516777472
1215583881170165760
1215586214926901248
1215586345155842048
1215586353129250816
1215588310267187200
1215590733790502912
1215592852580790272
1215596230434344960
1215597716711133184
1215598315108282368
1215599768594014208
1215615539311075328
1215622851497086976
1215624976121978880
1215625009827328000
1215628705206341632
1215628883719909376
1215630143932121088
1215630149791580160
1215634478409961472
1215637440251060224
1215637446869704704
1215639627987652608
1215641292815896576
1215644857068187648
1215645916641812480
1215650514722906112
1215652153483612160
1215653286503768064
1215653320448266240
1215653342745178112
1215655802247225344
1215657153631084544
1215657434561175552
1215659231388557312
1215661510594301952
1215661529196113920
1215664875424247808
1215670025039884288
1215672030441295872
1215672036200087552
1215673669906837504
1215674425455964160
1215674433643241472
1215677113308762112
1215679306405425152
1215679587453038592
1215680925067030528
1215681609279475712
1215694558542979072
1215694567195869184
1215696572958179328
1215709154104332288
1215718341442031616
1215718346672361472
1215725515706904576
1215725523248136192
1215747529683296256
1215850838683353088
1215859647136985088
1215866564433465344
1215880281300692992
1215880288686891008
1215887453891911680
1215887460065935360
1215888335110991872
1215917024389390336
1215924318762201088
1215974529362608128
1215977417736511488
1215981455249043456
1215984727221403648
1216003463814860800
1216021208803659776
1216026255109214208
1216031796988481536
1216031804341178368
1216038698665406464
1216058459583442944
1216058467896528896
1216066004972789760
1216066011180326912
1216080853341655040
1216088403873153024
1216088400698077184
1216102620281982976
1216130053416710144
1216250219676852224
1216251602673139712
1216271858779058176
1216273885689085952
1216281180342870016
1216303331972284416
1216303337877848064
1216314018907869184
1216321468851638272
1216339935394820096
1216343334068686848
1216355035249930240
1216357685001482240
1216364344570597376
1216376674847051776
1216385111349817344
1216391900053131264
1216405869505568768
1216469424535785472
1216469432957984768
1216554475202048000
1216568946268102656
1216590466033930240
1216590472472223744
1216611097349779456
1216611105910296576
1216626456282841088
1216648721603035136
1216651164349030400
1216657579801227264
1216661437327773696
1216662947503587328
1216662953094574080
1216665007498387456
1216667743195402240
1216673444999376896
1216675737899544576
1216676549455421440
1216677095914582016
1216677236344049664
1216677658961956864
1216677665106587648
1216679086589992960
1216683817156644864
1216683951839801344
1216684962893553664
1216688133070295040
1216698174930210816
1216713019104739328
1216714546561216512
1216719939324612608
1216719946001965056
1216720840303284224
1216721229098385408
1216721952804495360
1216729375946575872
1216729384163270656
1216730165931397120
1216736549473148928
1216736554942550016
1216741582642135040
1216741585934663680
1216741701177487360
1216743971432493056
1216751145684570112
1216758696040005632
1216758701383536640
1216761514822176768
1216764227802869760
1216764556476895232
1216766127579136000
1216766132985593856
1216771398745505792
1216772353893584896
1216783597916565504
1216785753092476928
1216803239670108160
1216803245219123200
1216807767253475328
1216818210663628800
1216825384412401664
1216850685771169792
1216855084442611712
1216922018605490176
1216929190198407168
1216936115019468800
1216936121227046912
1216978263160938496
1216978525883789312
1216978532179382272
1216992984945717248
1216992990620569600
1216999914351161344
1217002930655481856
1217010229830811648
1217011855706615808
1217017644945158144
1217017684040343552
1217022294515691520
1217024664062570496
1217028359739174912
1217029237854654464
1217031264169078784
1217031322063065088
1217032627422580736
1217032634439626752
1217034734313902080
1217035103794343936
1217038415549681664
1217040203430293504
1217040210061447168
1217040284317556736
1217042695140474880
1217042802472816640
1217042879287263232
1217042993078833152
1217043976827609088
1217044782415073280
1217047596662870016
1217047601968599040
1217048210260353024
1217064374470430720
1217075531159678976
1217077410132262912
1217079027267178496
1217084341781577728
1217085847385731072
1217091890492739584
1.217091896088e+18
1217092902125326336
1217097661163212800
1217098350807306240
1217099818469904384
1217100093280718848
1217100114482860032
1217100323048714240
1217101164052975616
1217101177558589440
1217101219665252352
1217101311063228416
1217103713992658944
1217106861482074112
1217107438253608960
1217113971926487040
1217114786300694528
1217114791996612608
1217118311315595264
1217119063803035648
1217121465234931712
1217123167518494720
1217123189706383360
1217123339535310848
1217128632772022272
1217128638581104640
1217130396120440832
1.217132861029e+18
1217135679915708416
1217136057931534336
1217146875989630976
1217150777493348352
1217164368216911872
1217165752148451328
1217165759790501888
1217171667463442432
1217172802052034560
1217172809043963904
1217201998866419712
1217202005095022592
1217217091310194688
1217235589327544320
1217264406171549696
1217264415533228032
1217306927664791552
1217334740493033472
1217371043305869312
1217372964473266176
1217372988812812288
1217382780914536448
1217385576623570944
1217385745138245632
1217387356787027968
1217390169059405824
1217390672560427008
1217392229469343744
1217393880762548224
1217396471869464576
1217399918240747520
1217401038766067712
1217408635820814336
1217411863572623360
1217412781517017088
1217413643723104256
1217419912160804864
1217437733263761408
1217441554509361152
1217443203411918848
1217445581041201152
1217448145556320256
1217449873202540544
1217449882354475008
1217451006323068928
1217451012299976704
1217453656695623680
1217458184316538880
1217458192168312832
1217459624384901120
1217463967687143424
1217465475413598208
1217465482426580992
1217466824062832640
1217468413968297984
1217471269597151232
1217473310621097984
1217474252728827904
1217475829367812096
1217477885616893952
1217487748988145664
1217487754323316736
1217489118009139200
1217493748663443456
1217495044443082752
1217495049983778816
1217506622211117056
1217522014694428672
1217531787099815936
1217531792732803072
1217539213505130496
1217542992606580736
1217561233362055168
1217561239255044096
1217564128371298304
1217568423468654592
1217568428942184448
1217575449284337664
1217578484232409088
1217627165153300480
1217627170186489856
1217634210694844416
1217648932844531712
1217677375728582656
1217700022369652736
1217734507203137536
1217736387434139648
1217736393947922432
1217748346808360960
1217748689038475264
1217751374798057472
1217752290045677568
1217755875584040960
1217761276153270272
1217765336034037760
1217765828336050176
1217771705944412160
1217776664966549504
1217780930569355264
1217780935829016576
1217783947578339328
1217788354101596160
1217795385453940736
1217799616374222848
1217802448624025600
1217802515506520064
1217803199421116416
1217803205901307904
1217803658076852224
1217805603030159360
1217810504967585792
1217810513381322752
1217811770737250304
1217818204418007040
1217825598044655616
1217826123301572608
1217830902987927552
1217833023221035008
1217833028816265216
1217834896585945088
1217840462741962752
1217840470291701760
1217840476474052608
1217847618375573504
1217847997213470720
1217848003874045952
1217855295650594816
1217855561691090944
1217855567651168256
1217861714902863872
1217863670514049024
1217878321079320576
1217883492287074304
1217892673081638912
1217892678576132096
1217897331145625600
1217900095879778304
1217900102951391232
1217907518841606144
1217914813080170496
1217914818243379200
1217944393455296512
1217951556982542336
1217980746712809472
1217980752366723072
1217982005830246400
1217995844944719872
1218052469688696832
1218081046803009536
1218096812411817984
1218108968024719360
1218109252004405248
1218109340856483840
1218112994992721920
1218113002429284352
1218114236888551424
1218116140385193984
1218117005431017472
1218120555095707648
1218120560225341440
1218122775778529280
1218123561312735232
1218127991085158400
1218132104791252992
1218134839624421376
1218135406702551040
1218135412197117952
1218135936032280576
1218138033452486656
1218138039743963136
1218149737540411392
1218149744628756480
1218156616693972992
1218159934736457728
1218159941204070400
1218164833989754880
1218164841237508096
1218165626021335040
1218179933362479104
1218185471391621120
1218189497424175104
1218193164202381312
1218193983547023360
1218196675459612672
1218211009829031936
1218215627086798848
1218219129053859840
1218225987726512128
1218252182098563072
1218252187488284672
1218259454535200768
1218259460474298368
1218262348743372800
1218262351968788480
1218262357966639104
1218266879770255360
1218274317798006784
1218274326098497536
1218427438398500864
1218427692418101248
1218434233804263424
1218434988170858496
1218450214874300416
1218450224579956736
1218465187159625728
1218470113587810304
1218490733373489152
1218505591066202112
1218508862631768064
1218542327246929920
1218545344406904832
1218556540270956544
1218560449223938048
1218567490680131584
1218605238220775424
1218611913954754560
1218625747440427008
1218639835834880000
1218649036200132608
1218649042487373824
1218788318281814016
1218809709525778432
1218813912373702656
1218823801657409536
1218838287340560384
1218875034514542592
1218918426384596992
1218946246183776256
1218960837890560000
1218971526369669120
1218974545521963008
1219095085117136896
1219095090909417472
1219109059934093312
1219115979612966912
1219167418779607040
1219167888042594304
1219179381219905536
1219210228933070848
1219210234750595072
1219210425306353664
1219216131912806400
1219218073628086272
1219218090078195712
1219227410887053312
1219246342054260736
1219281195730489344
1219283326923526144
1219288757666340864
1219293242501537792
1219297282773807104
1219301159023915008
1219302915522940928
1219303965721935872
1219303971833049088
1219303978057396224
1219325857040191488
1219355942896062464
1219362851892056064
1219362857671778304
1219369018231902208
1219369025458724864
1219383617249431552
1219405521402261504
1219440742168285184
1219448168280023040
1219455341621956608
1219483526107545600
1219507184339312640
1219511451053723648
1219518885398888448
1219521779036614656
1219532854389923840
1219532861587329024
1219536495490396160
1219545519594274816
1219545561046622208
1219547064276619264
1219554272926412800
1219554285471653888
1219554295089115136
1219565438385786880
1219572339882561536
1219575125529395200
1219578308792397824
1219580427947503616
1219580488865800192
1219582173725876224
1219583697571192832
1219585941477654528
1219589864297041920
1219602067473358848
1219609617413525504
1219612171019132928
1219618424021643264
1219625211533770752
1219628252983103488
1219639427216969728
1219639433701593088
1219646609060855808
1219650999616360448
1219659208909451264
1219660691449114624
1219661217494552576
1219661223500763136
1219661435464306688
1219666044605865984
1219668117854404608
1219675915644354560
1219675920975269888
1219681342843228160
1219683100159954944
1219705750982774784
1219720081606729728
1219735309316849664
1219741992290095104
1219765378802307072
1.21977909624e+18
1219781356852412416
1219800869203394560
1219810929765842944
1219815714065801216
1219821261657792512
1219849194992652288
1219852203206180864
1219873341504249856
1219879133838110720
1219894728746946560
1219903540044259328
1219910964490846208
1219920400873750528
1219925938705559552
1219925946381156352
1219927322771542016
1219930204136669184
1219932928731426816
1219934317830381568
1219934619216203776
1219941415855112192
1219942206842245120
1219945953639182336
1219948601519947776
1219948712488656896
1219950624432959488
1219956150986129408
1219956156392558592
1219956161920651264
1219966584174678016
1219977908371906560
1219977914201989120
1219984074061668352
1219984083863736320
1219985207068987392
1219999472085807104
1220005861474607104
1220007019983310848
1220011480424361984
1220014148496420864
1220029387526922240
1220032608148557824
1220037152203071488
1220060594591551488
1220060602648784896
1220089897098211328
1220104122000494592
1220139469279416320
1220174197583822848
1220174203732680704
1220202770415751168
1220235855459053568
1220235861561708544
1220237747878686720
1220243039479689216
1220250336016752640
1220250343159652352
1220251591061565440
1220257641508700160
1220265051539378176
1220270804673421312
1220270854245888000
1220270891801743360
1220270907182264320
1220270952384204800
1220271001499508736
1220272223010705408
1220272597276884992
1220279458470547456
1220279644668063744
1.220286564477e+18
1220287074160410624
1220287079835258880
1220291721445040128
1220292582212820992
1220294378796642304
1220294384177958912
1220294525870055424
1220300407676604416
1220300414702116864
1220301789557223424
1220301796184190976
1220303323049398272
1220307465675235328
1220326964231360512
1220329766454210560
1220331113056370688
1220332841042575360
1220333544771411968
1220334078056116224
1220335894785228800
1220335904989958144
1220338416656642048
1220340735708450816
1220341410492272640
1220342046717882368
1220343043506786304
1220348039526854656
1220350504900812800
1220351882574606336
1220353609793179648
1220356072520679424
1220360433019715584
1220360845106073600
1220372213179785216
1220375028325179392
1220375034461483008
1220382320328204288
1220389618698223616
1220392894256730112
1220392900002897920
1220400439897624576
1220400445937504256
1220406078208344064
1220407736858488832
1220411906013454336
1220449006763040768
1220456180142825472
1220478075680387072
1220480101466300416
1220485374721445888
1220492669530456064
1220543760414597120
1220551307171287040
1220551315496955904
1220558231606419456
1220612312895295488
1220612405002211328
1220612415915745280
1220616490409324544
1220633853250850816
1220637251731771392
1220641024680189952
1220642285223915520
1220642870954201088
1220644422364188672
1220648450934460416
1220648457611821056
1220655875632680960
1220663298737106944
1220664077166489600
1220665435810480128
1220666347165822976
1220670722139230208
1220672318319579136
1220672735153545216
1220678017766178816
1220706650736275456
1220706740129488896
1220706788460376064
1220706821406711808
1220707842404966400
1220707849514258432
1220707856581681152
1220713891375845376
1220715144155549696
1220715150832857088
1220715396237537280
1220721953843138560
1220722704988483584
1220724101146468352
1220725256144478208
1220729219900112896
1220729988317507584
1220729995602976768
1220744893452169216
1220745340015394816
1220745347061829632
1220751128763105280
1220752760309608448
1220758439468515328
1220760056880197632
1220760062047637504
1220764150235914240
1220765218613030912
1220772136597381120
1220779446132604928
1220789637435645952
1220789644012343296
1220791641507655680
1220800325696679936
1220800331820359680
1220804602217431040
1220819324010557440
1220821209920589824
1220826623680765952
1220833922549829632
1220833930623897600
1220835434474815488
1220838447868305408
1220856947383029760
1220875194530586624
1220891923918942208
1220934860686024704
1220992216841121792
1221020909814730752
1221062937344794624
1221070491894472704
1221098541147279360
1221110091782545408
1221112512516481024
1221119817119195136
1221183849717125120
1221190776757071872
1221326542325706752
1221348818064560128
1221370206200532992
1221398394410659840
1221402346934226944
1221442303480356864
1221449735996731392
1221456539698917376
1221491512803856384
1221519945713897472
1221524725400137728
1221534410089979904
1221619108220784640
1221632684696297472
1221640105598672896
1221640111860772864
1221647404899811328
1221690062657609728
1221710953143656448
1221724160214405120
1221724197203955712
1221724221010841600
1221737187479257088
1221741475400245248
1221744104511614976
1221745954057019392
1221746054686593024
1221746060629929984
1221748620749410304
1221748952363454464
1221748961788039168
1221750307249672192
1221753104355471360
1221753355485138944
1221756250582470656
1221756299878240256
1221757675899359232
1221762747320479744
1221770969347317760
1221775249185755136
1221788243240333312
1221791876967256064
1221791984563650560
1221792127493066752
1221798849259483136
1221799912192430080
1221799918244782080
1221802747235897344
1221804192353980416
1221806068847779840
1221807088982089728
1221807097106567168
1221814506663268352
1221814513105657856
1221818536797986816
1221821803816837120
1221821809479151616
1221823830672408576
1221825711847010304
1221825720348901376
1221829104980283392
1221829111129075712
1221830707120607232
1221836158348472320
1221838300882833408
1221840712561545216
1221843845178019840
1221843853323333632
1221854269055225856
1221858295805145088
1221858302453116928
1221860954838691840
1221865843224506368
1221865848396083200
1221868112254918656
1221880696718839808
1221880701995216896
1221887995118178304
1221904989993558016
1221918067019501568
1221918076679049216
1221982237081526272
1221989663444848640
1221997090261258240
1222050691222343680
1222055219774623744
1222065037780500480
1222072457525284864
1222076108956241920
1222080008325230592
1222081032628908032
1222081065755533312
1222094474894921728
1222094483602337792
1222101649205805056
1222104068266627072
1222104169235898368
1222109086033932288
1222117778469113856
1222118007075266560
1222119148328800256
1222119166045454336
1222119214430982144
1222124406069219328
1222131724206821376
1222131732020727808
1222138896777039872
1222138902451912704
1222139288642416640
1222146446268321792
1222153490585116672
1222153496994017280
1222160284631977984
1222160917208563712
1222162616816152576
1222162682020683776
1222168218254467072
1222175007708594176
1222175015157649408
1222175638510981120
1222181933162979328
1222183065365053440
1222189101140463616
1222190521721991168
1222197918595051520
1222197923879874560
1222198036820103168
1222203461371957248
1222210028964368384
1222210077203091456
1222210247344844800
1222211152307945472
1222212187751624704
1222212380064509952
1222212385852649472
1222212576915918848
1222214455523790848
1222216584707571712
1222219566832467968
1222219572545118208
1222241950696271872
1222241957784612864
1222249244230184960
1222278815834988544
1.222285991056e+18
1222303858979790848
1222303866475048960
1222359850748768256
1222381494485671936
1222416480521744384
1222431321512792064
1222439626729672704
1222445415049523200
1222448428937924608
1222459760399638528
1222461660708790272
1222461664177446912
1222473816191971328
1222475984261259264
1222475997305458688
1222476085952229376
1222476111864565760
1222476157754445824
1222478329854545920
1.222480653826e+18
1222482579162570752
1222483555592204288
1222483561049153536
1222487194134360064
1222488196715438080
1222505815073886208
1222507472629510144
1222508596451270656
1222513005088296960
1222513011019014144
1222520303437221888
1222525502663077888
1222527597105434624
1222542182642413568
1222545965468372992
1222546471926554624
1222549603288932352
1222549609647493120
1222552320476700672
1222557837936775168
1222558581570097152
1222559415502430208
1222564471262138368
1222566602354200576
1222571747225948160
1222571752414306304
1222576274230562816
1222579185530441728
1222593892454821888
1222601325029949440
1222601332864864256
1222603455946096640
1222603461763616768
1222608489320603648
1222617804727189504
1222623475157749760
1222625098785443840
1222630529813450752
1222630535253479424
1222639065788321792
1222652404572667904
1222661589637029888
1222682109271130112
1222682114786652160
1222703868510785536
1222729411197165568
1222733193133953024
1222748162642722816
1222752184749572096
1222755458319933440
1222773454836887552
1222800645637341184
1222815239659352064
1222819838420230144
1222820052493316096
1222829827968753664
1222834431976755200
1222836473893920768
1222836997665935360
1222845300848517120
1222851970437799936
1222851980961271808
1222866072031784960
1222868071230189568
1222868079014830080
1222873989942366208
1222873995302686720
1222881423134085120
1222881428406337536
1222883299237883904
1222893449499643904
1222895882950955008
1222895888340639744
1222897995768721408
1222903311164043264
1222904439985463296
1222904445706465280
1222904452698390528
1222907024821768192
1222910867571765248
1222911735914319872
1222911741241126912
1222926335963586560
1222933100029673472
1222933630441250816
1222937929250693120
1222940048632344576
1222943679310069760
1222947470830784512
1222954770320592896
1222962198772736000
1222962206251159552
1222964086385676288
1222964094438821888
1222969618412650496
1222969623932329984
1222972268902604800
1222976920473653248
1222987615378399232
1222987624148717568
1222991514797662208
1222991520107659264
1222998814316847104
1223013911361810432
1223050529279864832
1223057698574327808
1223068650514444288
1223068658890469376
1223083118942273536
1223089030880825344
1223094314705670144
1223132570608488448
1223149936067432448
1223150278070935552
1223150312837402624
1223150333406470144
1223150449731260416
1223155092678959104
1223160250628333568
1223165602321305600
1223167558301315072
1223174014048374784
1223174970261377024
1223177121079517184
1223177128138534912
1223180043641393152
1223181853508718592
1223185625396006912
1223188423076388864
1223189441679777792
1.223191080927e+18
1223193670024880128
1223198507038724096
1223204301188685824
1223204308637732864
1223205674139578368
1223205680426782720
1223209521763487744
1223210087537266688
1223212701326938112
1223214590143672320
1223220192307744768
1223226561727365120
1223227293587443712
1223227366643830784
1223227408804929536
1223234312818110464
1223234416564154368
1223243805026992128
1223243814543904768
1223243821783236608
1223244092194410496
1223244129376882688
1223244199690145792
1223245521403437056
1223252488620593152
1223255882147827712
1223262158311452672
1223276014840832000
1223278111569084416
1223278307791245312
1223278989269241856
1223281928943501312
1223281934958125056
1223284052242776064
1223285592420536320
1223285598057689088
1223288129467179008
1223289634282598400
1223292625567932416
1223292632337510400
1223293363627184128
1223296654020710400
1223299921589067776
1223299929537310720
1223300878687404032
1223305191790907392
1223310836556533760
1223311376354955264
1223312005697851392
1223313105528279040
1223313248503631872
1223315647007993856
1223318336756441088
1223318546077237248
1223322193460752384
1223326920235986944
1223331355402043392
1223343835205386240
1223343840653762560
1223345727000252416
1223347141743194112
1223349599315746816
1223350381738065920
1223351133248163840
1223353643811921920
1223354026105942016
1223355110912397312
1223358861815549952
1223364255313014784
1223368375763718144
1223370347354959872
1223371185997651968
1223372464442499072
1223374706893561856
1223376082117808128
1223378399244292096
1223379691970519040
1223383294458433536
1223383452852064256
1223388691084824576
1223393097113051136
1223396469065048064
1223403855985008640
1223409770800934912
1223409776425492480
1223416942490312704
1223424113709961216
1223426760747839488
1223454195312803840
1223454204817072128
1223489924143276032
1223495963672641536
1223497091755864064
1223501414388903936
1223503135647264768
1223568442327887872
1223570707407237120
1223585551548157952
1223587828522577920
1223589452280258560
1223596623000784896
1223600403989663744
1223603674598952960
1223622801589858304
1223636917478182912
1223637128623427584
1223639250731765760
1223645966818934784
1223664082789765120
1223667061479628800
1.223674386865e+18
1223681688212918272
1223681695330656256
1223723477212905472
1223723483596652544
1223852058681282560
1223865143030714368
1223865149846478848
1223866781162303488
1223872200207286272
1223879618517585920
1223879623940796416
1223923527524290560
1223930449874935808
1223930832080867328
1223952846619475968
1223958763184386048
1223965806947491840
1223974870809116672
1223979778979426304
1223989729944670208
1223992237010210816
1223993997518991360
1224008336271560704
1224011613222531072
1224022813054390272
1224029980507533312
1224063829857800192
1224067851893428224
1224071002415480832
1224078300508672000
1224189154247860224
1224189160178585600
1224225267280830464
1224230931369623552
1224238361478451200
1224238366784274432
1224247038319030272
1224247535138590720
1224249041170522112
1224250682892402688
1224252950236647424
1224261004722196480
1224275222443909120
1224275241041457152
1224282519257767936
1224285420252516352
1224289703827951616
1224289709418958848
1224293994085212160
1224295200866099200
1224298283125878784
1224303780448980992
1224304545582288896
1224304550879821824
1224312101184737280
1224325552028258304
1224326694607060992
1224333240594395136
1224335290069921792
1224341538320240640
1224341547224690688
1224348834999832576
1224348842981617664
1224350341543550976
1224354624850649088
1224354634816352256
1224356130886832128
1224356138629492736
1224376779999105024
1224390859367387136
1224420181004312576
1224456304883720192
1224456313645588480
1224597217891106816
1224604512779821056
1224607917493473280
1224618521843376128
1224618635924254720
1224618689997262848
1224618735379472384
1224618842422378496
1224618921795510272
1224622021620981760
1224633202263769088
1224633207527632896
1224635052518268928
1224635678690095104
1224640505088077824
1224650716498866176
1224650863584608256
1224655484935901184
1224657783934672896
1224660580369403904
1224661920764121088
1224662406107787264
1224683579839602688
1224698389951963136
1224704833879453696
1224707950121492480
1224712030734757888
1224712988038438912
1224713355350413312
1224714240554098688
1224715256640884736
1224715262311763968
1224717256824737792
1224718715335446528
1224721375954460672
1224721770365800448
1224721821871890432
1224722396202045440
1224722542985764864
1.224722550158e+18
1224723517834506240
1224729714478084096
1224729719993552896
1224731512060424192
1224733744633827328
1224733751822839808
1224738301267128320
1224738386411388928
1224744318990053376
1224744315517190144
1224754380794023936
1224766333801263104
1224795272007434240
1224811505410961408
1224817166689554432
1224824592247574528
1224845859684175872
1224846609332068352
1224852907670925312
1224854173138616320
1224868510632796160
1224874045088256000
1224919846695006208
1224922746255134720
1224941864345718784
1224941869743796224
1224943749664362496
1224964143632924672
1224971437124927488
1224973449128333312
1224985904877490176
1224994585669058560
1224998951641927680
1225000500208103424
1225000505891418112
1.225000642563e+18
1225002334637432832
1225003609689149440
1225015100064428032
1225015105789689856
1225022522439024640
1225036989688270848
1225037792201334784
1225044288532180992
1225045045776019456
1225047641484144640
1225050856619417600
1225051461412782080
1225051468492750848
1225051714127970304
1225054801928638464
1225056553524436992
1225058631965532160
1225058637594234880
1225060341333266432
1225065006053707776
1225070195137445888
1225073484193132544
1225076756698107904
1225080529466220544
1225086615099445248
1225087964528566272
1225087970643890176
1225088331655991296
1225088337238614016
1225092847055097856
1225095629434548224
1225095636023799808
1225098015427506176
1225110347666747392
1225117522711629824
1225123438966132736
1225130485463973888
1225130491394682880
1225154013361893376
1225158791705980928
1225161054650433536
1225169495381049344
1225180814264033280
1225190640264237056
1225210258387161088
1225212395892531200
1225227373043318784
1225227378621734912
1225277828226093056
1225281479619407872
1225285260952260608
1225288395955425280
1225295322710036480
1225324134369857536
1225331306864623616
1225331313348972544
1225344658223566848
1225352453157048320
1225355934890893312
1225359747202732032
1225359754605678592
1225374590391615488
1225374596993409024
1225377553541664768
1225380378552098816
1225381888132444160
1225386140804550656
1225387316845449216
1225389311035469824
1225389316622340096
1225404120691101696
1225404412329246720
1225404418335461376
1225408807964233728
1225411312374689792
1225411586254229504
1225413522328358912
1225416455157665792
1225419149582557184
1225426487328808960
1225431637065969664
1225431659929010176
1225431845711433728
1225431851243728896
1225434231855181824
1225434240067588096
1225439268555747328
1225440586917928960
1225440605142241280
1225441663062904832
1225441668821737472
1225449087387848704
1225449095650672640
1225451556339843072
1225453014183444480
1225453247340646400
1225453314076270592
1225453364667920384
1225453421660135424
1225454124549861376
1225454910403162112
1225456389939593216
1225457510712213504
1225460785222053888
1225463676850692096
1225463841036914688
1225466029750484992
1225471359813160960
1225475252353810432
1225486202150760448
1225489602632396800
1225489613768347648
1225493373047508992
1225508478468448256
1225523081449373696
1225533261453156352
1225537917164163072
1225552517683142656
1225556670476148736
1225559816661131264
1225575289734025216
1225585484128088064
1225595799888809984
1225617946040356864
1225621720691703808
1225654809778221056
1225707213454479360
1225707612899094528
1225710316681678848
1225730996655534080
1225735093685125120
1225735099649380352
1225739593657520128
1225740000886607872
1225742519394164736
1225742525941444608
1225746670501036032
1225749686004273152
1225753468482113536
1225764285248180224
1225769052766904320
1225771707366957056
1225771712702140416
1225772785898786816
1225773880910008320
1225776357080281088
1225779006336692224
1225779014180016128
1225781389477453824
1225782148990304256
1225786310419333120
1225789830560284672
1225793601822576640
1225793608336326656
1225795551238795264
1225808074457223168
1225810841997463552
1225815754462781440
1225815762503262208
1225815979294326784
1225819124628172800
1225819856068583424
1225821546524049408
1225825379056791552
1225830350858809344
1.225830356282e+18
1225830720230158336
1225837389551042560
1225837394777128960
1225866584758992896
1225866592262619136
1225867717523070976
1225873881434447872
1225881431458512896
1225903327696678912
1225909373483937792
1225910875782930432
1225974294955491328
1225995432490176512
1226037203861524480
1226037210308206592
1226041863125135360
1226041868330258432
1226095722115678208
1226108043911254016
1226116983235592192
1226116993658474496
1226146177537568768
1226180900011962368
1226187698513137664
1226187706100637696
1226216265561202688
1226349762628112384
1226357823769956352
1226401354786066432
1226416212705341440
1226430561171865600
1226465659380305920
1226501774678183936
1226530707905769472
1226558904743518208
1226565943112781824
1226573112201756672
1226580286948773888
1226636909260111872
1226701586149195776
1226709137360183296
1226725116807016448
1226738337693585408
1226766262329430016
1226772667631591424
1226780482106298368
1226787526351785984
1226823013741416448
1226833559886991360
1226858369723486208
1226862510516686848
1226864938779631616
1226865670366756864
1226867633322168320
1226874361480667136
1226880274908119040
1226882527790587904
1226889815557386240
1226894358537834496
1226894364611235840
1226907129631649792
1226908708648583168
1226937265521188864
1226956770532188160
1226956778887360512
1226987347742351360
1226987353979281408
1226993505890779136
1227008229005086720
1227008234696867840
1227119087588794368
1227119096828854272
1227126636224495616
1227126642054615040
1227129533809119232
1227133680184807424
1227136886914867200
1227144252125143040
1227155879297896448
1227155885337669632
1227159116767846400
1227159115023020032
1227170803969454080
1227178104210149376
1227178110807756800
1227187158030569472
1227192692980908032
1227194335717838848
1227195407480107008
1227200119243591680
1227201872563523584
1227207415394795520
1227207420960575488
1227221699868942336
1227228115488985088
1227230067417174016
1227230073364729856
1227231337024610304
1227237617084690432
1227237624957394944
1227241784868130816
1227245418397884416
1227247931528318976
1227251291077988352
1227256921146765312
1227259766172352512
1.227260394391e+18
1227260400585994240
1227260604601245696
1227272650600239104
1227274110801104896
1227274117872672768
1227274233845186560
1227289078116151296
1227289083346423808
1227303931912609792
1227324062453682176
1227325953300455424
1227338400799195136
1227340795767742464
1227348346659954688
1227348353584787456
1227355393963130880
1227355400028090368
1227369985078489088
1227466755800432640
1227489032482897920
1227494936397807616
1227494942974464000
1227509782682058752
1227522341850275840
1227522393549266944
1227522460708417536
1227522497609977856
1227525647821488128
1227525653181845504
1227531056623968256
1227537848359776256
1227543055806410752
1227544835470565376
1227545040597196800
1227547914450292736
1227547921756721152
1227550414742134784
1227552062763700224
1227563013122621440
1227563020349366272
1227565262259589120
1227570567437377536
1227571068191133696
1227581760545816576
1227582743204257792
1227589182324756480
1227590193726808064
1227592457354760192
1227605024663953408
1227605287894278144
1227607304129761280
1227610825998782464
1227614853377880064
1227618125174038528
1227618131264147456
1227622411207499776
1227622418539151360
1227631659526303744
1227631733224460288
1227632831700119552
1227637002108932096
1227644545396903936
1227647063459954688
1227653985516965888
1227659145093844992
1227659151012089856
1227661412643700736
1227711110943531008
1227711116421279744
1227711742156922880
1227717014497656832
1227718542369280000
1227718916572495872
1227726085908922368
1227762701071335424
1227812780096360448
1227854556370882560
1227862748031119360
1227870158464507904
1227877331571630080
1227898605207478272
1227899382516867072
1227899719814467584
1227899968305991680
1227900496507174912
1227905504128749568
1227914198992113664
1227921498075103232
1227941910217723904
1227941951988752384
1227941976588288000
1227954589871173632
1227954596816883712
1227956730077671424
1227969443726118912
1227969449547849728
1227972465562980352
1227972474136080384
1227972489755713536
1227972524488765440
1227972728587718656
1227976737939587072
1227976744658857984
1227991589886160896
1227998885097828352
1227998894904098816
1228013606031118336
1228013611257217024
1228036003681619968
1228037132746256384
1228042422422134784
1228042428591964160
1228043303293112320
1228051981484220416
1228071615398703104
1228078786341560320
1228078791706021888
1228078797628461056
1228085968713871360
1228085974212603904
1228099419171483648
1228106718153850880
1228108107785498624
1228115398500872192
1228121564656238592
1228144596460302336
1228165478352183296
1228166614513618944
1228180080360226816
1228180955690487808
1228217199967367168
1228230409256722432
1228232926250196992
1228238468427304960
1228254941090680832
1228269790038331392
1228269795243515904
1228273819183271936
1228277474372382720
1228281116550811648
1228284769424662528
1228299240301977600
1228305164760645632
1228305203679703040
1228305226790293504
1228305305458675712
1228306662752014336
1228309681451368448
1228314209810673664
1228314216525787136
1228321633540046848
1228327043689066496
1228327062303277056
1228327213600251904
1228328813060210688
1228328821910192128
1228330004569894912
1228333078013079552
1228334650952704000
1228336489991270400
1228336495171211264
1228338377209966592
1228338383908265984
1228350952626769920
1.228352211782e+18
1228352221818974208
1228358258227695616
1228373101072633856
1228373107372462080
1228373475825340416
1.228380270451e+18
1228380774501515264
1228380780281204736
1228391843395555328
1228401909326680064
1228401915412672512
1228401920856875008
1228402287376130048
1228402294036692992
1228416512064536576
1228417391018700800
1228425203673227264
1228438156573208576
1228440049378684928
1228586510661771264
1228587134740652032
1228601353557032960
1228622489040773120
1228630039597469696
1228631547646840832
1228631553447579648
1228636835380776960
1228638848969670656
1228651056231370752
1228653570980896768
1228690192321544192
1228690199900635136
1228694339045347328
1228697739560534016
1228701262855540736
1228787335518572544
1228787341755473920
1228808482628849664
1228927759272955904
1228927764645826560
1228935429153378304
1228935435306426368
1229048682420432896
1229052204553629696
1229063898025742336
1229076359269347328
1229097880327086080
1229097890762518528
1229097896701677568
1229134745147039744
1229139399784292352
1229154120549847040
1229168720993345536
1229241697244045312
1229286367575732224
1229286376635396096
1229293663919853568
1229293670509056000
1229297693010337792
1229336441211232256
1229337332563599360
1229344626592509952
1229347274347573248
1229352179556683776
1229354577180278784
1229361627595558912
1229366900024475648
1229381998466097152
1229382006095564800
1229383508721688576
1229397471278727168
1229404018377547776
1229419231655157760
1229420425882611712
1229421570608783360
1229422432752144384
1229424547931262976
1229425394371235840
1229476376626880512
1229476384512167936
1229498510384328704
1229512735118909440
1229519904618860544
1229527207111876608
1229605231194824704
1229612768392691712
1229631389059825664
1229631398069227520
1229640704432824320
1229640713337372672
1229646365019406336
1229668636765220864
1229669639241625600
1229676697110212608
1229683106967248896
1229690653128323072
1229698078736650240
1229705633579991040
1229707983589953536
1229714063539625984
1229722760177487872
1229728279432581120
1229728288618115072
1229733327944507392
1229735954140647424
1229736045840936960
1229742625487376384
1229765787616808960
1229772834769010688
1229780130727223296
1229784997881688064
1229787172133146624
1229787294980161536
1229787300243992576
1229794721054093312
1229800882427949056
1229802022590771200
1229802028618018816
1229806066818523136
1229811957705822208
1229817368861233152
1229822528492728320
1229822534977146880
1229829951991320576
1229831974434394112
1229844166806360064
1229851465625128960
1229861407434231808
1229861413440475136
1229868829167112192
1229868834380627968
1229876253064187904
1229876258923663360
1229887579543072768
1229894877762056192
1229898526764613632
1229898532473016320
1229916391232307200
1229957292595937280
1229959173552529408
1229973907622350848
1229994661680316416
1230030520584589312
1230030528314691584
1230043986192035840
1230060222170849280
1230067516182949888
1230067523506204672
1230075065045110784
1230075072754278400
1230080018740629504
1230082615312437248
1230086516715720704
1230088531747360768
1230089908594675712
1230089917637611520
1230095574721916928
1230097332923850752
1230097338242228224
1230097608573624320
1230110173781344256
1230117597498073088
1230130418298621952
1230134095264571392
1230153088415125504
1230169687461220352
1230169693131902976
1230177235958583296
1230177241822199808
1230184659482398720
1230229333559541760
1230236508323336192
1230248708316397568
1230248711772459008
1230248717392859136
1230258775254167552
1230258783567241216
1230283058458218496
1230285198572417024
1230307972875554816
1230307978579828736
1230381082668724224
1230383596994580480
1230398699118813184
1230410524250103808
1230410533968338944
1230413542282551296
1230428145452376064
1230428153538965504
1230435436654280704
1230438204299300864
1230453227306528768
1230453416595464192
1230454841547395072
1230455072347176960
1230455081343975424
1230455331244953600
1230456068364435456
1230457588027772928
1230457596131389440
1230462814646603776
1230464148032675840
1230472053037228032
1230485832592764928
1230485856831582208
1230486780580782080
1230500481455329280
1230501628622454784
1230501634356068352
1230503500142043136
1230504870437883904
1230506836094312448
1230509049218646016
1230509055782748160
1230524024406474752
1230524028365852672
1230531700356108288
1230539132826316800
1230539139709190144
1230539874194743296
1230539880888860672
1230539888686059520
1230554233205751808
1230561901026787328
1230561909591572480
1230576242379722752
1230590839035838464
1230590844853346304
1230625704057823232
1230642676430622720
1230642927723958272
1230656016489910272
1230679673794781184
1230693386266411008
1230702701635178496
1230702712133578752
1230759570022129664
1230762593276461056
1230766875484684288
1230766884728893440
1230787720424939520
1230788175804731392
1230788641795952640
1230795943554871296
1230795949150048256
1230799730797621248
1230803113935695872
1230808210891780096
1230810536465448960
1230810541976764416
1230811985899597824
1230815944827498496
1230815954898046976
1230815961952866304
1230817961771823104
1230817967765520384
1230819024788955136
1230824657948987392
1230825507987443712
1230825513708441600
1230833310617620480
1230846148262297600
1230848284358369280
1230848289525813248
1230851597707677696
1230853319595155456
1230855587228897280
1230855592727572480
1230860242612711424
1230865299139956736
1230870307386167296
1230870314826887168
1230877728007585792
1230883639442857984
1230885424689598464
1230890359573680128
1230893399655538688
1230900509952757760
1230901835105435648
1230907805990838272
1230907813653704704
1230922147872178176
1230922155400974336
1230936994148012032
1230943287743143936
1230943293824880640
1230943300007280640
1230959648431202304
1230959655704092672
1230967193031938048
1230967198966894592
1230981543780179968
1230993868184702976
1231146633376649216
1231146640490168320
1231154050667667456
1231174054767280128
1231174060773478400
1231203501721579520
1231217969180495872
1231217975480352768
1231224390886424576
1231224397530161152
1231224403737792512
1231224410566082560
1231262140054376448
1231262146660487168
1231262389619716096
1231269059011854336
1231378900912967680
1231405706575638528
1231409112170106880
1231468242188636160
1231475413781630976
1231475419175514112
1231482848466493440
1231519588082339840
1231534180384722944
1231592317221392384
1231606780276297728
1231610817063178240
1231621501230567424
1231657364408811520
1231671205712650240
1231701658008051712
1231743309237768192
1231751483919491072
1231796277366509568
1231796283397959680
1231826356792487936
1231826360441528320
1231862842753552384
1231862850471116800
1231864483993153536
1231864491312205824
1231871899308679168
1231873661704867840
1231877564664180736
1.231877569949e+18
1231887962859806720
1231892291255558144
1231892300642390016
1231893509474525184
1231895426476990464
1231899336713261056
1231899346049699840
1231906633938239488
1231906947688955904
1231907528218423296
1231909274529386496
1231909338840797184
1231913691865464832
1231928864932352000
1231930573037408256
1231932808421089280
1231940202941341696
1231941600470806528
1231942637923364864
1231942644852387840
1231944237215821824
1231950185309192192
1231950192686952448
1231951179262971904
1231954892081844224
1231957592361955328
1231957597797806080
1231959507342909440
1231965018134138880
1231965269548879872
1231965277002186752
1231968858149441536
1231973075308015616
1231979867417088000
1231983834486509568
1231987173928259584
1231992375561662464
1231992581862510592
1231999501209985024
1231999510013890560
1232002137694953472
1232002143843827712
1232024538579263488
1232045559076147200
1232045564792954880
1232046310263443456
1232053476743503872
1232067197196886016
1232067207527452672
1232068202412138496
1232075622685401088
1232097013904240640
1232097019558158336
1.232152755764e+18
1232183833509842944
1232195295628296192
1232198559308472320
1232198568435257344
1232205866784325632
1232205872262070272
1232209130313547776
1232209137380937728
1232215795364552704
1232227510508609536
1232229778117148672
1232229807393509376
1232231895993184256
1232234542649331712
1232234547971948544
1232241857259655168
1232246992933445632
1232248895905755136
1232255843439128576
1.232256061526e+18
1232256068077547520
1232259082079223808
1232261471855185920
1232270782740357120
1232270788591419392
1232273229978460160
1232273424191348736
1232277399582265344
1232278079768129536
1232278086344826880
1232300603885248512
1232300610235428864
1.2323081544e+18
1232308160968347648
1232322622551015424
1232322631048630272
1232323642823860224
1232329797516189696
1232337487646744576
1232337493254537216
1232345040808108032
1232345400264163328
1232352441007370240
1232352688261795840
1232373333812895744
1232401643729117184
1232418754803273728
1232418760394342400
1232422664079167488
1232433617076248576
1232433622998585344
1232436881830240256
1232436887995858944
1232441173446234112
1232479670974611456
1232570888966402048
1232580325584162816
1232580332819374080
1232594661820129280
1232594670112231424
1232599459739029504
1232602091710889984
1232602366773469184
1232606118091714560
1232609514232303616
1232613292712947712
1232616938796306432
1232616945926594560
1232621615546011648
1232624363746103296
1232624372633833472
1232627620405268480
1232628010458574848
1232631787450335232
1232631793511104512
1232634803972820992
1232639212412788736
1232641849925332992
1232654309336084480
1232654315652710400
1232661859481747456
1232676585813073920
1232676591051792384
1232684006467981312
1232684014118375424
1232687362699878400
1232687487555964928
1232691315957125120
1232691321309036544
1232691931471179776
1232691938354089984
1232706162543353856
1232706169757552640
1232712822389268480
1232713324317380608
1232720122856394752
1232720750538158080
1232720757303607296
1232734460858097664
1232780139408134144
1232780145141796864
1232787434951213056
1232787440651268096
1.232794607664e+18
1232798884218277888
1232835126439989248
1232838788717539328
1232842304362147840
1232846196516872192
1232846572091662336
1232849722500501504
1232857151544053760
1232889620548816896
1232921567807434752
1232931896293646336
1232955921107546112
1232963342689394688
1232964228580958208
1232964236155875328
1232970645777944576
1232970653654867968
1232972611119874048
1232978208611393536
1232988240392663040
1232991766845980672
1232992536743960576
1232992542393692160
1232993674906095616
1232993681902227456
1233008266310893568
1233013336729628672
1233015940498935808
1233015951190179840
1233020857678749696
1.233023366619e+18
1233023371849265152
1233030665387405312
1233032342542913536
1233032370695086080
1233032381793230848
1233037962348122112
1233038919966416896
1233042341507817472
1233044812519047168
1233045265617022976
1233048867190517760
1233051052896710656
1233051059217522688
1233051066033328128
1233057846117318656
1233060362708144128
1233060891022831616
1233065035267629056
1233075207796953088
1233075213765529600
1233090197614546944
1233090203004231680
1233093225008648192
1233097355047522304
1233100516038598656
1233111834313424896
1233111842634924032
1233111848053964800
1233119377186119680
1233141770029948928
1233148944865083392
1233158635263414272
1233214761048788992
1233235764445532160
1233244575390523392
1233251870061121536
1233256786263543808
1233291760907894784
1233298428710383616
1233301802193444864
1233301818580590592
1233301875350495232
1233301896946909184
1233333802165948416
1233333807899561984
1.233341206224e+18
1233341211399688192
1233342565761593344
1233343548361203712
1233343941887635456
1233345137230729216
1233347249628778496
1233347255031066624
1233348757984432128
1.233348763588e+18
1233350775088308224
1233350797485846528
1233353231750877184
1233353329486565376
1233354288530952192
1233354439831871488
1233354446786027520
1233356057574924288
1233368891050475520
1233371290813124608
1233371295955316736
1233376189839896576
1233390286203543552
1233393698538278912
1233400726585397248
1233408151468175360
1233408157205950464
1233415588665380864
1233415594189279232
1233417292458971136
1233418610078433280
1233420111752634368
1233420128492163072
1233420226240241664
1233421901357297664
1233423403270299648
1233423408605450240
1233425771365945344
1233427578809180160
1233428343183302656
1233430803167600640
1233431557605556224
1233439608395857920
1233445274523037696
1233446405408059392
1233452828548448256
1233452834252673024
1233460139728015360
1233474717555789824
1233474976285646848
1233482014801760256
1233482021097242624
1233489187988525056
1233489194237874176
1233495866713034752
1233496359635968000
1233525559272992768
1233643955008393216
1233679567161741312
1233679573260201984
1233699952599035904
1233714050845986816
1233715045781008384
1233715053427183616
1233735193757831168
1233735199256539136
1233736692135129088
1233741981282529280
1233777472119795712
1233798857332387840
1233819753166163968
1233819765359013888
1233825029604823040
1233833705845612544
1233833711675662336
1233833718285910016
1233861888443740160
1233869186826244096
1233889707836067840
1233908697736216576
1233910963289522176
1233935127102648320
1233942420074553344
1233978789245243392
1234041827335913472
1234063364902359040
1234074545213984768
1234074550666575872
1234077560935342080
1234084858978131968
1234092286553673728
1234113799830900736
1234120971889459200
1234125754926911488
1234125760811556864
1234143249373122560
1234150798226911232
1234164766186172416
1234259636141715456
1234267193166028800
1234316134771392512
1234331357939023872
1234337521804296192
1234337527999238144
1234344965183946752
1234344972062617600
1234376420941385728
1234376426297544704
1234383707651203072
1234387351679324160
1234387725450543104
1234391126179635200
1234408621099778048
1234412896882286592
1234415786032132096
1234420460336500736
1234422840444612608
1234427833826598912
1234429837684740096
1234435297917538304
1234435306851487744
1234437248394911744
1234440423172722688
1234441737692684288
1234442852794429440
1234442859723444224
1234444606734888960
1234444608542826496
1234450147150458880
1234465004306325504
1234465978534318080
1234467582612267008
1234470109562974208
1234472539541213184
1234472546545721344
1234475534572191744
1234479716033159168
1234479721540284416
1234480668303937536
1234480718622818304
1234486902914351104
1234486909621043200
1234487755452882944
1234490446577049600
1234494431543189504
1234495315991859200
1234497576457498624
1234498703404216320
1234500232181764096
1234500651570298880
1234501860179922944
1234501866194518016
1234508061320019968
1234509919606341632
1234517716591005696
1234517722026766336
1234525011001503744
1234525018035408896
1234531051029975040
1234532434634428416
1234532440510648320
1234539605933711360
1234539611407302656
1234551684535181312
1234559860072599552
1234561249867751424
1234561255370715136
1234568674758914048
1234568679989211136
1234572194094575616
1234574083955675136
1234574089634758656
1234581518380457984
1234583144801550336
1234590567507456000
1234604914061402112
1234604922953330688
1234610953137745920
1234632346776682496
1234639141935046656
1234648318682124288
1234664302222528512
1234695381482536960
1234746220154781696
1234777090043584512
1234781575717376000
1234785086035329024
1234794627665924096
1234795278294814720
1234796298961768448
1234796305018318848
1234796310416384000
1234801047622836224
1234803722133237760
1234803728663793664
1234810896825733120
1234825120419586048
1234825155244969984
1234826483295772672
1234829420805984256
1234832038798098432
1234832044783390720
1234832415090237440
1234833929267335168
1234833936884174848
1234841222423830528
1234841228648148992
1234857040524255232
1234857161148305408
1234857450454601728
1234858685219901440
1234860981441966080
1234863877814444032
1234863886244802560
1234871188553269248
1234878337912164352
1234882364813135872
1234885891232956416
1234888228760629248
1234889791386210304
1234896711052488704
1234896716907761664
1234911447055925248
1234915716366651392
1234930438595956736
1234930444002418688
1234932950908559360
1234932957455867904
1234937608519614464
1234937615809335296
1234939741100838912
1234975114870943744
1234975120269037568
1235010463512948736
1235096151021387776
1235096158709501952
1235110507226337280
1235115018305163264
1235116655149105152
1235129620652949504
1235140039878864896
1235144471794167808
1235144479885025280
1235150856452009984
1235154142827630592
1235160071115431936
1.235160077583e+18
1235161588094529536
1235161594985771008
1235165708272750592
1235167542991343616
1235169091083816960
1235174664843878400
1235174670279696384
1235175798824243200
1235189765487513600
1235189773850914816
1235191837956157440
1235192222485745664
1235192404984188928
1235197069708521472
1.235197191465e+18
1235204237455286272
1235204244287836160
1235205088697864192
1235205117483397120
1235211409056616448
1235211416686047232
1235212037937958912
1235212043998736384
1235218197323759616
1235218832471384064
1235224366989709312
1235226260134981632
1235226383174926336
1235230912947814400
1235231347087675392
1235233558584651776
1235233912105951232
1235235739404771328
1235240110620172288
1235240327138676736
1235240977721245696
1235240983169626112
1235253881745133568
1235256076976578560
1235258720902213632
1235261741006606336
1235263382560751616
1235269057747677184
1235269064479494144
1235270677373968384
1235275708793942016
1235292948566245376
1235292956480987136
1235297994217533440
1235300498334416896
1235300508987985920
1235305284589047808
1235307792313061376
1235315348087459840
1235318992748900352
1235322896379244544
1235322904230928384
1235352459872276480
1235359764613181440
1235376372731662336
1235389202969186304
1235398012391710720
1235398017999486976
1235427329414852608
1235434252948234240
1235434628657188864
1235456648145068032
1235463946942832640
1235470739777581056
1235485336144244736
1235486220546785280
1235493392127127552
1235493398548627456
1235500060915290112
1235501852713791488
1235506309748924416
1235508857138491392
1.235515171512e+18
1235515176838819840
1235518851665793024
1.235521578584e+18
1235522582566195200
1235529012207685632
1235529042721255424
1235529500361994240
1235531751306522624
1235536423203172352
1235537434894405632
1235541084052148224
1235546147558572032
1235546157864140800
1235548834576678912
1235550771896127488
1235556535100526592
1235559703419076608
1235567128129880064
1235567133746016256
1235571660557778944
1235574277014990848
1235574553356558336
1235574560939896832
1235574566132432896
1235582020765523968
1235593801172840448
1235599950563721216
1235600854075535360
1235601450585264128
1235604413756080128
1235606810062708736
1235614820017131520
1235616586733584384
1235620112591278080
1235621988829237248
1235635697144430592
1235636215321202688
1235653824867479552
1235653830794072064
1235661131777110016
1235668548313174016
1235697484837433344
1235707438147309568
1235779150331482112
1235791984490467328
1235794121857482752
1235823949667164160
1235826840352120832
1235828234052202496
1235838296116215808
1235848730131087360
1235855780428931072
1235861685715341312
1235863202350559232
1235867609171550208
1235867614410199040
1235870778253602816
1235875030099099648
1235875036788953088
1235881572315721728
1235882584350920704
1235883027760373760
1235883204210577408
1235883217498095616
1235885140330545152
1235886253243076608
1235889053385531392
1235890132739219456
1235890141312331776
1235891491928780800
1235891892975329280
1235893696064782336
1235896007369674752
1235897682066956288
1235897690866593792
1235899452012916736
1235905246779461632
1235917894074187776
1235920485457813504
1235921300910202880
1235923291841404928
1235924355093274624
1235927123895808000
1235927935539990528
1235934676734185472
1235934685282238464
1235942229056737280
1235942235050401792
1235942728703172608
1235949902535876608
1235949908701483008
1235951916707962880
1235951932147216384
1235951939210403840
1235955709587722240
1235956408325152768
1235957082722951168
1235957905960120320
1235957911551193088
1235959082063929344
1235963882436345856
1235964245365252096
1235964251186974720
1235968171292663808
1235968178141958144
1235968237206192128
1235971669295902720
1235971677302874112
1235978108122980352
1.235978114167e+18
1235978120328429568
1235986264471420928
1235999729042878464
1235999735460147200
1236001237109051392
1236001242725281792
1236015962182135808
1236021120370741248
1236023266906476544
1236023272078110720
1236045404459810816
1236184696314138624
1236191878615203840
1236198918460854272
1236205972646813696
1236212883890958336
1236218793220694016
1.236231847321e+18
1236234524616359936
1236263117425790976
1236298954469343232
1236320464902844416
1236333299364065280
1236349156756574208
1236378607758368768
1236407415286841344
1236534252927209472
1236541420124528640
1236548216625041408
1236569860684931072
1236590493540085760
1236590498577448960
1236591879602331648
1236620452820205568
1236627368111820800
1236632339301744640
1236635035320475648
1236672539083943936
1236677085852127232
1236705628262821888
1236717333114015744
1236719721065533440
1236726900166258688
1236761496232706048
1236762128326864896
1236832850260815872
1236840149226422272
1236854382534115328
1236868584229310464
1236868590302715904
1236908591312859136
1236917141099524096
1236930613153648640
1236938412516466688
1236943155322380288
1236946342108221440
1236953513214668800
1236956652135501824
1236959159561719808
1236960058132422656
1236966848001794048
1236980678278946816
1236982206184095744
1236982212374843392
1236982842497708032
1236985643219247104
1236989397494452224
1236989404297584640
1237004094914478080
1237004100224585728
1237007855351468032
1237010889934438400
1237011139579367424
1237011145275224064
1237012833847607296
1237013669940256768
1237017545175109632
1237025623425650688
1237025874215448576
1237025880368492544
1237027018660876288
1237028231213187072
1237031230908051456
1237031780890206208
1237033289560424448
1237039078446518272
1237039441644072960
1237040471941079040
1237040480518426624
1237040514018562048
1237046001212350464
1237047763235266560
1237052249437802496
1237055183823110144
1237062731645079552
1237062737156440064
1237064939761795072
1237067141729288192
1237074059101257728
1237074064994226176
1237077468206465024
1237088027333120000
1237098847404314624
1237098853142130688
1237106393737342976
1237113947301408768
1237138858451468288
1237143645708374016
1237153220805287936
1237160258146930688
1237172962949652480
1237180884081446912
1237180891517972480
1237208943035682816
1237258407784009728
1237261164909752320
1237275510201171968
1237275517390188544
1237279557780033536
1237281044509818880
1237283069096103936
1237283076075470848
1237290232094982144
1237293248365752320
1237300178064793600
1237302510307721216
1237302575348711424
1237305578982010880
1237307152793874432
1237307296272781312
1237310990540312576
1237311004897423360
1237313588135710720
1237313799893516288
1237318804780261376
1237320348116365312
1237320571920076800
1237321612921319424
1237325517663227904
1237327113348415488
1237328595401560064
1237332935214346240
1237335029786660864
1237335036090671104
1237340344393531392
1237340366455652352
1237341556014809088
1237342456053547008
1237342461829066752
1237342605324754944
1237345571234512896
1237349874552602624
1237349880135221248
1237364974051143680
1237365063792631808
1237366976470712320
1237372269350899712
1237372275134885888
1237379961125625856
1237388327747072000
1237388923053027328
1237396689926979584
1237398570308751360
1237401592116043776
1237405742841204736
1237409405311696896
1237409411099836416
1.237411892014e+18
1237412632119988224
1237412686884933632
1237412916015456256
1237412925976924160
1237423417479106560
1237423870488895488
1237426750725984256
1237427273172566016
1237427269661908992
1237441229647839232
1237446005877903360
1237448400028618752
1237455454713696256
1237468035213975552
1237468043648749568
1237497853599076352
1237497860087668736
1237512699199623168
1237513197923389440
1.23754994196e+18
1237556988604641280
1237639777878290432
1237642051660861440
1237652621407555584
1237664189482766336
1237667354609238016
1237671114005827584
1237672284665634816
1237674764153401344
1237678666047303680
1237682314181656576
1237682319546150912
1237683014739640320
1237684700887556096
1237690285422866432
1237690340255174656
1237690478138712064
1237690488557318144
1237693265391931392
1237696053291503616
1237697290887778304
1237702410505723904
1237704601073119232
1237707352020643840
1237719307875827712
1237724143514198016
1237726606119952384
1237726612780539904
1237727653186191360
1237730589756788736
1237735302208290816
1237738904301830144
1237741711943536640
1237741717941448704
1237744548899696640
1237749397904973824
1237749887208325120
1237754095689248768
1237756806199275520
1237756812381716480
1237757026052300800
1237757809908830208
1237758340727484416
1237763551055548416
1237764747598036992
1237766504973766656
1237767952302329856
1237770745599664128
1237771653498601472
1237771660217835520
1237771666098278400
1237774986376593408
1237779323249029120
1237779330668703744
1237781585652592640
1237781967313063936
1237786878876610560
1237794049613914112
1237794055024594944
1237815446218260480
1237822496352514048
1237823496647872512
1237830932033236992
1237830937431273472
1237844132501925888
1237851571871862784
1237852818725163008
1237859986631360512
1237865521300688896
1237867287022977024
1237909058226552832
1237910566540173312
1237915235391926272
1237916482731790336
1237916491871211520
1237930703431462912
1237933598944067584
1237933607492022272
1237937748092145664
1237965681074688000
1237970343634931712
1237970350446481408
1237999783689596928
1238001795990843392
1238015890748092416
1238017269503905792
1238022806534639616
1238026347483746304
1238028294936768512
1238028979795189760
1238030111963639808
1238030118234144768
1238034127921778688
1238035933347360768
1238037034477867008
1238042335893692416
1238043693690408960
1238052127286722560
1238054096499851264
1238058421561126912
1238059766410338304
1238062074254811136
1238063749912723456
1238063761451335680
1238065149879226368
1238066732922572800
1238066738962419712
1238071171259797504
1238071819208396800
1238074289187737600
1238074295235960832
1238081831632691200
1238092295301406720
1238093262440869888
1238094030287679488
1238094036738555904
1238094043415867392
1238096543061667840
1238096548728197120
1238098243009028096
1238098359916822528
1238099185896796160
1238100885764476928
1238101420001419264
1238101434027163648
1238108935372054528
1238110178228277248
1238111139419934720
1238115793742659584
1238117124683575296
1238118640861491200
1238121651230986240
1238121686165270528
1238122069818146816
1238124865888178176
1238127869899026432
1238129764507856896
1238130160576212992
1238132812764581888
1238134087749156864
1238134424878723072
1238135904310616064
1238138788704063488
1238141968988815360
1238144110977896448
1238147053949198336
1238152748010549248
1238156578403958784
1238164238562021376
1238166331704446976
1238170008057982976
1238178304965914624
1238178963731566592
1238178971386138624
1238180166700072960
1238180927714492416
1238182236895264768
1238183109226459136
1238183354887032832
1238185051080331264
1238186145264979968
1238186151074099200
1238189840967118848
1238192394237095936
1238193321245212672
1238193328291631104
1238198479425593344
1238200875916509184
1238200881998434304
1238208166686420992
1238208533532798976
1238222750990270464
1238230050157129728
1238250560299708416
1238250566658252800
1238273587477270528
1238273595572289536
1238279245253595136
1238313976913465344
1238376636862603264
1238376705598857216
1238376744400359424
1238376814290128896
1238390236931129344
1.23839031518e+18
1238398411843358720
1238403628953673728
1238411847839211520
1238411876872204288
1238413171632857088
1238417618178113536
1238419057092603904
1238419328661434368
1238422711921250304
1238425845875625984
1238432757757267968
1238435275442774016
1238435282594099200
1238440440010952704
1238442702984761344
1238450379567722496
1238452542440431616
1238455130388869120
1238455434115256320
1238455923028439040
1238458068435795968
1238463201160945664
1238463215601963008
1238465448489992192
1238472648553689088
1238478126730088448
1238485420079558656
1238487187324370944
1238488394205990912
1238492873240334336
1238493843244437504
1238494965082329088
1238495744119713792
1238497966828240896
1238497979427774464
1238498168578494464
1238504120794746880
1238505972760485888
1238507699752574976
1238517570149298176
1238517576080093184
1238524869538541568
1238538336869875712
1238545129398349824
1238552051132420096
1238566139501760512
1238566146351042560
1238585017149743104
1238585022476513280
1238723805222014976
1238730853150150656
1238738900111130624
1238746201010233344
1238746206936825856
1238767086781919232
1238767094616846336
1238767109154324480
1238775150872428544
1238794897567518720
1238805466634838016
1238812887822393344
1238816164991520768
1238842461016821760
1238842466284912640
1238844362911449088
1238844371371352064
1238851393655418880
1238859067365326848
1238859074378149888
1238887127636512768
1238887134313844736
1238894187707170816
1238901723806089216
1238915326089150464
1238946524119224320
1239098898523643904
1239130482555547648
1239134632177577984
1239149481326546944
1239203337578229760
1239203343542530048
1239212523951288320
1239217807994138624
1239248767557054464
1239256077364936704
1239270784184356864
1239306392831287296
1239356232793591808
1239360744044412928
1239363393120698368
1239363774462615552
1239384278321881088
1239391469464465408
1239407558923710464
1239431588053536768
1239431591631261696
1239440274406797312
1239459777131892736
1239462421187555328
1239462427713925120
1239482054468751360
1239482060592435200
1239482770499555328
1239482817685458944
1239483682466877440
1239489471386505216
1239489477048844288
1239497264466452480
1239503958202351616
1239508541658013696
1239510987134427136
1239511220320964608
1239511243653693440
1239511249915797504
1239518120345247744
1239518548914876416
1239519105906081792
1239525960577249280
1239525965992095744
1239533259341443072
1239540821407543296
1239545770950512640
1239546986363146240
1239547663835594752
1239548106930155520
1239548112814747648
1239552657284648960
1239554276172554240
1239555280972603392
1239555289638006784
1239558667281760256
1239560941760442368
1239561147419955200
1239564198297944064
1239568126234124288
1239569897203462144
1239569902777716736
1239573573590814720
1239576050117619712
1239576927926513664
1239576936235462656
1239578164092944384
1239579320496119808
1239584351110615040
1239585139170127872
1239589128913555456
1239589135070846976
1239593708808556544
1239596557525110784
1239597200566628352
1239599908979724288
1239600027896512512
1239602578666766336
1239603345297305600
1239604045670748160
1239604259714412544
1239605310219857920
1239606619475869696
1239606625352044544
1239608686303219712
1239610141705555968
1239610689343414272
1239624245669330944
1239626823220281344
1239627693680922624
1239629740341952512
1239629922236338176
1239629953764818944
1239631156385021952
1239631684078899200
1239633569020084224
1239633847425384448
1239633877280468992
1239634168415432704
1239635907734581248
1239636891542183936
1239642859029934080
1239642866206388224
1239643125049630720
1239643156947390464
1239667522971897856
1239750822327533568
1239757873678147584
1239772965517930496
1239823297920905216
1239840809337356288
1239840859669041152
1239851102838743040
1239855271804989440
1239855277219794944
1239858036186820608
1239862309352169472
1239864802324905984
1239865076896509952
1239867213064134656
1239869663397453824
1239869860579962880
1239869866477113344
1239869864644423680
1239871427026788352
1239877152452915200
1239878531095592960
1239879165853089792
1239882932942233600
1239884582758957056
1239886465011597312
1239893762010009600
1239914033215442944
1239914038978416640
1239915542108164096
1239916580848439296
1239917826602930176
1239923708107472896
1239934554586124288
1239935494387044352
1239936040724389888
1239941981243150336
1239943005747978240
1239944721214009344
1239944728621137920
1239950651112607744
1239950656514846720
1239952163398279168
1239952170566316032
1239956770459713536
1239957479036944384
1239957497303179264
1239957512109031424
1239958597708193792
1239959067893751808
1239959310618079232
1239962541129732096
1239963354392719360
1239965483161374720
1239972909872906240
1239980340359221248
1240001486169374720
1240022733624246272
1240032046820380672
1240037207299084288
1240058975090958336
1240068158058147840
1240076209737752576
1240087034418495488
1240087040537944064
1240108181730127872
1240114972077600768
1240122267788607488
1240171465225293824
1240172116068012032
1240204942725591040
1240205040301867008
1240205085701025792
1240205202512326656
1240205259458387968
1240205334951714816
1240208779347623936
1240215759747342336
1240215765388689408
1240226225089478656
1240226231846490112
1.240229251259e+18
1240230735295864832
1240230742883315712
1240233499564490752
1240235083719684096
1240236192005832704
1240237818477150208
1240238705224318976
1240240322258644992
1240245325085822976
1240252625825611776
1240254899536801792
1240266788673388544
1240266873868091392
1240267477222690816
1240267991444570112
1240268426997792768
1240268998073135104
1240272016902676480
1240274520214134784
1240274525792514048
1240280322341830656
1240281944241266688
1240290863869296640
1240292301257289728
1240293004218265600
1240293020932636672
1240295805082312704
1240296412987789312
1240298613269561344
1240299367799586816
1240303964169441280
1240304478219190272
1240306277500301312
1240311388779601920
1240313914887462912
1240323119220510720
1240328433911181312
1240331927627771904
1240332525303521280
1240333408783314944
1240339702881763328
1240339711916294144
1240339719298248704
1240340833812901888
1240361343128973312
1240371188716756992
1240371253023780864
1240371316869529600
1240371346359672832
1240371376562884608
1240371396875890688
1240371431290163200
1240389652411899904
1240410415890231296
1240413690525929472
1240431678004183040
1240435456841412608
1240435461962649600
1240459991196168192
1240466911810314240
1240508687594082304
1240516487439253504
1240537374691450880
1240564805968080896
1240567451001057280
1240567475198136320
1240575002652499968
1240575009409490944
1240575086232567808
1240576304367493120
1240578904881901568
1240578911316017152
1240584827717537792
1240586391387607040
1240589363978932224
1240589603259609088
1240589699632201728
1240592094185558016
1240593476976283648
1240593495271673856
1240597176134381568
1240604458913951744
1240604465167650816
1240610979001634816
1240611618112729088
1240611624873943040
1240612785794547712
1240613347411800064
1240615014139977728
1240616543823822848
1240619039438680064
1240619046497734656
1240633760938250240
1240636265223118848
1240636279181570048
1240640936704536576
1240640942593331200
1240641918750666752
1240647005359177728
1240648498539708416
1240650624041009152
1240651201403895808
1240655911351283712
1240664991868620800
1240669087916871680
1240670440210739200
1240672017138855936
1240674355719417856
1240679693222907904
1240685604590903296
1240685609846337536
1240686358827417600
1240692634391318528
1240696166934695936
1240700196348022784
1240707885400612864
1240707893508227072
1240707900353286144
1240736690404093952
1240738083563130880
1240743864090034176
1240751166100664320
1240774068745326592
1240778468477956096
1240788659080704000
1240788665887887360
1240792312478699520
1240806904013524992
1240825149898682368
1240828040625569792
1240854345601568768
1240900655021092864
1240906561314119680
1240907944893378560
1240920240713871360
1240921787363233792
1240934040691245056
1240934635288383488
1240943177558708224
1240943704287760384
1240943709929107456
1240950096776159232
1240950977974300672
1240950984051851264
1240956266568187904
1240957033718755328
1240958278646915072
1240958286637051904
1240959676495396864
1240960426424352768
1240961268074319872
1240969373931778048
1240970369516941312
1240971616395227136
1240971624293101568
1240971631024951296
1240972921566375936
1240980170736947200
1240980178966155264
1240985716156334080
1240987342036295680
1240993017835606016
1240994640930549760
1240996072580886528
1240997416918085632
1241000054015447040
1241005549929594880
1241009614784614400
1241011417299456000
1241021277747523584
1241022196753055744
1241022327099457536
1241023037400592384
1241025532894023680
1241025604209610752
1241025610119430144
1241026060063555584
1241029116679213056
1241032771226595328
1241032777547431936
1241034554246402048
1241034683133165568
1241036257708445696
1241036306236366848
1241036312573923328
1241037695616528384
1241038692535410688
1241038927521333248
1241040368445128704
1241043289911873536
1241043450415534080
1241047536112148480
1241050889957175296
1241050893341962240
1241050898765238272
1241050985612664832
1241055292516753408
1241055356530364416
1241060610768592896
1241061430339801088
1241062837838962688
1241063342195634176
1241063551483219968
1241065224611827712
1241070481446445056
1241079198724149248
1241107886069055488
1241107892507308032
1241248439838445568
1241254220663099392
1241279648043954176
1241279654029230080
1241279659813130240
1241279665853120512
1241302049070833664
1241302056004026368
1241341299669647360
1241359043890835456
1241363197300363264
1241369861135073280
1241405726242689024
1241433153480220672
1241452158647582720
1241452161860390912
1241452166964895744
1241452172497137664
1241459333289787392
1241478326885085184
1241481986977353728
1241481993159753728
1241608436707495936
1241615229349330944
1241629071223607296
1241629077150126080
1241643791401906176
1241674250018144256
1241676763467378688
1241681666973691904
1241694875323514880
1241727725066285056
1241727730594377728
1241742189794742272
1241742196107120640
1241759309320486912
1241759320372465664
1241759326919725056
1241759333454458880
1241788997350772736
1241789503691354112
1241801327811805184
1241827006636912640
1241827017072361472
1241827023959379968
1241918475259396096
1241918481093685248
1241925522726113280
1241939754263797760
1241939760995696640
1241940118623014912
1241946664891322368
1241998630443053056
1241998637183320064
1242015621480579072
1242034372208775168
1242037012053417984
1242037018160271360
1242065826099777536
1242065832986861568
1242067596867821568
1242073124851445760
1242080432138543104
1242084939094507520
1242085850755870720
1242086816821452800
1242087615765065728
1242090612335071232
1242090618672672768
1242090625014489088
1242095682569322496
1242096861500051456
1242097663295647744
1242101620508364800
1242102563299680256
1242107966951690240
1242110081732415488
1242110600781737984
1242115593211437056
1.242117869347e+18
1242120812662063104
1242123259203792896
1.24212472177e+18
1242124726958305280
1242132024233619456
1242138186840780800
1242138373734780928
1242139593471819776
1242140087384752128
1242140697995759616
1242146272787795968
1242148721401507840
1242151837819711488
1242152574880493568
1242154030970912768
1242154038482759680
1242159691125280768
1242159698326867968
1242159705515905024
1242160319914332160
1242175166794219520
1242221606534959104
1242267155531354112
1242267162095407104
1242271935796412416
1242296346779906048
1242310561766862848
1242317236104126464
1242374612857438208
1242382171446231040
1242382176630403072
1242382182372368384
1242389458810310656
1242391337879646208
1242391447556501504
1242391661038182400
1242396752293969920
1242403048107859968
1242407377229488128
1242409315257987072
1242413376745152512
1242415817402331136
1242416443339177984
1242417518263693312
1242418650499256320
1242418657226919936
1242419290730639360
1242425211204464640
1242425578185203712
1242425605037096960
1242426199487340544
1242431241116246016
1242439034707644416
1242439280401809408
1242439804622639104
1242440643084988416
1242440670339403776
1242448361828937728
1242448367239618560
1242455910351392768
1242456129122304000
1242458215033552896
1242460297127845888
1242460302953697280
1242463316405932032
1242465304912879616
1242470999926308864
1242474266789957632
1242478293527347200
1242478299592323072
1242481927497510912
1242481938402697216
1242481959466438656
1242482759995510784
1242488488089411584
1242493013462413312
1242493018659119104
1242493977875677184
1242495534322991104
1242500065924722688
1242502324351676416
1242502549162377216
1242503045004566528
1242504256713875456
1242505336331870208
1242507592481546240
1242509507810316288
1242509619525816320
1242514786648068096
1.242514794353e+18
1242516548532596736
1242523604698333184
1242529375267913728
1242565743129985024
1242565993924161536
1242580715780243456
1242628276545155072
1242642136220045312
1242649043135688704
1242683642062581760
1242717989784305664
1242719382536511488
1242719388714668032
1242720006921531392
1242733473732804608
1242747816952258560
1242761903098580992
1242763291010535424
1242763296828084224
1242767319996088320
1242769340702720000
1242769958590971904
1242772105277722624
1242777343502016512
1242778142177021952
1242778147583430656
1242780140796612608
1242783199224365056
1242783931176341504
1242783937602019328
1242785441629143040
1242785448151273472
1242786459763040256
1242788562212458496
1242791351386640384
1242792988259958784
1242793369396547584
1242803613937872896
1242805357673467904
1242807839950688256
1242807845633941504
1242808695085568000
1242815263189266432
1242815270218952704
1242815327576227840
1242823170366877696
1242823268270252032
1242825053819097088
1242826211505483776
1242831156002918400
1242833987778891776
1242837152230244352
1242837280303116288
1242837285734760448
1242837622604562432
1242837953258405888
1242840434671382528
1242842386537099264
1242842507064549376
1242846513996484608
1242847993952256000
1242852762183860224
1242852768622055424
1242859307684659200
1242859314588442624
1242859623889154048
1242866338135076864
1242866777333399552
1242866790394408960
1242866870283190272
1242868310452187136
1242869626003787776
1242873142248382464
1242881575315881984
1242884093181693952
1242884099351560192
1242891135397163008
1242896048793604096
1242898313453568000
1.242898685287e+18
1242912407975936000
1242932789961306112
1242948903093153792
1242962481091239936
1242991296760823808
1243013447874310144
1243020741202694144
1243027158479458304
1243057740194271232
1243057745776873472
1243079508455903232
1243082392958427136
1243083543342755840
1243083549445517312
1243091587153793024
1243096365661433856
1243103009380450304
1243103050694373376
1243104293646815232
1243118137089724416
1243123062431596544
1243123069482221568
1243125430304952320
1243129614840606720
1243130589550534656
1243130596257198080
1.243132871881e+18
1243132875685236736
1243139814553276416
1243140025937612800
1243144142454239232
1243144850905673728
1243147329449758720
1243148751725789184
1243150125939163136
1243150603632640000
1243155566261940224
1243160030691487744
1243160038765514752
1243167331657740288
1243174629901864960
1243174637036421120
1243175637948321792
1243182688401371136
1243184483236483072
1243187395123609600
1243189226406993920
1243196652489330688
1243196658357129216
1243199620509040640
1243200811540213760
1.243203701315e+18
1243203707887480832
1243203714707369984
1243204203998150656
1243205126774575104
1243206073282158592
1243207705432596480
1.243210996837e+18
1243215666859122688
1243219689339146240
1243219694816919552
1243221351500046336
1243225721662627840
1243225732764954624
1243234399572787200
1243240444386918400
1243240451039039488
1243241824501649408
1243256803044913152
1243261577337290752
1243261583012196352
1243283723623100416
1243283729318948864
1243320211752677376
1243334191242072064
1243360227942117376
1243377339557265408
1243433965530140672
1243447929764896768
1243447935523631104
1243469449719504896
1243470199694614528
1243470204899737600
1243476494363422720
1243477500392423424
1243477506159562752
1243483667436933120
1243485533843738624
1243489151342739456
1243490838375813120
1243494995237187584
1243497923587047424
1243498073717800960
1243499533855670272
1243500166977654784
1243501656446128128
1243503168979218432
1243504426821636096
1243504432894992384
1243505604527783936
1243511612587286528
1243514366533595136
1243514374943199232
1243526441104478208
1243528973331468288
1243533622574895104
1243537531737686016
1243539112239542272
1243541652293275648
1243542790920966144
1243543186796097536
1243550055870709760
1243552034047082496
1243561552751415296
1243565076310716416
1243565081863970816
1243568848663609344
1243572630206046208
1243579949904285696
1243580054627483648
1243580062214963200
1243580694611349504
1243581113160863744
1243582603204210688
1243583351539167232
1243584633134100480
1243587345170890752
1243587353907580928
1243587479774650368
1243588377762562048
1243591112033361920
1243594774088568832
1243594779780198400
1243595078725251072
1243597681517137920
1243598105712492544
1243598235639394304
1243599549484204032
1243599571139297280
1243604716988198912
1243607854671466496
1243616793123418112
1243619060920668160
1243619068000653312
1243626227350425600
1243629965440139264
1243629976605335552
1243641453668163584
1243645987475746816
1243645996455714816
1.243655299141e+18
1243790810983706624
1243797609841451008
1243797616011272192
1243804661838041088
1243814353641455616
1243821391775797248
1243874252438138880
1243894755844481024
1243895503319793664
1243924583733841920
1243946222509076480
1243947345135329280
1243948486862626816
1243953278896881664
1243954393340203008
1.243960327991e+18
1243967483821711360
1243999817094664192
1243999824438898688
1244003466025943040
1244003472145436672
1244133322374045696
1244140743536463872
1244148045194784768
1244162771018645504
1244170192097173504
1244184037989568512
1244205671546941440
1244205678295535616
1244212971120627712
1244220648538296320
1244242677190643712
1244249335962824704
1244250722914324480
1244250728782233600
1244258148036145152
1244278410404192256
1244285724808990720
1.244287715908e+18
1244306465373839360
1244306471459753984
1244316917977866240
1244328106367676416
1244349621704355840
1244371522719903744
1244375921915621376
1244375927443709952
1244390645327777792
1244399832845807616
1244414053709037568
1244464002794586112
1244492692022673408
1244520875652550656
1244526791223476224
1244548850364407808
1244557188804247552
1244557229589659648
1244559884420403200
1244559889843642368
1244562653978083328
1244567182547144704
1244568494202589184
1244573995715956736
1244583538826960896
1244590207992659968
1244590216049905664
1244590467108556800
1244590840242040832
1244598218547236864
1244603264227827712
1244604675372048384
1244606935695056896
1244610155670577152
1244612228940099584
1244619158886604800
1244625897052831744
1244626713339822080
1244626721208291328
1244630764630814720
1244634250353061888
1244634258037080064
1244635447143383040
1244641809965305856
1244647334962548736
1244651526100041728
1244656410152951808
1244656967664177152
1244659756075286528
1244659841173540864
1244661049074143232
1244661055097196544
1244663945220296704
1244665608005980160
1244668491371692032
1244669362054758400
1244669674836688896
1244670696510435328
1244671917476413440
1244673391455547392
1244674393860644864
1244675177344090112
1244675649005993984
1244677470818885632
1244677907613724672
1244679806521733120
1244685461009858560
1244689868862545920
1244689877431508992
1244704089281191936
1244707353301151744
1244722345387806720
1244722351977017344
1244729886532440064
1244732270092541952
1244732276312690688
1244817707888861184
1244824507342155776
1244824628125523968
1244831926189355008
1244875082658275328
1244888922041110528
1244889303412404224
1244891951947636736
1244895249870262272
1244896226937425920
1244898240773779456
1244900845705203712
1244901271955537920
1244901325407686656
1244901380076253184
1244911810119176192
1244912542306242560
1244913212547452928
1244913458434445312
1244916594310107136
1244917105939578880
1244917996188872704
1244923706692063232
1244927682820714496
1244927688059445248
1244939610473541632
1244943159508914176
1244943165389340672
1244946302787399680
1244946311591235584
1.244946320047e+18
1244953604739321856
1244957882350743552
1244957889678069760
1244967304288448512
1244968201794007040
1244969091082981376
1244971450894868480
1244972476972462080
1244979670665347072
1244981793914105856
1244981803565252608
1244986086377631744
1244986946465624064
1244989559500390400
1244992320069664768
1244994375874052096
1244995622727569408
1244996258730635264
1244999255389069312
1245001050068848640
1245001795069284352
1245008963998904320
1245008971284414464
1245010485805641728
1245010573550632960
1245011760664412160
1245012156946538496
1245013908563406848
1245014993134858240
1245016034953887744
1245016131674550272
1245016519982993408
1245017526527864832
1245017533779816448
1245020222890946560
1245020273818120192
1245020385474682880
1245023820274008064
1245023827337162752
1245024723504893952
1245024822934917120
1245029196293963776
1245031266610745344
1245031366032416768
1245031374592983040
1245031867113287680
1245031873526419456
1245033687667924992
1245034334567960576
1245039042871218176
1245039050232193024
1245045966186508288
1245053386078040064
1245054017425686528
1245075416286547968
1245076283186245632
1245083468985335808
1245089247406612480
1245098177474117632
1245098183279013888
1245120704229466112
1245138835131887616
1245173818848509952
1245181356138622976
1245202366502023168
1245209913904615424
1245209923467620352
1245237595786727424
1245238229466353664
1245252573935763456
1245259499063201792
1245263388009209856
1245263444116418560
1245263468258828288
1245274928611500032
1245280868714889216
1245283781398781952
1245283786813624320
1245285943826841600
1245287935295008768
1245288313231048704
1245290234671235072
1245295857135538176
1245295865113096192
1245295871232622592
1245298751553470464
1245299037584216064
1245302137099358208
1245302921828368384
1245305920512393216
1245313475489837056
1245317624860274688
1245321026008797184
1245328447020228608
1245328452309250048
1245337779841781760
1245342736842133504
1245343251357466624
1245343425924173824
1245358143787302912
1245358149302775808
1245359273988808704
1245360407201513472
1245362497797992448
1245367045103013888
1245367137151090688
1245367594183319552
1245369271770845184
1245372482544173056
1245373118937321472
1245373127145566208
1245374252028530688
1245374258634612736
1245375839333687296
1245379461077446656
1245379555180851200
1245380414434201600
1245381183413747712
1245385316413911040
1245387458881224704
1245387591244906496
1245387597532114944
1245388227608858624
1245390496836575232
1245392041892286464
1245394887270227968
1245394893213597696
1245400660922769408
1245401934674231296
1245412636314832896
1245424719077101568
1245452901331263488
1245453661532065792
1245474656758280192
1245481460816957440
1245489762896494592
1245524237827207168
1245538328314707968
