1316499776289071104
1316501790108549121
1316501792537141250
1316503551292641282
1316506958594220033
1316507326065631237
1316511102507905024
1316512004379758592
1316512862492340227
1316514876051914753
1316516892497117186
1316518652997447686
1316520189425483777
1316521591312994304
1316521590407016449
1316522425241210881
1316525915770433536
1316526202853756928
1316526984470560768
1316527000991924224
1316527196421455873
1316527964830543873
1316528054714413062
1316529586302152705
1316529587069702145
1316529983133806593
1316531991144259589
1316533753011990531
1316537530158911489
1316538747677298688
1316539689852051458
1316539691735248899
1316539690749587456
1316541302323007489
1316542678016970752
1316543064014454784
1316543891160604673
1316545075749572608
1316546576840491008
1316547088482742283
1316547517832589312
1316548587740786689
1316548859737276417
1316549994858467328
1316551566829125632
1316552626100727808
1316553402780848128
1316554014146797568
1316555770746429440
1316556402542993409
1316557253902647296
1316557779784491008
1316558161067769859
1316560175378165760
1316562197166858240
1316562751758757889
1316563351732973573
1316563952168562689
1316567059938054145
1316567682355994624
1316567680938323968
1316567679730364422
1316567685443072000
1316567683794599937
1316567726954029058
1316569764509220864
1316571499466289153
1316573260738449408
1316575276541923328
1316577287559680000
1316579049456766977
1316582825999695874
1316586601057837056
1316588361491132417
1316590374689951744
1316592389197303808
1316594148888252416
1316597924416151552
1316603460708634624
1316609755155230720
1316615718071271428
1316620574915989504
1316645738496040961
1316650773904793602
1316660842310569991
1316675939720404997
1316680973908611073
1316686004045176833
1316688524003868673
1316692299041189890
1316692298990845952
1316694811500568578
1316696070676602882
1316697329412571137
1316699849266528256
1316701107171844096
1316702363550445568
1316706139447472128
1316713184498200577
1316714945220947970
1316718720035815424
1316722498386432001
1316724256714223617
1316726289810755584
1316728282235142144
1316730047206699009
1316730649642967041
1316730844153819137
1316733818963886082
1316737593036492800
1316739355860439041
1316741370443378688
1316741921272999936
1316742450296369152
1316742788701204481
1316742827301310464
1316742932305592320
1316743384346832898
1316745147032506368
1316748921230831618
1316752696863580164
1316752824903049217
1316754455543664641
1316756488128540672
1316756640285093889
1316756646123589633
1316756651790102528
1316756660086468608
1316756669410406402
1316756666897981440
1316756672757473280
1316756675009765377
1316758499016220673
1316760247478951936
1316760517499912192
1316763120296054785
1316763135710121990
1316763411682713601
1316764020247015424
1316764133912571905
1316767053521580033
1316767793073840130
1316769553893003264
1316770250126319617
1316770254425481216
1316770258456211456
1316770261841047552
1316770265360027653
1316770268849856513
1316770819742212098
1316771449361768448
1316771570367574016
1316773595121618946
1316774637448179713
1316775347296382979
1316776630652604416
1316778091939676161
1316779017295392768
1316779028150325250
1316779117480681472
1316779998859063297
1316782892991868928
1316784655442546690
1316785266154041344
1316785266154041344
1316786668670791680
1316788680468639744
1316790445393969152
1316793423802724356
1316793489653260288
1316793512571019264
1316794221018386433
1316794564003287041
1316796798451642368
1316797995879469057
1316799755150819335
1316799994893012992
1316801770014859271
1316802879508959236
1316802922714456064
1316803801295327234
1316804845660184577
1316805544326332416
1316807623006588928
1316809319040585735
1316812255044853761
1316812359726518272
1316812376717524995
1316813093998071808
1316814853936418824
1316816868997574659
1316818879402971137
1316819920123047938
1316820643665588226
1316824420200185856
1316827480460673024
1316827542246944768
1316828192792084480
1316829955054018560
1316831067572232192
1316831100258447361
1316831392274280453
1316831968093442055
1316833983511113738
1316835748432281602
1316835780384489474
1316839516708241409
1316840330625339393
1316840845312581632
1316841543156678656
1316843293431541761
1316845052958834695
1316846588933763072
1316846592830312448
1316846597553090560
1316846604272295936
1316846603206967298
1316846601449529344
1316847067982069760
1316848745586122752
1316849078504914947
1316850089038696448
1316850840439861249
1316854615208591363
1316877498307682304
1316877504376795137
1316880678538170369
1316881040187613185
1316883550210314241
1316883572964380673
1316884004482637824
1316884060623544320
1316884812775542784
1316888588999602176
1316890350368194562
1316892365290950656
1316894376736575492
1316895384241750016
1316896141972299788
1316899667351801856
1316899861774684162
1316899917332402176
1316901450178564098
1316901876085018625
1316902936409182216
1316903689286725632
1316903898607661057
1316904173976342529
1316905449111814146
1316906473289637893
1316907440424816640
1316907465729036288
1316909478680342528
1316910531048034308
1316911237477945345
1316913533758693377
1316913818874904579
1316914257116733443
1316915012104015873
1316917144051994626
1316918790643470339
1316920551764598784
1316922296259543040
1316922563948388354
1316922834892083200
1316924575310057474
1316926338046042112
1316928102128300032
1316930114739970048
1316933887583453186
1316935191533936646
1316935196000870402
1316935194503487489
1316935193018720256
1316935199184343041
1316935204762718209
1316935202833387520
1316935648922767361
1316935822185275394
1316936218890936320
1316936670097399808
1316937022741876736
1316937661098184705
1316939678264721409
1316941439792783360
1316945213429002240
1316947366398885891
1316948576182874114
1316948988558532609
1316950162321846273
1316950749331546114
1316952762786156544
1316953780118802433
1316954777436229634
1316956362405011458
1316956539157098497
1316957606087430144
1316957608742428679
1316957607358353410
1316960313967841281
1316964086832418819
1316965852487520257
1316967862804819968
1316972140827189253
1316975409620279296
1316982960973877248
1316987241198215168
1316990510029000704
1316998059528605696
1317008127003426816
1317013160096911360
1317023228699856897
1317028259989696512
1317038325795008512
1317043363061899270
1317048392808267778
1317050907998277632
1317054685086470144
1317054684637630464
1317057198934183937
1317058457569267715
1317059717185835011
1317062234191876096
1317063491346440193
1317064750799507456
1317066008478306305
1317068524418961411
1317068524268015618
1317068524255432706
1317069781221183488
1317072300085227520
1317073556669407233
1317075572548358145
1317077331836456960
1317081106550763522
1317084882674253824
1317086646156873728
1317087904393547778
1317088656126070784
1317088956387790848
1317089018085998595
1317090669299642369
1317092431179939841
1317096207701954560
1317098907730522112
1317098910905634816
1317098910058381313
1317098909148221440
1317099982651011072
1317101743168212993
1317103008870731777
1317103756090232838
1317105783994261505
1317107531081224195
1317111307569680390
1317113067860353034
1317115087186952193
1317115444914839552
1317115443421745152
1317115450866585600
1317115449427947522
1317115454154964995
1317115453202812928
1317115451873263622
1317115451873263622
1317115455274774528
1317115516180336641
1317116850585690115
1317116858517114882
1317117819490689027
1317117910964264961
1317117953683324928
1317118304625037313
1317118856830308352
1317120617179713536
1317120867885862913
1317121417436045315
1317121549615312896
1317122319228153856
1317122632303693834
1317122820611043328
1317123245498269700
1317123870302765057
1317124139363205120
1317124280149180417
1317124767187574784
1317125920692391940
1317126056730505218
1317126407496081422
1317127565035950082
1317127813879779329
1317128055144521730
1317128167598006272
1317128344211652611
1317128347437068288
1317128359537635332
1317128365057343488
1317128368882511874
1317128372548333570
1317128370899988485
1317129562929590277
1317130184215113729
1317131941905338371
1317131941796323329
1317132561844350978
1317133541604544512
1317133954424705024
1317135461505224704
1317135731136122880
1317135970119176199
1317137420039692295
1317137424787570691
1317137422644371457
1317137732595032066
1317139240992518144
1317139823895797760
1317139934248042504
1317139933459599360
1317140750375604225
1317141506524852225
1317143267717337088
1317145282619019266
1317145895079759872
1317145974658183169
1317147042750279686
1317147042712555520
1317149055785500672
1317150835151917057
1317151068401422337
1317152838376620034
1317156603301421058
1317158365978677250
1317160279520804866
1317160278396723204
1317160281655705603
1317160280787505154
1317160380137918464
1317161686403477504
1317162141137444865
1317162140474683392
1317163403543130113
1317164157272268803
1317166167681867781
1317167928354181121
1317169863371022336
1317169877765980160
1317169877002735620
1317171707090698240
1317173059804033024
1317173109250609155
1317173193451270144
1317173300376662017
1317173357050171393
1317173387580461056
1317173479293079552
1317175003956142080
1317175040400519168
1317175481033232386
1317176400164528128
1317177242548686850
1317178660512845826
1317179256821190662
1317181269093044228
1317183028909772801
1317185023934681089
1317186676653871104
1317186803577868289
1317188247177613312
1317188246259044358
1317188245302685696
1317188249874501632
1317188249014706176
1317188248058449922
1317190579533598721
1317192343624310784
1317193598035726336
1317194354168074241
1317196366746210304
1317196809123475456
1317197372762574849
1317198129515606018
1317201245904506881
1317201347343577088
1317201902623510528
1317205678524649472
1317205882724175872
1317205884536119298
1317205890001375232
1317205895747522560
1317205900050853889
1317205898104766464
1317205901653151744
1317206206482534402
1317207442468573184
1317209453058531328
1317209772031049728
1317211468820078593
1317211586289946624
1317213229718884354
1317214301824823296
1317214300709081089
1317214304978968576
1317214303108222977
1317214309756203009
1317214307411582976
1317214311064821760
1317216623489503232
1317217006114975744
1317218126816112641
1317218128007368706
1317218132210057216
1317220224417091585
1317220780539891714
1317221419688787971
1317222217285988352
1317222542130749442
1317222748125581312
1317223579939790849
1317224553756622848
1317226565957279744
1317227573613572104
1317228327955038209
1317230544879448064
1317232102308483072
1317235122790408193
1317235876485791744
1317237134319824896
1317237637380509696
1317239651929903105
1317241666642784257
1317243427772375040
1317246458056290305
1317247201874042885
1317250284503003136
1317250975623745536
1317252775730991109
1317254752028295170
1317256765772386305
1317258525614235654
1317262301922295813
1317264357013680129
1317264355990204416
1317264360838897664
1317264359832211456
1317264358943068160
1317264357957365761
1317266076309356544
1317267840743972864
1317269852344680448
1317272389823033344
1317273347319762944
1317273628782874625
1317277403329236992
1317277916477050880
1317279615727984640
1317281176936239104
1317282434392653824
1317282940108349444
1317283728901558272
1317286742324436992
1317288793519525889
1317292501200478208
1317292501200478208
1317292886946316288
1317294727302017025
1317302064456892416
1317303241688772611
1317307778608754688
1317308465811918853
1317311789189586944
1317313441372147717
1317314751852998657
1317318101227110400
1317318926322356225
1317323987064532994
1317324733516378113
1317325471969804288
1317328219184324614
1317328895390019586
1317329823249756162
1317330253308743680
1317331552703901696
1317332638596648960
1317334526465630209
1317337800468029442
1317339382999703554
1317340366333374464
1317345348566867968
1317390649033920512
1317405748339638272
1317410782225879040
1317423363661451265
1317428397430231040
1317439721379893250
1317443494479384578
1317447270703505408
1317451048987099136
1317454822216486912
1317458594552565760
1317462372588597250
1317465391489306631
1317466145520275467
1317469918653222914
1317473695905054720
1317477468509536258
1317481244565831680
1317485018143391750
1317488796422803457
1317494341514989570
1317496347126321152
1317499362621198336
1317500379819433987
1317503892507267077
1317509432062976000
1317511441897967616
1317518834601873415
1317518993671020544
1317520746378194944
1317521716067758080
1317525912737415168
1317526543195930629
1317529561656066050
1317534094239141889
1317534593290014721
1317534592929128448
1317534788320858112
1317534856578887680
1317539630317768705
1317541644644790272
1317549194337452034
1317554728151085056
1317556744311214080
1317564291638321152
1317571840873795585
1317578563650899968
1317578585159344130
1317578702314635264
1317579392726466560
1317580115979612161
1317580129875361792
1317586942796701696
1317587407638687744
1317609591560163328
1317617103122305024
1317617139197542400
1317617863562199040
1317617894063177728
1317617902242050048
1317624688416296963
1317632237517574145
1317654890349551616
1317658664426213378
1317660425853542400
1317662438981062656
1317669989365796867
1317673762058326016
1317675524907540480
1317677537066164227
1317685090571386880
1317692636778606592
1317700187679264776
1317753035871977472
1317768168551731203
1317773168866623489
1317785750382010368
1317790783580393473
1317798335705718785
1317802107194515456
1317805886065283072
1317809658355089409
1317813434898092035
1317817207624171522
1317820982929838080
1317824758818504705
1317828531624304643
1317832306212614149
1317836085473456128
1317839859042705409
1317843039780544514
1317843634356703232
1317847406336237568
1317849827548356608
1317851181516050432
1317856717204561921
1317857607927820288
1317857610880540677
1317857616106672133
1317857615024566272
1317857613858496512
1317857612558290945
1317857617406881792
1317857998514040832
1317866283694698496
1317866782019907586
1317868678860386306
1317871062403538944
1317871061346611200
1317873221979365376
1317873695537254400
1317873833844551682
1317874138946576384
1317874322841595904
1317874778657542147
1317881381322694661
1317885030786461696
1317888930914643970
1317894143754948608
1317895773254803457
1317896073290125314
1317902016107216898
1317904029511536640
1317911582152667136
1317915102516039680
1317915353872293888
1317919131249803267
1317921145174241281
1317923033512771584
1317925280418209792
1317926679411630083
1317932219546075137
1317934228055691266
1317941775374327808
1317941780919308289
1317947316331024388
1317949330540666880
1317950061133717505
1317950060160634880
1317950064640192512
1317950072491962370
1317950076631707649
1317950082705100801
1317950085070684160
1317954849082757122
1317954862114426881
1317954921967177728
1317954950966644736
1317956878882738183
1317960961932750848
1317962271176368128
1317962416311967750
1317964430483853314
1317965549750673410
1317971979996188672
1317973484132208640
1317973868779249666
1317973930963918848
1317975753519173633
1317975753343062016
1317978578861084672
1317979527142932481
1317981541973348353
1317982547079553024
1317983820738564096
1317984470364876801
1317984645867188226
1317985821098569728
1317987077095608320
1317989146044944386
1317989998914760705
1317990854620028928
1317994061869928451
1317994542210035714
1317994542210035714
1317994628491186178
1317994970662408193
1317995877345054721
1317998522126409733
1317999723790225408
1318000629181161473
1318002178670415873
1318002533160243200
1318004598062215172
1318005951006449664
1318006000138350594
1318009728073596934
1318010743560822787
1318011430810001408
1318012605135376384
1318014428894224384
1318014508707741701
1318015491659632640
1318017275753078784
1318017626539372544
1318018084985208833
1318019644054097920
1318020906514460673
1318021053927534592
1318021410715955200
1318021593075912704
1318022710459473921
1318024827807145984
1318024834379513856
1318025918196011008
1318028634360143872
1318029766130192384
1318030530890276864
1318032208406351872
1318032373871747078
1318034322360729600
1318035286366900224
1318036148866977792
1318037084976787456
1318037703179472897
1318038014136782848
1318038187319595008
1318039926777303040
1318040291971006464
1318041941309853696
1318042882037542912
1318043183566131200
1318043700065456128
1318046565878001664
1318047476792889346
1318049325813886976
1318050495538196486
1318051251775557632
1318053013685227522
1318055026435280896
1318055273882214400
1318058800952332289
1318059303857758208
1318060530305658885
1318062574043365376
1318066348136738816
1318074404585299968
1318077673579610113
1318085225365360640
1318095291015450626
1318100324457041926
1318110388035223552
1318115422231736320
1318125489442217984
1318135555901820928
1318138071213395973
1318141848284745729
1318141847643049985
1318144364288364544
1318145626308288512
1318146880937861120
1318149395771232256
1318150655744368641
1318153173807321088
1318155687495667712
1318156946004987904
1318159466135773184
1318160721398669315
1318161279580852227
1318161725473030144
1318162417784967168
1318162734865915907
1318162749264977921
1318164494661672961
1318168248182034433
1318168272051818496
1318171323764559873
1318171611862806531
1318171767131832321
1318172044345880584
1318173806926725121
1318175835942211586
1318177835522183168
1318178411442020361
1318178409617522688
1318179598388109313
1318183368941621248
1318187147074174976
1318187729805606915
1318187737493667840
1318188909071863808
1318190919577907200
1318192634578481153
1318192633638944769
1318192933674356739
1318194278368096257
1318194693667250176
1318195586307256321
1318196095269302274
1318196187111960576
1318197707870097410
1318198470264631297
1318202244832047107
1318202663985709063
1318202662672867330
1318202661754241025
1318203882896437248
1318204012475318273
1318206021005905920
1318207345248272384
1318208048700284929
1318208282310414336
1318209101562863616
1318209797607612417
1318210587525042176
1318210588355497986
1318211536050159616
1318211569537421312
1318211578840469506
1318212342027554818
1318213017423826945
1318213571080323076
1318214554107572225
1318214558226370561
1318214563150528514
1318214568137478145
1318214566568886277
1318214565239218176
1318214569416814592
1318216213210673154
1318217345190580230
1318217879288913920
1318218498896588800
1318218534019768320
1318219106827501570
1318220696154198016
1318221130465972228
1318222021541699585
1318222020308619264
1318223134223441920
1318224150687895553
1318224894182760451
1318226913416994830
1318227937838157828
1318228670578937857
1318231688087035907
1318231968639758337
1318232448245878784
1318234206443548673
1318235441850732545
1318236231738818562
1318236571816972288
1318238240973950978
1318238481320128513
1318239075401232385
1318239993870024705
1318240069224861696
1318240502202867713
1318240923243905027
1318242461207220224
1318242780251000833
1318242988972179456
1318243771088330752
1318246778555273218
1318246809190469633
1318246843147554818
1318247544783278083
1318249159325962240
1318249306730733571
1318250874100068352
1318251319547801600
1318253331626774528
1318253821831700480
1318253819650699264
1318253825770233856
1318253823786242048
1318255093574258693
1318256510351204352
1318256514566561792
1318256519377383424
1318256523970179073
1318256529351475200
1318256535311507456
1318256540655046656
1318256538524397569
1318256538524397569
1318256543297466369
1318258867999035393
1318259227626934273
1318259465326481408
1318262642780327938
1318264403926478848
1318265955122876422
1318266417859432448
1318266512843550721
1318267910700281857
1318267971928641536
1318268430051663874
1318268692698812416
1318269437695430656
1318269611599486976
1318270194305949698
1318270514163601408
1318273268332331011
1318273948484833280
1318273967954808838
1318274508604596224
1318274507774119936
1318274506817896448
1318274511976816640
1318275355526930432
1318276023679549440
1318276999249539073
1318277744824881154
1318278620717068295
1318279505702772737
1318282224161017856
1318282261360300032
1318283090746314759
1318283533295681536
1318284063657005056
1318284231743660033
1318285049934934016
1318285292365860864
1318289069206654976
1318290329485955073
1318292844235444225
1318293577101832192
1318294165910794241
1318294164681846784
1318294605897531393
1318296583012716544
1318296618987388931
1318298628537110533
1318300392401342464
1318301364309553153
1318301998479896576
1318304168763850761
1318307941716557825
1318309703726882821
1318311006964240390
1318311715705061379
1318313729285627910
1318314776909344768
1318314778985549824
1318315032946487297
1318315492659089409
1318315553988116480
1318316040439296000
1318318429040906240
1318319264701517824
1318323042800537600
1318324856375681025
1318326816885571586
1318328830575185922
1318330593311137793
1318338142806605827
1318339903315431426
1318340092268859393
1318341917776687104
1318343927242502144
1318345692956471297
1318349465242263553
1318355001216040960
1318355516469448716
1318357015656366082
1318360792056594432
1318364563813912579
1318368341602586624
1318370103159902209
1318372117272997888
1318374127758151683
1318375888354988033
1318385202687840256
1318387215156772864
1318389228993216515
1318390988092723202
1318392009439145987
1318392099952234497
1318392302247636992
1318394651997392896
1318394763108900864
1318396614357241863
1318398538477412352
1318400302350061568
1318402314244362241
1318402401733349378
1318402565370007555
1318404325434155008
1318406087150796801
1318406367640653824
1318406748059807746
1318409865421852677
1318410214442295296
1318413639251075072
1318415400657367041
1318417413508112385
1318419605568679936
1318421691245146114
1318424469283721218
1318424961938280448
1318432514537672705
1318436794376069121
1318440065949904896
1318447613713272832
1318457679317172224
1318462710275842048
1318467744778670080
1318472779306536960
1318477811053637637
1318487878062739458
1318492912175505410
1318500459871690753
1318502978823782401
1318504237941350400
1318504237089906689
1318506752585904129
1318508023573323779
1318509269604618242
1318513044620718080
1318514302396043264
1318515560964116481
1318518075373871104
1318519334935928832
1318521097739030529
1318521849815453698
1318523110484750336
1318525122769260545
1318526885060542466
1318530659690885120
1318534443565486080
1318536194897154048
1318538208196677638
1318540224297902081
1318541985339314176
1318545758686220295
1318549532590940160
1318551295217860610
1318553308991266819
1318555321216995335
1318557082929553408
1318560861909405697
1318564631783276545
1318566397539209218
1318567433637154816
1318567436703195139
1318567440306098176
1318567443619565574
1318568407252586497
1318568941703278595
1318570420249989121
1318572182335881218
1318572701590687744
1318574668127916036
1318575958216052736
1318579557654474756
1318579734096248834
1318581506336526338
1318582952192839681
1318583506654593025
1318584515032383488
1318585095536529408
1318585519639584770
1318586527425941505
1318587282488786944
1318591056498380801
1318594833787793408
1318596407041740800
1318596593139015680
1318596837260120071
1318597903687077889
1318600621071675395
1318602381291098112
1318606155460055040
1318606562932322304
1318609754709618688
1318609774204735489
1318609931667464192
1318610388263448576
1318610389253251072
1318610436019965952
1318611694827044864
1318613708592058371
1318615722944352256
1318615722944352256
1318616116227354629
1318617481607524352
1318625031216353281
1318626791955832838
1318628176122286080
1318628194468139010
1318630819024441345
1318632581705891841
1318633317227327488
1318636356487307269
1318640130584870915
1318641280386125824
1318641890779070465
1318642688040738816
1318643290149851136
1318643293555691520
1318643431695155203
1318643464339443715
1318643658506276864
1318643905982844936
1318645919936544768
1318647772145475586
1318647774183817224
1318647779376455689
1318647786750005255
1318647793192456195
1318647796816379904
1318648197632458757
1318651455897767957
1318652005263593473
1318653036051402752
1318653034965037056
1318653039805300736
1318653044716810240
1318653048948805632
1318653047988367362
1318653047006916608
1318653840334278657
1318654773730570240
1318655188534587392
1318655232105193472
1318655881425211392
1318656992962056194
1318657209694253056
1318657504667078658
1318657921153036288
1318658354395279360
1318658664958283776
1318659008450932737
1318661187999911937
1318662780912795649
1318663426210590722
1318663514555248640
1318663560994508800
1318663577100636160
1318663595811512320
1318666556809895940
1318667139591659526
1318670332581040131
1318672092510957571
1318673412009660418
1318674107840548864
1318676118250061824
1318677880046604288
1318680184170557440
1318681187427131392
1318681656321081347
1318682810559860736
1318683485238743040
1318685432436166658
1318687189769871365
1318688501353861121
1318689202763190273
1318689749696237570
1318689848815882240
1318691216603680770
1318692977565466629
1318693427177869312
1318693428872376321
1318693433335111680
1318693438091481088
1318693443275694081
1318693445318266880
1318694103534555136
1318694713529163779
1318695348081025025
1318695998168981505
1318696752338395137
1318700133484130304
1318700530152198147
1318701234807697409
1318702289784328200
1318704304430239753
1318706317566103552
1318707385469292544
1318708077185683456
1318710642430279681
1318711855133675521
1318713837399330817
1318715628954451970
1318717389589172224
1318718552828907520
1318719404243341314
1318721416464912384
1318723179226030083
1318726956578426881
1318727483890360321
1318727481805873153
1318727492228665349
1318727494632042497
1318730728721518602
1318732489611948032
1318733162541961216
1318734503477653508
1318734697749413889
1318735567429996552
1318735579119431680
1318735577173299203
1318735583984996352
1318735588321751041
1318735586367205376
1318735592054611969
1318735590104338433
1318736182356905984
1318736514944303111
1318736705508143104
1318740220053958658
1318741586352754694
1318742788914270210
1318743492789735426
1318743960542679040
1318744027513094145
1318744068688576512
1318744212549009408
1318745825980403712
1318748009061109761
1318749101870153734
1318749604075143175
1318752267911221249
1318753587879661568
1318753653029785600
1318759441177726977
1318760962393100294
1318762689372561408
1318762835913166849
1318763614459887619
1318764703271821314
1318764939927015425
1318765345314906113
1318766378866905088
1318766714088284162
1318772510381531138
1318779803210813447
1318787351489937408
1318789656301940737
1318794902474526720
1318799180287086597
1318802452045496320
1318809998084968449
1318825101769531392
1318835167272800257
1318845230439956492
1318850264858873858
1318857816220774400
1318860333625335809
1318862848555163648
1318866621872721921
1318874173150797824
1318884238037602305
1318884742679363584
1318885563253071876
1318887512757145600
1318889772878737409
1318892763874734081
1318892998126686209
1318893049917952000
1318893166796439552
1318893297407086592
1318893376180289539
1318893452436869120
1318894805796102144
1318895334165184519
1318895481951559682
1318896558859984896
1318896823021559808
1318897144808448000
1318897148008693760
1318897147115261955
1318897146217656321
1318897149694803971
1318898798865809408
1318900603993686016
1318902615481196551
1318908146857988100
1318908847545831424
1318911922956324865
1318915706226958337
1318917711062306819
1318919470124011520
1318919470124011520
1318919791487320064
1318919790526820352
1318921936152317953
1318923248118235139
1318924653201481732
1318927022681432064
1318927266638823425
1318927296854585344
1318927309760393219
1318930714327347201
1318930712343445504
1318930720379662336
1318930728227205127
1318930732849393664
1318930731209404417
1318930736188043269
1318930734611013632
1318930739413487616
1318930813048803328
1318932811584331776
1318933233921257479
1318933635676868608
1318934569647824902
1318937318154145792
1318938346794700810
1318939585829728256
1318941465486110721
1318942120976257025
1318943880348401665
1318945918830477313
1318946923043155968
1318947907555479554
1318949669381300226
1318953444129054720
1318957224543256576
1318958990513012737
1318959688394838016
1318959687056850946
1318959692949852161
1318959698717011968
1318959703049728001
1318959701178998785
1318959706820333568
1318959705222381570
1318960994694107136
1318962116867420160
1318964770117197828
1318967190058487808
1318968543602499586
1318972173315264512
1318972320237690885
1318974080025006080
1318976093462925314
1318978108649885703
1318979871498997760
1318983646724952065
1318987419769839619
1318988684796911616
1318989182962929666
1318989383819685888
1318991195725533186
1318993206680424449
1318993580589948928
1318994229306089472
1318994319156551680
1318994971240824834
1318998742666805255
1319002518979039232
1319004279005478916
1319006291654811648
1319008305000468480
1319009313831043072
1319010069057589250
1319013845248167941
1319016413646917636
1319017619748491266
1319019379632295937
1319020788025118721
1319021391568658435
1319023255903072256
1319023407837622280
1319024976847081472
1319025935119626240
1319025938152124416
1319025943734677504
1319025942069559296
1319025939959853056
1319025947249524736
1319025945555054592
1319025952475676674
1319025960209952768
1319025956619628544
1319025964123209728
1319025962189635584
1319028096780021762
1319028645449576449
1319028708737486851
1319028942456672256
1319032718169153543
1319034479252508672
1319035699241205760
1319035702680588288
1319035710595239936
1319035730476167168
