1248021581164687362
1248223214389669888
1248241693838716929
1248264740956233728
1248278746492284931
1248309952533364737
1248358218407051270
1248358389979234310
1248367614495207425
1248620538928357376
1248645731465998339
1248704112377683973
1248704484479512576
1248714756397109248
1248719353039781890
1248728754756685825
1248734864167374849
1248947708393644032
1248989303000174592
1249021926850334722
1249058401646252035
1249069734546616320
1249081519882321924
1249094960843980801
1249366795141685250
1249378217124913153
1249378230873849858
1249378266550603776
1249378310620164097
1249378364533719042
1249378395047239688
1249385129832787968
1249389395536416769
1249413662047076364
1249414656344588288
1249418893552214016
1249427140879233027
1249432055181651972
1249442319889244163
1249472484451155969
1249489999105593346
1249687624773783556
1249729296610078720
1249730248192798723
1249730298947960832
1249759424157229058
1249780453227352065
1249780762905391106
1249797102600884227
1249819882486710273
1250042094950981634
1250065091095035912
1250093122111115266
1250109099985043456
1250116682858860552
1250118062923276289
1250157187839733760
1250198431580241925
1250422426552299521
1250455166769344513
1250455891855511552
1250459494301171714
1250485342152638465
1250512229411192836
