1311425593087594503
1311428582862880768
1311431492485210113
1311440691642298370
1311440887843622914
1311451151632683008
1311455788473503745
1311470889565917184
1311479132472082433
1311485987625684992
1311501088026025989
1311506024248078336
1311516188388679686
1311522549893824513
1311524073684578305
1311532631998246913
1311535165202718720
1311540063034060801
1311544003372908545
1311548128185778176
1311552551381282817
1311557384905592832
1311558127989542914
1311563156087504897
1311566328172552195
1311566338733887490
1311567928676974592
1311569567605493761
1311570618228318221
1311573231862779909
1311576879825145856
1311577325172133888
1311581673616633857
1311585538701492225
1311586496491782144
1311587282768613377
1311590094378328064
1311593651227840513
1311597262167060480
1311598980191727616
1311600569698660354
1311601354666803201
1311603690294444033
1311605708975210496
1311607186238382080
1311610131050827776
1311615958675582976
1311621247730683904
1311621673687420928
1311623098303746048
1311624826688352256
1311628110262083586
1311630035313360897
1311630952083394560
1311635606410272768
1311638434688184320
1311639115960590336
1311641985288146944
1311643708929052672
1311644730741190656
1311646116967075842
1311648459561328640
1311649242482700288
1311649421684338688
1311655177259286528
1311659117476413440
1311660524728274946
1311660888416378884
1311664303632596995
1311667283291377682
1311668595802468352
1311674519388655616
1311676107742228480
1311678576190803975
1311682590475157505
1311687448704045064
1311688515013537792
1311689893597401090
1311693685260718085
1311696698201309187
1311701871057403911
1311702631350521857
1311702913929093120
1311706339509444609
1311709379931103233
1311709397480099842
1311709476165218304
1311709655907921924
1311709731292172290
1311709747020734464
1311709771469336578
1311709795800539138
1311709824695128064
1311715497755512832
1311715949993775105
1311718498977153029
1311720398145368065
1311720886890881024
1311723716699713538
1311724758053146625
1311728156777353218
1311732521164517376
1311736755096346625
1311739652164988929
1311741735224201219
1311746025179185154
1311751246722850816
1311751610637447169
1311757417567457286
1311757528825552896
1311758441682210825
1311761009598701577
1311765504835682311
1311765913943912451
1311767955936509953
1311770123775209480
1311772005922988034
1311777785007034370
1311778479529172992
1311782710789246980
1311784023514058752
1311787982525849600
1311803076475576324
1311818179744854018
1311833278224056321
1311848378096062468
1311863476344639488
1311878575641948160
1311898658842062848
1311900676352602114
1311902458130698242
1311905808683278336
1311907721340428288
1311907942904541184
1311911277724401670
1311913635871174656
1311916213346467840
1311921120933744641
1311923886343290880
1311925637133881344
1311925685032816642
1311927742993240064
1311928212641980423
1311928689668567040
1311929862635098112
1311931526091862016
1311933850990383104
1311935983005429760
1311938370726133761
1311939067219775489
1311942680524578816
1311945550653161473
1311948416830910465
1311948468647272448
1311950163766894593
1311950437671677954
1311950772972720128
1311951720042450945
1311951936162275328
1311954515021754368
1311955665590652930
1311963273588334592
1311968496348213248
1311971981865242625
1311980401389375488
1311989084760539137
1311989257754611712
1311989268957605888
1311994984841859073
1311995229499797506
1311996069744644097
1311996365879336960
1311997425679298561
1311997492284751872
1311999659959881728
1312002545976565760
1312004448835825664
1312007928640143360
1312008966285778946
1312009055347576832
1312010916553265153
1312012982109581313
1312014378221416453
1312017402260062210
1312018041249693702
1312022703059202049
1312025460642123776
1312027164846559233
1312031551123795969
1312032196102885376
1312036915131056128
1312037370263465987
1312040514565345281
1312042773797896196
1312042869792927745
1312044246850039808
1312046890813456385
1312048043471130626
1312050125984927750
1312050125984927750
1312055702345658374
1312059314501230594
1312059542650449921
1312062866023948291
1312065905631920128
1312070422876299265
1312073884175392771
1312074500666728448
1312076272231645184
1312080717355024384
1312086247578505217
1312088180611481600
1312088843739332608
1312091202259476485
1312094570184945664
1312097512531079169
1312100069231849472
1312104099324719105
1312104264399945728
1312105806557372417
1312111213380161538
1312113211492102144
1312115589364637696
1312117492706238466
1312121215490748417
1312123431542878208
1312125242962190336
1312125964696973313
1312132671347154946
1312135654579425280
1312138028903616512
1312142502959353856
1312147947866320896
1312150365484261376
1312161885379149824
1312165469386756097
1312180565957914624
1312195664407748608
1312210766104322048
1312225862989672448
1312227700002689025
1312240965264969728
1312259451479617536
1312261866836631552
1312262849058803715
1312266697441710081
1312270025810751491
1312270114834841602
1312270398025760768
1312273901867732992
1312278156557025281
1312279804373274624
1312285275247304705
1312287731968602112
1312290423260483585
1312290540772356096
1312296371513438208
1312301285962592257
1312304596308680704
1312305705144258561
1312307091420438528
1312307284018688000
1312310066326970368
1312315116965302277
1312315707766509568
1312317716045406208
1312319792897036291
1312319894055247875
1312321268180549637
1312325234989633537
1312328203139252224
1312329408297013248
1312331219573649415
1312332640696045570
1312337012352049153
1312338916138266630
1312340527644377089
1312342149070028800
1312345605184925698
1312346647733719040
1312349297153839104
1312352904150495233
1312357261357002753
1312357884748075008
1312358214344888325
1312358975829168128
1312359674021400577
1312364215412416514
1312364953693716481
1312365871092953089
1312366312375681024
1312368369803329537
1312370114667393025
1312373055113646081
1312376654447214592
1312380395120463878
1312381113868967936
1312384747532890112
1312386287664541697
1312388955111911424
1312389810007531520
1312395228712595458
1312402404680380418
1312403319130910723
1312405907087777793
1312406598778851328
1312407560142684160
1312408269563068416
1312408571200634880
1312410831389224963
1312414606845829120
1312417549418717185
1312418381040095234
1312419233444376579
1312419663129780231
1312421726253445123
1312423012252225538
1312423414498549760
1312425447771246592
1312425930866843648
1312428284337098758
1312429126532374528
1312429887911858176
1312433387236458496
1312433588235689984
1312437214438060032
1312437905428602884
1312441499582300160
1312442447947993089
1312443846412754944
1312446264881999872
1312451223203704833
1312451904706756608
1312456901578293248
1312457731744305152
1312460370490007553
1312464294622097409
1312464963294818304
1312469623820832768
1312473151561846785
1312477534060113920
1312481158379175936
1312483386720579585
1312487118447415296
1312489982121000960
1312494726323433472
1312494982050193408
1312496592646074368
1312498698266406912
1312503457090207744
1312508743397957632
1312513256506957829
1312528355938443264
1312543455424380929
1312558554704822275
1312573654123925506
1312588753857257474
1312603853259497472
1312618952539987974
1312623359319068672
1312627993634840579
1312633294861864960
1312639554646609921
1312643614749741056
1312648052126240768
1312651884927344640
1312656714521554945
1312660077799768066
1312664827584753664
1312665627442794497
1312669220572934144
1312670404130099201
1312672626465267714
1312676371940937729
1312680167542788097
1312682800068407296
1312683647959470080
1312685901366153221
1312688668247760896
1312691206539730944
1312696760960253952
1312701284672299008
1312704945712443398
1312711248262451200
1312712965393707008
1312714203480940545
1312714487544283136
1312718069589053440
1312722629086896130
1312727429081948160
1312730973851783168
1312738952948875267
1312740019203964931
1312743003589685248
1312744358672838656
1312746074646425600
1312746358873481217
1312749737662197761
1312751551749009410
1312751551749009410
1312753144909230084
1312753331702501378
1312754152540438529
1312756751662542850
1312763712990851072
1312767320096473089
1312767509679034376
1312767616713453573
1312767748095774724
1312767829524066304
1312767952115191810
1312768275214893058
1312768947670970369
1312773256403972096
1312773470736904193
1312774810808786945
1312776994002800640
1312778790335057920
1312778804461539328
1312783779883347968
1312784356646301697
1312786046971674635
1312789958445412359
1312790557471760384
1312793744060624901
1312795083423592449
1312795150750490624
1312797046475292673
1312798113686589441
1312798399943585793
1312801637623369731
1312801656556355584
1312802164000141318
1312803204074295298
1312808878715924481
1312814131326615552
1312815329266094082
1312818157132877824
1312823739449475075
1312830728456024066
1312834431019880457
1312834993190842374
1312839653557514242
1312844833682329601
1312848139762753537
1312848431677874177
1312851724676345856
1312856319095967746
1312858874974699520
1312864715668942848
1312870804649115648
1312871705409474560
1312875145145602054
1312890241942917120
1312905342850826241
1312920441862918146
1312935538983403521
1312950638716874752
1312965737879924737
1312984229609865216
1312990079758094336
1312994809418842112
1312997868429598720
1313002588720238593
1313006734039035906
1313007061257551872
1313007882028437505
1313009448139587585
1313009651483639813
1313013196731621376
1313013938200686594
1313017082137673728
1313020649208770561
1313022592924749824
1313023170228744193
1313027994269757441
1313029560473194496
1313032530250039296
1313034075297517568
1313034471353053184
1313036448656916480
1313040103703486470
1313041284047802374
1313047866768728064
1313052372835459073
1313053914112159746
1313058436926578690
1313060555654074368
1313061227246039041
1313064352497520641
1313065894579494913
1313068297156530177
1313068341184126977
1313071620672704512
1313071858061897728
1313072170348818432
1313072213646602240
1313072376213626880
1313073109537300485
1313073535791837184
1313079448024084486
1313080062057611267
1313084979828719616
1313089009191706626
1313090899744874496
1313091797145604096
1313095853024911360
1313097151392735235
1313101749402718208
1313102738536960004
1313103217698504712
1313106998624489472
1313107990820646913
1313108035745837057
1313109168077910018
1313114484626599936
1313117868289142785
1313118029627166722
1313120337756860423
1313124676089020416
1313125362822516737
1313134961009086464
1313139475523002368
1313140798112837632
1313143894457057286
1313144370577715200
1313145990057254913
1313147732803100686
1313148240355880970
1313151218324307968
1313155782691688449
1313157753129623553
1313158044751204357
1313160316738514950
1313161037676412933
1313161250629652481
1313165721992605697
1313166382671032321
1313166987741335553
1313172840389267464
1313174033081434116
1313175726183657472
1313176519448166404
1313178641187168256
1313182700677869573
1313187783985565696
1313190305655652355
1313191548989960196
1313192102336094213
1313193947360120833
1313197698380640256
1313199897642967040
1313199929381314562
1313201508285112321
1313203762950025221
1313206590238068742
1313207143907160064
1313207524850634752
1313207893118812162
1313208252684009473
1313210073569730561
1313210268764250115
1313210568535412736
1313214800932089859
1313219126501011466
1313219942129577989
1313221339491250176
1313224674445348865
1313224792980566017
1313229574508089344
1313230547175583744
1313235037953949699
1313237532587356161
1313252628172812293
1313267728015405057
1313282829569097730
1313297928702705664
1313313026276306945
1313328128169836545
1313346600706736129
1313352176476057600
1313358835948679168
1313359117688467458
1313363775727300608
1313364784096710656
1313365300977577984
1313365772383727617
1313368933035118592
1313369761233997826
1313369856427921410
1313374111477960733
1313376259771117568
1313378041188495360
1313379401330036736
1313383070964355073
1313385750705176577
1313386922979586048
1313387003938045952
1313388389371174912
1313388389371174912
1313388844977356802
1313388875944005637
1313389360209944577
1313390122977685505
1313390257149222912
1313391293251420160
1313392589257814016
1313393822320275460
1313395852329836551
1313397262609981440
1313397341957885952
1313397984311341058
1313398689671581699
1313398801487536134
1313402311310479360
1313407903118905346
1313410752053641216
1313411305764720640
1313415185714028549
1313420157344243712
1313424149067501568
1313424386343546880
1313425919973916672
1313426048336498688
1313426292545474560
1313426524859772934
1313426964594728960
1313430263591055360
1313430972168310789
1313431729164738561
1313433743617650690
1313436739466297346
1313438313529966592
1313439335073615872
1313441305507377152
1313441871851597824
1313442596631572480
1313444093834530816
1313447828631552000
1313451517815459840
1313451596211249152
1313455360129331200
1313457204964528128
1313457339140321281
1313457464717828098
1313462645400440833
1313465326139584512
1313466933308731392
1313468615350521856
1313474519626141699
1313480309359489028
1313480656899497985
1313480776802021383
1313480892015353857
1313480973225529345
1313483352016662534
1313484836217249798
1313493882286505985
1313498884950429696
1313500665059119106
1313502020679147520
1313506489689088000
1313511463143825416
1313516520593666049
1313517525276282880
1313518080841191424
1313520424685371395
1313523199938879492
1313526729949024256
1313533099674927105
1313537514410569729
1313540805563428867
1313541565378433024
1313542119865360385
1313548491000602625
1313549436199501826
1313550697095454721
1313553868245086209
1313563918812483589
1313568796465139714
1313572785755693057
1313575596602126338
1313578380437204993
1313583063637676032
1313588273005187073
1313591600682070016
1313592018564714496
1313599922441277441
1313615020538818563
1313629941284646914
1313630118934245376
1313645220165234693
1313660316132298752
1313675416381652992
1313690514391281665
1313710836171583488
1313713929688961024
1313716161041829890
1313720041834250241
1313721935344422912
1313727677304537088
1313728930575249408
1313735228410802177
1313735414537244672
1313740603461636096
1313741838944268288
1313742192872169473
1313745495114887168
1313747624504295424
1313747928700289025
1313748124427575298
1313750278315876354
1313752482041008128
1313756451647750151
1313759451535618048
1313764665000972288
1313765015103713280
1313770626809823236
1313773801302372353
1313775408614191106
1313780491003273216
1313781164176560128
1313784130916814849
1313785554421649408
1313791975108247552
1313795441113411584
1313798568407371777
1313800080999231488
1313800640947159045
1313805281726533634
1313810549080289280
1313811279686127619
1313811290062716928
1313815101787582465
1313817485788024833
1313823310589943808
1313827253097320454
1313828810165555202
1313829334445064193
1313835034055503873
1313837052186841088
1313839565094948864
1313842377572978690
1313847289115484161
1313852925081530369
1313853257496752128
1313861816502628352
1313867652125863937
1313871726678335490
1313875432840867842
1313877769332363266
1313878033506414594
1313878731010830337
1313880998241804291
1313882178250518530
1313886923161821185
1313891406025568256
1313896030669352960
1313901095270387712
1313901504655319040
1313907378052571140
1313907386365759488
1313908651724279808
1313910048473702402
1313912538577469446
1313913607776800775
1313922012230955010
1313922970608336897
1313925428407607302
1313925976393482241
1313928243347697664
1313930484452392960
1313934103956291590
1313934961356013568
1313936475273203718
1313938067661754368
1313941721949122560
1313943238588469248
1313946452243165184
1313952365737848832
1313956888271368192
1313962305080631296
