1316500630777675776
1316503959171821568
1316506565994639360
1316509263771004928
1316516007440084992
1316529590513197059
1316538661081497600
1316554173379342337
1316555263562805248
1316558314163978240
1316565622583488512
1316569230087581696
1316577986699644929
1316581983594536960
1316584615071498240
1316609151754092544
1316611638078910464
1316618048732712960
1316618940504629250
1316624323528986625
1316638439488409600
1316647181433016320
1316650719722659840
1316654379747831810
1316659392792588289
1316659617611431936
1316660908303630337
1316662071908392960
1316662743458488320
1316665997638561792
1316666106677846018
1316669046243295233
1316669478474719232
1316672209381847041
1316674429405937664
1316675737076736000
1316676236123410433
1316688352507170816
1316688840837357569
1316689436793434112
1316689681761722370
1316696707283910658
1316697169743675393
1316697705402437632
1316700556975501314
1316700950950625280
1316701337774485504
1316701517492101121
1316701701974286338
1316705604522528768
1316705837990068226
1316708368870862848
1316708552367501313
1316715925115039746
1316722167095029762
1316726454097330176
1316727502836965376
1316734113647214592
1316734236372561920
1316734245797150720
1316734519425155073
1316737716491489282
1316737844715556864
1316738356382887936
1316740713502003201
1316745944734420992
1316748307251621894
1316756158334427138
1316757200698667009
1316759218293108736
1316769085410033665
1316770443869655040
1316777507794776065
1316779227916636161
1316787040722153472
1316793244756267013
1316793787327209472
1316801013165162496
1316802044334731264
1316802433843040256
1316811173086461952
1316814082872238080
1316824681421307904
1316830988173889538
1316838568736645121
1316854142673977347
1316883881098846211
1316887632924741632
1316890745760960513
1316892420412334080
1316912525829689345
1316917795255390216
1316923385100816385
1316923953668120577
1316924163433598982
1316938043589349377
1316938871024852994
1316942186118893569
1316946086842564608
1316947622683463680
1316950257335472128
1316952359164063744
1316955090654285831
1316962203178835968
1316964178633031680
1316970935061237760
1316988591650656256
1316988945192734727
1316996016327991297
1316996430586761218
1316996907516928000
1317006153524469760
1317006401026154498
1317009070004424704
1317009872995508227
1317010856266190850
1317024659263483905
1317026007824519169
1317026340072157185
1317026987840475137
1317027404448112640
1317034435544444933
1317034975741452290
1317035608393482240
1317041875472195586
1317043003245015041
1317065120434905089
1317065918644547585
1317066229153034240
1317066722604507136
1317069755983962112
1317070746758258688
1317077779570073600
1317080308672442368
1317083794516578304
1317087631688101890
1317087789385535495
1317088045154197504
1317088184124149762
1317093447765905409
1317096086746529793
1317113000516493313
1317125519284989952
1317126884816089088
1317129745373433856
1317130164254478336
1317133235273396224
1317133498805673984
1317135024144240646
1317140659879301121
1317140659879301121
1317145674564001792
1317147472007892992
1317147559584960513
1317164544096075777
1317176641232138240
1317177489941168128
1317185378567139328
1317188479835545601
1317192559278485505
1317193674892091392
1317206207485018113
1317207940479086592
1317212553831878656
1317212719431311360
1317222306771468289
1317233581878513664
1317242339618779137
1317246121870196736
1317250437255368704
1317252922699177984
1317275453124616192
1317287793715019782
1317290005170069504
1317293455513513984
1317294062899056641
1317297546406981632
1317300145520717827
1317304137063702530
1317316489737728001
1317316656792653826
1317321246955040771
1317327334035185665
1317330453859201025
1317333507153088513
1317333721192648706
1317349273046970370
1317349981771083776
1317353261653848065
1317353663917031425
1317356767370620928
1317363689431855104
1317363987248369664
1317365397008445441
1317367796016111619
1317371075500494849
1317372172847837187
1317376580352495618
1317379873720053761
1317380615734321152
1317382506702761984
1317385989195591680
1317395101115506689
1317396167760642054
1317403660482048000
1317404028658069509
1317407277737861121
1317428445924663296
1317429159837065217
1317430274557308928
1317435021351813121
1317436190233038848
1317437164137848832
1317437917753585664
1317440136137773056
1317440964898611201
1317442436432498688
1317443884767608832
1317445949443039232
1317466179561156609
1317466857566171142
1317467045819109376
1317467128325316608
1317467379358523393
1317467563027095552
1317479553636261889
1317481790542544897
1317482040363610115
1317489741596512258
1317491477983887361
1317491611891232768
1317498400246386690
1317498573378912256
1317501509643378690
1317511794512994306
1317532465884393472
1317548820612280321
1317550480440979456
1317550572657025025
1317563486487027713
1317575879367610369
1317582494431014912
1317612481620054016
1317614566226808833
1317634844122177536
1317638254523379714
1317644437166510080
1317650916808425475
1317652723156725760
1317657068241776640
1317657553904390144
1317661194765758464
1317669351185477633
1317670101663952900
1317709489693339649
1317712561786114048
1317733507989319681
1317735995039645697
1317737429332226049
1317737630600097799
1317741138309050368
1317741575527489536
1317745147552038913
1317745497885429762
1317748091248734208
1317748600126853123
1317750529808764928
1317755724588445696
1317756174301712384
1317760488936099841
1317765232769392641
1317767589020323841
1317769803436732416
1317776569352347648
1317799860511256577
1317810454148702208
1317815012849668097
1317827268018798592
1317827892865159173
1317828233203646464
1317828965977894913
1317832810846056449
1317837662837878784
1317841798773919744
1317841962053951489
1317848110131859456
1317854262441828357
1317857927533719552
1317860730960449537
1317872027798097925
1317884456854638592
1317891961139859457
1317916277894127616
1317918146188038145
1317932334826496000
1317933980910460928
1317951081159094273
1317989853993209857
1317990724239982593
1318000326633402368
1318006708807987200
1318010748556079105
1318015327565803521
1318015854366240768
1318019548012892161
1318020589206994944
1318021049636646912
1318022454288109568
1318023906440065024
1318026696528863233
1318026959893393408
1318027069196963840
1318032847576297473
1318032905197678592
1318034863367155712
1318036275748696065
1318055035721322496
1318067143972327424
1318083271234789377
1318087152421404673
1318089877041205248
1318091773055430656
1318094464573792256
1318096309933408258
1318101757147238400
1318110078940057608
1318112929401643010
1318114303606620162
1318115086406283265
1318115381400141824
1318116091072188416
1318117541496061954
1318118483385671681
1318118972634529794
1318121067920044032
1318147388947591169
1318157538739695618
1318158504541089798
1318160738892959746
1318166464419876871
1318167853669871616
1318168642865934336
1318169942332641280
1318174575868346368
1318175302359502850
1318176497132204032
1318181081330282503
1318181147231219713
1318181516661321728
1318183851248660487
1318183851248660487
1318191936583299072
1318192133388398592
1318200279339126784
1318209796961562624
1318210741791412224
1318210826919051265
1318224675814584320
1318231476152852481
1318241768425443330
1318248394570178560
1318257647448068096
1318267046174470144
1318273653574836226
1318282230548946944
1318286613584039936
1318289370508447744
1318294581071421440
1318296028634738688
1318298436584701957
1318304610134618114
1318324229901709312
1318332903768477696
1318336365071757313
1318339699807715328
1318341430247518208
1318357399355289600
1318357972586700800
1318362718663962624
1318365675681841153
1318366903128092673
1318371634273689600
1318374442733457408
1318377307371810817
1318379017326579712
1318384486346682368
1318385816217939969
1318391407942365184
1318394338804727808
1318397422784053249
1318404142419779584
1318406395306274816
1318406684360888321
1318407958208786433
1318415978498191360
1318426130819424256
1318427715540643840
1318431368938807296
1318431663009927168
1318437069123801088
1318437344790278150
1318438568121884673
1318448323607416832
1318450649386790916
1318454805560320001
1318462214932606977
1318463681605169152
1318466085440552960
1318471898242535424
1318473920933064706
1318476459539800065
1318483239732801536
1318505935875100673
1318507904752709632
1318512291726249984
1318513180809723905
1318514167687491584
1318515913679761408
1318518789768507393
1318528208619270145
1318529860269043717
1318531338291441666
1318531607762857990
1318531727547977728
1318531988605734913
1318532059397173249
1318532337286541312
1318535547518816258
1318536124621410305
1318545405861351425
1318547182518177796
1318556282882764800
1318560806095695875
1318568632016760832
1318569828450365441
1318578762531840002
1318579122096885760
1318580423803351041
1318586291114500096
1318586980423225346
1318589544573280260
1318595059923574784
1318605125242417153
1318613508745932800
1318618210942418944
1318623502807699457
1318636534065590277
1318639836073324544
1318644690409828352
1318648740203405313
1318656511812382721
1318669872822325248
1318688880799875072
1318694963715043328
1318697459246223362
1318700578227191808
1318702450635800582
1318730564321509376
1318730679429984256
1318733562779062273
1318735546940706817
1318735545149763588
1318735702134149120
1318738914316726273
1318742954912067586
1318746512667471872
1318752234050527232
1318760874585120768
1318770810404794374
1318773936004370433
1318778639933001730
1318782531823497218
1318793638294417410
1318802907760709638
1318807330012626944
1318808082843987969
1318808181284380673
1318808884664963072
1318809539710308352
1318813795528044544
1318813872233488386
1318822404945186818
1318822693362302976
1318823760221200384
1318824946722721792
1318825688397271040
1318833358592376832
1318835965276811264
1318844387741159425
1318844593362776064
1318844775928266753
1318845501073092610
1318849113971027968
1318851843938660352
1318852743528816640
1318854643032543234
1318871518164602880
1318876040463224832
1318877968362450944
1318879128200753152
1318879540681142272
1318880114537500674
1318882051118964736
1318882435115880450
1318889689332412416
1318898987303251968
1318908308242141185
1318909750961057792
1318918009826676736
1318920650778497025
1318931521177223174
1318944090201890817
1318948545676808193
1318952992247226368
1318954729888608256
1318960752120659969
1318972865463472128
1318983745840402432
1318985223141351424
1318989373526867969
1318997214186725376
1319005422137741312
1319008531362689024
1319016221941985280
1319020466338549760
1319031560276901889
