1344546899030904833
1344547129092698113
1344550546812891136
1344555289782181889
1344556235748765697
1344556986180972544
1344558671909548032
1344558734496968704
1344560440823730176
1344561426501951488
1344563087517605891
1344565204550500361
1344568988236320769
1344573055478198273
1344575186390102018
1344576530815578112
1344580995421495297
1344581040673853441
1344584079656636418
1344587828001386496
1344587853704130561
1344591629936541697
1344594004109897729
1344595403489095682
1344599179994120193
1344599296969240577
1344601566570020865
1344602983250718721
1344606728529141761
1344609003360444416
1344609570237386753
1344610503000256513
1344614283032682499
1344614355430744065
1344614767282049026
1344618219500404739
1344621829554491393
1344626023506333700
1344626209959915520
1344628119123218434
1344629611020345344
1344633625137061888
1344634416774209536
1344635801758478336
1344635851029041154
1344638477720309760
1344638758495395843
1344640035325423616
1344640618262372358
1344644179239034882
1344644823693881344
1344645458971553815
1344647500985208833
1344647543087624195
1344648492095066113
1344648677244063745
1344649796175462401
1344650040925712385
1344651377084141568
1344652813490671618
1344654862903103488
1344657034046808071
1344658252768927745
1344658279553761280
1344659479623831553
1344661100613271555
1344664029382537217
1344664775859560450
1344664887268671500
1344667572248182788
1344668517124210689
1344671414041931777
1344674107737186305
1344674676874862593
1344675165767163908
1344678041734303745
1344678451370893319
1344682225661485060
1344684117502402562
1344686001004945408
1344688158777241604
1344689783205986304
1344690707823529993
1344692476574097414
1344693550944976897
1344695368685121543
1344697332537954304
1344697381703573510
1344697417778794502
1344700097360179200
1344701100096516097
1344704880993312770
1344706642617765895
1344707216889290752
1344708552779300864
1344708840089116677
1344712426051293186
1344713776583634945
1344716199427379200
1344720450627260416
1344721141454221313
1344722945558646784
1344723749426388992
1344723932985876482
1344726198736330760
1344726373257146370
1344727526422192128
1344730242158653443
1344731374381649920
1344734973190938625
1344736089941168144
1344737137900584960
1344738500814528518
1344738929552089104
1344740263852449792
1344741023134703617
1344742912475746306
1344746398449766401
1344750178025279494
1344750847364886551
1344753768500506624
1344753948473892866
1344757723003408384
1344768944398340108
1344769600962113540
1344772333492428803
1344773105953157120
1344780378045878273
1344782343198879746
1344785409272897544
1344792828623417344
1344794108804608000
1344795374746275841
1344804904272093185
1344808323258998785
1344810903489810432
1344821232030654464
1344931373862301696
1344935237759987713
1344935237759987713
1344935324691132416
1344939117029818368
1344942691788890114
1344946468826836998
1344948937334075392
1344951689959366657
1344954403950891008
1344957877929332737
1344961586419609600
1344965707096858624
1344969116310913026
1344973300317958145
1344976670424494080
1344977338619097096
1344982010960490497
1344984596727926784
1344987758008414209
1344991771705544704
1344995667022925824
1344999083400974338
1344999878984953862
1345003089917427712
1345003480189194245
1345006613061488642
1345008943018422272
1345012474165293056
1345012905251647488
1345015307321159680
1345019447711387649
1345021967745761280
1345023347810299908
1345025971880157186
1345029513936162817
1345029980544241664
1345033288847556610
1345034459851141121
1345037333217873920
1345040838724763648
1345040898992828417
1345043717686763522
1345044613678002177
1345048466620379137
1345052164637376512
1345055938168946692
1345056183267315713
1345059713474580481
1345063487869882368
1345063889638219776
1345067266065330180
1345071070345355271
1345074813971255296
1345078587330678786
1345082622628814852
1345082989437472771
1345086136952135680
1345086595955896320
1345089911829852162
1345091021026242561
1345093686695137280
1345097461648543744
1345098497922658305
1345100483082547212
1345101315446362112
1345103299175985153
1345104781493338112
1345107146099331076
1345110492478644229
1345110799573000192
1345112565202919424
1345113967669223425
1345116335940931585
1345117042324725763
1345119884221542402
1345120111439429632
1345120205450702848
1345123885918822400
1345127664185712640
1345131435439476736
1345135211143692291
1345136957618343936
1345138985287475202
1345142508574138369
1345152428132491276
1345164278400217090
1345248319795302400
1345278738053951488
1345279716329201669
1345283401016897536
1345286265730686976
1345290127552229376
1345294214121271296
1345296992650584066
1345297730281869313
1345301631047507968
1345303997058527232
1345304253083090944
1345305874659737600
1345308938921762816
1345309788016668673
1345312682493284352
1345316439805349889
1345318776686960642
1345319992687001600
1345320505595883521
1345322153823113218
1345322885733347329
1345324006786928641
1345324328108371969
1345326564368658439
1345327332110823424
1345329222676525057
1345330312486801409
1345332643169234944
1345334104640937984
1345334897519579136
1345336495268384768
1345336991689433088
1345337015102042112
1345339058759688194
1345339337039372289
1345340041980227586
1345341822223208448
1345344158731563015
1345347626338816000
1345351279892180992
1345351801634172928
1345352988500570114
1345354643233255427
1345355399516610560
1345359287246344192
1345363567558713345
1345366494927061003
1345367059551694848
1345368039580196864
1345370371235708928
1345371018328735744
1345373099450130440
1345373540548227072
1345374586448334849
1345375079589437440
1345376019486748683
1345376723588665346
1345377149126062082
1345381261515304960
1345383374102421506
1345384388373204998
1345384885175918594
1345385564938399745
1345388335217463298
1345391946471190528
1345394090888847360
1345394156064157696
1345394845951680513
1345396077424488448
1345398559340900352
1345398983460614145
1345399569203539969
1345401151815118850
1345402338614407170
1345403189189816321
1345407222113837056
1345410538323517443
1345411574945742849
1345415398951419905
1345418469395869698
1345419839050051584
1345422469344206857
1345426124592082944
1345426833655918595
1345429869870669826
1345433572300238853
1345433710909382656
1345437570495361024
1345437817963499520
1345440101267099651
1345441667717996544
1345445750969393156
1345447548006395904
1345448809128751105
1345451791912214533
1345453003298500614
1345456340962050050
1345457618022764544
1345461543857778692
1345462081307484167
1345463509333790724
1345466095579361280
1345467400024694787
1345471299481645057
1345475072576860160
1345478887975874560
1345479535106666496
1345482641819258880
1345486273612447744
1345489453649960960
1345489796865683459
1345494079250067456
1345497796993048587
1345501529772613643
1345501529772613643
1345504896464941057
1345506749227413504
1345506751089692673
1345592336127041538
1345641103177953281
1345643647597993984
1345644911060799490
1345646162884374529
1345646889849511938
1345647991517048832
1345648628602458112
1345648814896668672
1345651370561589248
1345652564386308096
1345653503486799872
1345656351490506752
1345657465111793664
1345660919326650369
1345662494170370048
1345664889013096448
1345667840599322624
1345671489853550592
1345674941644075008
1345675552255074305
1345678999901659137
1345682109445373952
1345683624377675777
1345686816167485440
1345687700347752448
1345690214401007616
1345691375149473792
1345694308406599681
1345694743230091265
1345698078821654531
1345701151480623104
1345704544651669505
1345705372070383616
1345710116004368385
1345710873063653379
1345713375972646914
1345717157716520961
1345719644238344197
1345720348973686784
1345722432091533315
1345724922660868098
1345727999849730048
1345731808575549440
1345732651601317888
1345735584434814976
1345736754452697088
1345738524566441991
1345738823658057730
1345740743936274434
1345741516933902338
1345743728951095296
1345746918224367616
1345750515066437633
1345751998356987905
1345754088999424002
1345760091279130626
1345761991437254660
1345764419112992768
1345766463056060420
1345769612928053249
1345773156825505797
1345774231976554497
1345774393629188101
1345777369420849152
1345778396161314818
1345781322145554434
1345784596215042054
1345788338687631361
1345788421411909637
1345792221778505733
1345796255411265538
1345801097101910020
1345804372282929152
1345807532586106881
1345807722114142214
1345808830874193922
1345811240568958976
1345815795478237188
1345816025170903040
1345818511243960320
1345823550033305600
1345824590984077313
1345828051255492610
1345830419476979712
1345833422086942721
1345836962457006080
1345837230531751938
1345842286387752963
1345845055505002497
1345845269292867584
1345848869675012099
1345851813707341827
1345852559106449409
1345856373469413376
1345860182212009985
1345863761069027328
1345867284255006720
1345872479324090368
1345990579499528192
1345993909936205824
1345995437707309056
1345995881544376321
1346001013216567296
1346001665342791680
1346003999779127296
1346005101928980480
1346005583577681920
1346006007437254656
1346007188129669120
1346008667183841287
1346010747776733185
1346012064674951170
1346013876014477314
1346014201895129088
1346014799755431938
1346016913034539008
1346018491309109249
1346018531511422976
1346021940260122643
1346022310495580162
1346025182205501440
1346027131806093312
1346028732537057280
1346029701387722752
1346032676638240768
1346033834966581248
1346034188689010688
1346036184791863297
1346039466910244864
1346040248049004547
1346041519476793344
1346042907036364801
1346047010265321474
1346048698086797312
1346052055903952896
1346052548080369665
1346057589646372866
1346058034620018688
1346061580451115008
1346064754872348675
1346066075209920512
1346066847066710016
1346067604251815936
1346068119425527808
1346068720037154816
1346071377204432897
1346074748086849538
1346078537367871490
1346082276015288320
1346083042226565120
1346087073640546307
1346089222172778496
1346091369769672705
1346093650980319234
1346095544662437889
1346096336685453315
1346097722877685765
1346100549284982787
1346101583432572928
1346104241526628354
1346104730360160256
1346109275354103809
1346111843438358530
1346112902852354049
1346114024551960577
1346116679789670404
1346119335979454470
1346120452897439746
1346124228098097155
1346124583989108745
1346128002254573571
1346131663508680704
1346131776951881728
1346135461123805189
1346135841974988804
1346139984135409666
1346143856677404672
1346143918434512896
1346145701168885762
1346146987834548233
1346147427749924866
1346148621289459717
1346149108743086084
1346149936505761795
1346150565512966149
1346151391283322885
1346153451311529987
1346155264790188034
1346156256743055360
1346156464772177923
1346158201222418432
1346161977966530560
1346162214017884162
1346164948154654722
1346165750910885895
1346165750910885895
1346167845173030913
1346169526627532800
1346169929645621248
1346171611486040064
1346173388818161668
1346177076668329984
1346178008281985025
1346180193354977280
1346180850526904320
1346180914070618112
1346184900144148481
1346185579264946178
1346187401123815426
1346187742246535170
1346188811915718662
1346190147205947392
1346193577118986243
1346197208203407365
1346198231059992582
1346199726966923272
1346201623245295625
1346203500095500288
1346204341443682308
1346204601809330176
1346207275392716801
1346207551856267265
1346211049524121600
1346211377233481730
1346214825639116801
1346214978274123777
1346218599568924673
1346219190643023875
1346222374765649927
1346222733747740673
1346226149005910016
1346229672149983235
1346353272458768386
1346353776848986112
1346359690767327233
1346362044358995968
1346363216276975616
1346365654778212352
1346366273010229249
1346366873395458048
1346367240283811842
1346368798694252544
1346370131027521544
1346371232061661186
1346373370112163840
1346375546423242754
1346375790754222085
1346378415763554307
1346379390360412160
1346382236430565376
1346383559884419073
1346384297607966720
1346386014726725637
1346386384739835904
1346388081126092800
1346389088493056006
1346391894297866240
1346394352931790848
1346395246909935616
1346397780047142912
1346399952541540353
1346400270994038784
1346400825665597440
1346402250038661120
1346402561385906176
1346403569801506816
1346404273693863936
1346405048524431360
1346406567562907648
1346410805059846148
1346411593974894595
1346413679785504768
1346415360766054400
1346416653513482242
1346420792343588864
1346423932711301121
1346426677581197314
1346428280681984002
1346429827969114117
1346431651388256261
1346433298319478784
1346433688339415041
1346434596892717056
1346436477027278853
1346439008872751104
1346443295367573504
1346446372464160769
1346447208577708033
1346449220925009925
1346450502955970560
1346453494283304961
1346454745830084608
1346456820647424003
1346457272344580096
1346460944092815361
1346460979358478337
1346463939282964482
1346464272348368898
1346467459272904706
1346469240660889601
1346470952708624386
1346474787267366912
1346476439005085696
1346478890248675333
1346479234454179840
1346482337156984835
1346482994576564226
1346486111879782401
1346486864086228993
1346487775995056129
1346489886937808897
1346490448735588352
1346493158390022144
1346494422486286341
1346496933356052481
1346497679115882497
1346500959833264128
1346502973325672449
1346503004548194305
1346509635860262913
1346509746573086721
1346510658439966722
1346511091908702209
1346513542632140804
1346517596292739073
1346521343966154753
1346521511495159808
1346525119078825989
1346529145371516930
1346529753268965378
1346531914363101185
1346532035955986432
1346535942207713280
1346539464907051008
1346540639945715713
1346542578066460674
1346543238228844545
1346547795927425028
1346549490375929856
1346551856387022850
1346552626209550340
1346556142193930242
1346558922124091393
1346560207871209473
1346562117059559424
1346564631087755265
1346565779106525185
1346565887415836673
1346566415936090112
1346567530916306944
1346569662989885440
1346570153962692609
1346573437347770368
1346573475813732353
1346577040972111873
1346577212724547584
1346577422444093442
1346580238201970691
1346580987073982464
1346581122591895553
1346584761834287104
1346584835666685954
1346588536795877377
1346592060128694272
1346595686930911233
1346604403986477062
1346617757966733313
1346677987362693122
1346710770340532224
1346717474386018307
1346726667562180608
1346728534581129216
1346733314615472128
1346741218395512832
1346744162180341760
1346744424945115137
1346746172577296385
1346747081365610499
1346747200223764482
1346749107281534976
1346751781280346114
1346753832546684929
1346756141238259713
1346758399585824773
1346760874367864832
1346762015361085445
1346762684285542401
1346765956593446912
1346766481162444800
1346769913566945280
1346772821922492419
1346774007916470272
1346774927563780096
1346774939681107969
1346775567627153409
1346775567627153409
1346776096247844864
1346777686677590017
1346779351497510913
1346780922125938688
1346781306991087616
1346783421205458944
1346784153107365893
1346785478692007938
1346786067018608640
1346791001315282945
1346793403141513216
1346794145386557441
1346796501805232129
1346798114615808000
1346799009466347520
1346802350502125569
1346802873749934085
1346806379747672067
1346807059774398465
1346810297131159553
1346810883649880065
1346811256502689796
1346819121707671554
1346819769689919489
1346821742006775813
1346822208660893697
1346823042169761796
1346824420350976000
1346825698351198214
1346826930075611136
1346827398726053888
1346833906356649984
1346837678457823235
1346837799413145603
1346841454795083776
1346841808098226182
1346845228423004160
1346845349651116038
1346848440865726465
1346849008208121857
1346852778358972416
1346855234203754500
1346856555019431936
1346859480689074176
1346860327825235969
1346863007138242563
1346863804056035330
1346864103671746561
1346867939279036416
1346871654085922817
1346872167049388036
1346875427260809216
1346879204042960897
1346880065292951557
1346882976861229060
1346886779576737795
1346886817409347586
1346890001288720386
1346890526784675841
1346890817328263169
1346890985754791940
1346894304468377600
1346894496097841152
1346898076410155008
1346898315997278210
1346901851271168000
1346903482310258692
1346905626169933825
1346905696227504129
1346906685647020036
1346910296506462218
1346912606993305600
1346914013515567104
1346915788645658624
1346916677645172736
1346919036811034625
1346919959058931712
1346921175830523904
1346924503738294272
1346924608180506624
1346925365227364357
1346926185507385346
1346926808256622595
1346927492322377728
1346927947555483649
1346928515413897218
1346929502882988033
1346930029146628096
1346931447299506178
1346932051228897281
1346932142366814212
1346933990683508737
1346935825699721216
1346935918100238336
1346935991903293440
1346936587536445442
1346936748329365505
1346937244762992641
1346937866065240073
1346939602179928071
1346940346463211520
1346941841317441539
1346943374893395970
1346944092916355072
1346945224745103360
1346945528500690945
1346946055779217409
1346947150664654851
1346948217968054273
1346950628153585665
1346951357501218822
1346952679952683009
1346953504280100867
1346953931704958985
