1283642522086944774
1283642771291561985
1283646294389518336
1283646546005970945
1283650069476986880
1283650378823880704
1283651327705276422
1283675174722834438
1283675487055863809
1283680179198595074
1283681124292661248
1283684833844252672
1283684994225930240
1283685383293865986
1283685733182701568
1283692926967648256
1283712711956856832
1283713092518580231
1283713261083463680
1283714315367985152
1283714590178775040
1283717162176323584
1283727927872561152
1283728616010981377
1283728812107341824
1283730316327358464
1283740291242041344
1283740292722688001
1283749590676709378
1283749681428914176
1283757821763489793
1283758795714428928
1283760014327525376
1283760240354304000
1283764574219431938
1283765580462321664
1283782659093790723
1283785724836315138
1283807686992244736
1283818040111570944
1284010815700557825
1284149613201625088
1284385942657273856
1285126955331981313
1285145322990206976
1285145830224269312
1285167733013913601
1285234500180619264
1285590560695357440
1285855830399737856
1285869607228715013
1285869644209967104
1285884633658400768
1285912653081251841
1285940734940635142
1285940733598408706
