1349711651491246083
1349723808610070528
1349732021472428032
1349774808725254145
1349781313751035909
1350080310613053444
1350080681150439424
1350096149982679040
1350113262990487554
1350129369071628288
1350154535159951363
1350154538767036419
1350170390279106560
1350173411729924096
1350178447675559940
1350450484688146434
1350483199760232451
1350515182125133831
1350875807527399427
1351152366364614657
1351179794348724230
1351212780997783552
1351244465911066624
1351268625089503245
1351526100346802183
1351550152239144960
1351562563620900876
1351589290527105025
1351595281192726531
1351605714343636996
1351632020015878146
1351639723215888386
1351877139587588099
1351998977999314947
1352011005757448194
