1349641688965238787
1349701297658802177
1349715417200283648
1349990949238222848
1349999764218261506
1350056639051698177
1350080298755584009
1350095406110183427
1350135629154316289
1350213422282022912
1350488527151226882
1351064654873767941
1351066197803085826
1351084769073889280
1351086172831944710
1351118636761583616
1351132007816945664
1351146496851398662
1351170981944045571
1351258516204515328
1351433055517466625
1351433059791417344
1351453505366716418
1351456038596313088
1351464415128940547
1351464734277705731
1351487750864842754
1351503285182746626
1351514402273562633
1351533304529489930
1351790585838006272
1351794103613337600
1351812206841757696
1351831384013332481
1351842909046370304
1351870342063661056
1351888459347197953
1351909850691887106
1351919512258490372
