1286193626708574208
1286237301098586112
1286249749235077121
1286296168645918720
1286321694639038465
1286400039221448709
1286560981678796806
1286591393432035328
1286610623405662209
1286662465569394690
1286667166486605824
1286677223718686722
1286859044154744832
1287036185630695430
1287130935281029120
1287646954370072576
1287686739461640192
1287689800913424384
1287753853530705922
1288024061906477056
1288052495768526848
1288107937928368133
1288113375595999233
1288154544753577985
1288161407415058433
1288365183308632065
1288407802839470081
1288420627817390080
1288442870697992195
1288465698906353665
1288486923674288135
1288503711736705027
