1336808343101448194
1336815892521512962
1336823945413189633
1336831495189753859
1336839548370874368
1336847098067738627
1336854778316353537
1336855150787497985
1336862700916404224
1336866223884218371
1336870753782919169
1336878303714680834
1336885350044741632
1336889376484319233
1336892899464720387
1336897182478299136
1336900952713015298
1336908502724390914
1336915548823760896
1336923098734587905
1336930145324716036
1336936923932266496
1336937694803464193
1336944741242560512
1336952290872356864
1336959337646919680
1336966887398367235
1336974940172644353
1336978500448780290
1336982490033041409
1336989536262479872
1336997342260699137
1337004636008566784
1337010425662156802
1337012437439164416
1337018249754632193
1337019987265990656
1337023258860916736
1337027070753431553
1337029190059782149
1337030808343883777
1337035086429040647
1337038358036537347
1337039057667289088
1337042636226650119
1337044931588796417
1337046002285633543
1337048173563539458
1337050186246467593
1337053206157938696
1337055679698391040
1337055704323125249
1337055732936675331
1337055756382777344
1337055756382777344
1337055779917090816
1337055785021534209
1337055792361566211
1337055789773713414
1337057299664396296
1337057735700074498
1337060521426694146
1337060629354598404
1337065285560496128
1337066610297892867
1337068557046321154
1337072835278368770
1337074723352526848
1337076106743209985
1337080385163960320
1337083908442165252
1337085016246013953
1337085127990665216
1337087683450036225
1337088516199571458
1337088827492610056
1337089138298925058
1337089519628259330
1337090434674401282
1337090954872856576
1337095232874295300
1337098505739878401
1337102782709571587
1337105054487044096
1337109653638033411
1337110332410621952
1337110364148944896
1337113855764406280
1337121153794629635
1337125935401857025
1337132987331321866
1337133484830285832
1337143324411564037
1337145664946524165
1337150346028847109
1337150373858054145
1337158147576827905
1337159996132483078
1337166454165286912
1337167868409094144
1337170981958389761
1337171486205833219
1337174253792354304
1337180796822691841
1337185071841890307
1337188347433922563
1337195897025941504
1337200677953658882
1337201888794570754
1337203446735364099
1337210996042190848
1337218043227803649
1337223830432079873
1337225592400384000
1337232303160918022
1337232638776651779
1337240188494491650
1337254784584257536
1337257158384214020
1337262432683761664
1337264599209549828
1337268374712233984
1337276427029393409
1337283976524931074
1337292029978619904
1337299580120166401
1337307633594888194
1337315182603808770
1337323235755614208
1337330785276350466
1337337832843702274
1337345381936599040
1337352427884961793
1337360485826646017
1337367779733860354
1337374825795489796
1337381872725336064
1337385671212863490
1337389925252157441
1337393063401033729
1337397223450173440
1337400496664047617
1337405024842944516
1337405785907728384
1337407715405082633
1337408296072982529
1337412322898350083
1337415846159917057
1337420123758530562
1337420643831320580
1337423657652670471
1337423895285075969
1337424537022042114
1337426443966570500
1337427674420146180
1337429938824241157
1337430693509382145
1337435224133808131
1337437413984047105
1337438495229489154
1337442521710997506
1337447756928069637
1337450071454064642
1337453594732269576
1337457875682254849
1337460895459528707
1337461395835633671
1337465423261028353
1337472972928520192
1337475237319946243
1337475992315600900
1337480522717667328
1337486522170413063
1337488323435257858
1337491377853181955
1337491376850792449
1337491380923412482
1337491384601755648
1337491846763831306
1337495369702371331
1337499144441659392
1337501585031782402
1337502412534374400
1337502919671894024
1337504429466144769
1337511476244967428
1337518522524528641
1337525568749842432
1337532621593698306
1337540186293485568
1337542744907145222
1337547767330320385
1337550233346203648
1337555768485273600
1337563821347659781
1337571370415386625
1337579424645066752
1337586973414989824
1337587679039533060
1337595026214285318
1337602576083283968
1337608817950007299
1337611635897348097
1337618179489722368
1337625225169674240
1337630763571949569
1337638814676897794
1337646364663144450
1337654417747824642
1337661967545344002
1337670020529262592
1337677569999638528
1337684616476565505
1337692166492139525
1337699212658667521
1337706762355531777
1337713810480705541
1337721359456215040
1337729412150784000
1337750092254736385
1337755332806840327
1337760114019799040
1337763637394550786
1337766495716306944
1337770683829542913
1337774710092947458
1337778233488658446
1337780246813282305
1337783015007801346
1337787041308942341
1337787597280718848
1337788458673246213
1337792074503086080
1337796857305640964
1337801450248941568
1337806167444246528
1337811957609533440
1337820507123691520
1337820985962192896
1337821518726914051
1337827810136698882
1337838833828827141
1337840393027727360
1337846684563468288
1337852975927201794
1337866464582307846
1337867108110229504
1337879429360521221
1337883608103723017
1337892486438653955
1337900036181667843
1337903836145577989
1337905069606531072
1337912259008487426
1337912259008487426
1337917903883014145
1337942818959077376
1337957918088572929
1337970752201629702
1337993150334439426
1338008249770135552
1338038448138096640
1338053547804516354
1338061349168025600
1338083747258896385
1338098846614876160
1338109561715257346
1338131879594225664
1338136600031731712
1338140511136329730
1338149429463879680
1338151698502733827
1338154228922150912
1338156468982444032
1338159244621844485
1338166797397352451
1338169813726875653
1338174346070724608
1338179684153090049
1338181895276912640
1338183009250537473
1338189443514109958
1338196996943974402
1338198754361552897
1338204543256027138
1338207310737408000
1338212096702623746
1338215088701001730
1338217125517828096
1338218818058006533
1338218919677538305
1338219643123732483
1338227694992039937
1338233986317946880
1338242794461270016
1338250595900289025
1338257138934833152
1338263203055349760
1338272238378885122
1338278530027827201
1338287458887360514
1338295894614151173
1338302941401374722
1338313387260977152
1338314013776752642
1338318040300130304
1338328861759729671
1338335656779591682
1338344212916482051
1338353020883623937
1338360570563551234
1338368623900053506
1338375921657634816
1338380704351203334
1338388253301493760
1338402094718521345
1338411154281025536
1338422227113553921
1338427260475486210
1338438587994566657
1338444373294522368
1338449910430101505
1338468787838967809
1338469459984572416
1338472560586076161
1338476261040152577
1338476337540034560
1338477523802357760
1338478412655030272
1338480109280514048
1338483897982652416
1338486262232211457
1338486738210201601
1338486914131771394
1338491435155382275
1338492910766071809
1338493092488425477
1338498993584812035
1338506538550505477
1338509118412365829
1338514334687916037
1338516514664812546
1338516598886445056
1338518109360152578
1338522388024205312
1338529936857059330
1338531698557022212
1338532956642684929
1338534751003664387
1338537486348324864
1338539378788937739
1338542016272031744
1338542528648318978
1338544314331373570
1338544785565638667
1338548056359362562
1338552585775616000
1338555858926641152
1338557619053633536
1338560135820697609
1338567685488173058
1338570705244319745
1338570956994973702
1338573502476115968
1338574984583802881
1338585805166526464
1338588679439310860
1338594567348756481
1338598223041212420
1338599289707245569
1338600565547405318
1338601662013911047
1338602319206887424
1338602916324794371
1338603720767119368
1338608431855497217
1338610467447693314
1338610820746457093
1338611674731917313
1338612812831207425
1338617979836174337
1338619788411670533
1338622153311260674
1338623434406965249
1338628084879265795
1338631202043883523
1338635160661667845
1338636089637150720
1338637167879483396
1338641347566309377
1338646716858286081
1338647462203060225
1338648608418181123
1338652357727563777
1338653754963484673
1338660045173764098
1338665329074069504
1338673887245193217
1338680179401568257
1338691504659984391
1338695280108199937
1338704335774101506
1338711634186035200
1338719458483974146
1338724221527220230
1338733029473316864
1338741079085035521
1338748628106665985
1338756681082212352
1338764230393204738
1338772283851214851
1338772689457213441
1338779833938096128
1338794429629550592
1338801476358066177
1338803650517458950
1338809281517379584
1338813555689320448
1338816089090875399
1338819849355714563
1338823623700848640
1338827397962084352
1338831182138667009
1338834950850797569
1338836285276921856
1338838735841005568
1338840537479176192
1338841095816429568
1338842497443827720
1338843972106551296
1338846288016760833
1338850048612904960
1338851480640442370
1338852411499294720
1338853826577788929
1338858398075383811
1338861379034333186
1338865152888766476
1338867963596660737
1338867981200355330
1338868931797250050
1338869644820561923
1338876487227895808
1338882510286172161
1338889306283368449
1338894842206818304
1338900881572573185
1338902202744758273
1338902267601309698
1338902894146273280
1338909437214380032
1338915980597211139
1338916018547281922
1338916076982296577
1338916076982296577
1338916103293186048
1338916150357483526
1338916162772602880
1338916175628152836
1338916188378836992
1338916213313900544
1338920394015772678
1338922523589816321
1338924285310726144
1338927522013040640
1338933746762919940
1338936099146780673
1338936527011844100
1338936806994284547
1338936815814840320
1338944320829874181
1338944335220498436
1338947383187673090
1338948696046673920
1338951812242694144
1338951974172184579
1338953534394556416
1338954323322171393
1338955238989049859
1338957504810774528
1338959707671674881
1338960320291868672
1338960822274568194
1338965223596765188
1338966815288905728
1338967318592966661
1338975371727937539
1338976031366144005
1338976630014881799
1338982179070758913
1338983579414536193
1338991004557463554
1338991434444144641
1338993517004267521
1338996352995430404
1338997517854396416
1339001292556021760
1339004820062146561
1339011107122458630
1339012113835102209
1339017399492878337
1339023690802081792
1339030736683347968
1339037532328259591
1339037782916935682
1339041557693886464
1339043571316510722
1339051121176961026
1339059174915919872
1339063652674990080
1339066725678141441
1339074777470939139
1339080500703604738
1339082326748368896
1339086605584379904
1339090381745623040
1339097929756397569
1339104975822188549
1339112525946871809
1339120580440846337
1339128129030381569
1339135175985344513
1339142724600131584
1339149774189158401
1339150383743168512
1339157321059065858
1339164367384883201
1339171674709762050
1339175525101789185
1339178963864838149
1339182236952911874
1339186013088837633
1339189786783985665
1339191976730628096
1339193565277282304
1339193581047844867
1339199737770217472
1339201112440786948
1339204887134007296
1339208677509754880
1339211113146232832
1339216211918327809
1339217608470630402
1339218074252107776
1339219334187667457
1339219984736776197
1339220175120257025
1339223782150561794
1339225702973939712
1339226155942080513
1339226154486652929
1339226158186057729
1339226162430693378
1339226168927596544
1339226167233179649
1339226165077303303
1339226172857741334
1339227536417574913
1339231312058716162
1339233329959346177
1339233455213858823
1339236357403762688
1339237856448028675
1339238877807173633
1339243137051615234
1339243891237666816
1339246659541327873
1339247169887408129
1339248882333724675
1339254866313670657
1339254997733740546
1339256382864896001
1339256473986035714
1339259242973442062
1339264780922728449
1339266540273692673
1339266918499356677
1339267971043254273
1339269117455556613
1339269310905274368
1339269483819638785
1339269593207087104
1339271573430300680
1339273335352553477
1339277110888820740
1339279408620851200
1339279604184440841
1339281640074453000
1339283832751722500
1339284912755666946
1339287932411273216
1339287931308048384
1339292461437513729
1339295732847833098
1339297597274677252
1339299007198269443
1339299761803898882
1339305295655288835
1339307561489752065
1339315110519693318
1339322661344862213
1339325479954878466
1339331719791431680
1339337761237716992
