1301280730530623492
1301293895637180416
1301384572756611072
1301384675357872128
1301384680189702149
1301384678734258176
1301384677027123201
1301384683134083072
1301384681666097153
1301392332206600192
1301399837225758722
1301404165873205248
1301407092394295306
1301407297277751296
1301409430291046401
1301410770798940165
1301412186938642435
1301414772794163200
1301414772794163200
1301415069503426560
1301419624102232065
1301424686308491265
1301429839451303937
1301435185863553024
1301440163973865473
1301445045166501888
1301456035237048322
1301457854214410240
1301459008528822272
1301464182819352577
1301466316352761856
1301469729018740736
1301470347208916995
1301471228557955077
1301474795205414912
1301479796208291846
1301481615084916737
1301485035476996101
1301490210723835906
1301494151637282816
1301494528780709890
1301500515814199298
1301501992020389889
1301506184936148992
1301511229287129088
1301515142002364418
1301518686692536322
1301524752650194945
1301529288576036869
1301533970929266689
1301539053632970755
1301543616188428289
1301548750549254151
1301548761223704592
1301553735726923776
1301558385029132292
1301558718392303616
1301563773988282368
1301565815494451206
1301570776152276992
1301575813331062786
1301579728290295808
1301584262588751878
1301587803264950275
1301602635628400642
1301607795343712256
1301612428002766851
1301617785726996480
1301621419835564032
1301622910071824384
1301625287315255296
1301656394807103489
1301747020009533440
1301747587414994945
1301747585837871104
1301747591735062530
1301747590363521026
1301747588895473664
1301747593177948161
1301754592758296576
1301762229440843776
1301766331889483776
1301769463692496896
1301769649663639553
1301774742354046977
1301775113587757056
1301775295213699072
1301780990986268673
1301786424526680065
1301792039990956032
1301795071239561216
1301797506809032706
1301803059920633856
1301808638881918976
1301814222310060032
1301815578265563136
1301819617413914624
1301825471529857025
1301829266280263683
1301833865028341760
1301838167662829569
1301841545226850306
1301845212193488896
1301846047300485120
1301850853494730752
1301855389823184901
1301859880773574656
1301864043368640512
1301868135415504898
1301869426929733633
1301869458064125954
1301869482743300098
1301871884515115010
1301875233599688704
1301879245464010753
1301882812895813632
1301888918166687746
1301895753040908290
1301899433366425601
1301901744251842561
1301921867033464832
1301925598646984705
1301926133919776770
1301928182887653376
1301932018964496385
1301932171452657665
1301935867213369344
1301939807820689408
1301942748858200066
1301943358517018624
1301950570136297477
1301952092949671940
1301954846526967810
1301958361076903937
1301961870694404100
1301965833191784450
1301970164494331904
1301972182617264129
1301972936061005824
1301973557468114945
1301977203916365824
1301986153025933312
1301993514746744832
1302000668278951936
1302008025507663873
1302040638565879809
1302074664748019714
1302106106689454080
1302109377428676609
1302141821297061888
1302154553165402114
1302161016290185222
1302166076940263426
1302171303336718340
1302175828642598913
1302179145292677120
1302182573779623936
1302183621294526464
1302186124148903936
1302189648467369985
1302192715019542528
1302194513700683776
1302197273867300864
1302197337813643264
1302199867197009920
1302201429260673025
1302202428411072512
1302204822771425282
1302206663676628993
1302211124134400001
1302214004060938240
1302214899452571648
1302218399184031744
1302222120391503879
1302225697423994880
1302229061989740544
1302229665537556480
1302235703414345731
1302236105421590528
1302237008513904640
1302237165737463809
1302239717405138944
1302244506952241153
1302245410740854784
1302245579209281538
1302245795551420417
1302248763491319808
1302252265424793601
1302254227775946752
1302257734591676416
1302259136453922818
1302261124574973952
1302261426715754496
1302263510450176002
1302263797458055168
1302265749118083072
1302269897649553412
1302269934404276225
1302273838823231488
1302278285875871744
1302282334213939200
1302285233564405760
1302290201063153664
1302295019055910915
1302297579716325376
1302299775384145928
1302302628165148674
1302305761889054721
1302311649840422915
1302316446777847809
1302320793582477312
1302324546519945216
1302333452549849093
1302333517913886721
1302335998102327302
1302341566590312449
1302343687691739143
1302348541067759616
1302348541067759616
1302353057104232451
1302354589312839680
1302355830755524609
1302359592207290371
1302359664190001152
1302363300253052933
1302367605785800704
1302372635242889218
1302377090772357120
1302383044968566784
1302387047227850759
1302391057024528387
1302394778429030402
1302399968104386562
1302436626359091208
1302447809426321408
1302452045950201857
1302455757137498113
1302482018853425154
1302485731475165185
1302489197849313280
1302492740127789056
1302495237995102208
1302498072598118400
1302501132556734464
1302504369410265094
1302505884547981313
1302507687968739329
1302507752925913090
1302508965255933952
1302511150437937152
1302514160513810432
1302514177232244739
1302517331906703361
1302518521671360512
1302520582836236289
1302524054155472896
1302527283870171138
1302530834864451585
1302534475478425600
1302538259201957889
1302541163983974400
1302545293066600449
1302546870477221888
1302555597854961664
1302560054336466945
1302562348813647875
1302564655370506240
1302568694346911751
1302570462606753792
1302571898405089280
1302576139349745671
1302579790046736389
1302583527628853249
1302585500126109696
1302587860881739776
1302588597799997440
1302592698101239808
1302596287309717506
1302600014049538050
1302603691061637120
1302605000435269636
1302606490700779520
1302607799747215361
1302611496447377409
1302614411790737408
1302614961852686336
1302618307934269440
1302620404339609603
1302624938134822913
1302630563644428288
1302633997973979136
1302636819226427393
1302641538456006659
1302648257131278338
1302649516030599168
1302652005484302337
1302658603489406977
1302663361734287364
1302667318472912896
1302672933706518528
1302678186493464577
1302680306571513856
1302683299861663746
1302683603420282880
1302689458345607168
1302693408922898433
1302694683282415616
1302697402391027713
1302701058242813956
1302702615348883457
1302707071725588480
1302710785416851457
1302714500764839936
1302717956888104965
1302722411268374528
1302727148449472513
1302732199326875648
1302736409556594688
1302740123788996608
1302743886603980803
1302747606385393665
1302751303626522624
1302755016428654593
1302781389079810048
1302794559395639301
1302803986337193986
1302833976684539905
1302834624712892422
1302834983489470464
1302835486822522880
1302836230082756609
1302836493380186112
1302839548242784258
1302843343370629120
1302847305125629953
1302851778279616512
1302860750382419968
1302867001422077953
1302869753518870529
1302871519949971456
1302875872140107777
1302879798373617664
1302883309614178304
1302886848436547592
1302890640716554244
1302896141667835905
1302897468494041088
1302901317757800448
1302905068342185984
1302907076281335808
1302907545825284097
1302911787923374082
1302913836563996672
1302918851127107584
1302922529951174657
1302926157231394818
1302929686486560768
1302933242761359363
1302933250160168961
1302933247798767619
1302933254341787648
1302933259224051713
1302933255990243328
1302933261572866050
1302933265347731457
1302933270515122187
1302933267788824577
1302935870689996800
1302936756136927232
1302939990918336512
1302942098379935746
1302946238296477696
1302951286862737409
1302954837324201985
1302960812492034050
1302967195035672577
1302973229913571328
1302975016515047426
1302978639248658434
1302984590932545537
1302987275060629504
1302991141458108417
1302995038297665537
1302999014997196800
1303002346088280065
1303006571673391104
1303010692929335297
1303015135347445761
1303018309865086978
1303018946203844608
1303020945003679748
1303022746973204482
1303026468310708226
1303027908513013760
1303030249358327808
1303035310142615552
1303036325835276288
1303039282219814912
1303043071093936128
1303043957035798535
1303046377547739139
1303050404943593473
1303053923176116231
1303057252283224064
1303061632596226050
1303065175147323392
1303065202351628291
1303069832011755524
1303073415222513664
1303077901554847744
1303081359519424512
1303084835657977857
1303088322672238592
1303092146510143488
1303095577123659778
1303099040989618176
1303102508378841088
1303105991580569606
1303105991580569606
1303109443337551874
1303113167770451970
1303116874406862849
1303121579073830913
1303145250937069573
1303175339733069824
1303196365753905152
1303196979485388800
1303197201036914690
1303197874587660288
1303198758331711488
1303199068857008128
1303214550871932930
1303218020299534336
1303221433192022016
1303225398000525312
1303225458008485890
1303226821799018496
1303229170420527109
1303235072066301953
1303238192523509760
1303241693156777984
1303245576105013248
1303251554083000321
1303256848896847874
1303260436964478977
1303264028157005824
1303269400171229184
1303273579753111552
1303278788948758529
1303280874289418241
1303282562387804160
1303285359581827072
1303285866425716736
1303287459816648710
1303288331271311360
1303289838674866178
1303294691547525120
1303294949870440448
1303298197205463041
1303301985458958337
1303306019368513537
1303309803570290688
1303311161312587777
1303313235639181312
1303314617473564673
1303316009483415553
1303318738293456897
1303321418889863168
1303325171944763394
1303327773730246659
1303330124062957570
1303331902154211328
1303335816262025218
1303338553615802371
1303339545564516352
1303341820349423617
1303345886962036737
1303349197056471046
1303352007928025090
1303352952598466562
1303357882101125121
1303362054879879168
1303363153510699008
1303366057168691202
1303370054583676934
1303374010592485379
1303377952873295874
1303381481323102208
1303382014922457089
1303382012896645123
1303382019196571649
1303382017334280194
1303386060978892802
1303387515152486401
1303390058410541057
1303393678761877506
1303394211623055363
1303398020898316288
1303402498628169728
1303406050436100098
1303409622594793479
1303410460956520448
1303412575481274369
1303415508801384448
1303416355933360131
1303418875875393538
1303422732084928512
1303426369523769346
1303429942642966528
1303433499781795840
1303438318512812032
1303442100072181761
1303445821036343299
1303449665678061569
1303453824477278210
1303558753434742784
1303559024198197249
1303559175130275840
1303559759388266496
1303560634769059840
1303560848758181888
1303561269190901763
1303566506526154752
1303574078704562177
1303576323101806592
1303578449093767170
1303580019663532033
1303581481370083334
1303589014021132288
1303594923959214080
1303599109362855936
1303602828485767169
1303605420196597761
1303606401038716928
1303609869153579008
1303613307786539008
1303616495390461953
1303619356266500096
1303619607769608197
1303622838851719168
1303626367570006017
1303629895961116673
1303632014436900865
1303635821136936960
1303639570668498944
1303642978041442305
1303647188296310790
1303647765789016070
1303650875026661376
1303651287322497024
1303653071701118976
1303657124933832704
1303662675172433921
1303667450609836037
1303670767280939008
1303672627190534144
1303674437678624768
1303678643978350592
1303681700254408706
1303684800805511168
1303690805996064768
1303693736707325953
1303700037327675393
1303703533003452416
1303706929806618627
1303706936005844997
1303706934042820608
1303706938505658368
1303706943719124993
1303706941743661064
1303706947259109382
1303706952124567565
1303706949045964803
1303708630739554307
1303711192360325122
1303712714838114305
1303712980903886848
1303713289336127491
1303714712174166022
1303715178157047813
1303715706484207617
1303716401975300097
1303717005191766016
1303718704312713216
1303723876925530113
1303727543711924224
1303731348390187019
1303735652241092609
1303735966000205826
1303739692098244609
1303743383731568640
1303747001847369735
1303748934381326344
1303750294355013632
1303754291014823936
1303758428138074113
1303761940070760449
1303765777829498880
1303768806045687812
1303769233244008451
1303772739040411649
1303774915963883523
1303778980848435203
1303783174040965127
1303787251869114374
1303791024586792966
1303794773413724160
1303795487921893377
1303799066682445828
1303803049979371527
1303806809736699912
1303810267315404801
1303814283747303428
