1266090615558684673
1266090867158220801
1266091118841618432
1266091873841676292
1266093887111790593
1266095397073608704
1266095486471110659
1266097410645917697
1266097662350315520
1266098944016334849
1266099667005308928
1266099675234545664
1266100681968103425
1266103953512685573
1266103953390841856
1266105829700362244
1266106218432643077
1266106218327805955
1266106791643025408
1266106973348491264
1266107995760594944
1266108231731970049
1266109741538914304
1266109993352335361
1266110496564023302
1266110748280922113
1266110748092018688
1266110931140055041
1266110999725092864
1266111342630637577
1266112761655771136
1266113013402091520
1266114774686785536
1266114932598325250
1266115781420478466
1266115781416202240
1266115803625160710
1266115840677724160
1266116536428716032
1266116536349196288
1266117039556407296
1266117794548121600
1266119052876972033
1266119556441006090
1266119917872521217
1266121066247622656
1266121733406445571
1266122827809255424
1266122962467467268
1266123079454883840
1266123591118196736
1266124086041698305
1266125162459643909
1266125828691300352
1266125828691300352
1266127578508689408
1266127861234061312
1266128235483496448
1266129370940411904
1266129622544023559
1266130125919334403
1266130881036480512
1266130880927600640
1266131132485173255
1266131384252284928
1266132139122110464
1266132390876983298
1266132894164099072
1266134656908394498
1266134907509587968
1266135914218024963
1266136920708407297
1266138430716641280
1266138430649630722
1266139689012137984
1266142457206620161
1266146483851554816
1266147309718515712
1266149989409009670
1266158142397784064
1266159318157725697
1266160832381140992
1266162086524055552
1266165779201961990
1266170642925264896
1266171073411854338
1266171339561467907
1266175490978701312
1266176682701893634
1266189954054524928
1266194946253602816
1266196504219443201
1266196742954987523
1266212581393543168
1266226510869954560
1266227415275040773
1266234815856041985
1266240855544868864
1266241610527977472
1266242676887678978
1266245043360165888
1266245133642510337
1266246140346982400
1266247207092490240
1266247398646407169
1266247902025957376
1266248153772158976
1266249406354821125
1266249497039917057
1266249915283329025
1266250226328731649
1266250817968803840
1266250921887051776
1266251376469766148
1266251676857577472
1266251928364867584
1266252569560547328
1266252729908789250
1266254193255419904
1266255199934582784
1266255703578013696
1266256710240333830
1266256710064193538
1266260233141268480
1266261653487673344
1266262438632030209
1266263469524873217
1266263503444209664
1266263505004453890
1266263540903497730
1266264405139877892
1266264583125123072
1266265236589273089
1266265972366663684
1266266776423317504
1266266855179612166
1266267238786449408
1266268491113312256
1266268929137106944
1266269292867305472
1266269396575547392
1266269567883464707
1266269695495114752
1266269779557400577
1266270982706098178
1266271475796856832
1266271728432369664
1266271809457975298
1266272442030276609
1266272768858849282
1266272963055108096
1266273764225896448
1266274102894931969
1266274767885094914
1266276531405418499
1266277253270220803
1266277597572407296
1266278070622642176
1266278103480860673
1266278352823791618
1266279107689689088
1266279648125521921
1266279862366502912
1266280365792137216
1266280414294888449
1266280771221766146
1266280869150556160
1266281070506328065
1266281386203209732
1266281876039380992
1266282127454167043
1266282127366270976
1266282630795784192
1266282630632353795
1266282758847885316
1266282801424293891
1266283098615844864
1266284299663237127
1266284644045111296
1266284643956883458
1266285398965104643
1266285491344650241
1266285651307032576
1266285902403436544
1266286657533181952
1266286749333852162
1266287160665051136
1266287412239573000
1266287915593682944
1266288826810462209
1266289677025390592
1266290654763573253
1266290683888852992
1266292646776987649
1266292871746826243
1266292948703956992
1266293023320584192
1266293703947288576
1266294206223376384
1266294937147961344
1266296608410361858
1266296975202439168
1266297865120264192
1266297874922434561
1266298862899130370
1266298879072321537
1266299389858856962
1266299705438253061
1266300751422402560
1266301065495851014
1266302260117508100
1266302511692034048
1266302849102647298
1266304241473331200
1266304727639179264
1266304776628625408
1266304998914306048
1266305417359110146
1266305783332995073
1266306599154520064
1266306746160746499
1266307152517398529
1266307456793292800
1266307791381282816
1266308194302939141
1266308768394104834
1266308803533963264
1266308849901985793
1266308854566072320
1266309006521503745
1266309055145930753
1266309136393875456
1266310384983650310
1266310564722233344
1266310696050012160
1266310826052530177
1266311068143554561
1266311608533422081
1266312327541989376
1266312585290416128
1266312910575468544
1266314109567602690
1266314509314134019
1266314634191163393
1266314843008626688
1266315597966716934
1266315849234776066
1266316353083867141
1266316574056689664
1266316833763856385
1266316856434085889
1266316856366784512
1266317165512318977
1266317359611916288
1266317359611916288
1266318114465120256
1266318205938806784
1266318723079602176
1266319876190281728
1266320187164418050
1266321384306810880
1266321422810599424
1266322148827807744
1266322837616369664
1266322904238755840
1266324406395166721
1266325664459886592
1266326167616843782
1266326766727168000
1266326774050406401
1266327174400835586
1266327174237302785
1266327865840279553
1266328180866105344
1266329583390994435
1266329691062964224
1266331269232758787
1266331812596527104
1266331955899052032
1266331977302577158
1266332088799723527
1266332459076968448
1266332711007825920
1266333137015054337
1266333177859244032
1266334472460316672
1266334752317018112
1266335041220681728
1266335209269723136
1266335366350602241
1266335536161140738
1266335865451827201
1266335874394009602
1266336048411533313
1266336578949066753
1266338247279407105
1266339505902096390
1266340512308461569
1266341830557413378
1266343028807159809
1266343170398474240
1266343937133944838
1266344886791479299
1266345797089497089
1266346049737641988
1266346302885019648
1266347000959827968
1266347307038982145
1266347810258968580
1266348045224026112
1266349464152952832
1266349746962259969
1266350790731534336
1266351585250033665
1266352186310746113
1266353709178593288
1266354857104949248
1266356366693879814
1266356619400658950
1266357373729247232
1266357516390334464
1266358037222129664
1266359778097410048
1266359865594638337
1266361697666658319
1266362155030347777
1266362406654992386
1266362909787074560
1266363330744090624
1266364094119948288
1266364168166191104
1266364479668797440
1266367170079940614
1266367311608307712
1266368016855400451
1266368171503530001
1266368373069242370
1266368546818240514
1266369704924532736
1266370602555695104
1266370828163092481
1266370841949818880
1266371266975428611
1266371779766874113
1266371934201057280
1266372221531873281
1266372274925342723
1266372472791842817
1266373071088181251
1266373397258186752
1266373479378665472
1266375353620037632
1266375680616329216
1266376499579572224
1266377002900049927
1266377254478557194
1266377757828644865
1266377886409187330
1266378009214246918
1266378261040205824
1266378764415459328
1266380094253064192
1266380216609370115
1266382212070543360
1266383411381501952
1266384197515726850
1266384655739162624
1266385056118927360
1266386474594959361
1266386547626172417
1266386663586086912
1266386772155564034
1266386817462546438
1266386978897002496
1266387572357398529
1266387829808140288
1266388841650405376
1266388859476234243
1266389300373004288
1266391044293345280
1266392353972957185
1266392353884913664
1266392482549555200
1266393360497082375
1266394623200694275
1266396583630946304
1266397453038878721
1266397652545081345
1266397679480983553
1266398443238567941
1266398900472238081
1266398943233093632
1266399275287752704
1266399643266617349
1266399758198935553
1266399899052015617
1266400155567362052
1266400177201520640
1266400658673950723
1266400693172211712
1266400797627121664
1266400937054216194
1266401615449382912
1266401638245433344
1266401967032750081
1266402148797108227
1266402420382478336
1266402538171006980
1266402977209819136
1266403535689846786
1266403755618193409
1266403974455930880
1266404159466717185
1266404238411747328
1266404341075922944
1266404382683299842
1266405185129189377
1266405713397649408
1266405800714612736
1266405920285896704
1266406098296324096
1266406185873391616
1266407192833536000
1266407253894221824
1266407453538713600
1266407749388247040
1266408442824196097
1266408459844464640
1266408653164294144
1266409446613319682
1266409500262752256
1266409733793218560
1266409969928278017
1266410855920553988
1266411978584719360
1266412335813492741
1266413276973404162
1266413628221206529
1266413744801931264
1266413937546985473
1266413942462701569
1266415255065853952
1266415254944100353
1266415347860717574
1266415665243656208
1266416823823712256
1266417813457186826
1266418269474500620
1266418777899425792
1266419748289511425
1266419784574357506
1266419830581874688
1266421546395906048
1266422553003753472
1266422552882065408
1266422552882065408
1266423056110682117
1266424314494140419
1266425477964746753
1266425572772765696
1266427586185437194
1266429347813928960
1266430214013321224
1266430354635751427
1266430354568642565
1266430466200133636
1266431612432125955
1266432871033483265
1266432942148108288
1266433157957591049
1266434070109716480
1266435229901885441
1266435639102386177
1266436646431588352
1266436645533827073
1266436897347219458
1266437904244465664
1266437904219455493
1266438385079595011
1266438549601226758
1266439665479036931
1266440079112798208
1266440421028311042
1266445202228559874
1266445616466583561
1266445949334892544
1266446104264089602
1266446208853323783
1266446680909582353
1266447215205117952
1266448103898525698
1266448473580158977
1266449228496351233
1266449478070001667
1266450235158441985
1266450235150274561
1266450738399653888
1266451996849999873
1266453003634081798
1266453003411677185
1266454009977556992
1266454155822018560
1266454513336156163
1266454765124284416
1266454847060148226
1266455268508008451
1266455520119930880
1266455771711062017
1266459248764039170
1266459640121999360
1266460301844574208
1266460804729036800
1266462314695294976
1266463070013976576
1266463321403908098
1266464579732885505
1266465333424070661
1266465334673866752
1266465586265108481
1266466089631920133
1266466906900398080
1266467096306712577
1266467431385632768
1266468103082217472
1266468103044476931
1266468308926291969
1266469076186079233
1266469361079816192
1266469612771700739
1266469662017060865
1266469864530731008
1266470619568275456
1266470871142547456
1266470884593844226
1266471573629939714
1266471650461208578
1266472540547022848
1266474396924993554
1266475401192357888
1266475445576503304
1266476659202375680
1266476911095689222
1266479175843508224
1266479472469069830
1266479930746929152
1266480434126262272
1266480685784629248
1266481188979408897
1266482447430103041
1266483202581057540
1266483454088183810
1266483922298458113
1266483957304082437
1266484712299573248
1266485467270217730
1266485719289167872
1266485718873804800
1266485718844502016
1266487228894785539
1266488579930423298
1266488743201996800
1266488822185025537
1266489495307747328
1266490752441278464
1266490752407756800
1266491003801874433
1266491758780678144
1266492765451350016
1266493017050845184
1266493268956794880
1266493520329801728
1266493772176728067
1266494275556118528
1266494527025614848
1266495030228774912
1266495073539235840
1266495785199378433
1266499811882102785
1266500566743568384
1266501825152180225
1266503794839388160
1266504584509493248
1266504845252366336
1266505348598378501
1266506653530296321
1266506904634884102
1266507109803442183
1266507341098344448
1266508197059342337
1266508621031960578
1266508871427817477
1266509626515701761
1266512710302392322
1266514156372582400
1266515917925683200
1266518438547271681
1266523971241103368
1266524726203211778
1266527715907244033
1266530262546108418
1266531017508044800
1266532346460803073
1266539648668573699
1266542584178126849
1266546514685460480
1266550143572160517
1266550646938849281
1266559792744718337
1266568146946834432
1266569521109794818
1266572511388536837
1266572771347308544
1266574244529537024
1266578334332456960
1266581097648812032
1266584273500475392
1266588143874080770
1266591149629849600
1266597706954272768
1266601686463807489
1266605759917445121
1266607605973204992
1266611296612560897
1266612302964555776
1266612554765230080
1266612554580791296
1266612806448799744
1266612806410854400
1266613561322868736
1266615071335002113
1266616851481722893
1266616910621429760
1266619095186841603
1266621678957797383
1266622621010935808
1266623063141089280
1266624198358831105
1266624468002144261
1266625391286005761
1266626396157366272
1266626395981176835
1266626540244271104
1266626899272400897
1266627025168666626
1266627402576388097
1266627654238605312
1266627654230380549
1266627905934721024
1266627905829744640
1266628058007601154
1266628660766760961
1266629021804253185
1266629931708174338
1266630170766716928
1266630170766716928
1266630268884004864
1266630422558945281
1266631172144201728
1266631276674629633
1266631467096031232
1266633192829784067
1266633694082560000
1266634602979958784
1266635250794483712
1266635958973161472
1266636010542239745
1266636153882587138
1266636853723254791
1266637720417382401
1266640992356065280
1266641495664156676
1266641747376893952
1266642336710373377
1266642502003589120
1266642501957332992
1266642576553189376
1266642753749991424
1266642753720483840
1266643005366132737
1266643005332770819
1266643760269520898
1266646660073033728
1266648038447239168
1266648793564557319
1266648793522585602
1266649052701171717
1266651880219906049
1266652820046073856
1266653864297672704
1266654042643738625
1266655114166665218
1266656091896606722
1266656595036917760
1266656846841962496
1266657098223452160
1266657471814414336
1266657601506271232
1266657601481248768
1266657853332320256
1266657853206605824
1266658104890077184
1266658418359709696
1266658481156866048
1266658859776503808
1266659614809944064
1266659647756304384
1266661236198039552
1266661442075398149
1266661879692353537
1266662886379683840
1266663138302320641
1266663463247544320
1266663893000089600
1266664433314672640
1266664618149195780
1266664899565907968
1266666886261092352
1266667667802386439
1266667919435595776
1266668457669599232
1266668675089813504
1266669900426358785
1266670688418619393
1266671191231623168
1266671694745223169
1266671694590042116
1266671946453749761
1266672701059428353
1266672952663257088
1266672952616968194
1266672952608731137
1266673204434571264
1266673707608670208
1266674211055177728
1266674681215684609
1266675293072306181
1266675425645862913
1266675844963012609
1266679149143433220
1266679495911542784
1266679495811088384
1266681257288744960
1266683018934194177
1266684528904396802
1266686290713546753
1266686794130743296
1266687045734260736
1266688052233072640
1266688052056948736
1266688303908061184
1266688555671322624
1266689310494871553
1266689813928763392
1266690102308352000
1266690820423290881
1266692566998822913
1266693368391831552
1266694595519197184
1266694846988910592
1266696762657517568
1266698118617198592
1266700374863425537
1266700897607995393
1266701276412293120
1266701642013061121
1266701893709029378
1266701893650137089
1266702145434169346
1266702900174045186
1266703151781953537
1266703151773749249
1266703403318730756
1266703475733344257
1266704940170448903
1266706735097659393
1266706757759483906
1266707959985438726
1266708185114525698
1266708433664950277
1266708436953247746
1266708688254820355
1266709694921539586
1266710449824821248
1266710449787219968
1266711456466104320
1266713225439084545
1266714422443151362
1266715482960191490
1266716741461295112
1266717496280842250
1266718251221782529
1266718754588819460
1266719257821208576
1266719509571948551
1266720516200476676
1266721011262775297
1266722489440309248
1266723722439921664
1266725046048915456
1266725045864456193
1266725173840969735
1266725549319299074
1266727310897500160
1266727449448103937
1266728714383036417
1266728820771418112
1266729324058640385
1266730101573652487
1266730993345540097
1266731841056157707
1266731904109350913
1266731923365388289
1266732187468038147
1266732344418816005
1266732344292982787
1266732438404898818
1266732595741487112
1266732831822295044
1266733099100049409
1266733350699651073
1266733350594777089
1266733602370289664
1266734361338142720
1266734608873328640
1266735615737020416
1266740648771649544
1266741907197095936
1266742483062579200
1266744926982885379
1266745681881862146
1266746267280998401
1266746404715868162
1266746940571521024
1266746981554282496
1266747695198339074
1266748450290491394
1266748450210709505
1266748953615196160
1266749708506140673
1266750391322054656
1266750449358639106
1266751218493214720
1266751470155767815
1266751705955405826
1266752225336057859
1266752476847333377
1266752728241442816
1266752975638323202
1266753734928891909
1266753986901749760
1266753986830364679
1266753986775805954
1266755309969772550
1266755496687607809
1266755496687607809
1266756957010112515
1266757509890662406
1266758159156359173
1266758264823459843
1266760026573733893
1266761243060252673
1266761277805867018
1266762040007290887
1266762543311097856
1266762542497611778
1266762794617241609
1266763297979695104
1266763549705207812
1266763549587632128
1266763759923744772
1266763801438720006
1266764807916511232
1266765059771990022
1266766633596604424
1266766750634389504
1266767787281854464
1266768695075971072
1266770344502755328
1266770815602868224
1266770847731081218
1266770847731048448
1266771917413011458
1266772106072616962
1266774215971176452
1266775125946519553
1266777139480649729
1266777894195359745
1266778649144881152
1266778962157613056
1266779404081885185
1266779655807201280
1266781669035438082
1266782675676753926
1266782927280455681
1266784940760293378
1266785695558926341
1266788715533230080
1266792239084171265
1266792455187369984
1266792993840787456
1266792993672945665
1266793496905748481
1266793748547207176
1266794000431841281
1266794000364777473
1266794870141845504
1266795006888538112
1266796013462798336
1266797601342590977
1266797775187935232
1266798007804100608
1266798527755231232
1266799034531868677
1266800780129992704
1266800795208617984
1266801046833164288
1266801285589798917
1266801298478899201
1266801727266869249
1266802304986030080
1266803815065563137
1266804419754102785
1266804821740396546
1266805324851412992
1266807338431770624
1266807841836367873
1266808008346161158
1266808093242949633
1266808093083492354
1266808155847221249
1266809099825500160
1266810106437611520
1266810900440285185
1266811616445607936
1266812874674110466
1266813378095312897
1266813475763957761
1266813547629219842
1266814133380382720
1266814384719884288
1266814636390625280
1266816064438091776
1266816146273177601
1266817404497047553
1266818662788329473
1266818914480095233
1266820424480051202
1266820927569846272
1266821595907178501
1266822088024829955
1266822689802588168
1266823192749977603
1266823306365358080
1266823444395634688
1266823695898759168
1266823947628101632
1266824199307268096
1266824199290499072
1266824776762482690
1266825205868945408
1266827319894847496
1266829233428606976
1266829484252110848
1266830349461585920
1266830993945702400
1266831245650079746
1266831497430020096
1266832503891005441
1266834265670639616
1266834517269942273
1266835042904481799
1266835523957452800
1266837402515013632
1266837788927971328
1266838543751495680
1266839260914728966
1266839298776711172
1266844332868468736
1266844572635758600
1266845590484185088
1266846101174398977
1266847855156789250
1266849365215154177
1266849616739201024
1266850019665227776
1266850134979153922
1266850276339843072
1266850623456186368
1266851407187128321
1266851664448847873
1266851816274382848
1266851899057344514
1266852364084011015
1266852888506257409
1266853140336271360
1266853643392823297
1266853643275264002
1266853895051120640
1266854146566574080
1266854398380163077
1266854398375817218
1266854958621757441
1266856078710538241
1266856915058884608
1266861696385036289
1266875034338910208
1266876040799903744
1266877195542245377
1266890133938282497
1266891391998799873
1266895359604858880
1266898609796243459
1266905247429132288
1266905484864352256
1266906491438592000
1266910560299503617
1266911001263439876
1266920584497242120
1266921590966464513
1266923418714243073
1266931630100434947
1266939543032340486
1266945401963384837
1266956863846973440
1266965752088858624
1266972049249120257
1266973466001055744
1266973684431859713
1266973936140640261
1266974690876293125
1266974942438002689
1266975194230423552
1266977207672422401
1266977554117939200
1266978717458264064
1266981316802809856
1266988092361256965
1266989035563749376
1266989790358048768
1266990041982779393
1266990293661843456
1266992307011715073
1266993816898174976
1267000118823223296
1267001162005458944
1267001510635995137
1267002359433003008
1267003441643171841
1267003631842156551
1267004135225860102
1267004889789587461
1267005141548519426
1267005393474998273
1267006431150170112
1267006431150170112
1267007015232196608
1267007406476648448
1267008213410553862
1267008916526739457
1267012201040228355
1267014217124765698
1267015459414687744
1267017978568204288
1267018731311362049
1267018947133612032
1267019234640609285
1267019989422309378
1267020241047035905
1267020492868685824
1267021499296124928
1267022050574688258
1267022757738369027
1267023072592302081
1267024015937490948
1267024574341885954
1267025526339833857
1267026166625579008
1267028294118944768
1267029772376387586
1267031725189795841
1267032189117571072
1267033077580214272
1267034334147510274
1267034740911210505
1267034772230021120
1267035089067704325
1267035340579037192
1267035592220696578
1267037857111134208
1267038612131995648
1267039367232618498
1267039367047950336
1267041349641080832
1267041395447148545
1267043347165859840
1267043393642741762
1267044120222142464
1267044400129019910
1267046175598878720
1267047225349287937
1267047864133472256
1267048426962923520
1267048678927134722
1267049182080258048
1267050846304514055
1267054043203088385
1267054466685177859
1267054619047481344
1267054718276104192
1267056480076787712
1267056479930064896
1267057486353350657
1267058493133074433
1267058879713677313
1267060452779057152
1267060843918868480
1267062560563638278
1267062862863794177
1267063051246882817
1267063526457212931
1267065288001912832
1267065539589013505
1267065791138193411
1267069566045175808
1267070069441548289
1267070809715159041
1267073844398788609
1267074095931371520
1267074916182089729
1267075253878087680
1267078338897731586
1267078877706420225
1267079381119315971
1267080753218826240
1267080779177353216
1267082230880514050
1267083173407731713
1267084162256695296
1267084162177159171
1267084414070059008
1267084917315256320
1267085420484943872
1267086656244498434
1267088943893315584
1267090909935603712
1267092831392456704
1267093025890742273
1267093475729735681
1267093594567061506
1267093725521473538
1267093904219922432
1267095486802153473
1267095540300492833
1267095738615574528
1267095990340710404
1267097078964129794
1267097366664032256
1267098003522928641
1267098255315197957
1267100016646082561
1267100113568178178
1267100617023148033
1267100771633360897
1267100771629199360
1267101442256654341
1267101526838951938
1267101526645813248
1267102785012555777
1267104043245035522
1267104559949844481
1267106811414327296
1267107430128910337
1267108825326206983
1267109328638685186
1267109536470577161
1267109831934083078
1267110568768540676
1267112112167493633
1267114388886097921
1267114613012905992
1267114612861747203
1267115367874228226
1267115871174000642
1267116626283048960
1267119394410266624
1267119514250096640
1267120132473708547
1267120652881989632
1267121659296669697
1267123008369561601
1267123739977809921
1267123924447268865
1267125019718680579
1267125685971226625
1267125937469980673
1267126189077954565
1267127447457316865
1267128454182506497
1267130143044141056
1267130467465101312
1267130889693204484
1267130970659942400
1267132229001461760
1267132641410777089
1267134745579630592
1267137262179045376
1267139324207927299
1267139527467954176
1267139778987712512
1267139869211611141
1267140537422876674
1267144811951374338
1267144811858944000
1267144811792027651
1267145566863138820
1267145790109122564
1267146712180756480
1267147328634236928
1267148218359521283
1267148374278647809
1267149090095198209
1267149204545327106
1267150447653126147
1267150851904331778
1267151103272955904
1267152361610502144
1267154123431936001
1267154289220337665
1267155884960026627
1267156136475721728
1267156388104425472
1267157663797911553
1267158653091475456
1267158857190645762
1267160627002441729
1267160918145802246
1267161422271844353
1267162176378122240
1267162679816355844
1267163434703093764
1267164944513916928
1267166589901836293
1267167461285101568
1267169058690039816
1267169977901051904
1267171745599041537
1267174255936102402
1267174255864627200
1267174648199905290
1267174759172722688
1267175010885459969
1267175953152856064
1267176017476476929
1267176199928909826
1267176199928909826
1267178785889308674
1267179540712849408
1267180043924418560
1267180471152193538
1267181302286974976
1267181302245142529
1267182560540454912
1267183879686889473
1267184322550915075
1267184585424736256
1267187845577322496
1267188565966032899
1267188851983839233
1267189250178588673
1267189355329675265
1267191117050597382
1267191620681830402
1267193601517391873
1267193659390296066
1267194136836206592
1267195395320340481
1267196150169382914
1267196869047996418
1267197660060020736
1267198666718064642
1267201183325630465
1267202040310255616
1267204399866228736
1267204706495074305
1267205209807360003
1267206468056477696
1267207068223787011
1267207742860730373
1267207978265935873
1267209236272033793
1267210494655356929
1267210494588465153
1267210997938323456
1267211284166127619
1267211501670146049
1267211501493862400
1267211579835191298
1267212759621488640
1267213011367804928
1267213766149541888
1267215127180345345
1267215295397199874
1267218739331727360
1267219281047101440
1267219806098350080
1267224335980261376
1267226600765980672
1267238932028157954
1267243377692573696
1267243639211778050
1267254031484780544
1267255603908444165
1267256040795627525
1267258391560359936
1267263732083838981
1267264367566954497
1267269130916331521
1267276574015008773
1267284482287116288
1267307566536839171
1267312876156567552
1267318676279230464
1267325886677819395
1267328255692017669
1267328788955889665
1267329719004999681
1267330087516614657
1267332227253313536
1267332535421407232
1267333979851698176
1267335160581820416
1267336265772474373
1267337098123763718
1267340786380742656
1267342379427692544
1267343325943791616
1267343856514805760
1267344125126340608
1267345228144533505
1267345286860541955
1267345991591747584
1267346053688446976
1267349152658268160
1267349927618846720
1267350166295605249
1267352088335593473
1267353165701304320
1267353845052715011
1267354015844782081
1267354632692654082
1267354817254604803
1267355000356864000
1267355751326068736
1267357318645272576
1267358973109440512
1267359081024696326
1267360352767000578
1267360463202983936
1267360483008409601
1267360497948594177
1267361156089479169
1267362617347244035
1267363064925638657
1267363238729199617
1267363829039669249
1267364839669796864
1267365265177796608
1267365264406044672
1267366762699542528
1267368284409774081
1267368351652810753
1267369041213210626
1267369039413891072
1267370297776193536
1267370297675710464
1267370297671536640
1267370372502114305
1267370549342351365
1267370834982772736
1267371183718178817
1267371717074333698
1267372059233005568
1267372075087527936
1267372127461793793
1267372281023680514
1267372310853378050
1267374002265305089
1267374100995026949
1267374575777538049
1267375286557032449
1267375582440050690
1267376063274983424
1267376847869874176
1267377262715953152
1267377727839121409
1267379171736649728
1267380225303891974
1267380616011452416
1267382856784977921
1267383383925108741
1267384073959493632
1267384330407546880
1267384428000575489
1267384463211839488
1267384642195218432
1267385397367189504
1267385648865882115
1267386650990182400
1267387410364526594
1267387435035635712
1267388602901827585
1267388944552988672
1267389172299358208
1267393665099587584
1267394500827152386
1267395838927605762
1267395967067795458
1267395967017537538
1267396100111114240
1267396142725283841
1267396470463885313
1267396601338789889
1267396905035870208
1267398487077015552
1267398734964555777
1267399342639525888
1267399463334752256
1267399490186563585
1267399993331273730
1267400680777617409
1267400748268228611
1267400748268126208
1267400997560897540
1267401186832982016
1267401583102496772
1267402509947006976
1267402509888487426
1267402644571766787
1267402730026536960
1267403165038673925
1267403797191692288
1267404307520946176
1267404416006737920
1267404523280220160
1267404774825050112
1267404945143271424
1267406850649178112
1267407291453788160
1267408173905969153
1267409073693233154
1267409842970468352
1267410332433223680
1267411066582994948
1267411137391403010
1267411137391403010
1267411318446919682
1267411821633232899
1267412142350835714
1267412305379315713
1267412818242015238
1267412844833918976
1267413736798728197
1267413834626523137
1267414306993442817
1267414397145821185
1267415026983370755
1267415092838035458
1267415123041320960
1267415389622894592
1267415847770914817
1267416854437392389
1267417548670320640
1267417609315643395
1267418101701922817
1267418364491837445
1267418710962319360
1267419371137380353
1267419622632022016
1267419652789080064
1267419774218362880
1267419874281865222
1267420835062714368
1267421212147408903
1267421279621124096
1267421613592653824
1267423100641202177
1267423307286151168
1267424116086317058
1267424907651977222
1267425159054532608
1267426051816394752
1267426529233063938
1267426795097382912
1267427043383402499
1267427145489485826
1267427711208894465
1267428179062505475
1267428529714737153
1267428844014899200
1267430524093632520
1267430555014041601
1267430974025084930
1267431069499916288
1267431075296481283
1267431327277686784
1267431354284851201
1267432099461713920
1267432205753610242
1267433564309774342
1267434470828883968
1267434722419814402
1267434904419209216
1267435159361650688
1267435225505660928
1267435305721880577
1267435477117865984
1267436196365467648
1267438130036121601
1267438245404696578
1267439357113270272
1267440258800443393
1267440258641248258
1267440570772754432
1267441265747980289
1267441265597128710
1267441517288804353
1267441863704956928
1267442708567805952
1267442905742016512
1267445199170686976
1267445291998838787
1267446046948495360
1267446496607309824
1267446746134859777
1267447688817250305
1267448059966787584
1267449570348302336
1267450073220169728
1267450576796868608
1267450576775897088
1267451835062706176
1267452589957931009
1267452602008121344
1267452841746149378
1267453596649455616
1267453848420900864
1267454464040013827
1267455086210486272
1267455581721374724
1267456638174334979
1267457770854457346
1267458629814403073
1267459384889597954
1267459636678086656
1267460424821362689
1267460694859034624
1267460910186139648
1267461146434588672
1267461508478504962
1267462684326363136
1267463240868560898
1267464617028194305
1267465676240777217
1267465927857025028
1267466431156764673
1267466709574844419
1267467186446065664
1267468947722403840
1267469088483430402
1267469527903846405
1267470159029166084
1267470709711753222
1267471076130467847
1267471464845807616
1267471464732606464
1267471977813544962
1267474232671260672
1267474420668542976
1267474484392603651
1267475472788721664
1267475490928877574
1267476245933154307
1267476786792841216
1267477001041874944
1267478259077390339
1267478466800357383
1267480020877864960
1267480213765722112
1267480272548724737
1267480411493498880
1267480523984629760
1267481027339063303
1267481790454923265
1267481910604902406
1267483253423865857
1267484298971660290
1267485063211515906
1267485808891740164
1267486564138930176
1267487234925699074
1267487593102442496
1267487595120001026
1267487883184799744
1267488338799403009
1267488473331752961
1267488695927570433
1267489457625804800
1267489547635568641
1267489583895203840
1267489786975203329
1267489835385839622
1267490051191119874
1267490338639425537
1267490437746626560
1267491640123355136
1267491718024310784
1267491888350859264
1267493342465720321
1267493897854427138
1267494754369101825
1267494868865040392
1267495145617928193
1267495607037550592
1267496126858637313
1267496126766178304
1267497133390721024
1267497385107902469
1267497636732387328
1267499146635689985
1267499472675799040
1267499969948405771
1267500369820749825
1267501162108006405
1267501915392352258
1267503844021415936
1267504431593132033
1267504683272159232
1267504717690736646
1267505186676719624
1267505186664316928
1267505413190299648
1267505438133633025
1267506444737417216
1267507703011700736
1267508458124795904
1267509276786020358
1267510219858419712
1267511226323648514
1267511498068369415
1267511981407375360
1267513865086160901
1267514206175268866
1267514246264487936
1267514497822003202
1267514497813458944
1267514497813458944
1267516007955836928
1267516261933764608
1267516684920905729
1267518731279884290
1267519782749904896
1267520034341085191
1267520789395496961
1267522436645507075
1267523753136869384
1267524337789272065
1267524816115908608
1267525005962772488
1267525319172460553
1267525348247379975
1267525570931408904
1267525596734787585
1267526132859113474
1267526577459392519
1267527835842822144
1267528081834676224
1267528419237154817
1267528590733778946
1267529510100107267
1267529597492445184
1267529597370982401
1267529805643288576
1267529848945164288
1267530100670476289
1267530358838431745
1267530855737700364
1267530855653801984
1267532114074853376
1267532337799204868
1267534504836685826
1267534630397370376
1267535134418333698
1267535385535696896
1267535888872951809
1267535983559553024
1267536392260911105
1267536643751202816
1267537398772240384
1267537444720775170
1267538153671458818
1267538236546613249
1267538909375852545
1267539678200303618
1267539708390846470
1267539915400765440
1267539949798264833
1267540418713042945
1267541928725356544
1267541933460774925
1267542166500450312
1267542216383311875
1267542546143752193
1267542762313965569
1267542882036178945
1267542957705646080
1267544246455844866
1267544696915546113
1267544696915517440
1267544948548800513
1267545451831549952
1267546461471936514
1267546461392252929
1267546670461603840
1267546941921124353
1267546962045222913
1267547213623934977
1267548563556483073
1267550736717541377
1267550767210209281
1267551235818885121
1267551701277556736
1267551716079214592
1267551964159762432
1267552359649087491
1267552529296044032
1267552724469547008
1267552750000373761
1267552904279441415
1267553756511637506
1267554405454352386
1267554763392122881
1267555266708377600
1267555266666659843
1267555513304256512
1267555518111010818
1267555769798389761
1267556021519749121
1267556250985922560
1267557340854788100
1267557478780280832
1267557531523510272
1267557783026561024
1267558355289214976
1267558748232581121
1267559206720331776
1267559398106431489
1267559604864548869
1267560802850082817
1267561306195931136
1267561782677307403
1267562313092984833
1267562564679946240
1267562819786100738
1267564829394395137
1267565090972327937
1267565332794871809
1267565485153017858
1267565798526259201
1267565836182548480
1267566535712935937
1267567094456922112
1267568855913648128
1267569108691845133
1267569611043532800
1267569862701973504
1267569994608578560
1267570114418917377
1267570366056038400
1267570550223900672
1267570617693294592
1267570764343058445
1267571624271740928
1267571875791675394
1267571889913974785
1267572482619383808
1267572674823426049
1267573385896353796
1267573748976234496
1267574922911649807
1267575399225032704
1267575399103574017
1267575902424256517
1267576405874917376
1267577160916762624
1267577412692443136
1267577915937415171
1267578254581432320
1267578990946066440
1267579294051696642
1267580180601745422
1267580432272330754
1267580528074657793
1267581022541144065
1267582741618610182
1267582948896727045
1267585465525272576
1267585968757866496
1267586537971159040
1267586723761930240
1267586723669663744
1267588232432234496
1267588233711542272
1267588265785405441
1267590031230799874
1267590911292301313
1267591001889140736
1267591505335644161
1267592255206014976
1267592260390129666
1267593015364739074
1267597927872069632
1267598751314698243
1267601823382241285
1267607359838318592
1267608923797958658
1267616922696368128
1267623375347814401
1267624716136845318
1267626748490977280
1267629177852825602
1267640869869535233
1267645720099782657
1267648254784819201
1267656162834554881
1267661772531605505
1267669469943472134
1267686661749706755
1267687657167106048
1267688021329092608
1267690731017289730
1267691291514716167
1267691520951541761
1267692630298722305
1267698963290914816
1267699520814678016
1267699646752796674
1267699970053898243
1267700374204538881
1267700765814071303
1267700835884072961
1267701034920615937
1267701055606980610
1267701150251470850
1267701228349374467
1267701228349374467
1267702234864685056
1267702469980819457
1267702597101723649
1267704138965626880
1267705687028760583
1267706141674475522
1267709870628909056
1267710350163677186
1267710680674775040
1267711294565543936
1267713308137750531
1267713646307745792
1267714989592371200
1267715150385201153
1267715321093214208
1267717021703208961
1267717586239631360
1267717585996374017
1267718311330054144
1267719850891177989
1267720102654459908
1267721361012768769
1267721864232787970
1267721864111104001
1267722116159455233
1267723306419064832
1267724266826600448
1267724858688974849
1267724870332317704
1267726021719142402
1267726142397493250
1267726342658949120
1267726394097717248
1267726616702210049
1267727276352983040
1267727496784629763
1267728250471661568
1267729162283954179
1267729182945091585
1267730089313214464
1267730420801495040
1267730924017459200
1267731425865936896
1267732046752997377
1267732107855572994
1267732685755002881
1267733381808357376
1267733484065480704
1267733696481763328
1267734560403533827
1267734698849165312
1267734709263622147
1267735160948129792
1267735389537697794
1267735453848891393
1267736208886714368
1267736208861360128
1267736255342804995
1267736985457876993
1267736994437910528
1267737215393845248
1267737718634749953
1267737718576078848
1267738034331627520
1267738239085031427
1267738807920721920
1267738977223622657
1267739534420332544
1267740065452699648
1267741241908719621
1267741745351016448
1267742073626689536
1267742784389292032
1267742891817889792
1267742905004949510
1267743067139903489
1267743128792039426
1267743658536767488
1267744513310756864
1267744588384612352
1267744718064168960
1267744765170388994
1267745520186847232
1267745854028419073
1267746133436248065
1267746184099254272
1267746275128217610
1267747343710945280
1267747785106845696
1267747785081675777
1267748063059365889
1267748572801490945
1267748724077453312
1267748927182458880
1267750596670562305
1267750696826408961
1267751308511064065
1267751560135602176
1267751881570422785
1267751908892184576
1267752079281528832
1267752236979011587
1267752314896560128
1267753073688154114
1267753110593777666
1267753394762104832
1267754076688707585
1267754579984134144
1267754738759749638
1267755354991009796
1267755539469131777
1267755564186120194
1267756520105742336
1267756593061363714
1267756844795064320
1267757417661714432
1267757669802299394
1267757707811004416
1267758062187642880
1267758103254032389
1267758462542454786
1267759059937132545
1267759110533066753
1267760116222373889
1267760619698049024
1267760619698024448
1267760758139518978
1267761074666967040
1267761878018723840
1267761892426166275
1267762632942993410
1267762884836089856
1267762884697718786
1267763023344697345
1267765021649616896
1267765149366202368
1267765241187897345
1267765771888922625
1267765904596586498
1267766264228872192
1267766659638538241
1267766899322114049
1267766911032389633
1267767414466514944
1267767615294001155
1267767917690654720
1267768416091373568
1267768517253902337
1267769791009263616
1267769897305735169
1267769930965024769
1267770218547462144
1267770434419744769
1267770442707881987
1267770686015062016
1267770685977497600
1267770879762747394
1267771073178644482
1267771128757583873
1267771660523929600
1267771659680972801
1267771692656427008
1267771692501348352
1267771944251858945
1267771944201367553
1267771944193032192
1267772071611858945
1267772320460005376
1267772713164320771
1267772853522436096
1267773202723471360
1267773778752344064
1267773850030391296
1267774209490587649
1267774463317282816
1267774822379110406
1267774850401173506
1267775151170519040
1267775189531734026
1267775215846727680
1267775215787847680
1267775719242821633
1267775719171555331
1267775726834589698
1267775970808913920
1267776366977658880
1267776474079207432
1267776489304530946
1267776935507251201
1267776977416581121
1267776987453628416
1267777077970964480
1267777134845669376
1267777229120892929
1267777459669340160
1267777565730668547
1267777732462571520
1267777984032673794
1267778596283785217
1267778596283785217
1267778739120857088
1267778769617551360
1267779112741068800
1267779639533019136
1267779659934183427
1267780325058510848
1267780502318006272
1267780501663866883
1267780953595949056
1267781003956776960
1267781818956296193
1267781962502209537
1267782220573532161
1267782470201679872
1267782509913309184
1267782513956511744
1267782637634101253
1267782935912091651
1267783263407484928
1267783520690278401
1267783772214304773
1267784289472692225
1267785505690849285
1267785533956079616
1267785785480224775
1267785785333256193
1267786037083860993
1267786499761848320
1267786540480106496
1267786792067096583
1267786791995744257
1267786791261810691
1267787043750293505
1267787482621493254
1267788050433822720
1267788302280622086
1267788302133780482
1267788935788404737
1267788940649672705
1267789390438334465
1267789526971416578
1267790311130116096
1267790315278262273
1267790566978465798
1267790566915321856
1267790646007533568
1267790818577993728
1267791321902673921
1267791962612080642
1267792044346478592
1267792328720187393
1267792328573382661
1267792580256903168
1267792762004475904
1267792844942716929
1267793147926581248
1267793335202254848
1267793586952835074
1267793838677999616
1267793838514421760
1267793844566966272
1267794090063585280
1267794593493463040
1267795096914755586
1267795600654753799
1267795844247552003
1267796606881054720
1267797110163988483
1267797613392343040
1267798427255128071
1267798871754731520
1267799374966317058
1267799515182051330
1267799894007349248
1267799919571750913
1267799939788218374
1267800129798635520
1267800142138261506
1267800218885664769
1267800286673936385
1267800885049978880
1267800884995555330
1267800884920057858
1267800983180054528
1267801088054484992
1267801136716820485
1267801891678773250
1267801891586498560
1267802143148425216
1267802364028780545
1267802394911313920
1267802646741610496
1267802898135744513
1267803040800813057
1267803236150304770
1267803401859010560
1267803401695440901
1267803401649360896
1267803499762520065
1267803516074156036
1267803776322281472
1267804043742715904
1267804253428596748
1267804607729881089
1267804658829058053
1267804660015955970
1267805666548183042
1267805918135300096
1267806042769031170
1267806169734754305
1267806421531279365
1267806673160138753
1267806789992660992
1267807140242231297
1267807176417923073
1267807428101332999
1267807679818457092
1267808183210426370
1267808434738642944
1267808686371508224
1267808755070066689
1267808887220166657
1267808938105245696
1267809189868404738
1267809441451085826
1267809441426145281
1267809441350479873
1267809445242793987
1267809664042807296
1267809692924993538
1267810448075706369
1267810701780774913
1267811202991886336
1267811706329337857
1267811706316742656
1267811958381637639
1267812209544982529
1267812209536589830
1267812575577702407
1267812649175146497
1267812712869961728
1267813133956988928
1267813216203259905
1267813406079193088
1267814222815248385
1267814977819164673
1267815984678633472
1267815984649265154
1267816236349419522
1267816236173451264
1267816991097831424
1267816991013965824
1267817031589453824
1267817494665822208
1267817494422663168
1267817494284288000
1267818501340712960
1267818501244256256
1267818551412285445
1267818753267339267
1267818954958835713
1267819400255598593
1267819455507099663
1267819759703228416
1267820011046891521
1267820514472366081
1267820514283790336
1267820765996445697
1267820765946281986
1267821162798518274
1267821269292060672
1267821504273584130
1267821772931428352
1267821977038807041
1267822275941654528
1267822527625203713
1267823534450991109
1267823534254014464
1267823785912066051
1267823937125146625
1267824037679501312
1267824037469749248
1267824207007633411
1267824289308237833
1267824289215991812
1267824540933128192
1267825044371066884
1267825801124171777
1267825800285351938
1267826050853208064
1267826302549200896
1267826302536560640
1267826328771784705
1267826600222945283
1267826805991370753
1267827026834014215
1267827057494548480
1267827812326670336
1267828316188233739
1267828316188233739
1267828335419088896
1267828818917679104
1267829070701551617
1267829070672396288
1267829276226674691
1267829574001451008
1267829573896605697
1267830077494104064
1267831084235976706
1267831335592189954
1267831335550418945
1267831562898419712
1267831967984365568
1267832090533548033
1267832593824862215
1267832593816473602
1267832845600317440
1267832971308011520
1267833594447384578
1267833601036439552
1267833625053204481
1267834020727001089
1267834858849492992
1267836007405273088
1267836117266677761
1267836368853463040
1267836549288407049
1267836620415225861
1267836872153161728
1267836872077856768
1267837255881830400
1267837375423512578
1267837655796113409
1267837878878588928
1267837878748364801
1267838382308130819
1267838508238069761
1267838633693847554
1267838885402296323
1267839137077313539
1267839388655878144
1267839388618125313
1267839640544968704
1267839640456724481
1267840143626510339
1267840265714307072
1267841150397804544
1267841150364323841
1267841402085478402
1267841905347276801
1267842157261451265
1267842157114769408
1267842408571719680
1267842827502997505
1267843415225643009
1267843918613360645
1267844329692975111
1267844421908754432
1267844421824819201
1267845176871006212
1267845176854110208
1267845428533288962
1267846183348613121
1267846434939744256
1267847180905259009
1267847441648246784
1267847693457489920
1267847745945165826
1267847944859860992
1267848196828479488
1267848211294752770
1267848291267547137
1267848590073966593
1267848700354650113
1267848700191113219
1267848988088242187
1267849001702916096
1267849686406348801
1267850106298130432
1267850409609179136
1267850713423581186
1267850713255669761
1267850731782123522
1267851130459107328
1267851230216425474
1267851248985931777
1267851391571316743
1267851427705208835
1267851468331081730
1267851556524883968
1267851971622469633
1267852022440738821
1267852223763095554
1267852468391751680
1267852474951614467
1267852720154820608
1267852978204971016
1267853327401918465
1267853733247008768
1267853984926019585
1267854186462556162
1267854434773630980
1267854488234110976
1267854739770834947
1267854833119264768
1267854991395565571
1267855021430968320
1267855045275648002
1267855494732898304
1267855566153625602
1267855998540288006
1267856145483550721
1267856250001383424
1267856249841831936
1267856385330593794
1267856814214971394
1267857256768344064
1267857256525291521
1267857488055058432
1267857769010470915
1267857843266469889
1267857847624269828
1267858146585870340
1267858355349004288
1267858514992562179
1267858514690670596
1267858711021838337
1267859074215038978
1267859265181679616
1267859269640024064
1267859605130002436
1267859773325635585
1267859862580584450
1267859864761651203
1267860528027725827
1267860527914659840
1267861282952302595
1267861534606331905
1267861534585294852
1267862289799090177
1267862289673117697
1267862792830410760
1267862792817618945
1267863044471873536
1267865290836189184
1267865368728666112
1267866064467095552
1267866316322594818
1267866567729188866
1267866765410926592
1267867071091638272
1267867070990938112
1267868078207008772
1267868077749911553
1267868077653278720
1267868580961333249
1267868832804175872
1267869084357705735
1267869084307337217
1267869587569119232
1267869839340650497
1267870091129106434
1267870091074510851
1267870594298716161
1267870594210529280
1267870594210512898
1267871349499998209
1267871852975869957
1267871852694835206
1267871852602355713
1267872104281600005
1267872271030501377
1267872356153860096
1267872607673737217
1267872745255305219
1267872859243847683
1267873865876807682
1267875375817715712
1267875627501326336
1267875649240420354
1267876305472819201
1267876633999839233
1267876885641302016
1267876885624532997
1267877214378475526
1267877389121486850
1267877627668422659
1267877640624431105
1267877892446281728
1267877892240834560
1267878143940911104
1267878395624353792
1267878899268169731
1267878899192487936
1267879150976593920
1267879832358191106
1267879971718037504
1267880157290717185
1267880311473549314
1267880311473549314
1267880362925047808
1267880660561100801
1267880912240275457
1267881667395493888
1267882170544259072
1267882422168739840
1267882674087223297
1267882925506170881
1267883177273708544
1267883429057695746
1267884183822589952
1267884687114080258
1267884938893889540
1267884938876948481
1267885190472282112
1267885442101362688
1267885642563891202
1267885693679931398
1267886197680021504
1267886448801267712
1267886700602314752
1267887119860711426
1267887707037954049
1267888934228500492
1267888965291397121
1267889216937062401
1267889468607836160
1267889468578521088
1267889720299646976
1267889813161639938
1267890223670673409
1267890727050076160
1267891733678956550
1267891985219760135
1267892991840174080
1267892991768834050
1267893243536191490
1267893747406299144
1267893747007643648
1267893998753951744
1267895818159259651
1267896515131060229
1267896766877151233
1267897270084698114
1267897521717665792
1267897773460017152
1267898276734332928
1267898276679827456
1267898528396767232
1267898780067627008
1267898797453193216
1267899283329691649
1267899283325493251
1267899283275046912
1267899786553962499
1267900038375669764
1267900038325260288
1267900289874628608
1267900289815769088
1267900541499084800
1267901297140867077
1267901742831865859
1267901799903592449
1267902051658293248
1267902303438278658
1267902303392149504
1267902807685750785
1267902806637178880
1267903058299756544
1267903058224115712
1267903669116325894
1267904568064647169
1267904568047869952
1267905071712333824
1267905826682998786
1267905826351484928
1267906833047531520
1267906882028670978
1267907084881924096
1267907084751974404
1267907088614854657
1267907835725328387
1267907839621623808
1267908091254898688
1267908342946467841
1267908342929735680
1267908594680422400
1267909098005098496
1267909517557325824
1267910356250226689
1267910797260447745
1267910959399612416
1267911126362329089
1267911337964965888
1267911597021937667
1267911614604468232
1267911734280454146
1267911764445986816
1267911866291859456
1267912117828501504
1267912317834006529
1267912872878800901
1267913124671361027
1267913124499394563
1267913376379752448
1267913376195153920
1267913628000440327
1267914382937223169
1267914634557820929
1267915137849208840
1267915137685417984
1267915389486247936
1267915389456941057
1267915641073229825
1267915892719063040
1267916396303769600
1267916899498684418
1267916899473436673
1267917404551753728
1267917402760638464
1267917654469287942
1267918018069377024
1267918157869649920
1267918882280521729
1267919181250547713
1267919244664193024
1267919422292922368
1267919607878254593
1267919667718471681
1267919757967265794
1267919919447932928
1267920295576436738
1267920422726582273
1267920925871108096
1267921177655283712
1267921903366352899
1267921932659367937
1267922184145534977
1267922184120532993
1267922687533383682
1267922939208482817
1267923442587885575
1267924449312952321
1267926965731889155
1267927217310273536
1267927468989612043
1267927720656138241
1267927972314415104
1267928223951642624
1267928727444471808
1267928979085783041
1267929082957832201
1267930237318373377
1267930488926134273
1267932250693197825
1267932502213029888
1267932753930027008
1267933005420433408
1267933257192009729
1267933505813712897
1267934215699681281
1267935018741096448
1267935210416607235
1267935256369340418
1267935270579535873
1267936277216858113
1267937031952326657
1267937535386419203
1267937612758745088
1267937620769886208
1267940303698137089
1267940331376586759
1267940806960218115
1267941281390624770
1267941310335537156
1267942065385672705
1267942316880224256
1267942820377243650
1267943071796334598
1267943071787782144
1267943323605614593
1267943826829660160
1267944581825511424
1267944581665980416
1267944833366163457
1267945336711995392
1267945840137474048
1267946091795877889
1267946091695095809
1267946343470960642
1267946595057831936
1267946931684282370
1267947601757757440
1267951458588164099
1267952131476197377
1267952886551662593
1267954396719087618
1267955654838362113
1267957919569506304
1267957919569506304
1267969496192409600
1267974035176112130
1267980610263449602
1267982493417984001
1267984516695687168
1267984595582058496
1267985638365765639
1268007751378239494
1268012893762715655
1268013713077997569
1268025870238781441
1268027618319896578
1268036937258078208
1268042846793236481
1268056524418662401
1268059093870280705
1268060361879674880
1268062294136836097
1268063514628960256
1268063867743072257
1268064441431732225
1268065450904170496
1268066636109451264
1268067096317042688
1268069655874166784
1268073179144089600
1268073680745062400
1268077592575385600
1268077700985556994
1268078481625223170
1268079747952713728
1268080190284070913
1268080976091058176
1268081735561957377
1268082030430076928
1268084114944655362
1268084277499105280
1268085091668045825
1268085992164114435
1268086751496634368
1268087728123588608
1268087903990792193
1268087965038915585
1268088021024419847
1268088278609256449
1268090044922818561
1268091863329882118
1268092886454800386
1268093704398659587
1268094051032727554
1268094318570467328
1268094318570377218
1268095576672833536
1268096640335912962
1268096835002019840
1268097312401874949
1268098138209955840
1268098179637088256
1268098596647374848
1268098848444100610
1268099521684348928
1268099603213119488
1268099854846361600
1268100371311984640
1268101183673184258
1268102119829078017
1268102308535164928
1268103378128830464
1268104722717782016
1268105547653484545
1268106901365153792
1268107007778750465
1268107269427822593
1268108914517848065
1268109425128230912
1268110424802594816
1268111934525587462
1268112590561042433
1268114474369769473
1268114539037503490
1268114750627512322
1268115096192106496
1268117974398861312
1268118477568528386
1268118553120604161
1268118589086842881
1268119746119172096
1268119953326161920
1268119987597611008
1268120100147691522
1268120540394532864
1268120934793318403
1268121618875928576
1268122251611734017
1268122663429574656
1268124014167220226
1268124457933176832
1268124517471322112
1268124769196683265
1268124939183370241
1268125463899181056
1268125775670251525
1268126742578958339
1268127034166788098
1268127033982402560
1268127033953071112
1268127224147988481
1268127327847944192
1268127537365782529
1268128192633733120
1268128258924650496
1268128911705214978
1268129047407734785
1268129181101105153
1268129802294161411
1268129822041145344
1268130053986095108
1268130221796057089
1268131218454962177
1268131343541698561
1268131438005751808
1268131532348194820
1268131986465529856
1268132388720250880
1268132570560004096
1268133098274897922
1268133325446754305
1268133577318776833
1268133661486075904
1268133819380649986
1268133881426968576
1268134350274650112
1268134663857549312
1268134835433779201
1268134965872640000
1268135340872785921
1268136191326670850
1268136848746045440
1268137100383322112
1268137862928781312
1268138610215325696
1268138862112468997
1268139113653374977
1268139616869273601
1268139868615405568
1268140120185507841
1268140513535893504
1268140875265093632
1268140894252945408
1268142133422129152
1268142385244110849
1268142519436685316
1268142636864466944
1268142636856225794
1268143067355373568
1268143379377991682
1268143549771628545
1268144521424109580
1268144835279695876
1268144839952076801
1268145090372960258
1268145308292259840
1268145549846462465
1268145656763482112
1268145851605671936
1268146083840098308
1268146196423589889
1268146311792074752
1268146406671421447
1268146914991542273
1268146914974785536
1268147116293177346
1268147168906547201
1268147802871418880
1268148424937033729
1268149532635926529
1268150497682296832
1268151445381017601
1268151445238321154
1268152199999176705
1268152703231897600
1268153131537510400
1268153488741216256
1268153503647752192
1268153709797629955
1268153961414111233
1268154006414729218
1268154717751951362
1268156543213674497
1268157232988008450
1268157736262553601
1268157988277088257
1268158491568467968
1268158743210049536
1268159497081622529
1268159749586968576
1268160252895285250
1268160425662779394
1268161008033394688
1268161008033394688
1268161763603820545
1268162232560615424
1268162517886480385
1268163190447386626
1268163524464959489
1268163776227897347
1268163965122740226
1268164289262751744
1268164531131424774
1268165034401767427
1268165716760506368
1268166041466617856
1268166796332265472
1268167299367931916
1268167736238243840
1268168054401269760
1268168268336021510
1268168557747044353
1268168809413701633
1268170067797315586
1268170822583123968
1268171417595654145
1268171712090300418
1268171716498522125
1268172584224296961
1268172824218402818
1268172977667035141
1268173089956786176
1268173088761327616
1268173563980324866
1268173590962159618
1268173794897801229
1268174230778195968
1268174597439885312
1268175097866735616
1268176107510980613
1268176376961646593
1268176449732657153
1268176610752110592
1268177087967440898
1268177617540317184
1268177820804669444
1268178510893514752
1268178623925596160
1268179127246286848
1268179623386456072
1268181140851970051
1268181376710344705
1268181520965152775
1268181895956832260
1268181947509071872
1268182650621214720
1268182654987505664
1268182665905278976
1268182990670254080
1268183153815859204
1268183908924850178
1268183908924796931
1268184160511897602
1268184915461496832
1268185670834503682
1268185928880787457
1268186226865168384
1268186834938531841
1268187180352102401
1268187683651596289
1268188187786166273
1268188187442085889
1268188438676647937
1268188515176779779
1268188690398031877
1268189445674561536
1268189948668112896
1268191206862925832
1268191710158389249
1268191961879461891
1268192052086521857
1268192292357144577
1268192465300918273
1268192541423349764
1268192629696708609
1268193220497772546
1268193220095164417
1268193723629793281
1268194176639930368
1268194748935913473
1268195233394761728
1268195273731444737
1268195479097094144
1268195660714651650
1268195988818231305
1268196240472322048
1268196902497128448
1268197135440392193
1268197247017193478
1268197390483324930
1268197750111428608
1268197750103031808
1268198253360644096
1268199008515829761
1268199511651827713
1268199594481025029
1268200014939070471
1268200069175574529
1268200459912781826
1268200476031541248
1268202279833710592
1268203034867310592
1268203288601800706
1268203286974410757
1268204041672122368
1268204503481888769
1268204796504412160
1268205050872111107
1268205423540174855
1268205503617863683
1268205883638546432
1268206306365595651
1268206809891909632
1268206809682149376
1268207061583540225
1268207609271762946
1268207816445063168
1268207816294072320
1268208879676141571
1268209047318204416
1268209074635780096
1268209956630626305
1268210081461460994
1268210236889980930
1268211036039122946
1268211259805184001
1268211344827973640
1268211475535052806
1268212121369788416
1268212346360434689
1268212597901479936
1268213145094553602
1268213352939077632
1268213987105177600
1268214107921977344
1268214107901251589
1268214182173904898
1268214359454388225
1268214611641327623
1268214686685814786
1268214862850768897
1268215333615263749
1268215366146293765
1268215438594498560
1268215562338996225
1268215665011429377
1268215869424852993
1268216136006598659
1268216213630521345
1268216372812582913
1268216487648604160
1268217234092167186
1268217729275789314
1268218014501146630
1268218134240124942
1268218382953963521
1268219141078433793
1268219644499898371
1268219982070067201
1268220147598348290
1268220203533557761
1268220353064640525
1268220399289905152
1268220399235534855
1268220593591197698
1268220650935554048
1268220879076458497
1268221462919483392
1268221657564364801
1268221909243699201
1268221909205803008
1268222048041656322
1268222161082343424
1268222847148793864
1268222960898379777
1268222994985385987
1268223189198528517
1268223295192739843
1268223304051105792
1268223670821851141
1268223750220242944
1268224174012502016
1268224363364524035
1268224677606031360
1268224800801067011
1268225432345690113
1268226495744552960
1268227194465030145
1268227697421008897
1268228703860985859
1268228853551575046
1268229207240241155
1268229458995089410
1268229458986557440
1268229458986557440
1268229962336632832
1268230214024388608
1268230717290328064
1268230942222684162
1268231220539899905
1268231220493770752
1268231692969553921
1268233988893704193
1268234240602210304
1268235750413221888
1268235890234703873
1268235967288270850
1268236002126180354
1268236253767454720
1268236253704654850
1268236505287397377
1268236662573879298
1268236670907953155
1268237260329189376
1268237512117334017
1268238015534632961
1268238518624481283
1268238908514541571
1268239273733414912
1268239776932605952
1268240531924160520
1268240608382144518
1268240631475900417
1268241181693132802
1268241538758279168
1268242293762322433
1268242796814594048
1268243048619806723
1268243803397337090
1268244558480998400
1268244558355132417
1268244810390884352
1268244809988206594
1268244919191306242
1268245061742911495
1268245149106266112
1268245313577316352
1268245412479107074
1268245565088948225
1268246435331530758
1268247885939904519
1268247908572332038
1268248032472174594
1268248246243254273
1268248333442641920
1268248586510389257
1268248832426553347
1268250279864131590
1268250598396309508
1268250850012672000
1268251101607931908
1268251125976829954
1268251191466745856
1268251353303973890
1268251604949532672
1268251604924477441
1268252359903162368
1268252359840247809
1268252611494305793
1268252707384700935
1268252769883955201
1268253114919825408
1268253490821898243
1268254373106323488
1268254377523007488
1268254680112562177
1268255631359672320
1268255882996936705
1268256107463671814
1268256137582870531
1268256134869053440
1268256408136486918
1268256753751293952
1268256803353174017
1268256889847963649
1268257393315426305
1268257644864626689
1268257896296443905
1268258349763739655
1268258378683383809
1268258399747096577
1268259154642169856
1268259657904058368
1268259657883115522
1268260161291816960
1268261020839170048
1268261167929032704
1268261556011360258
1268261671291756545
1268261671191089153
1268262371623161858
1268264187823677444
1268265218649530377
1268265490960580611
1268265503056965632
1268265667570159616
1268265949355888640
1268266201018482689
1268266200997548032
1268266704368435200
1268266704343195649
1268267459523608579
1268267459330535424
1268267962584055808
1268268172609835009
1268268969284136960
1268268969204387840
1268269472688812035
1268269724204482560
1268270982655021057
1268271061751169025
1268271989531140097
1268272995698716674
1268273780159324163
1268274002457493507
1268274254056955906
1268274304472547328
1268274505903980551
1268274505719468033
1268274548790775809
1268274757570527233
1268274757427961858
1268275009035751425
1268275512453091332
1268275512268525568
1268276165824917504
1268276770580475904
1268276770551107586
1268277303198482439
1268278142835310597
1268278187248607233
1268278532238524416
1268278532217561088
1268278732181188608
1268279287414579202
1268281048787378176
1268281300449779712
1268282055617507328
1268282055554527233
1268282307040784384
1268283313900474368
1268283313871036422
1268283565302661120
1268284823740854272
1268285201689567233
1268285428492369920
1268286082208149509
1268286081897648129
1268286085999874048
1268287592283418627
1268288346868064258
1268289353547042817
1268289857010442241
1268289856951791617
1268289856792170496
1268290108790374401
1268290221138993153
1268290825936666625
1268291115205054464
1268291366934757383
1268291870351937537
1268291870188343297
1268293631770685441
1268294386791653378
1268294638567292928
1268297154998628352
1268298413302583297
1268298664969211913
1268299168176459776
1268299923277127687
1268300265054183425
1268301181539008517
1268301181492887554
