1260714918992662528
1260721457266638850
1260728073047158791
1260991588878213126
1261304633932349445
1261344722695516161
1261388599037169664
1261400187886546951
1261439029729325056
1261676507270909960
1261726180421623810
1261808881749065730
1262020377783480321
1262054753019686913
1262111432621150208
1262189324516429825
1262396042559062017
1262438918085115906
1262467475201024009
1262506919022997504
1262794828250783744
1262809619656777730
1262867552147050503
1263119454889746434
1263144619107397632
1263176011526660096
1263199078487396354
