1288598035837136903
1288602836092301316
1288659717275910147
1288680612430336000
1288701059918176257
1288708710852890624
1288716140026499072
1288719962698326016
1288723700234235904
1288727646914908163
1288731925423808512
1288735359984111616
1288737457429778432
1288739524407959555
1288742457161777152
1288746295809716224
1288748528655839232
1288749947710590978
1288753973063749632
1288757967123349506
1288759014982144000
1288760973000679424
1288765000472035328
1288768108078018560
1288772796185812998
1288776917815099395
1288780817876037632
1288784147520135168
1288787877757845504
1288788544857792518
1288793349022003200
1288797162206306305
1288801071738097665
1288801940772716545
1288802492973821952
1288803542036369408
1288803792520183809
1288807065541120001
1288808091593641984
1288808328580210689
1288813266391703552
1288816699156963330
1288816702659190784
1288816700595539968
1288816704865406976
1288820607736516616
1288823853091782658
1288827661603741696
1288831477472468994
1288831560410693634
1288834440119156737
1288835999380967425
1288841405566193665
1288844694030516225
1288847847249653760
1288851614468640770
1288856128152100868
1288857801209581569
1288859522103160836
1288863129439477760
1288866318532390913
1288868446193713152
1288869811058024454
1288869952527765505
1288872088909090818
1288874622469976064
1288877757997494274
1288878017448677376
1288879264725716995
1288881729361543168
1288882599079940096
1288886121842319360
1288889604972711937
1288893514433138688
1288897011157213191
1288897146075389953
1288899913884065795
1288900716644503559
1288903149143678978
1288906776348434435
1288910894135685123
1288912464122454017
1288913391155912705
1288916752156504065
1288919982647148544
1288923167143145472
1288926748764262400
1288931228482179072
1288932475016826908
1288933700839919626
1288934207214026752
1288935054991818753
1288937672690610177
1288938745635446786
1288941248930291713
1288941886888181762
1288946435950616576
1288951435464519687
1288951435464519687
1288956318016057347
1288961375331647490
1288966336929058817
1288971165365673986
1288974453599358976
1288977858845704200
1288981398762790913
1288984626573332480
1288987854878769154
1289009648654340099
1289031480384131072
1289063433141395457
1289075639966990336
1289078931879006209
1289082145718362115
1289084748187435008
1289088144063815682
1289091568411070464
1289094792618684416
1289099202019184641
1289100271428292609
1289103575491256325
1289107206453985285
1289111739590729733
1289115095214301187
1289119182013988864
1289126519919595520
1289130483461259264
1289134537323220994
1289139446047297536
1289143300818186246
1289147462125527041
1289147465577496578
1289147463899721728
1289147467213275141
1289147706674470912
1289151029947199493
1289152906482966529
1289155751227924481
1289156736524279808
1289158918371856385
1289159385734815747
1289160232841687042
1289161811695206400
1289162221617123328
1289164101000855553
1289167512375107585
1289171600516972546
1289175690294763521
1289180484795273216
1289185060722298880
1289189361838256128
1289190449941372928
1289193794605326338
1289198073160196096
1289202885545226242
1289202882596626432
1289202890330918913
1289202888636395523
1289202894659563520
1289202893262860289
1289202898690138112
1289202897159245825
1289202900930093057
1289204456274395136
1289206483779850240
1289210115002834945
1289215247547432961
1289219177006247936
1289221734671892480
1289225496476049410
1289229049391468544
1289233151508660225
1289237180171206658
1289242135506501637
1289246901599174656
1289248187723575298
1289249682552627200
1289251955517214720
1289253450841067521
1289257078322688000
1289262699608543232
1289267067158269952
1289270801729040384
1289274337489563649
1289278096961503232
1289281919981703169
1289285701075267585
1289286217423400960
1289289865771790336
1289293352995713025
1289297316256419840
1289303065367990276
1289303354460364802
1289309359701241856
1289315627945975808
1289321432564940800
1289327229491539969
1289332963830898688
1289352331067236352
1289378880269234176
1289399696809529344
1289425817609486337
1289429702021529600
1289433324839006210
1289440827895427073
1289440870597406723
1289443044496797699
1289444399877947393
1289447869955547136
1289451586272411648
1289454746286395393
1289457868941361152
1289461083976196097
1289463558971899904
1289468795933929478
1289474006698008578
1289478064829632512
1289480387203194882
1289482874102546432
1289487698453905408
1289492462973513728
1289493780337483777
1289498986227707910
1289501279631400960
1289501481440129024
1289504608012787712
1289509642284883968
1289514714926522368
1289515689527529472
1289517633398648833
1289522528034070528
1289525115948904448
1289529648511160322
1289530879656652802
1289534684754522112
1289538569816735751
1289542784521658370
1289547612371202048
1289552116785143810
1289556687603429376
1289561805518336002
1289565397155446784
1289569216098521089
1289574541321101320
1289578857582833664
1289580119099465728
1289585625398562821
1289590728042205185
1289595790613192705
1289600767456768001
1289605996986286082
1289610990884130817
1289614482730172416
1289618034496278534
1289620980126511106
1289622095035420672
1289627082687787009
1289631126592425984
1289631270188662784
1289634473550548992
1289637608725704704
1289640815627841538
1289644160224342016
1289647490690699266
1289647633536028672
1289647826851393536
1289650729930469377
1289654230995726336
1289658749389438976
1289661482825732098
1289664436324597765
1289667395166941188
1289668394954797056
1289670326075273216
1289673378261905408
1289676092765134848
1289678861886558208
1289681835509731329
1289685031670001664
1289688046397341696
1289691276527439876
1289694460989898754
1289697616817618944
1289700971409334272
1289704086556643329
1289707282666840066
1289710810265038855
1289714046472556544
1289717263638003712
1289720553025110017
1289724276111622144
1289727551569502208
1289730847956819969
1289734718376665090
1289738240644218880
1289742302131281921
1289766015681798145
1289775678422827009
1289775678422827009
1289779017751699457
1289782242869379073
1289785306028244992
1289788128387985408
1289792126750871552
1289795620291506176
1289799343369793536
1289803370388238338
1289806782244646912
1289810761804644352
1289813470620180481
1289814729087578114
1289814989012979717
1289816051048357890
1289818380338368513
1289821485905768449
1289824704270917635
1289827937366097920
1289831689363918849
1289833312165326849
1289835397657137157
1289839148640006145
1289840746405572608
1289842403956883456
1289843920159965184
1289845424170311680
1289848626555097089
1289851786241564673
1289852333849890816
1289852689829048320
1289855253139976192
1289858327128678400
1289858631488462855
1289861202949046272
1289861883311214592
1289863320481280000
1289864116882952192
1289864349423525890
1289867808076181504
1289871058237919234
1289874327949762561
1289875119620251649
1289875262075805697
1289877506150072321
1289880922276282370
1289884204247986177
1289888225129979904
1289891451065831424
1289894045171539968
1289898722600484866
1289901425607073794
1289902730601828352
1289907275524640769
1289911529580539904
1289914752961900544
1289915372246794241
1289920096295510017
1289924558967865344
1289927718394421248
1289931094087700480
1289934712534896640
1289937830718787585
1289941055702355968
1289944415902015488
1289948085628493825
1289951352974528512
1289955956097314817
1289957314082959362
1289959362971070466
1289962535035207680
1289965815354155008
1289969053566730240
1289972223965446147
1289975396763541505
1289979420380282880
1289982682999345152
1289982932984254464
1289986019744313345
1289989410088353793
1289992965008445440
1289997055159492608
1290000095287504896
1290004594144055297
1290007982000857088
1290007986232913922
1290010989191143425
1290015015290929157
1290018752411717640
1290020799873798152
1290024246932959232
1290028208230866944
1290031616295710721
1290034711172063232
1290037444906070016
1290041109834371072
1290048549384855557
1290051554628624389
1290054776999129088
1290058007246594050
1290061015309156352
1290064994386599936
1290068995542933507
1290072706226860032
1290075928425422849
1290079155279867906
1290082417869348864
1290086438990753794
1290090198584311808
1290096688690954240
1290150401719836672
1290151111140098052
1290151408218628102
1290152578458689536
1290152918096568320
1290168125321699329
1290171582892081157
1290174802859196417
1290177811966132226
1290200738250084358
1290204231861858305
1290205820198608898
1290208425142452224
1290212923613179910
1290217002003386369
1290221479133495298
1290226144990519296
1290230521058877440
1290235229613862912
1290239545481420803
1290244096645140482
1290246220514902016
1290248748417683456
1290253382439940103
1290254243753074689
1290257495462535170
1290260795486621696
1290263136008896512
1290264284136525825
1290267426785959938
1290270732602155008
1290274547640434688
1290278446841524226
1290282886017568768
1290286726028709888
1290287514029133824
1290291600455659523
1290296228853321728
1290300160858193921
1290301232142155776
1290304663615442953
1290309056972947456
1290313224634552320
1290314493294190593
1290315992770412544
1290318100659920901
1290322721465925638
1290324204408188934
1290327171785990146
1290331122417700864
1290334867155230720
1290337643495030784
1290338821335285760
1290343871831056390
1290347793756950530
1290348700334723079
1290352410033094656
1290358222449192960
1290362298054443008
1290363151943376903
1290366461081522178
1290370776143716352
1290375081022181376
1290379693896667142
1290384469585793025
1290384561181020160
1290388468196167682
1290391619561238528
1290392029508308993
1290395165300064257
1290399642421735427
1290404539376570370
1290409317007532032
1290414022454644736
1290418560154599425
1290423311277731840
1290427011966611459
1290448639664500736
1290472709273657344
1290488944748982272
1290512789291839488
1290513020670676992
1290513857463681024
1290513955799085057
1290514299241152512
1290514759524245506
1290515305949782016
1290520615078834176
1290528133188399105
1290535577897578501
1290535577897578501
1290542264750608388
1290548751799652352
1290551928074665984
1290557246049583105
1290561294156931073
1290566662287228928
1290571135491493894
1290576034232926208
1290580529369288704
1290585547228971008
1290586825199935488
1290590397467590661
1290595107813634051
1290600082136596481
1290605042295345153
1290609599159074817
1290614376421117952
1290618833422692352
1290623565629358080
1290624718962335744
1290628374776483846
1290629461029904385
1290634096851509249
1290638565500694529
1290642062275215363
1290646916888502272
1290651917828448259
1290656722890219520
1290661526932795395
1290666201547505666
1290669242627522560
1290669461675085824
1290669618202320899
1290671004692500486
1290674882074869761
1290677197167001601
1290678630755053569
1290681734829346816
1290684278569869312
1290686302590054407
1290690539436810247
1290691928493830150
1290695353310818306
1290697450970390531
1290699916109656066
1290701341849944064
1290701775306137602
1290704195130142720
1290704901992075265
1290708310447067138
1290713026426023938
1290715385944313863
1290717611798528001
1290718263593390082
1290722319225294853
1290723834442797062
1290726772120727559
1290731019235196936
1290731128152784901
1290735852436336640
1290740088939466759
1290740406158852107
1290742908686086146
1290745106631397382
1290747163446849537
1290747365893255169
1290752066927951875
1290754468657672198
1290757030999924744
1290761996741349377
1290767000332128262
1290771958053969926
1290776794979807233
1290781498820513795
1290786281430163460
1290790287074353155
1290805812206739457
1290875178352771072
1290875371307573248
1290875467529170946
1290876183966515201
1290877035372589061
1290877354840137728
1290877693727133696
1290882914532626432
1290882912175497217
1290890381735989248
1290898113415327744
1290901347840253952
1290905451232669702
1290910200254406656
1290910508225306624
1290914808372568064
1290915550965760000
1290920000455348224
1290924426964488193
1290928510534660096
1290933173069795329
1290938043076157442
1290945050973790208
1290948198073171968
1290949873626382338
1290951219691872257
1290953192918876160
1290955375169155072
1290962599211917315
1290965162594361344
1290966980275691521
1290970879564943360
1290975023612731392
1290979229056806918
1290982179980414978
1290985327537127425
1290988517229768704
1290992039929286661
1290992648648642560
1290997186013147138
1291001564270866434
1291003474910613509
1291008536172990466
1291013188776013827
1291015809247121410
1291020442438950912
1291023325553188865
1291023330120732674
1291026578894467077
1291031096868700160
1291035514943025153
1291039594448924672
1291042634321010688
1291047184297857024
1291047235946455040
1291050260182249473
1291051621334614018
1291055886618841092
1291059352720363520
1291063584328429568
1291066885698736130
1291071137967988739
1291074511488647168
1291077780323655692
1291081002371166214
1291081000844439552
1291081007228166145
1291081004426440707
1291081011200176134
1291081009421783041
1291081013129621504
1291082360683925506
1291082662032158720
1291085623282085888
1291090226652250112
1291094633825656832
1291098139324276736
1291098571916353537
1291100248463605761
1291102652357652480
1291106011147907074
1291109304871931904
1291113071528890369
1291114535013830656
1291114660633223168
1291116353324290049
1291120330749222915
1291124417855201289
1291128402292989953
