1288701065848913921
1288706135957045248
1288710968726425609
1288716075585208320
1288721195475652608
1288722431989997568
1288724949532839936
1288726738206363649
1288727426390986752
1288728666285969409
1288730398416150529
1288731883048755201
1288732896090632192
1288732896090632192
1288734874522783744
1288737641534566401
1288738872608915457
1288741168319168512
1288743717680095232
1288743972840628225
1288745731734429696
1288747607439941632
1288751426794070017
1288755213730484225
1288759248512589825
1288759591350738944
1288763733330862081
1288767619185750018
1288773338865827840
1288777562303467522
1288783808481955840
1288788852140802050
1288793254998298625
1288794611062800385
1288796972921520128
1288799160498622464
1288802802286972928
1288807852627447808
1288814643763458051
1288819845891608576
1288823852202627073
1288827446104600576
1288832485296570368
1288838409004265472
1288843184437628929
1288846581349994498
1288850380122722305
1288857948811337728
1288864014173339650
1288869947205132289
1288873312932814848
1288876853940363264
1288879843644526598
1288881908261310465
1288881906868682754
1288881912564658179
1288881911289520128
1288881909871894528
1288883010142691332
1288885875372417030
1288888605612572673
1288892767553429506
1288896773478584321
1288900843035598849
1288904401235652609
1288908083650088961
1288911643099959296
1288914790358945793
1288918488292229120
1288922136283942912
1288926011569168384
1288929770814820356
1288933950719754240
1288937510853378049
1288941249286803456
1288944957752053761
1289063394247671808
1289068420454068225
1289073417862479874
1289078619311091712
1289083459575717890
1289085948576268295
1289087724922834944
1289089764159881216
1289090286866575361
1289094791834238976
1289103576233660417
1289108370079854592
1289112187093622784
1289112337568403456
1289112738975883265
1289112959650758656
1289113104660533248
1289118114785964032
1289122474345537537
1289128910987431937
1289132888009715712
1289133665742659584
1289136209755803648
1289137723354361857
1289138106013294592
1289143535288098818
1289144937024557057
1289152684201619456
1289154504370290699
1289154840900165633
1289158016189845504
1289158266010836993
1289158401331732480
1289158517929082880
1289158608261795845
1289161268679540737
1289162576631345153
1289166471256395777
1289176614962511873
1289182784498565121
1289187538721058816
1289190969271672833
1289194520911974400
1289199620568961027
1289204413744046081
1289209621119299590
1289214368719212544
1289219908119617536
1289224348952170496
1289235662000885760
1289239124935770112
1289240081925115906
1289240316776558593
1289240652492886016
1289240961717956608
1289243832349941760
1289250001449713664
1289255093158555648
1289260391348936704
1289266570183749632
1289272120078262272
1289276561753956353
1289282438162604034
1289288534193397762
1289425796596031488
1289430728208310273
1289435891606474752
1289440841774166017
1289445903518949376
1289449123834257408
1289452127178248193
1289455870103810052
1289459858266378240
1289463567301767168
1289466069942325249
1289471160166559745
1289473811654426627
1289478825798070277
1289484202300203009
1289484312677556224
1289488114822586368
1289489429971603456
1289494783912636422
1289499738199347202
1289502300281569280
1289507078369771520
1289512445652766722
1289514709259960322
1289517586518953984
1289522533683757056
1289527320701620224
1289532544225075200
1289537289232637953
1289542046135382018
1289546866615615488
1289556441674608643
1289568197289455616
1289578029392580609
1289588427143356417
1289599110027206658
1289607965549436930
1289612756836999171
1289618320681910278
1289622846130413569
1289627082633252865
1289631385267789824
1289635527776337920
1289639831115636736
1289646933686943745
1289654232979656704
1289849814524411905
1289853529931132929
1289857237041676288
1289875035969056768
1289885496643002373
1289893434078027776
1289972220920381440
1289976896541716485
1289981936442789889
1289986180839280640
1289992981718740993
1289999668898930688
1290150561443020800
1290155524592345088
1290160715941031936
1290165630729981952
1290170597654183942
1290176061049729027
1290181317318057984
1290188396879519746
1290195016451624961
1290198485434683392
1290202235331391494
1290205719241859072
1290207242877169666
1290212180239896578
1290213854446678016
1290213854446678016
1290222232342388737
1290225575513079809
1290228544484728832
1290232099740381184
1290235171845877761
1290238509765156864
1290244849703112704
1290248753136513024
1290252609035669505
1290257474612654080
1290261479363551235
1290263495175475201
1290264976137916419
1290265625986662400
1290266959280345088
1290268764030763008
1290273013082939392
1290276455289626626
1290280070892810241
1290283971306065920
1290286146023555072
1290287732602765312
1290290533647233027
1290296589504806912
1290298032701882370
1290303884678664193
1290308295031496704
1290313717385588736
1290317616440135680
1290321167367262209
1290324222909255685
1290327671331790854
1290331385610342400
1290335381884370944
1290340963060244481
1290345509505445897
1290352073834401792
1290358627396653057
1290360647998373888
1290365715476865026
1290372417450319872
1290378423576211467
1290383622541840384
1290388100309540865
1290392673053028353
1290513017147359232
1290518009052897281
1290522934650589189
1290528138473209857
1290533069460508672
1290536817553543171
1290540285097848833
1290544274111594501
1290547860979748864
1290551630916661249
1290553732103626755
1290555114659426304
1290558642178138112
1290560471851048965
1290562250324029440
1290564149274193921
1290568393972690945
1290569165884055556
1290574983245303809
1290579668349980672
1290581028696928256
1290584150819381249
1290586480369434625
1290586611114278913
1290589906478280709
1290592919150264321
1290597710739972096
1290603385725607937
1290606574399086592
1290608570493480960
1290609850465034242
1290611193116270592
1290616696567472130
1290620736579796993
1290624301784338432
1290628375976058885
1290633797420056578
1290640586744238081
1290644021874917388
1290650338433867777
1290654461094965258
1290658724621811713
1290664432033505282
1290668634482900992
1290670758256140288
1290677157686108160
1290681947958673414
1290685547736948746
1290691660632989696
1290693694262312962
1290694449719386114
1290698920637730816
1290701655797895172
1290705436031803392
1290709191016042496
1290713543881433097
1290717360211595268
1290721326936797189
1290725038006599684
1290728792865079298
1290732254453432321
1290735836842074113
1290739322631729152
1290742876721360897
1290746583148109824
1290750336660131845
1290755037719912450
1290759514766155776
1290875360372981760
1290880268614668289
1290885420742574080
1290889525657509888
1290890419853828096
1290895577979523072
1290899065736171520
1290902366036865024
1290905960991674368
1290912957812158464
1290916792072904704
1290921553383886849
1290925436189450240
1290929261558280192
1290930175153143808
1290930841288355840
1290934513649033217
1290938565019533312
1290940676545359872
1290942069960310785
1290947092408676353
1290953328994799616
1290957176429740035
1290959150013394952
1290965120403865601
1290970674253778944
1290974019584483333
1290976885661458439
1290982178147508226
1290986082952192006
1290987136322285573
1290992044387819526
1290996253854236672
1291001528191524866
1291005836240867329
1291009712247513088
1291015598537936898
1291019224304046080
1291023885660495873
1291029714077966336
1291033711773917184
1291038820364955650
1291043556539469825
1291045334613925895
1291046063873437698
1291046580846579712
1291047422207164416
1291047733332267008
1291048373802414081
1291050109967441921
1291054095336452107
1291057457935126529
1291061328577277961
1291066639895666690
1291071899951403008
1291078283069726721
1291082116743204865
1291087931961155584
1291091694285357057
1291096859163926534
1291101424424812550
