1268306466479509507
1268312467714666497
1268313063939174400
1268313430328410113
1268315274442391552
1268318693706002433
1268321565978112001
1268321752951648256
1268323225361977344
1268324403105820672
1268330373890674689
1268335407483310081
1268338638481428481
1268342958744625153
1268351766183194625
1268359314646990849
1268362039052951553
1268364348050857984
1268365432471289857
1268365641616146432
1268371897475051520
1268372490646102021
1268379698763116544
1268384482110865408
1268392032097181701
1268399582448361473
1268407132858318848
1268412366464696325
1268422230754672643
1268437331096358915
1268452430406127623
1268463392668504064
1268467529166524417
1268468111046557698
1268472282751610880
1268474476116795397
1268475080444698627
1268482640652500993
1268487995935592450
1268490941951873029
1268491633248669697
1268493953487290374
1268495821714178048
1268497736858513409
1268501502915641346
1268505285649367040
1268506457156333569
1268512840014606337
1268512983195533313
1268518483073040385
1268520387261992960
1268521526178938880
1268522656430796800
1268523899731484674
1268527430802845696
1268527485638963200
1268528680902557698
1268530945528717312
1268536230377140225
1268539221096173569
1268543528545779716
1268551330118983689
1268553715386068992
1268554853493719040
1268558376486789123
1268566681393287169
1268580776074973184
1268586814115323909
1268593608875290629
1268599899974709249
1268599968908169222
1268602989872201728
1268604038494314497
1268607701254377479
1268608017903366151
1268610345091903489
1268611742663421953
1268613741467201537
1268618799982338049
1268619025904328705
1268624573508931592
1268627676773986305
1268628856908533761
1268634113528954881
1268634638160990208
1268640679833620491
1268643021672849410
1268648872093442048
1268648973541298177
1268656275514109958
1268664698163126274
1268664827435778050
1268671375708995584
1268682721150111744
1268682880785551361
1268682909365555205
1268682918479695879
1268682927782625285
1268682937127645184
1268682945608507394
1268682953133109248
1268682962155044864
1268689196832772097
1268692761676582912
1268693447990534151
1268700311461548039
1268707861233913858
1268715410934960128
1268722961122459650
1268729503968309249
1268730510542467072
1268745609927852032
1268753171570216966
1268756431358046208
1268760709397176320
1268764987721494530
1268768260763287556
1268772034147954688
1268775809092894720
1268779583844880384
1268783358546493442
1268790908809629696
1268798458120503296
1268804749719220224
1268809794690985985
1268813809264844800
1268821862223622146
1268829412100882433
1268829916642136066
1268836458636460033
1268839981700853761
1268843161541120001
1268844008383578118
1268845017948467201
1268853330186551298
1268859611156590592
1268866657675550721
1268870181339660295
1268874207284396032
1268876220906844160
1268876591645556736
1268884022064812033
1268885282574659584
1268891068310880256
1268894843566125058
1268897108209303556
1268900882906841090
1268904706979639297
1268905482770460675
1268905916453265409
1268909439509319683
1268910755182792705
1268913090319413248
1268917240902098944
1268920764243247104
1268923280599257089
1268927224419422210
1268928817294442502
1268931585505624065
1268935615002873862
1268938631911276545
1268941059704397828
1268941651722022929
1268943163672219649
1268944671629291521
1268947691473698819
1268950785372684294
1268951214831566848
1268957757882810369
1268958264915562497
1268958264915562497
1268961281140277248
1268965307500187652
1268967320669638661
1268973863976800256
1268977387267485696
1268981665331847174
1268986950179885056
1268988963454365697
1268994751560331265
1269001294586482690
1269005690812669953
1269007599963451392
1269012619186356231
1269018155692765184
1269021648352686084
1269022462668242945
1269025453626535936
1269031493831180291
1269038036781760512
1269045083879493639
1269050871171743744
1269059427673477125
1269065467513262081
1269072010551984130
1269077798863372296
1269085097157951488
1269092646728933378
1269098077056454657
1269098434671398912
1269103215989133322
1269104432660258819
1269107246937456641
1269111492315615234
1269115799089930241
1269121838870867968
1269124536886165505
1269126861730258945
1269131906576252928
1269141988315668482
1269147006125182983
1269154555977256960
1269169654217551872
1269184754240323584
1269199853311139840
1269215959010721792
1269223005697253380
1269228541973061639
1269235588529610753
1269240873193287682
1269245401573572609
1269249178066182144
1269252705610018817
1269257824003121152
1269260251980804096
1269264780667355136
1269268052526403584
1269274092311543808
1269277602314964992
1269278370501668867
1269282903327989760
1269286423380856835
1269294728400510976
1269302026216910851
1269305664637042688
1269319894216192003
1269328954533560324
1269330120327610369
1269337761758302208
1269344519280947200
1269345311572602881
1269346586770825216
1269350344796131335
1269356636063367171
1269358900899393537
1269365953659383812
1269367338824011777
1269374503844487168
1269381801866416140
1269387841567670272
1269390648475598851
1269394384883195905
1269400676293136384
1269405206254481408
1269412252593131521
1269421060614733829
1269430120516894722
1269436915247349760
1269445723201794051
1269452266223947778
1269459312612487168
1269462169571262465
1269463536188751872
1269465604039348224
1269472902325456902
1269479195299721216
1269486743964844038
1269501843270492160
1269516942806781953
1269532042003451905
1269562241038368769
1269577341581373442
1269592440937295872
1269604152537165824
1269606522050555904
1269607245769330689
1269611315355693056
1269615092481568768
1269618864503042049
1269622640198762496
1269633963510898690
1269649063353503751
1269656614056923136
1269664162659086336
1269671712536354817
1269679262300332034
1269686812144013312
1269694361710854145
1269698891441598464
1269701911516766213
1269709461997998080
1269717011107647490
1269721859886477313
1269724560762552323
1269727109263486977
1269732110425903104
1269739660189802496
1269754759768092672
1269758534306205696
1269762309574004740
1269769859371610114
1269777408892252161
1269784958807224320
1269792508697088005
1269800058259718144
1269807608204050433
1269815158051950593
1269822707300012032
1269830257172979712
1269837806827786242
1269837806584631296
1269842839845904387
1269845356390440963
1269852906645262336
1269852990698971137
1269857687640182786
1269869264049016832
1269874297012662274
1269882350206251008
1269898204776202241
1269900579397984256
1269904747672285185
1269910535748964352
1269919595550384129
1269935198382194689
1269940492843790337
1269949794501513216
1269954324429524993
1269958603219308544
1269964894025154560
1269967914041593857
1269970378425860096
1269972947432849410
1269977478698881024
1269977728754868227
1269985529950502912
1269992828135976960
1269996602921488384
1269997898051313665
1270000378227175432
1270003397773623299
1270008179586412548
1270013074943152128
1270013113803444230
1270015729014898688
1270016844041269255
1270017103198924803
1270020136402067457
1270023027162583046
1270023156061933568
1270026551627788290
1270031981334745088
1270035568940941313
1270038378726273024
1270041901392068610
1270043109460602884
1270045676764880897
1270049702952738818
1270053477788585988
1270056246217850882
1270061279231774727
1270079400210563079
1270083425316139008
1270084921181106177
1270088996568346626
1270090601573351424
1270090650386644994
1270091585427058690
1270091663046856704
1270094498786312192
1270094498786312192
1270098272963530753
1270099789573771274
1270103306468286466
1270105517562703873
1270109597970374656
1270112365904891910
1270113373925937153
1270118909103034368
1270124697586466816
1270128474586591232
1270128475547095043
1270134764759023616
1270142313390583808
1270147346731618306
1270154897787367426
1270154896101212161
1270184069867937793
1270187611450155009
1270189625202495488
1270195161411260417
1270221308316565505
1270241916500795392
1270248764314353664
1270255811026210817
1270263360513335297
1270271413556051968
1270289049195089921
1270295069682253825
1270302886510112769
1270310169570770945
1270317718672195584
1270325268763283456
1270328650282479622
1270333321608941569
1270340871347752961
1270348672950308869
1270355970888273921
1270358739753762819
1270363269191041025
1270370818732822528
1270378116851040261
1270380508967514114
1270382650155556865
1270385415070064643
1270387063351906306
1270387428323323908
1270387981401104385
1270389189926936579
1270393217494798337
1270396739871268873
1270400766071779330
1270402638824247296
1270408568060157955
1270410220465008640
1270412342464073731
1270413600813797376
1270415865574555648
1270418906604240907
1270419891942821890
1270421691106238465
1270421755237195776
1270421832223674370
1270423163625705474
1270426124967972864
1270427693394296834
1270432223536336897
1270439018191368196
1270439532924751874
1270442792993636353
1270446064898838529
1270447071099789320
1270453614314733569
1270457137634959360
1270464939203969025
1270466448914341888
1270472991919558656
1270476515310960640
1270482303299596295
1270488594898194432
1270495641039446016
1270498223518556166
1270498912974110720
1270505456222572554
1270509482401988608
1270516277145149440
1270521310268002304
1270527350279745536
1270533632571170816
1270533639495979013
1270533638002741248
1270534900161015808
1270543709545934850
1270549999416377345
1270558232868564993
1270558952468525057
1270565098780835844
1270571552422027264
1270572648616132614
1270575945661984768
1270580198396682240
1270587748617986048
1270589438888902657
1270590446935306240
1270595297916456962
1270602847625850881
1270617947212521473
1270625496997466113
1270633298398793731
1270640847902703616
1270648901062873088
1270656957720952832
1270665274308677633
1270675856365682689
1270679605721141251
1270687404886822912
1270688165993611265
1270689107388366848
1270694451321679872
1270699880235905025
1270702505001975815
1270706279758139393
1270708304688427008
1270710305685987328
1270713577901445125
1270717604814962688
1270721379743100928
1270724867625594881
1270725084697686018
1270725657257897991
1270727342596358146
1270728677433790464
1270730336880807936
1270732955015577601
1270736730702983168
1270740504846774273
1270748054489116677
1270750710683119616
1270752892849438727
1270755604332773376
1270757869193850880
1270759630889791489
1270760637493198850
1270762902664949761
1270765418974601216
1270766426358456321
1270766498240397313
1270770703776743424
1270772961700720640
1270772960673107969
1270772959595159559
1270780518670282752
1270782448910176259
1270783538527375361
1270788068296069120
1270789285713719297
1270789327027568646
1270793605133881345
1270795617963474946
1270796387354136577
1270803419427753989
1270804221668077569
1270808452701380608
1270811724351000577
1270818015756648452
1270822580124094465
1270823059688218624
1270827612290637830
1270829340440301568
1270831721299144704
1270831983879286784
1270833618428940288
