1268301437290909698
1268307024871403524
1268307066558570507
1268316535640096768
1268324083437113345
1268330225936498689
1268335281054330882
1268517390419189760
1268533713794674691
1268554392120233984
1268561234787434499
1268567636092358656
1268569128958406659
1268578918178729985
1268588323481833475
1268634880679829504
1268653955615244290
1268655249205624833
1268663821620506624
1268673738012229634
1268678924499738624
1268861998642626560
1268877478942199809
1268890817214713856
1268898491092340737
1268908181327142914
1268958083830726657
1268968407573106693
1268980567212806145
1268982169126539266
1268991001517010951
1269011320315273223
1269026209150595072
1269036551876620289
1269037185820393473
1269041309488119808
1269056407749439489
1269248205969068039
1269256399663620099
1269282989898334209
1269282988598136832
1269283478039941122
1269306100131782656
1269313104006967298
1269403698649759746
1269635026423099392
1269677018062508034
1269687554858680326
1269692475964370945
1269693437038800896
1269702795084599296
1269703123024691207
1269717954620534787
1269741015642112000
1269947781625626625
1269977980664717315
1269994841573916673
1270003356921204737
1270003913576644608
1270007349458153472
1270039133562433537
1270056346436673538
1270056597058879489
1270068077762416640
1270101513222922240
1270101511092256779
1270101514451902465
1270104201935364110
1270104206934978560
1270104205265719297
1270104203600564225
1270118189880479746
1270128474519470081
1270143574630453248
1270311500729798657
1270325268901695489
1270340340176900096
1270340346413821952
1270340351509872642
1270351622573522944
1270352215417421825
1270354671861891073
1270376673725251586
1270400267956244487
1270415981328904193
1270416395738759169
1270430465363771393
1270472862521049090
1270475761225478148
1270478257926930433
1270478260019908611
1270478713352830976
1270478718625071105
1270478716653776896
1270479573805871106
1270479699840466946
1270479754194534401
1270480545441603584
1270490862938664960
1270673916441354243
1270691066715475969
1270719372751847429
1270736607738544131
1270737193766658048
1270742965242257408
1270752219969789953
1270759130702241795
1270759133629820930
1270759137438306312
1270759135630495746
1270763051327934464
1270763050019237888
1270763048312229888
1270763053936717829
1270763052573523968
1270767463194603520
1270792855309684736
1270797351523885059
1270797356196335621
1270797354099228680
1270797358872367109
1270797537566490627
1270797596513239040
1270797661659168773
1270797730466746368
1270797916085587969
1270797994489757699
1270801870802563072
1270823280975503364
