1263366412644560901
1263408200260505600
1263429473111887872
1263440537950072832
1263440641008295936
1263440667314921472
1263486363929841664
1263498033389584393
1263519171243053057
1263544840727470080
1263548867208937473
1263734147400568832
1263742256449806337
1263799203802820609
1263826804437061634
1263838733624922112
1263843005481582593
1263861584667033600
1263863839835271169
1263864282472726528
1263864833356652544
1263917904338321411
1263925512432431105
1264104934716452864
1264118214772097024
1264131140950130688
1264146834538352640
1264153068381274112
1264175395961802754
1264193435801706496
1264240256204840966
1264272110354075651
1264441065324589056
1264444959953952768
1264450985101058048
1264453272229883909
1264465495228637189
1264483410803908608
1264486499120275457
1264504991571742720
1264511653502234625
1264522283802144769
1264645738748882950
1264817908179505153
1264826327619776513
1264843794622681089
1264864855619776514
1264892474725728257
1264907633510813697
1264942902012190720
1264968293468770306
1264994079617794049
1265178060749508609
1265229645861044224
1265238049283346432
1265238813313503233
1265260456052211713
1265311549964668929
1265311840646635520
1265318912339697665
1265375234024185861
1265375251334037506
1265375350571380737
1265381796486754305
1265395436631855105
1265395490885173249
1265544178806722561
1265564798038806529
1265573960336519171
1265592506709917696
1265595174215917568
1265612539926323201
1265625841008103425
1265632156124135430
1265642269220188168
1265642290648924160
1265682587521089540
1265685652332589057
1265715884175302656
1265745870693302280
