1263427465126559744
1263442495914082304
1263465933294764032
1263468526679003143
1263484460303032322
1263513541904039937
1263529103136829448
1263775949243416576
1263797659623718912
1263836385527685120
1263842586982322176
1263860762726064128
1263873290671738882
1263873288784183297
1263902697306103810
1263904459291320320
1264115767953502209
1264219284370317312
1264232651642281989
1264498754767421442
1264532583976763393
1264979277080117256
1265199470985334788
1265209617036050432
1265231984110043136
1265231986366582784
1265279407750615044
1265343696842764288
1265343694414270464
1265557044892971008
1265590180024549378
1265596489201586178
1265625189716500480
1265650111960547328
1265650113885732871
1265665091841789953
1265681705257644037
1265681708332077064
