1263439191913885696
1263439275510558720
1263439345270194176
1263439398890139648
1263439450144571392
1263439501856137217
1263439556747001857
1263439607292506112
1263439660425940993
1263459074349268992
1263459497894219776
1263459741184868352
1263460222124736517
1263460586869800965
1263747499145277443
1263747549648879618
1263747590832689152
1263747634377957376
1263747692624216065
1263747763147284480
1263747929568837632
1263849556627746817
1263849949847941120
1263850168559874056
1263850318153932806
1263850595930103808
1263851055051182081
1264456093683482625
1264456090655141888
1264456098087501825
1264456095424114689
1264456101832974336
1264456099970736128
1264457636541394946
1264457634968563712
1264457641092247552
1264457639183835136
1264457645743890434
1264457643885604864
1264457647530471424
1264457653540941824
1264457650596573184
1264460177434017792
1264460182429425664
1264460180499992576
1264460185881329665
1264460184174202883
1264460188498550785
1264460192353157120
1264461361402109952
1264461359715987457
1264461365571280896
1264461362924679168
1264462964406366213
1264462962598621185
1264462966801362946
1264462972488830976
1264462969728987136
1264467364113821697
1264467367796457472
1264467371193860096
1264467369373523969
1264467375677509634
1264467373014188033
1264467380333207552
1264467378441555970
1264467381826404352
1264469112433987586
1264469110525620225
1264469117332893697
1264469115445501952
1264469122936520704
1264470539118112771
1264470545183072256
1264470548018368513
1264473770783170562
1264473779423424512
1264473784204980224
1264473787619094529
1264473785941364738
1264473790227968000
1264473801263206401
1264473805881094145
1264473803746275328
1264476204662263809
1264476208927895553
1264476207266926592
1264476213612957697
1264476210974736384
1264478327881912320
1264478331870691328
1264478335557500929
1264478333724581889
1264478604005523456
1264478601312755713
1264478608900231168
1264478605922365440
1264478613245554689
1264478611093876736
1264486137315246081
1264486139005513728
1264486144948854785
1264486142407086082
1264486880260681728
1264486884081668096
1264486881829335041
1264486887659433984
1264486904256331777
1264486902066896896
1264486942084759552
1264486947256299520
1264486945507311618
1264486949391175681
1264486972040466432
1264486968806670337
1264486974779355137
1264486980919783426
1264486978399002624
1264489557027938306
1264490725795753984
1264490730199777280
1264490728643653632
1264490731869106177
1264491509358792704
1264491512823332864
1264494656659718145
1264494653820137472
1264494658270269441
1264500487983792128
1264500494401024000
1264500493000126464
1264500491267870720
1264500496737292288
1264561882133696512
1264561886319656960
1264561884843266048
1264561888169390087
1264804841500684288
1264804890481774592
1264804936426172416
1264804982500491266
1264805027295768582
1264805077094674432
1264805135127117824
1264805193851506688
1264805245626060803
1264909778960166914
1264909790721048578
1264909802863501316
1264909961085272065
1265169868657049601
1265169914714714112
1265169948617261056
1265169984512069632
1265170014702723074
1265170046231261185
1265170076619046912
1265248771450892288
1265248963726209026
1265520050376761345
1265520085873184774
1265520117825273856
1265520152839323652
1265520187790503939
1265520225388302339
1265609909053165568
1265609927302639622
1265609939768111106
