1329197694687072256
1329212796098158592
1329227892962832385
1329242994856357890
1329258093084073984
1329273193878614016
1329280423487303680
1329281406183288834
1329281900087795712
1329283257859444736
1329284366573449221
1329285775985233925
1329286719141781505
1329288293201022981
1329289266137079808
1329290332568252416
1329290807824637955
1329290851416207360
1329293324138602497
1329295833817251846
1329295840708603904
1329298146653073411
1329298357332844545
1329300686190817280
1329300874053570561
1329301125254799361
1329301453475885056
1329301828069109760
1329301873095020544
1329302126271598592
1329302345587494914
1329302731543228417
1329303074209492992
1329303228689895425
1329303394616446977
1329305078784811009
1329305163107078144
1329305907050684416
1329306299406962688
1329308423809220608
1329309682041700352
1329309685334282241
1329310940228030467
1329312198665990145
1329312935244685313
1329313456881856514
1329315973401341952
1329316395058868224
1329317231679864832
1329318492428963840
1329321006784159747
1329323523316191233
1329325246801977345
1329326039760318465
1329326515247525888
1329327298097475584
1329328556309180418
1329329330091077633
1329331072920743937
1329332331149103105
1329333590421716992
1329336106286940161
1329337187347914752
1329338230609731585
1329338402915962880
1329338624941363202
1329338622709960705
1329339325876752391
1329339881185714176
1329340519672147968
1329341115846303747
1329341140794040322
1329342308903432192
1329342397763837955
1329343336860278784
1329343655807684609
1329343876998586369
1329344914518278144
1329346172440502272
1329346348102119425
1329347430698029056
1329348690285387778
1329349312778821632
1329349947800444929
1329351205684981760
1329352464345100288
1329353486492905473
1329353722208657415
1329354980600524802
1329356133589508096
1329356240447807488
1329358755486720000
1329359085951725568
1329359293687148544
1329361272165593089
1329362597884334080
1329363789926473730
1329365494781112320
1329365977365164039
1329366305103818752
1329367428200075264
1329367563663446016
1329367588720287744
1329367588720287744
1329367779611451393
1329368821677879297
1329369780512563200
1329370286559547395
1329371340189515776
1329372596773801986
1329372947686039552
1329373854842679297
1329376333667966976
1329376371446067202
1329377402963841024
1329378897037705217
1329379308842971139
1329379699756314624
1329381191737335812
1329381404615069696
1329381545191346177
1329381779829088257
1329382567347449859
1329383921503465472
1329386272847171584
1329386440904478720
1329387193866084352
1329387465900224513
1329387702542880769
1329388931448791042
1329388954542600192
1329390514483900416
1329391471015956481
1329393993155629056
1329396504214192131
1329396844338827265
1329398595011883011
1329399020633026561
1329400279020793858
1329401539975282688
1329401828577054720
1329402795712159745
1329404053898424323
1329405312613412867
1329406438482079745
1329406570845794309
1329406892712615936
1329407828830941184
1329409093421858817
1329409174069972993
1329410118405025792
1329410345883021318
1329411416936296449
1329411604035870720
1329412767565148179
1329412862054305794
1329414120144326660
1329414909277458439
1329415378511011840
1329416639549378560
1329417101359058945
1329417895303131136
1329419153476706305
1329419533531172864
1329421242500337664
1329421466480336897
1329421669870526466
1329423362456752133
1329423839902781440
1329424195827105792
1329424731351683072
1329425445423484929
1329426141942312960
1329426703219908609
1329426712002764800
1329429219701493760
1329429687622361088
1329430478013624321
1329430762685345795
1329431736841871360
1329432994805731328
1329433516858339339
1329434253105393664
1329436769490792450
1329437696184496134
1329439290372198401
1329441802848403456
1329442713708670976
1329444319418314753
1329446837653270528
1329449352327139330
1329451869157154817
1329453127469330434
1329454385924091906
1329456902166646785
1329459418983931904
1329460578264473600
1329462438845050880
1329463189717856258
1329464452207566849
1329466968412282881
1329467876168896516
1329469367894106112
1329471006067585025
1329472002118221825
1329474518264422400
1329479551517298693
1329482068011597826
1329484591816716288
1329489617674858499
1329494650932109316
1329497167816499205
1329498093553930242
1329499690354798594
1329504717311934467
1329505963385233408
1329507236305989633
1329509750577491968
1329512267088490496
1329514790931165184
1329517300102422535
1329519816873566209
1329522334525341697
1329524849866227717
1329527366461231105
1329528172048769030
1329529631255441408
1329544982395453441
1329560088957227008
1329575182101463041
1329590280878575617
1329605381916483585
1329620480685350912
1329635581375041538
1329638095952760832
1329640612564512769
1329641870943604736
1329643129637646337
1329643640474521601
1329644387412955139
1329645645716602888
1329646903940837377
1329648162424770562
1329648388611186688
1329649420573437956
1329650680957521921
1329651182411804676
1329651937415839745
1329653195434459136
1329654453818023939
1329655208880734209
1329655712004395009
1329656044113580032
1329656970236792837
1329658229685567489
1329658732062490624
1329659486987051010
1329660745198530560
1329662003452006400
1329663063444885504
1329663261780959233
1329664519996461057
1329665524486336512
1329665780020023297
1329667036902010882
1329667243949617154
1329668294979297281
1329669106719731712
1329669487084396551
1329669553333276675
1329670811435851776
1329672069735469056
1329673329330905090
1329673753526153216
1329674586611273729
1329675810740039680
1329675844852203520
1329677102891884546
1329677154959896578
1329678098237972480
1329678361635930120
1329678580956213248
1329679619578990592
1329680879040548866
1329682136526254081
1329683394553290752
1329685642029264896
1329685911093841922
1329686267332849664
1329686952875003905
1329690944275320832
1329691322685460480
1329691977793867776
1329692476379115520
1329693460840939522
1329694239333052417
1329695978228772867
1329695983987519490
1329697879817154560
1329698494358032385
1329701010458243072
1329703018657427457
1329703104393211904
1329703104393211904
1329703527128596481
1329703535295025152
1329704785528967170
1329705830992764929
1329706043677548545
1329708560435986433
1329708746541502464
1329709453235646464
1329710933292306432
1329711081342832640
1329712335733231617
1329712625270329345
1329712981970653184
1329713593424744448
1329714394369024005
1329715353522462721
1329716110174744576
1329717996298842113
1329718628816707584
1329721143301955584
1329722401525927938
1329723659813072896
1329724918070718464
1329725590300192772
1329726180056985601
1329726394365071365
1329727435290492931
1329728382263848961
1329728656445480961
1329728693304922114
1329729951285862400
1329730010991783938
1329731209593839616
1329731661752315904
1329732091383263234
1329732276024975360
1329732468086194181
1329732931951190018
1329733730571673601
1329734414851518464
1329734984484200448
1329736242674720768
1329736913457192961
1329737501058027527
1329738759374454787
1329739047317757952
1329739847309946880
1329741642434285569
1329742534709374976
1329743340032716801
1329743792384188416
1329746309067145219
1329748826215882753
1329750968699940864
1329751031807414277
1329751342202687490
1329752311296614408
1329752600636387328
1329753858978029575
1329755409498972162
1329755597940600832
1329756386004066305
1329757634073751552
1329758280231641089
1329758892461490179
1329759790806003713
1329760252204609536
1329761408922206208
1329762219828137985
1329763927412989955
1329765190842396673
1329765325106245633
1329766441759989763
1329767700143484928
1329768958304677899
1329770216453234688
1329770698622046208
1329771480851173377
1329772733970882563
1329772780208988162
1329773991943430145
1329775250272301057
1329776508219494400
1329777521299165184
1329779024877371393
1329780283273515010
1329781541291978758
1329784057891315713
1329785316094390279
1329786576809857025
1329789091274223616
1329790361225584642
1329791608150249474
1329794125814657024
1329795382621188118
1329796640748703744
1329797899576700931
1329799157549305863
1329801325547302920
1329802932913664006
1329804190449864705
1329804306401406980
1329806707384410112
1329809224986202114
1329809610098798592
1329811740314324993
1329814256854970370
1329816778499706881
1329819290057404419
1329820521844924416
1329821807357042688
1329822337357778944
1329824324606439427
1329826839716651010
1329829356542148608
1329831882452766721
1329832608298102788
1329833032187060225
1329834389409128450
1329836906478063618
1329839422850936837
1329839904998690817
1329841939181694978
1329844455986372609
1329846972262412288
1329849489339781121
1329852005989302272
1329854523976810496
1329857038978060288
1329859555543552000
1329859978841165824
1329862072197410819
1329864588431564802
1329867105211211778
1329869624502931456
1329872138355023874
1329874655163936770
1329877173587431424
1329878981143912449
1329880946305282049
1329882204659355649
1329884721564635138
1329885641304395776
1329887237689864192
1329888456126959622
1329888496031416320
1329889754494738433
1329891012446195712
1329892019133673473
1329907370298802176
1329922470116282378
1329937574048133120
1329952669243301890
1329967769232748549
1329982871314919426
1329997967886065666
1330000483956662272
1330003000396419073
1330005519277453314
1330008033594806272
1330009291751911425
1330010550026334216
1330013068525387777
1330014325335986176
1330015285554929670
1330015583610368001
1330016841578803202
1330018099869827073
1330019358265970690
1330020617710678017
1330021874928033792
1330023133055647747
1330024391468572674
1330025649780662272
1330026907958702081
1330028167847768064
1330029055635316737
1330029424809447424
1330030682773581825
1330030891972890624
1330031941060489216
1330033199406264323
1330034457559109635
1330035717976723456
1330036752980058112
1330036975055736832
1330038232613085184
1330039490979581952
1330043287382630400
1330044040134467586
1330044952420691977
1330045782339235840
1330046083716820993
1330048299013873664
1330049957601153026
1330050818704216064
1330051622156857346
1330052073916944384
1330053280152563713
1330053280152563713
1330055119539499011
1330055848706576389
1330058365117095938
1330059623831924737
1330060882060206086
1330063398420180992
1330064656711307264
1330065916155949056
1330067109087473665
1330068431597658114
1330069587094892549
1330070948200923137
1330073473138401280
1330074048508915713
1330075981361528832
1330076019001274368
1330076371566080005
1330078497885315073
1330081014706790400
1330081173167595529
1330083531083587584
1330083858985984009
1330086047657521152
1330088566450483201
1330091081120276480
1330092334235721741
1330093356878360577
1330093597367025664
1330094855717072896
1330096115966910464
1330097027502514177
1330097665338712067
1330098630653513730
1330099888885960704
1330101147449708544
1330102405489451009
1330103030159650819
1330103670634139651
1330104922369531904
1330105590010564608
1330105624798121985
1330106180291670024
1330107023887896577
1330107187591569408
1330107438612312071
1330108689429241859
1330108696962101248
1330109258843758609
1330109955169509377
1330111213649371136
1330111864232095747
1330112472036962304
1330113730085072896
1330114988275503104
1330116241105842180
1330116246550024193
1330117505113796610
1330118770858323974
1330120776683573248
1330121062487568384
1330121279756615680
1330123579917295617
1330123796485787648
1330125054772973572
1330125382301921282
1330126313424904202
1330127356837699591
1330127413481791493
1330128829629702144
1330129776670101512
1330130088575176704
1330131346308534272
1330133566483816450
1330133863570485248
1330136379444113408
1330137556667797513
1330138896018104324
1330140934139502598
1330141843506536449
1330143678539718657
1330143929094729729
1330145867404292102
1330146445798752257
1330148165887078403
1330150648223051778
1330151478737121291
1330153995403292672
1330156430201131017
1330156513500028928
1330157054682599424
1330159028572286976
1330159633932103683
1330160247864954882
1330161545377157120
1330161959870865417
1330162728330256385
1330164005416153088
1330166578470551552
1330169094931267584
1330171612306558983
1330172869905580032
1330174128129597440
1330175596815642630
1330177148028653573
1330179232467660804
1330180671428505600
1330182937032208385
1330184194517975040
1330184770496704515
1330186711540912131
1330187271203676162
1330190373948444672
1330190929081274370
1330191395970306048
1330194267667525632
1330194773408354304
1330198035658272768
1330201811689455616
1330202160169148417
1330203572160479232
1330204431539974144
1330205585468391424
1330208386550525953
1330213135249190913
1330216911024558081
1330220684807639041
1330224463791747085
1330229492820959235
1330232010183385088
1330234526438592512
1330237042664427521
1330239423942959105
1330239562904338432
1330242075896340480
1330242207991934980
1330244592344600576
1330247109166166019
1330249625505239041
1330252142129655814
1330254406902755329
1330269760441913344
1330284863442874372
1330299961573994496
1330315056643338240
1330330159719833602
1330345258031443971
1330360357857226753
1330362871759269888
1330365388371083264
1330367907147071488
1330370421431164928
1330371680032722949
1330372938017562625
1330374196392652801
1330375454566600711
1330376713063325702
1330377971245346817
1330379229519777792
1330380487857037317
1330381000036249606
1330381746173485057
1330383005840515075
1330383890423427074
1330384262823096320
1330385520984207362
1330386779233345536
1330388037528735747
1330389295895515137
1330390554434293760
1330391812570288128
1330392095706783747
1330393071914246145
1330393140159787008
1330394329097990144
1330395587297091585
1330396845579767810
1330398103917170689
1330399362288070656
1330400620466106368
1330401878694260736
1330401950567903233
1330402034525278208
1330403136922554369
1330404395301937156
1330405654129901568
1330406117848076289
1330406912085557248
1330407583358869504
1330408170229956611
1330409428408029185
1330410686774697984
1330411263734722561
1330411944982016000
1330413203269033986
1330414461765685251
1330415719909978112
1330416974388748288
1330416978314420224
1330418236530204674
1330418236530204674
1330419193280425984
1330419494695567360
1330420756245737472
1330420820053778432
1330421568271486977
1330422011764506624
1330424527940169732
1330425551627153408
1330425786256531460
1330426135272960006
1330426588039614467
1330427044698591232
1330427939448631296
1330428302784421888
1330429561268547585
1330430819383402497
1330432077850955777
1330433077533941760
1330433335949189121
1330434594424848384
1330435854813245442
1330437111217082368
1330438369176850433
1330439627560333312
1330440885826252806
1330442144092475393
1330443403688108038
1330444660813152258
1330445918924009472
1330446532433285121
1330447177211002880
1330447387169583114
1330448435586142211
1330449693898260480
1330450220988198913
1330450954018287616
1330451432760356864
1330452463242129410
1330453468717359104
1330454612948770817
1330454693810741249
1330455359732011016
1330455985488621570
1330458503933165569
1330460145181204483
1330461018397532161
1330461784764002305
1330463535021895680
1330466054368276488
1330467726893191171
1330468274920976384
1330468568173953024
1330471084861370368
1330472453781458946
1330473508376375296
1330473566735896576
1330473602823593984
1330474994929954817
1330476118005178370
1330478634688159745
1330481153099304961
1330483667848859648
1330484701195333633
1330486184322224137
1330487288682459140
1330488701047111680
1330489543112482817
1330491217495224320
1330492476029689857
1330493734073606150
1330493815908610049
1330493845067411459
1330494992335347713
1330495858375348224
1330496256817459201
1330497509332926464
1330498767251009537
1330500025852391425
1330501283887812608
1330502542166351875
1330503802210852865
1330504317141442561
1330505058698489856
1330506316914200579
1330506486473248769
1330507575574622210
1330508833748357123
1330509567231467520
1330510169466408960
1330510251343417348
1330511352897687553
1330512357303459843
1330512433954361347
1330513866787147776
1330516383377944576
1330517395660795904
1330518900581261315
1330519286520098827
1330519883902279680
1330521416618405888
1330522293324353537
1330523933188136960
1330525718623772672
1330526451804762112
1330528966352936960
1330529018924425218
1330529487491100672
1330530224782467072
1330531482843058177
1330532848051380229
1330533315217076225
1330534001472380933
1330536516142067713
1330539032611176449
1330541553589293060
1330542285558345736
1330544065692262403
1330546582639566848
1330549100496883712
1330551615510626306
1330552369025871874
1330553924886138883
1330554132084649984
1330556650181304321
1330557232036139008
1330559165102583809
1330561681940832261
1330566714904502275
1330571748299788289
1330572641317625857
1330572659000795138
1330573996266577921
1330576781410066432
1330581814398701568
1330586848364728331
1330591166870532099
1330591880883662849
1330593982003482628
1330594333452546049
1330596914035875840
1330601951210262528
1330602596587933698
1330604463686438912
1330606980365336576
1330609498017423362
1330612013433712643
1330614529940541440
1330617047286493185
1330622079666966530
1330627112861097984
1330632149041516545
1330637179274477570
1330647247684419584
1330662347338346506
1330677446442700800
1330692544968200194
1330707643825008643
1330720291161600003
1330722744963530753
1330724002193494016
1330725259536789505
1330726517911875586
1330727776190652417
1330729232423587840
1330730293926498305
1330731347003006981
1330731551206752256
1330732809229656064
1330734067801681922
1330735325916880898
1330736584153501697
1330737843522596865
1330737896039518211
1330739100983431170
1330740359069007872
1330741617272049668
1330742875550834689
1330744134001254400
1330744535375355907
1330745392145657856
1330746650575433728
1330747908912603136
1330749167006851072
1330750425302228993
1330750928656404483
1330751683580850176
1330751963642929152
1330752319995191296
1330752944476602368
1330754200519622656
1330755458630520833
1330756716883890176
1330757456717344768
1330757975070355456
1330758478424649728
1330759233323880449
1330760491765960705
1330761750086553600
1330763008398614533
1330763008398614533
1330764266513833986
1330765524855369728
1330766783188439040
1330768041332912130
1330768872505479168
1330769299905130497
1330770558020149248
1330771816416223233
1330772503652933632
1330772571357265920
1330772849632694273
1330773074745069575
1330774332948295684
1330775592569073666
1330775651398410241
1330775802485600258
1330776315360841729
1330776692802146304
1330776849601982466
1330778107972710401
1330778531102679042
1330779366234542081
1330780057313415169
1330780624353980416
1330781454532534277
1330781882561261569
1330783145474416640
1330783468394074112
1330784084541530112
1330784182801457153
1330784399600857088
1330785657527169027
1330786310194425858
1330786915889553408
1330787341041086464
1330788174134603781
1330788784657600512
1330789432480333825
1330789623677771776
1330789637791633411
1330790691383832576
1330791949289226240
1330793207211438080
1330794465502646272
1330795723869343748
1330795728369807366
1330796982181400576
1330798225880719361
1330798246352961538
1330799004238622720
1330799499120357376
1330800253725937671
1330800757176754176
1330802015681835009
1330803273591377922
1330804531995635715
1330805790089891842
1330807048502730752
1330808307112574976
1330808921729110017
1330809565080850434
1330809819180244993
1330810823317524480
1330812081935847425
1330812108397752321
1330813296073695232
1330813345625239552
1330814030458597377
1330814598807576577
1330815093676838913
1330815856687759360
1330817115155099656
1330818373190606852
1330819631557140480
1330820250435280897
1330820891014402049
1330822148299005955
1330823406321852419
1330824097689907201
1330824664608878593
1330825922916782082
1330826478339100672
1330827181136650241
1330828441088831488
1330829698176217096
1330830214449016832
1330830956257710080
1330832214431461378
1330833472546607104
1330834731248697345
1330835990806626304
1330837247705321472
1330838505757552640
1330838505187135488
1330839095564771328
1330839764547760128
1330841022587310080
1330842280681357314
1330843539018715136
1330844798102642691
1330846055592706048
1330847314626236417
1330848572363870209
1330849830642491394
1330850602281267200
1330850783261233159
1330850849778708482
1330851088761823232
1330852891796664320
1330853234894925824
1330853605360893952
1330854463175864329
1330854864033726465
1330855618966552577
1330856122052472837
1330857380142313478
1330858639813464064
1330859897072848896
1330861155040956417
1330862413793660933
1330863401871028232
1330863671778545668
1330864929935593473
1330866053170286596
1330866174872182785
1330866189472415744
1330867446845095938
1330868704809267207
1330869854904201217
1330870223050846208
1330871221492142084
1330873748065435648
1330875690158346241
1330875832785641473
1330876254703128576
1330878771314843655
1330881289419857921
1330883147689570307
1330883804370792448
1330886134352785410
1330886321020178432
1330888108703965185
1330888842157596674
1330890476174585858
1330890651874058241
1330891354122055680
1330893870884741122
1330894621606629380
1330898259020288002
1330898904120840192
1330900158159204353
1330903710457860096
1330903944567033859
1330904629450780681
1330906453587210244
1330908971524186112
1330911489214074881
1330911717287669760
1330914003338420224
1330916520059342849
1330919041016315916
1330920490748305409
1330921553119244288
1330922153156415491
1330924069684994054
1330927537917136896
1330929102858031105
1330934144302526464
1330936652739477504
1330939169372336131
1330939981578326016
1330941158336425985
1330941685681950720
1330944202645991424
1330944591143505920
1330946719115309060
1330949236653953026
1330954268690374657
1330955448674086912
1330959301867782144
1330961818299187200
1330964336911609856
1330969368394686469
1330973291708882948
1330973618738761732
1330974401274101762
1330979439887335424
1330982305851117569
1330984467746402309
1330989500961611779
1330994535019782147
1330999567462985731
1331009638964322305
1331024735011037184
1331039835545612288
1331054933995528192
1331070034987212800
1331085132816556035
1331089902004555776
1331089902004555776
1331091234094460929
1331092681259323394
1331094362810413057
1331095197246078977
1331096030436265986
1331097398798475264
1331097713820266497
1331097946566307841
1331100232050831361
1331102746829856771
1331103188435558402
1331105263462486017
1331106768806666243
1331107549085622276
1331107780866961408
1331108500013948929
1331109880523055105
1331110296535052289
1331111153423048705
1331112373797654528
1331112607529492481
1331112813280911360
1331112826224709632
1331113019246571520
1331113228617838595
1331113437095727106
1331113717170364418
1331114071496683520
1331114106426961922
1331114379593576449
1331115099600392192
1331115332308664324
1331117846546571264
1331118583192166400
1331120363074293762
1331120476287012864
1331121621432553472
1331121824181202944
1331122506443481089
1331122880525033474
1331124138027610112
1331125396234854400
1331126235305562112
1331126654496813059
1331127912884363266
1331128537718411264
1331130431606054912
1331130817016315904
1331131097766359040
1331131688018010118
1331131981866950657
1331132945990520834
1331134183708749825
1331134204269142017
1331134781489360899
1331135462564528131
1331136720956321792
1331137979125960704
1331139237434036224
1331139507912134657
1331139678628696064
1331139885906989057
1331140495737647107
1331140998949433344
1331141704745938946
1331141753848680448
1331141968689303553
1331142056492797953
1331143012349587458
1331144270460411905
1331144766063521793
1331145111993016321
1331145291148505095
1331145520853684224
1331145529477226497
1331145818821304320
1331146699998441472
1331146787567116288
1331147313813860353
1331147473339891712
1331148045610729473
1331149942627373058
1331151910146019328
1331153078603616258
1331154303042674689
1331154337024929795
1331155595173507072
1331156853552672769
1331157438209339394
1331157594396831744
1331158011210063873
1331158111877541891
1331158563885117441
1331159319677693952
1331159369958838272
1331160632591142914
1331161887006973953
1331163145381965830
1331163515680264193
1331164403744477186
1331165124124667904
1331165344820568065
1331165661582692353
1331166610174988288
1331166919961890821
1331168180564226049
1331169436653346816
1331170694718173184
1331171952946450432
1331173107609034752
1331173211363487746
1331175732828131332
1331175884376707072
1331176986627219457
1331178244595351552
1331179503062814720
1331180761169289217
1331182019401773058
1331183279404326912
1331184329142185984
1331184536202346497
1331185794464186370
1331187052478689280
1331187174960734208
1331188239215026179
1331188310673412096
1331189568972853249
1331190828996337670
1331192085932769281
1331193344421109760
1331194314895056896
1331194602490007552
1331195860567244800
1331197030593654784
1331197119005224960
1331198379083358209
1331199938601119745
1331200893761376256
1331202151901753346
1331203201295675394
1331203410486562816
1331203658567061507
1331204053611765765
1331204668681314304
1331204668534362115
1331205934123606016
1331207185578258432
1331208223773306882
1331208443705794561
1331208679572578305
1331209701720256515
1331210456799748096
1331210960095170560
1331212218403270656
1331213476849717251
1331214661782474753
1331214735266652160
1331214918893391873
1331215993306304517
1331217251685466115
1331217315338326019
1331218510186389504
1331219668057657347
1331219768108490754
1331219780410421249
1331221034888957956
1331222285139668995
1331223134750568449
1331223238559621120
1331223543074459649
1331224801231335425
1331226059535130626
1331227317910212615
1331227585817300993
1331228577220669441
1331229834589077505
1331231093144555535
1331232351372898309
1331233609261469701
1331233887800979457
1331234867678375936
1331236130688143362
1331237384575463424
1331238642434641921
1331239698178650113
1331239827921121282
1331239901652770819
1331240764714651648
1331240897967763473
1331241159113334784
1331242417387937797
1331242785257771008
1331243678363508736
1331244161522159622
1331244934326837249
1331245456312197120
1331245764006260742
1331246192152489988
1331246901736448002
1331246901736448002
1331247450934407173
1331248708973961218
1331249967101407233
1331251235786252289
1331253742096834561
1331253890898157568
1331257297809645569
1331257964980826113
1331261291990757377
1331263510995742723
1331266326078369792
1331268841595432964
1331271358182027266
1331272385090162688
1331273876790259712
1331274979074306049
1331276391191433218
1331277649868713986
1331278222013718534
1331279165962727426
1331281427480997888
1331282947337498631
1331286457567367180
1331287571947802625
1331288975588331521
1331289950143254530
1331291490757197826
1331292973053714437
1331294258989588480
1331296576564760583
1331297362661302272
1331301557091053569
1331304562427387905
1331306590335602688
1331308012548591617
1331309559336595459
1331310321743622148
1331310468246491141
1331312532880056326
1331314139847942145
1331316656535060481
1331318697688961025
1331320443320590336
1331321690043920391
1331324140033351682
1331325464619585536
1331327008412995585
1331329124292579328
1331329239497498626
1331330497679478784
1331331756386082817
1331332200114032641
1331333014442319872
1331334273194856448
1331336083687268353
1331336789240520707
1331338890574262272
1331339305759895552
1331340564118315009
1331341571057479688
1331344338807365644
1331345227181862921
1331351041514811396
1331351934549315588
1331355612035346433
1331356922692259840
1331358181461782528
1331362718453035012
1331372025353560065
1331387123048583168
1331402223713214465
1331417322909732868
1331432422064467968
1331447518647894022
1331453799538561027
1331455125538430978
1331456002131173379
1331457371386867719
1331460101698445312
1331462620784758784
1331462945176489986
1331465134850535424
1331466952448086017
1331466997767544832
1331470167885352962
1331472684375367683
1331473050362146816
1331473605008437249
1331473858382147601
1331474080369954817
1331474271181398022
1331474605312192518
1331474715643351040
1331475201024880640
1331475508501094400
1331475961422999553
1331476208631099392
1331477302417485825
1331477717586362388
1331479578058035201
1331479768668233728
1331480234269478912
1331482750755495936
1331484009264648192
1331485267732082692
1331486463607836673
1331486525947723776
1331487783907540992
1331489042311958528
1331490300640935937
1331491083554009088
1331491366996746243
1331491558881775618
1331492821342113792
1331493244555972609
1331493448537567234
1331495333625552896
1331497850396680193
1331497914313682945
1331499108733947904
1331500368413351936
1331501537462521856
1331501625417068547
1331502829308174336
1331502883439775746
1331504141756211201
1331504323591802885
1331505301669994497
1331505400043204616
1331506658401402881
1331509175310983170
1331509639834431488
1331510433304485889
1331510658706399232
1331510936532881408
1331511691620790272
1331512949874286594
1331513977575268353
1331514208232542208
1331515467467419649
1331516403439054848
1331516724936470528
1331517983030603778
1331519241263194118
1331521133091414016
1331522049886588929
1331522250126860288
1331523022222716928
1331524172460269568
1331524242870067200
1331524274948026375
1331524753065185280
1331525532740055040
1331525709416763392
1331526110094520321
1331526791077490690
1331527082057355264
1331527227180257281
1331527319085834240
1331528049507004417
1331528507705462788
1331528638278365184
1331528735447789568
1331529307672481793
1331530566743810049
1331531824380653568
1331531922405781506
1331532332856176640
1331533082885701634
1331533643878166530
1331534341231554561
1331535387500621824
1331535599216566272
1331535707014385664
1331536857436463104
1331538116369215494
1331538600379490310
1331539374375399425
1331539619637305348
1331540632423174145
1331541891020697600
1331542594883624960
1331543149005524994
1331544407242379265
1331545382891958273
1331545667123048448
1331545954340757505
1331546923942100993
1331547329925701634
1331548182124269568
1331548818203095040
1331549440293801984
1331550698794872832
1331551288367190017
1331551956792463361
1331552660969885697
1331553216111071233
1331553925410025473
1331554085108142081
1331554085108142081
1331554259641503744
1331554396564545539
1331554473764937728
1331555271139880960
1331555731846402048
1331556611815567365
1331556990108241923
1331558248755851264
1331559506636124161
1331559998648963076
1331560766705598467
1331561744267927552
1331562023444914183
1331563281732014081
1331564540568367104
1331565600234205184
1331565798209454082
1331567056513273859
1331568321318174720
1331568554500648962
1331569303443877888
1331569573565407237
1331570831248531457
1331572089531346945
1331573347944108037
1331574606331863040
1331575864572731392
1331576157955891204
1331576542875557889
1331576889002123265
1331576980836331521
1331577122922655745
1331578381037674502
1331579128542322689
1331579290891251712
1331579639379193857
1331580897963900930
1331582156116795392
1331583415876001792
1331584673013764100
1331585206302683142
1331585931070070791
1331586243390550016
1331586434298503168
1331587189721980928
1331588447555837954
1331589570564132864
1331589705721376768
1331589813800202240
1331590966759702529
1331592222370885634
1331593480972296192
1331594738957389824
1331594839658532867
1331595997097684992
1331596268355858432
1331596728475283460
1331597255451795458
1331597802586124289
1331598000880234499
1331598317541879811
1331598517882679297
1331599519994286085
1331600344216985604
1331601030375632896
1331602213974777860
1331602289514012674
1331603546932871171
1331604805215801346
1331605478288322561
1331606067399307269
1331608580118573056
1331608610791706626
1331609838539862017
1331611097141538816
1331612355092910080
1331613401374748675
1331614872413630470
1331616119556337665
1331616130096537601
1331617388148576256
1331618214346895360
1331619904789757953
1331621163001253888
1331623679587848197
1331625338384814083
1331626196203802624
1331628722563084288
1331631229263896576
1331631229242892288
1331633745921597440
1331634487730589703
1331635951148408837
1331636017141600258
1331638779111727109
1331639216447614977
1331640443000516610
1331641247333830657
1331642141387395079
1331643653387935745
1331644294256586753
1331645289883643909
1331645401200533511
1331647155501735942
1331648345408991233
1331648813648519169
1331650123693166600
1331653878803263488
1331656424376643584
1331658913511563272
1331663944881119232
1331665130866823173
1331666010798256133
1331668978180222977
1331674018462670849
1331677905487867904
1331678830382223362
1331684077582225408
1331686594068193280
1331689117302796296
1331692175655055361
1331694143920242689
1331699176992739328
1331700657053528064
1331701156578463745
1331702196858019840
1331703958562365442
1331706405783564289
1331709626270801921
1331714283856650248
1331718695371071490
1331719312344817664
1331734409050025991
