1298842283081715714
1298867457512308736
1298875662695006209
1298893320379301888
1298896232543326208
1298900714182316032
1298953694164156416
1298954135002382341
1299005716116709376
1299013643833610241
1299016933061390343
1299034545761775616
1299041330266546179
1299054028500992001
1299063864311582720
1299069385240440833
1299070848704413696
1299075007021297665
1299081788489371648
1299200333705621504
1299204773305036801
1299223600109674496
1299235267950379008
1299250735624978433
1299254875822358529
1299257252545789953
1299257438420508672
1299295480552337409
1299316398389428228
1299327061362978816
1299336473800577024
1299355067603091457
1299364113852895234
1299370804065509380
1299377914530664452
1299418560507318272
1299428649662283776
1299435044856115203
1299445909605036033
1299453636087631873
1299583393815035904
1299590770568110080
1299601554236899328
1299607087312523266
1299608736370176001
1299619775648280577
1299640552800034816
1299687125995192327
1299706752401920004
1299712413827248128
1299727715222917127
1299756640812625920
1299771100889571333
1299776044933808133
1299792053279297538
1299797102336389122
1299815915438198790
1299943101612654592
1299953623741485057
1300015706147352576
1300023941847711744
1300076442219360256
1300110496088104960
1300117043786776576
1300120339553320960
1300131972254175232
1300143264297869315
1300156516021006337
1300182299238113280
1300296243088961536
1300341428548243462
1300360421640110082
1300404102984347648
1300429853217435648
1300441812553826306
1300445043568922629
1300467197417066498
1300473798035148800
1300488066910519298
1300496491937705990
1300507123244249089
1300511682410754050
1300520831685210114
1300520932080005120
1300537247327023107
1300652619661279232
1300667718929088513
1300688678071742464
1300724375524646912
1300759010564608001
1300793287591288832
1300810518144446471
1300828041854291973
1300833071328104454
1300850149799976960
1300857328250630153
1300880366241185797
1300882150363934720
1301007772771848192
1301039481554898944
1301070785646297091
1301101720307732480
1301102685962330113
1301146170308341762
1301151270229729281
1301155499962970113
1301166349813796867
1301166469124960256
1301179549250711552
1301193276360359936
1301208856144551939
1301219602941304832
1301262847075381249
