1309022796337557507
1309049787472379906
1309076319049846786
1309092758934761474
1309110522869100553
1309386398856818688
1309391532747821056
1309401575685849089
1309452517546352640
1309515687283634176
1309516468271415296
1309544518165950468
1309614176487305216
1309691172999368706
1309710509990719488
1309730441432387585
1309751462688428032
1309773403151372288
1309792611675320320
1309819871610445824
1309838562465021958
1309857718744866818
1309880425045786624
1309897053414326272
1310496994591375361
1310498627815649281
1310509563624460288
1310525577531666432
1310536508148002817
1310550071004594176
1310569207617261568
1310836265303060483
1310848640177639427
1310879179391610881
1310897323950645248
1310917500230606848
1310958449543589890
1311196052951896065
1311210067061022720
1311217561053396992
1311223128161484800
1311266285758681089
1311311803394273281
1311349822650228738
1311371566815555585
