1308890148663418880
1308891563452489729
1308893000492363777
1308894392929923074
1308894788922617857
1308895786361643010
1308897242753961986
1308897669067272192
1308898641755754496
1308900074383192064
1308901468859248641
1308902865897951238
1308904283715391490
1308905677352509440
1308906096736841736
1308907069123289088
1308908460281671680
1308909836256653314
1308910837923446786
1308911216828579842
1308912631814729734
1308914023245766657
1308915395332583425
1308916792044261382
1308917043362660354
1308918165812977664
1308919937457586176
1308924687502708737
1308925685386354690
1308927650203930624
1308929421932363777
1308931364167835648
1308933159015383040
1308934420481617927
1308937634794876929
1308940788492128257
1308943128804626435
1308945092724523009
1308948191652515840
1308953833599574018
1308955007207837696
1308958320900833287
1308973614587404289
1308975554662670337
1308976845623365632
1308983390335623168
1308990175595368451
1309000954419781633
1309002778954608642
1309004575047909377
1309006347690745857
1309008143939244043
1309010042524491776
1309011988362735617
1309013914299109378
1309018606710255618
1309021201948385280
1309023128161521664
1309028798730559489
1309030631519682562
1309032496336691201
1309034338244321280
1309036178818113537
1309038043421192194
1309039869545586688
1309041750871244802
1309043641994883072
1309045534699724800
1309045726786224128
1309047391094480899
1309049280670375936
1309051140441505792
1309053008454602752
1309054863779790848
1309056739204100096
1309058621339324419
1309060489784197123
1309062379230158848
1309062519676432384
1309064225487233024
1309066094011994122
1309067955007823872
1309069804779827200
1309071696121470977
1309073570778230786
1309073570778230786
1309075462707195909
1309077316769910784
1309079202990305280
1309081076896337920
1309082967332057088
1309084867834138626
1309086736773980160
1309088608050085891
1309090503904952323
1309092467531223042
1309094399834497024
1309096338412507141
1309098286469525509
1309100246946000896
1309102204960288769
1309104184143347712
1309105970778443779
1309107911071805448
1309109781886636034
1309111657793191940
1309113524204056577
1309115419186343936
1309117288893775873
1309119167358996485
1309121039281127431
1309122914743189505
1309124778603802625
1309125435427622913
1309126648630046728
1309128555381522440
1309130475856945158
1309130517959376896
1309132474816098309
1309134452547878912
1309135500662452224
1309136412793622534
1309138188565467140
1309140167446405120
1309140532564766722
1309142130372288518
1309144066383392778
1309145567210151940
1309146016961232896
1309147187453005824
1309147927642804226
1309149758695632897
1309150599255134213
1309151627614527488
1309153443215441923
1309155293901791232
1309155634600910851
1309157191404990464
1309159055206817800
1309160666717093894
1309160939132944386
1309162769120362499
1309164686127099907
1309165699844247552
1309166640853069825
1309168634539970560
1309170541773959169
1309170731071176706
1309172379210444814
1309174227652808709
1309175764131119104
1309176045074079745
1309177852919771140
1309179805947002881
1309180799820935169
1309181736593612800
1309183713679474693
1309185609571995651
1309187456630247425
1309188154918940673
1309189280183529474
1309191120379936772
1309192976380432387
1309193634194087937
1309194787149484034
1309196635684118528
1309197620422770688
1309198445719293952
1309200356405055489
1309201181898616833
1309202052464205834
1309202349827723265
1309204323423879169
1309206263037857799
1309208208922345473
1309210158493503489
1309210999468240896
1309212103056728068
1309214063407308801
1309216032494583814
1309216059115929602
1309218033613840385
1309220006291484672
1309221065923743745
1309221973805928455
1309223902518931463
1309225877356654593
1309227810041536512
1309229785055473666
1309231695527370752
1309233513128955905
1309235294034702336
1309236676946993152
1309238073100828672
1309239467534938112
1309240823926620162
1309242262048702472
1309243616993386499
1309244969593561088
1309246321115754496
1309247718141898754
1309249091487096833
1309250488618098688
1309251861476790272
1309253211925118981
1309254563371847680
1309255936561868801
1309257308648677380
1309258687245094913
1309260082820120577
1309261564093005835
1309263021940891648
1309264308862423042
1309265772628369409
1309267231231139841
1309268669416042497
1309270125388988419
1309271584549601280
1309272850964996096
1309274295923810304
1309275772192948226
1309277229394939911
1309278649749835787
1309280459969441792
1309291340522553345
1309293179200512003
1309298124578578433
1309303018148507648
1309304858349010945
1309308718404820994
1309313243865907200
1309315524749393921
1309318142456475649
1309318676907282435
1309319998897348608
1309325214396841984
1309325251524931585
1309333086514147329
1309333473308684288
1309338241125023745
1309340163458424832
1309342582112215040
1309348310151561218
1309350086380486656
1309351941856735232
1309355802906570753
1309361293862801409
1309363256251813894
1309365035622371328
1309370928120426496
1309374577500397568
1309377863234224129
1309379712293244929
1309381642365140992
1309383593022685186
1309385518522806274
1309385686638907393
1309387454235979776
1309391150734888960
1309393121533456384
1309395062120501248
1309396869244690432
1309398821886140416
1309400770618568706
1309402623418789889
1309404490701905920
1309406316377636864
1309408224903299072
1309409996422209538
1309411936044544001
1309413930905858048
1309415905949032448
1309417864709931008
1309419805569626112
1309421761541402624
1309422347695333377
1309423759787536384
1309424258049814530
1309425746226622464
1309427732279971840
1309429692945125381
1309431656735027201
1309433655706746880
1309435632259866626
1309437571445989377
1309437571445989377
1309439356160143361
1309441122217996290
1309443106039828480
1309445084144861184
1309446901062946816
1309447390399811585
1309448738398785537
1309450615815372800
1309452445295292417
1309454282870140930
1309456139474661376
1309457955557965824
1309459765291089920
1309461595400085504
1309463404143423494
1309465239734439937
1309467068421607424
1309468932479295488
1309470778015051776
1309472599764762626
1309474439109791744
1309476262692425728
1309478110472085504
1309479955454189568
1309481783902248962
1309483595334025217
1309485426068131843
1309487272308412417
1309489098663636997
1309490982245879809
1309492816523993088
1309494660725907456
1309496552453439490
1309498433972166657
1309500279772061696
1309502146728128512
1309504013482762240
1309505885027344384
1309507745628987392
1309509606251679746
1309511472133943296
1309513320098082816
1309513434942275591
1309515190866784256
1309517070124679169
1309518920240582658
1309520614596775936
1309522465337552896
1309524340573179904
1309526210028998658
1309528053387849728
1309529977554194433
1309531829330948098
1309533725030592512
1309535575544868865
1309537453242490880
1309538659419422720
1309539346165489670
1309541247632244736
1309543113149513730
1309544967703015426
1309546808893415424
1309548644559982592
1309550512493256709
1309552372721516545
1309554212926259200
1309555541732134914
1309556084957491202
1309557939179577344
1309559362302734337
1309560765909807105
1309562209010429954
1309563638156533760
1309565075624210444
1309566495048052738
1309567943949332481
1309569342393257985
1309570760219013121
1309572209573343232
1309573628745441281
1309575069799264256
1309576197773365249
1309576495447367681
1309577910735470593
1309579335335055362
1309581579140960257
1309583813513744386
1309586417434140673
1309588859504582656
1309591304398139392
1309593924860882945
1309596168171683840
1309596510691233795
1309597937660497923
1309599331494830081
1309600757633740800
1309602150511767552
1309603589636096000
1309604983906668550
1309606365137178624
1309607781478150144
1309609208166440961
1309610622691274752
1309611996179038210
1309613395793117185
1309614816223473669
1309616192450179075
1309617072662548480
1309617585433042945
1309618981289037826
1309620378684227585
1309621714318487552
1309621752868278272
1309623150309789696
1309624544785817600
1309625917434662912
1309627334526410754
1309627359444774912
1309628708517539840
1309632803647127552
1309635134551883777
1309640427167981568
1309642583887446019
1309647886351839243
1309653153680367617
1309660095362596864
1309660203709853698
1309669720669519874
1309672905756811264
1309675587095719937
1309676587688898560
1309678223316398080
1309680901631234049
1309682641847844864
1309683559909777408
1309686178266914816
1309687241393033216
1309691200178475009
1309709748405764096
1309713939102654464
1309725757606952961
1309728290052149248
1309730825009852416
1309735943352528896
1309743382709796864
1309745984369561600
1309748609118863361
1309751255217168384
1309753853886246912
1309754578372636672
1309756480657260544
1309759126528983048
1309761774095400962
1309764402825113602
1309767033123463168
1309769676361273344
1309772286547898368
1309774913310527488
1309777517696503808
1309780128252203008
1309782731426017281
1309785356535988224
1309787293948014593
1309787991964033024
1309790613152423937
1309793237423579136
1309795867646464005
1309797360961302531
1309798535601291264
1309798618690285568
1309801139081302017
1309802394767765511
1309803812832632832
1309806396565647361
1309809009902391297
1309811623306158080
1309814192606769154
1309816787379326976
1309819395787706369
1309821997338288129
1309824628387450880
1309827192491311106
1309829777252134914
1309832366769213441
1309834993041133576
1309837574807183362
1309840157584035841
1309842761567305736
1309845367287091206
1309847931034505218
1309850534912954375
1309853091290845184
1309855660964798468
1309858289967136768
1309860870843965440
1309863485292130304
1309866089384423424
1309868672261988353
1309871277390336000
1309871277390336000
1309873885479931905
1309876449369821189
1309879080494432256
1309880408914440192
1309881651011485698
1309884254818643968
1309885441194196999
1309886811628621826
1309889399333834753
1309891964725149697
1309894510416142336
1309896765211062274
1309897117427695618
1309899668067885059
1309900543196884997
1309902237028757505
1309904816009814017
1309907356935954432
1309909939243167744
1309912499689533441
1309915064489717761
1309917623703015426
1309920185449697280
1309922748051992582
1309924448749879300
1309925313997144065
1309927881171140609
1309930470147317767
1309933013124493312
1309935617711706116
1309935774423560197
1309938308152283137
1309940860809867264
1309943438163480577
1309946006910439426
1309947359258869760
1309950062215168003
1309952624058339330
1309955331901075456
1309957876258086918
1309960453251117057
1309964915726319617
1309969985012367364
1309972499740885001
1309973643707940866
1309979940234956800
1309981289978748928
1309982640473280513
1309983995812339713
1309988260903620613
1309997251159298048
1310000057450729472
1310005082474393602
1310007742921355264
1310008102897545220
1310009092493238273
1310015190608621574
1310016539559591936
1310026415744651265
1310032859294502912
1310070223308029953
1310075635310698496
1310082704197799936
1310088185314267139
1310095819383738368
1310105801160372224
1310108340589080576
1310110894236540928
1310113487230832640
1310117798304256001
1310120397615005696
1310123344650481664
1310124335806533632
1310125918443184128
1310128531427426304
1310131113541672961
1310133719781593088
1310136321327988741
1310138903303725056
1310139271379066880
1310148655005995009
1310151202584305664
1310159751045668864
1310161094586126336
1310163627115151360
1310166217857085440
1310168759961780226
1310171345616068608
1310173888198959106
1310176451396808704
1310179037860560897
1310181619375001601
1310184201556242432
1310186764171083781
1310189305906823168
1310191888645881856
1310194448823996417
1310197027620483072
1310199582970781697
1310202166611673089
1310204726089318401
1310207327363051520
1310209885838155776
1310212421223690241
1310214998464049153
1310217561951342594
1310220101740892162
1310234112071008258
1310236695762210821
1310239277305991168
1310244213309792258
1310246792479617030
1310251740541923331
1310254430126837762
1310256985783271426
1310261912836468738
1310264481960939520
1310267042369601537
1310269604997013505
1310272145763770368
1310274684458545155
1310277249447362561
1310279787651493888
1310282346868936715
1310284886595563522
1310287452054183937
1310290079831724032
1310292644753539072
1310295246392225797
1310297793261641730
1310300392698281987
1310302971184508934
1310305548441661440
1310308094656876544
1310310674724204545
1310313277730291712
1310315815917494273
1310318348446642176
1310320905705394178
1310323424758292481
1310324838389690370
1310328957712109568
1310330351575863303
1310332335108259845
1310333707329441792
1310335056561532929
1310339914085662720
1310340124731940864
1310341249744998400
1310341941893181440
1310346481262645253
1310347283045605376
1310347852393205760
1310349200731901953
1310350548852449285
1310351900366311430
1310352677277138945
1310353254732136449
1310357491822350336
1310359438407204865
1310365014583369729
1310367509879689217
1310372499721519105
1310372757838925825
1310381879011553282
1310381946539778048
1310385131258081280
1310391557808324609
1310398628385693697
1310399360413372416
1310401449436893191
1310409060110475266
1310412813509316608
1310418356604997632
1310425418344923136
1310427227335655424
1310427506223329282
1310429572861759488
1310437922257227776
1310452029349924865
1310454205732315137
1310456338259021824
1310458496496873474
1310460541412966400
1310462718474956802
1310464898212794370
1310467113052762113
1310469297773449216
1310471501896970248
1310473667541950464
1310475868733669376
1310478066246995968
1310480224165998594
1310483246635978752
1310485414894088192
1310487597022613504
1310489782842281986
1310491970507288576
1310492191719067650
1310492191719067650
1310494133740544000
1310496300497022978
1310498460282564610
1310499162874621953
1310500834137059328
1310503165209571328
1310505336806297602
1310507376102068228
1310509577486700545
1310511746579300358
1310513953454333952
1310516144634200076
1310518308605693953
1310520459541307393
1310522674809110530
1310522756870610944
1310524885878353926
1310526499888472067
1310528121305792512
1310529739090784257
1310531379243950082
1310533002108207107
1310534641607225345
1310536024750256128
1310536259480236032
1310537881098870790
1310539503283691522
1310539613811937280
1310541157651406850
1310542804427444225
1310543567916617729
1310544422480867334
1310546059891019777
1310547684915322886
1310549302553477121
1310550608894742528
1310552143020142592
1310553962408538113
1310555794971262978
1310556486452510722
1310557607019646976
1310559474197950467
1310561310992719874
1310563131878453248
1310565012973510657
1310566862749663233
1310568704405577728
1310570480454205440
1310572322059948032
1310574125635731459
1310575940263649281
1310577742853877763
1310579534060716035
1310581319815114753
1310583131091673088
1310584918095921153
1310586742592991232
1310588567052316678
1310590347387568134
1310592127055921155
1310593935925018625
1310595725731016705
1310596019743268864
1310597963773874176
1310599761146376198
1310601563757522946
1310603391954038790
1310604891002482689
1310605197828390913
1310606999160336384
1310608800802631682
1310610381602258944
1310612039170224132
1310613617277050887
1310615211557244928
1310616673989398528
1310616807296970766
1310617658585473025
1310618363148861442
1310619322373541893
1310619978337583109
1310621065148805122
1310621488639356928
1310622746993405957
1310624372969922561
1310625942516232195
1310627527103315968
1310629140568174598
1310630758730653698
1310632339526086656
1310633294220926983
1310633936024985600
1310635521127976963
1310637103294951425
1310638691145089024
1310640272372568065
1310641872679956482
1310643450207928320
1310644413480263680
1310645990446202883
1310647586651504646
1310649159125331969
1310650728986415106
1310652465499566083
1310653866887782406
1310655440796233728
1310656275940872192
1310657014922727426
1310658594040360963
1310660166610804736
1310661742851129345
1310663298346627074
1310664893385891845
1310666469299159041
1310667109974913033
1310668052485287937
1310669446294515714
1310669649860849665
1310671211790307329
1310671873416495104
1310673572189405189
1310675138803793924
1310676681598828545
1310677089671143424
1310678233218781186
1310679586930335748
1310681773928591360
1310681946775838720
1310683119675154432
1310684477358780418
1310685837772951552
1310686070770733056
1310687217166299142
1310688570345226241
1310689899012665346
1310691255911931905
1310692631597506565
1310693959086243841
1310695288022216706
1310696650894180352
1310697976193519616
1310699327107616769
1310706193279733763
1310712502163066880
1310716365754568705
1310722454214635530
1310723569417060357
1310723784924692487
1310725092033343495
1310726441236140033
1310727771006676995
1310729811422318592
1310737517956784128
1310746105349640193
1310751846353563648
1310753226585788416
1310753767147663361
1310755647915462662
1310757544277798913
1310759402694217729
1310761694797459462
1310766524257402882
1310773958405500928
1310780262276632581
1310782163563016193
1310784060751568896
1310784689800728577
1310785914780688385
1310787836879278080
1310789714182656001
1310790051756998656
1310791591456657408
1310795285107535879
1310797226155880454
1310799145825955840
1310815629885276160
1310830659208990720
1310832612513116160
1310834412599336960
1310836196847869953
1310838003145887744
1310839806805651461
1310843218737721346
1310845210465898497
1310846806608224260
1310848564449480704
1310849710903750659
1310851626111041536
1310853432950116353
1310855209938190336
1310855231039733760
1310857201523798016
1310858323084931072
1310859031565791232
1310859552028536832
1310860839629586432
1310862608208203776
1310864448924651520
1310866264911474688
1310866264911474688
1310868072463577088
1310869154870722560
1310869898638364672
1310871684778528768
1310873516728868864
1310874459327336449
1310875313455366147
1310877137830924289
1310878994842243072
1310880825131630592
1310882657241268225
1310884511618682881
1310886360870522880
1310888182175670272
1310890046665502722
1310891828573605889
1310893561026617347
1310893672213417985
1310895281546944513
1310896902288936961
1310898582602551296
1310900199167062016
1310901837944496128
1310903481184784384
1310905078354673665
1310906726846271494
1310908323592577024
1310909935144841216
1310911591936917504
1310913214947958785
1310914827079094272
1310915058940215296
1310916447447777282
1310918062300975106
1310919654274150400
1310921270532374534
1310922896882241536
1310924485315493888
1310926101892472832
1310927707513991170
1310929365979590656
1310931000256495622
1310932639889731587
1310934292638334977
1310935925078347777
1310937537276452869
1310939175340957699
1310940831885524993
1310942459288006661
1310944090742235138
1310945715468853257
1310947374353842176
1310949039949709320
1310949955021017089
1310950671403888647
1310952307702616065
1310953993946923015
1310955646628638720
1310957290443476994
1310958968081125395
1310960604614742023
1310962195199668226
1310963846526439425
1310965461794910210
1310967125415284739
1310968745335164930
1310970409207107584
1310972038589407232
1310972069946023940
1310973628486479874
1310975267490410498
1310976882817617920
1310978521087569926
1310980131285016578
1310981806733299712
1310983427789815809
1310985069721456648
1310986698420105216
1310988286815592449
1310989896673300480
1310991489837813762
1310993104133070850
1310994708211159045
1310996340122542081
1310997933815365633
1310999572513206274
1311001182618484738
1311002772146475009
1311004383388327936
1311006022274813952
1311007591561125889
1311009178912260096
1311010782415593481
1311012399579910154
1311013977086988291
1311015567298621440
1311017142935052292
1311018771813986304
1311020386885218306
1311021999532146689
1311022402156060672
1311022889857097728
1311023818849345536
1311025388932431875
1311027007661146112
1311028567850049543
1311030182275420160
1311031785409720321
1311033001447510016
1311033408160698375
1311035015279579145
1311036603805118467
1311038209569288194
1311039806600818688
1311040494189916160
1311041176968065027
1311042587101401090
1311043979362918401
1311045356747132930
1311046755702788099
1311048137339998209
1311049491009679360
1311050860202520577
1311052236609421314
1311053612353716226
1311054991227006976
1311055624369774592
1311056390123909125
1311057764928679937
1311059117788803073
1311060492232818688
1311061867079573504
1311063223785971716
1311069460871208966
1311072577104809984
1311073949317500929
1311074254448926720
1311075298687975426
1311079773779656704
1311081396614639616
1311089486231752705
1311089775076691968
1311094923605815303
1311097124935946241
1311097392108843010
1311103828436148225
1311104710955487234
1311107389844840449
1311109244557631488
1311111121382891521
1311112998786867201
1311116329638858752
1311116758871347202
1311118477739077635
1311125077795262464
1311125893809614853
1311126952342958081
1311130134309744644
1311131991597887488
1311133887532236803
1311135720514387968
1311150295892795395
1311150470791073794
1311160277178744832
1311162073511067649
1311165184673746949
1311167101562912774
1311169638919819264
1311170155687350273
1311171583457792001
1311173358470524928
1311173533335257089
1311175481698512896
1311177872544018433
1311179656016560133
1311181622822277120
1311183402062827520
1311185397528096768
1311194159798247424
1311197977533460481
1311200992394973184
1311202815860256768
1311204618534354944
1311205761582800897
1311206429345406977
1311206810276302848
1311208258342920192
1311211850307166209
1311213658891063297
1311215518939066368
1311217291510644736
1311219103995174912
1311220938944454656
1311221227462287360
1311222769900756992
1311224577264103426
1311226380429000704
1311228155752058880
1311230020896149504
1311230020896149504
1311231875680292864
1311233667285618690
1311235465555648514
1311236981066792962
1311237319718993920
1311239185026740224
1311241032064012288
1311242874776891393
1311244674422763520
1311245632422776832
1311247555846701056
1311249386144518145
1311251244644732928
1311253104776622080
1311254133622665217
1311254963297935360
1311255099344326656
1311256583545016320
1311256806488969216
1311258650036580354
1311260476995776513
1311262347982503937
1311264181400883210
1311266087590416387
1311267681136410625
1311268952375537664
1311269321893650433
1311270945651335169
1311272577403432961
1311274232001826816
1311275856099147782
1311277502548111360
1311279127165534211
1311280765318107138
1311282439927590912
1311284077211852800
1311285717268598784
1311287374379393029
1311289005682634752
1311290688001183744
1311292323242881025
1311293967288459264
1311295623962951680
1311297266729312256
1311298864763342850
1311300549418024960
1311302183657316353
1311303854194073601
1311304767331799040
1311306288186511363
1311307931980357633
1311309555494682624
1311311187485904903
1311312831497867264
1311314487442579456
1311316132956078080
1311317979628531712
1311319795267239941
1311321641616580609
1311323481041186816
1311325340015394816
1311327202336747524
1311329085562515458
1311330932872433665
1311332760473219072
1311334599608369152
1311338300603596800
1311340154846674947
1311342002873794560
1311343868688904195
1311345708700704768
1311347548402130945
1311349374438592515
1311351226139848704
1311352201525317632
1311354073283780609
1311354514117660674
1311355479654830083
1311357339988094979
1311359188157771776
1311361039964033029
1311362843518939143
1311364677683818496
1311366507084079105
1311368318448799746
1311368579237974020
1311370140865486848
1311372002729525253
1311373814576672768
1311375606978883586
1311377428485472258
1311379230874374145
1311381063852265472
1311382870313906179
1311384701349883906
1311386504741236741
1311388350696296448
1311390169136877569
1311391607023906823
1311393000900243465
1311394443568742400
1311395826535718918
1311397261587427340
1311398710543343619
1311400119519019009
1311401529778278400
1311402924904509440
1311404328272494596
1311405753702506502
1311406172663144448
1311407167803621379
1311408563902976007
1311409945385095168
1311411361352757248
1311412757363855369
1311414132810412033
1311415536840998918
1311416908521107456
1311418266712145922
1311419667488047105
1311421045174407173
1311422418255261697
1311423834743099392
1311425232360468481
