1283521774307680256
1283521914187714560
1283522024451846150
1283561318046474240
1283561921183207426
1283563071332646914
1283563605074436096
1283563609159761922
1283563607104671745
1283567007280005121
1283569283390373889
1283572129582252033
1283573826329206792
1283579466866921472
1283595889026760704
1283602701826371585
1283607277040209921
1283614667731095554
1283625444584103936
1283646624611344384
1283646645121560576
1283646684325711873
1283646735106166784
1283646875267149825
1283647002295885825
1283647041240010752
1283648723906637824
1283648753405235202
1283648929792483329
1283648971064455170
1283651428309962753
1283651523076141058
1283652652509859848
1283653153041391619
1283657593982943232
1283657686203203584
1283658825481031680
1283659394404810752
1283660232183472128
1283662476303896576
1283665298437136389
1283666136530391040
1283670593993400321
1283670610967760896
1283670608895774720
1283670616164507648
1283670613551394818
1283670618744000512
1283670622896259074
1283670621025640448
1283670626885152770
1283670624913838080
1283670632073486336
1283670629351391232
1283673610608152576
1283683496028971009
1283687680769953792
1283696089154097152
1283696574854582274
1283699853319720961
1283703685932089347
1283705822355259392
1283709019262197762
1283711163356925957
1283713001267355648
1283713456445816832
1283714020432908288
1283720526570172416
1283723524012683270
1283729462459338753
1283731565026185218
1283732413521235968
1283732503996649472
1283738696894885888
1283739819437432834
1283739842749386756
1283740664358998016
1283744122046689280
1283744235460661248
1283744588184813569
1283747030989524994
1283747096450019328
1283749256172572673
1283750196455907329
1283758864664596480
1283762561368969216
1283767203641393157
1283770756623671296
1283770788718551041
1283771455474487297
1283773323470614530
1283785358736535557
1283786763966849029
1283790541134667779
1283791288555524097
1283794074533847042
1283795950109171712
1283797080776101888
1283798919357648896
1283799649673936897
1283800871306960897
1283801240367923205
1283802563154972672
1283805540645310464
1283805859336855552
1283818014916452357
1283823191690018819
1283825871275659265
1283825938883584002
1283825958416527363
1283827234613219328
1283830600256884737
1283845499871789056
1283845519442403328
1283846193009889282
1283850375955730433
1283850455995613184
1283855175493603328
1283856960056631296
1283870615716474892
1283870813201014787
1283873172266332160
1283873592636301315
1283873865635115009
1283874125988102147
1283874389893746692
1283874651656146945
1283875119887257601
1283875143761178625
1283881991683874816
1283882591175749632
1283884622217191424
1283885228566740992
1283901771178549248
1283901771153383430
1283902303251070978
1283907550065426434
1283907550010912775
1283923404031221761
1283925095648497672
1283926231629664266
1283927914610917376
1283927919539236865
1283927918461308929
1283937562013335553
1283942654401753090
1283946047291691012
1283963104527867904
1283967050264739840
1283975564148301826
1283984052668727298
1284004497275195393
1284008226388934657
1284008452596076548
1284008528206860288
1284008551002902529
1284010444093566977
1284010836521111552
1284011265136959488
1284011314797514752
1284011362604261378
1284011381839331329
1284011457273835520
1284011487841878016
1284012874789261312
1284012874789261312
1284012975268024326
1284015971401977856
1284018460721373185
1284018558574514181
1284018807867146240
1284021948578750464
1284025779559505920
1284025994073067521
1284029081584099328
1284032889542381569
1284034528709943296
1284035082546745346
1284037090125254656
1284042871818129408
1284048519968497664
1284052491689177095
1284054468078821376
1284055788886069248
1284057823169720321
1284060698415333378
1284063500105646081
1284064568038367232
1284066587478286336
1284068543579987969
1284070923704905731
1284071774456602625
1284071925233389568
1284071992539385856
1284073280119418880
1284074247002959872
1284076287997468672
1284076559767404544
1284077755278266368
1284078434923290624
1284089249227329536
1284093206678908928
1284094432590139393
1284096455481995264
1284099293708726275
1284109231667515394
1284109694999711744
1284111408246984706
1284111963262464000
1284113858479755269
1284113941505941505
1284115941354360832
1284119351348596737
1284121069226524684
1284122877189672961
1284124222646898689
1284125640246136832
1284129745962237953
1284131210449555456
1284134121917296640
1284134351786180609
1284135688905031681
1284141437702090752
1284142741530841088
1284142903913316352
1284145270679314432
1284149555592929285
1284151278537506818
1284155350027993089
1284159017707810816
1284163138615746560
1284164105964847109
1284165859657818112
1284172859087167488
1284178168136466433
1284182275698163713
1284188318863949825
1284188654940884994
1284193272144044032
1284194410562019329
1284199914742976513
1284204312155926529
1284213630985175042
1284218415499087872
1284219418512371715
1284224057731358720
1284224790832783367
1284224917551095821
1284228643015860225
1284229115764248576
1284229621798633474
1284229685711380480
1284231951235403786
1284232022748270593
1284240358210179072
1284240695008669697
1284241107463831553
1284241229828554755
1284243581620883460
1284247664490668037
1284261256308953089
1284261799408304130
1284262370429341697
1284262951793328133
1284263507962322947
1284271439869345799
1284272022487539715
1284277119703486464
1284279937504075776
1284280513281351681
1284281630631354369
1284281630534836224
1284281630325178369
1284282768814465025
1284282768453775362
1284316257676861440
1284342302039773184
1284357581188866048
1284357581104918531
1284383884571037696
1284385462543671296
1284393066716160002
1284398284216426496
1284406319877967873
1284417215106867202
1284426377429745664
1284430070766088192
1284430351151108096
1284440502532702213
1284450866800594944
1284450904167546880
1284470808530898944
1284477516065968128
1284485622426750976
1284486068155424768
1284491029916377088
1284494682677022724
1284501450408841216
1284506334478643207
1284549384101941248
1284552966628835328
1284579316551098369
1284589494071631872
1284595676173787137
1284601459494068224
1284602056876216320
1284602722671624192
1284603598228332545
1284604548624113664
1284621138618966016
1284632253025464320
1284633381733629952
1284633386850680837
1284633979363176448
1284634535129473025
1284634535016136704
1284636236045602816
1284636236037206016
1284636808551247872
1284641322930974724
1284645280219115520
1284649254523371520
1284657759678537729
1284663403261419521
1284665719041536000
1284701340808208389
1284742132650192896
1284746097546727424
1284748834497867778
1284759707476013056
1284764643546796032
1284768610846679040
1284774810862653440
1284774890860613632
1284781028620599296
1284783590061072384
1284783671661264896
1284783707409338369
1284785133061648385
1284791292422164485
1284793249610203138
1284794019269218304
1284801641745653760
1284802294236745729
1284806458517970945
1284810729812525056
1284814457659691009
1284814503696375809
1284822003791343616
1284823213214703616
1284824912495026176
1284834221807239168
1284836487817768960
1284844730300403712
1284852169997455361
1284867370138435585
1284871742624796673
1284885865362317312
1284891974110240770
1284896849435009030
1284898194363645960
1284900519430037506
1284916001335803904
1284921653932232704
1284927688248090628
1284927688248090628
1284933121402699776
1284938841791627265
1284969760044781569
1284969883525095424
1284970012772577280
1284970532631388162
1284970913793015810
1284973989195059203
1284974216035655680
1284974461096202246
1284975149645791233
1284983977372258304
1284986217847754759
1284995362839760897
1284999313131810821
1285000440703332352
1285000996368912384
1285002706604756998
1285003279550820356
1285003279550812161
1285003279475367937
1285012328921137152
1285016287748530182
1285018582682865664
1285022525429370880
1285058264280039425
1285066785042178048
1285074699492392961
1285092815706435584
1285094528056283138
1285094737515511808
1285102936641724416
1285103602185515008
1285107366602723328
1285107567140667392
1285109533002608640
1285117327936282627
1285117536527364096
1285117581502947331
1285118437170327553
1285125301761191936
1285125469986267137
1285125674953592835
1285125965744607232
1285126164617584640
1285126450526523392
1285126691220848640
1285127705881608193
1285127903672446976
1285128079795527681
1285128328626790402
1285145771554279424
1285147372599812100
1285156827844554753
1285157815863173122
1285161100309389313
1285163769723748352
1285168563561668608
1285169605326123010
1285170814808186880
1285172465434611714
1285177565246885889
1285182794751254529
1285192855728816129
1285194291187417088
1285194673485746177
1285195519766167553
1285204331919290369
1285205451190218753
1285210338414202883
1285218102402318336
1285219942875443201
1285220758151716864
1285224363453808642
1285227195678568448
1285228323581370368
1285232142507704321
1285234911985704962
1285236754543411205
1285240753892065280
1285241131719106562
1285241400955723777
1285242205385494533
1285242437347217415
1285242710451007488
1285242950189043713
1285246907166728192
1285248548305502211
1285250507720794112
1285251908740022273
1285253522280284162
1285253583383003136
1285259986675867651
1285263052573675521
1285264115452313601
1285265556199952389
1285298219761754117
1285320048429735941
1285330409031696384
1285330710581190656
1285330929397964800
1285331173623947264
1285331358714298375
1285331552260575232
1285331671122935821
1285331875339395072
1285332019451498496
1285335336168693763
1285358070126837763
1285358070114156547
1285358069942292481
1285358635158310912
1285358635015692291
1285358634894008321
1285359199573217280
1285359755939192833
1285359755825995776
1285364292896907265
1285365414902595588
1285367716988297216
1285369386229026817
1285369967559548929
1285371089493909506
1285371680987250688
1285374487039442945
1285376189733974018
1285376189624913922
1285381265026408448
1285422667798056960
1285455823792214026
1285455858445488130
1285455956407660544
1285456011730575360
1285456056383152128
1285456150167793665
1285456173890785280
1285456192031150080
1285456255964897280
1285456274893811713
1285456350085025792
1285456371610267649
1285456412907384833
1285456448332484608
1285456529836122112
1285457467741294594
1285457574024957952
1285459376564772866
1285460655336718337
1285460877060308999
1285460962833817601
1285461345769578496
1285463009851314176
1285463402878578689
1285466156682420231
1285466443920879617
1285466667494051840
1285468763224182785
1285471468005007366
1285471729943486464
1285476050051399682
1285487797957271554
1285490157442015232
1285490783295016960
1285492021306830849
1285492228983529475
1285497986643042305
1285499553018413056
1285507821480693766
1285512234152660997
1285512309440491520
1285512772621606912
1285514677426978817
1285515611334942720
1285516626687909889
1285517934950076417
1285522655609868290
1285522964130168832
1285525852445454336
1285526614625968129
1285528780447023105
1285531438801092609
1285538151780487168
1285538312149708800
1285539364643233792
1285539844228354049
1285540285083262978
1285540449038598145
1285540692522143745
1285540857794396161
1285542231148040192
1285542499319263232
1285546794383024128
1285549421682401282
1285549439441080322
1285550653679468546
1285554986676555776
1285560425061519360
1285568554276917249
1285569658754605057
1285569658754605057
1285573678357532676
1285575460844376066
1285585723521990656
1285588538713661441
1285589260603740162
1285592173329686528
1285596346779566081
1285596605807288320
1285602335272640514
1285603405470355457
1285604922378133504
1285610795116756992
1285613423242420231
1285618212193873921
1285620480158949379
1285622669812084737
1285623966992932867
1285626963974135814
1285651829519523840
1285656398949474305
1285660683305132033
1285683481297772544
1285686586085191686
1285689760573542400
1285696600518676487
1285698475779383296
1285699726264934401
1285700282928771073
1285700454589124610
1285700686676733953
1285700922014937088
1285701144824745984
1285701343773163526
1285702199037833217
1285708422390976512
1285709006095425537
1285718097974956032
1285723206398152706
1285723764521676803
1285723764391641095
1285723764232204288
1285724364416090112
1285731126020112387
1285733404512854017
1285733404487688195
1285734524387811330
1285736229007392768
1285748117195849736
1285760021041741832
1285761698050252800
1285777559792353280
1285786074460172289
1285802495718162437
1285814376373649408
1285815521720532992
1285819464076976128
1285819563335188480
1285819705702391808
1285826355112878080
1285827368876216321
1285827424933097472
1285827859144155137
1285832164626567169
1285833060722847746
1285835592648077312
1285840851676082176
1285841637596422144
1285846813069709312
1285847124983386113
1285853276337045504
1285867552237912067
1285871876120748034
1285873961943932928
1285879467236306945
1285883703135219712
1285884118723629058
1285888759360368640
1285890855740506112
1285891346927157248
1285894746523787264
1285896391072546816
1285896411695820801
1285899647790317568
1285900203950776320
1285902091605684224
1285904740145156096
1285904876791373824
1285905033461194755
1285906171241562117
1285914604447637510
1285916308488556545
1285916307259621376
1285916311902736384
1285916310396952577
1285916313823707141
1285927359410044933
1285931577487306755
1285936443941179395
1285939730589384705
1285947078745755651
1285950345647095812
1285954246412849152
1285955748648845317
1285959131694796806
1285972944435515392
1285977195949821952
1285979148306055171
1285989169572065281
1285989811317288965
1285990852251140096
1285992126082437122
1285995954886279174
1285995987476127746
1285996058464653312
1285996168133120006
1286015206074789895
1286041269026852864
1286042306731286534
1286047517860339716
1286053834339614721
