1283523412921667585
1283559920873418752
1283563388753321984
1283563386270253057
1283563392851222529
1283563390787559425
1283563394768019459
1283563399889158144
1283563397926260741
1283563404205142022
1283563402124828673
1283563408080744448
1283563406096728065
1283565637990744064
1283567168156827657
1283569642473234437
1283572138834890758
1283576588915941377
1283580327882100736
1283584848599429121
1283590401031643136
1283595205875306497
1283600054062854144
1283602036181938177
1283610100377190401
1283613685332742144
1283613687404793856
1283613687404793856
1283614434318077954
1283618142929985537
1283628003113697281
1283631525825740806
1283633729391546371
1283635849427591170
1283635853445791744
1283635851470221312
1283637893160992769
1283639600897044480
1283642339815301122
1283644203420065792
1283646500699070467
1283651595692122113
1283652352323526656
1283652350390018050
1283652354378735617
1283655879158628352
1283657899882024960
1283660373284073472
1283661359939563522
1283663330360598529
1283663535965446144
1283666047875391490
1283667337787342848
1283667340455022594
1283669838532149248
1283671833045340161
1283672074255507456
1283672071848038400
1283674488769478658
1283674983429017600
1283676275316527104
1283676426575777793
1283676524298870784
1283676522273034240
1283678009971617792
1283680218058760192
1283680453443104768
1283680852879302657
1283680850941444096
1283682907471654914
1283685010462187521
1283687076119052288
1283688988033912832
1283690939878445056
1283692930868404224
1283693719384883200
1283695327997034497
1283697860865908737
1283697862975651840
1283698829691424769
1283701508169699328
1283702066087632896
1283704669752233984
1283706213063110657
1283706211175665667
1283706209326059522
1283706223288778753
1283708708833427458
1283709549925535744
1283710459439468545
1283710465349169152
1283710463348539394
1283710476812247041
1283711675489820672
1283713854132957185
1283714752749932545
1283715248919203840
1283717584391675904
1283720273385197569
1283723534532050944
1283723531835052032
1283723536767516672
1283726327351304192
1283726957109223425
1283726958925414400
1283728711456612352
1283730721954246661
1283732958491422720
1283736099278528513
1283737485642813442
1283740489024524288
1283743113400459272
1283744707814858752
1283744705512181760
1283744709912002560
1283747146768973824
1283748842962391040
1283748840991006725
1283750099403902982
1283751394462306304
1283752848728248323
1283752846618394625
1283755177850347520
1283757311257968647
1283757512148361218
1283758302132867073
1283761609521889281
1283763735497252864
1283765405677490176
1283768279820128257
1283770100768792578
1283770102794551297
1283772502297268225
1283777033437425665
1283777037631737859
1283777035698163713
1283777156628152321
1283779125145145345
1283781396583129088
1283781435032326146
1283781923442176002
1283781925774262273
1283783431038611457
1283784967756156929
1283786853750013960
1283787184848482304
1283787190909181954
1283787196751917058
1283787194826727426
1283787192750542848
1283787200300232704
1283788604939042821
1283790427343196163
1283791249657352192
1283795164289474561
1283795162133606402
1283798520571539457
1283799061938741248
1283799066023997440
1283799064002400256
1283801143072694272
1283803452947288065
1283805859945033735
1283807460134916098
1283809613595529217
1283811330357702656
1283811328487034891
1283813298111221760
1283815435260104705
1283815433351692289
1283815439831883778
1283815437676011527
1283817604365385728
1283819661486850048
1283820532560003073
1283820530651594753
1283823023993303045
1283824684379910147
1283824688628740097
1283824686535774210
1283824692772646915
1283824690599989248
1283824694920126465
1283827426032852992
1283829092152942593
1283829096947101697
1283829095076438018
1283832049590243329
1283833052976820231
1283833051202686976
1283833049491353601
1283834414317932544
1283836872003915779
1283837682972610561
1283839007902883848
1283841402204557312
1283841834377191424
1283841832485609472
1283841836164022272
1283843434307035137
1283845590737092616
1283845974302040067
1283845979867840512
1283845978026586113
1283845976013320204
1283845981725958147
1283847777169145856
1283849570519257092
1283849997612703744
1283852366148665346
1283852998943309826
1283854654661681154
1283856710965305344
1283858280423534592
1283860379991445505
1283860759982809088
1283862982267670529
1283867232486006787
1283868947637571590
1283869847625973760
1283872351709519873
1283875190183800841
1283877733370662919
1283880028909056001
1283880032352468995
1283880030582562816
1283880034118270980
1283880034118270980
1283882285503324168
1283884546149285889
1283884553212502021
1283884551488536577
1283884557067079680
1283884555053813768
1283886682035691523
1283888883697057795
1283891408806477826
1283893230136963074
1283895762716418051
1283897521224536069
1283899580740972544
1283902647301529600
1283905411956047875
1283905414120300545
1283907776939524097
1283909538429755392
1283912033298259969
1283915441417719808
1283918174812024834
1283918176712110081
1283920657491931144
1283923136656941057
1283928356535382017
1283930823046189057
1283933139501555718
1283935870664540165
1283946372778151936
1283952251057385475
1283960488536285184
1283965189214343169
1283978283609141261
1283983078902370305
1283992295482822657
1283995864923615237
1283998179067912192
1284003798529212416
1284007739690295299
1284009982791491586
1284011491260276736
1284012445426749440
1284012981085450243
1284015206872612864
1284017715250962434
1284020060139466752
1284020835716661253
1284020837847306240
1284024648385077248
1284024650410885120
1284026288680906752
1284028516028350464
1284028517957632000
1284031215776006144
1284033967948206080
1284036529275441152
1284038800105246720
1284041244646281216
1284041293119856642
1284043854249963520
1284044085544865792
1284044592380129280
1284048449202266114
1284049244358356993
1284049248133304320
1284049246396841985
1284049249890643968
1284051931623718914
1284051967484899329
1284054781145886720
1284054998733774851
1284057129389883393
1284057127699517440
1284057125996711936
1284057420499685378
1284060550197125123
1284060629192577026
1284061255402168320
1284061257306460160
1284063115248840704
1284064895345004546
1284066109055021057
1284066279167492096
1284068838045294592
1284069714835251202
1284069716894650368
1284071150981652480
1284073304819748865
1284074024222556164
1284074022314156032
1284074020514729989
1284074025992556544
1284075336498655232
1284076641602490369
1284076761202950144
1284078006835830785
1284079522250358785
1284080901715103746
1284081914870140930
1284082718238740481
1284083438262398977
1284083928219791360
1284085217540571137
1284085431324344321
1284085622240694272
1284087956295147520
1284090424001548288
1284090913069858816
1284093064815030272
1284095297891840000
1284096474645766145
1284098272622075909
1284100913045610497
1284101147519787008
1284101151554764800
1284101149663141888
1284103988976275457
1284105652902731777
1284108570737479681
1284109357706293250
1284110879559233537
1284111262545326083
1284113897654550528
1284114009998884864
1284115951420669958
1284118275148980224
1284120979992608770
1284123322268160002
1284125944832294913
1284128094496882690
1284130673117278208
1284132939270430724
1284133185245380609
1284135618180780036
1284137596759810048
1284140280107630592
1284142055049105409
1284144637574352896
1284145750734233600
1284145755054321669
1284145752978198529
1284145757499645953
1284148650835349505
1284151164989308928
1284151169154244612
1284151167010865152
1284153443951824898
1284155807358169089
1284156054201413632
1284156082030628865
1284158493696589829
1284160858285842432
1284160860722782208
1284163440945356800
1284165856335978498
1284166075698085890
1284166073693200386
1284166080236261377
1284166077887516672
1284166082736128003
1284168277279866882
1284169743755210752
1284171601223856129
1284174598905503744
1284177412385800193
1284179988263116801
1284179986220490752
1284179991190818817
1284180240240119808
1284182946791010306
1284184915840585730
1284184913839828993
1284186102451113989
1284188010855256065
1284189249051467777
1284189250938900484
1284190751237210122
1284193267299557377
1284193270281777153
1284193273486036992
1284195913079062531
1284197663974588416
1284200585630285826
1284202105398583297
1284204574178447361
1284206538165493767
1284206780889923590
1284206779036041218
1284209338505146368
1284211812246921216
1284214365319725056
1284216867331223553
1284219707344781312
1284219959908995073
1284219957966974977
1284221472224038912
1284221953268690945
1284224239839649793
1284224728589312000
1284224726752264194
1284224726752264194
1284224732238405633
1284224730455855113
1284224734079725568
1284226465492541444
1284229288955437056
1284230263749447681
1284231900924649474
1284234133682753538
1284234367066308611
1284236487723290629
1284238506890612738
1284238504797642752
1284241368471281665
1284242379093008387
1284243171866705921
1284245244603764736
1284247327109255176
1284247330640859136
1284247328900218882
1284249562274816001
1284252626708766721
1284257187917959170
1284261750016270341
1284266295886782465
1284270354018467841
1284270352198238209
1284272076749189121
1284274393368203266
1284276620447096832
1284280188608614400
1284284543072174080
1284286819207712769
1284289396095815680
1284292408503603201
1284296371688833027
1284300667121741829
1284320457638981632
1284338849846616065
1284342630579605504
1284342628771721217
1284348593978118146
1284360661867405313
1284364350933872642
1284369683945336832
1284374114023636992
1284382827505688577
1284386043828023297
1284387765216575488
1284387763178086400
1284387766852345856
1284390515664998400
1284391494573600770
1284393229165764609
1284395544903852032
1284396066419486721
1284396064662069248
1284398388449026048
1284400691168055296
1284400990272323585
1284402962345975808
1284405673292431361
1284407664005591041
1284409931089805312
1284411781943906306
1284412595823235072
1284414319275520000
1284414317476151296
1284417002791219200
1284417382006611969
1284418237439119360
1284418813782614016
1284421543578263552
1284422536143474688
1284422533924741120
1284425273501536257
1284427861395410945
1284430044950142977
1284432868366786565
1284435438682480640
1284436427959197700
1284436431641993218
1284436429939122176
1284438761951068160
1284440740412755969
1284440742132359169
1284443635136823298
1284445360933478400
1284448147880714242
1284450423634616322
1284450421512327170
1284450428197974018
1284450425731776512
1284453278718337025
1284455626928787456
1284455877173485570
1284458030793449472
1284460198183219203
1284462243674042368
1284463845713616897
1284466107517153280
1284466914761244673
1284469145980088322
1284471276816433153
1284471279727370240
1284473593045422080
1284475824293519361
1284478090551463939
1284480321354969088
1284482685189095426
1284484227619323905
1284486243267629063
1284487975989125121
1284487974177079297
1284489618092630016
1284492153180299267
1284492883660283910
1284492881760342016
1284494624392908800
1284497719550238721
1284502494165569537
1284505966885711878
1284506279466205184
1284506277633302529
1284509206213787654
1284510013529128960
1284510011687874561
1284510017215967232
1284510015362084866
1284512063000379393
1284514983662034946
1284514985427836928
1284517715139493888
1284519424310075398
1284519542807572482
1284522146392346626
1284524646268833800
1284524644515688448
1284526676936986626
1284528867491950598
1284529109100630017
1284529107301216261
1284531673024073730
1284533311281475587
1284533309528317952
1284535888849055744
1284537185782378496
1284539797953040385
1284541375703396352
1284544184930766848
1284546028323168257
1284547548749889536
1284548493437276163
1284550412880797701
1284550952519958528
1284553034396205057
1284555013990354949
1284557792309907456
1284560332258775047
1284563129125539840
1284563127376457728
1284565901443059712
1284568449776267264
1284573368671444993
1284577706689134594
1284581529033809921
1284583787217723392
1284586270329581570
1284590263449550848
1284590267560005632
1284590265718714369
1284593079517880321
1284595566333362177
1284598030734417920
1284598034228224002
1284598032517017601
1284600761243107328
1284603086317801472
1284606078135795712
1284609674608816128
1284609672717258752
1284609678169780224
1284609676391395328
1284614211277127683
1284614209511268354
1284614213126717440
1284623619650392066
1284623617876209666
1284628885343264768
1284632365512491014
1284635365467463682
1284637417824292864
1284640158726397955
1284675108259471362
1284688535031775232
1284701414510546946
1284706114878283776
1284714194546364416
1284719672638746637
1284719672638746637
1284722487310168064
1284722489298432003
1284724525725298689
1284726535157690369
1284729258712195075
1284731049331884032
1284733293200642049
1284735511450591232
1284735515120607239
1284735513430233090
1284735518480228352
1284735516785737728
1284737638814056448
1284740363316613120
1284740365090725888
1284742352242966528
1284744575941320704
1284746886839238659
1284748866068385792
1284748867808956416
1284751366200713216
1284753328988135429
1284753332528132096
1284753330762330113
1284755809549811717
1284758535868489735
1284760987309166592
1284761213436669952
1284763497847492608
1284765264752582658
1284766173448466432
1284768066606440449
1284769051823267845
1284771587468787713
1284774207361089536
1284775013254664193
1284776410314420229
1284777943626113026
1284777941830897664
1284780425479585793
1284781928714063874
1284781926704979968
1284781932929331200
1284781930924433410
1284784904534884352
1284787624687865856
1284790133196230656
1284790364277280769
1284791683109081088
1284794369027997697
1284794858218172417
1284797090024034304
1284799811053551618
1284802389619421184
1284804730376658946
1284807056600584193
1284808114672406528
1284809417624637440
1284811426373275648
1284813659248766977
1284815894175272961
1284818374833442818
1284819895184764928
1284821258094415872
1284823864875331588
1284823866607652871
1284826615189512192
1284828728485392385
1284829260637704192
1284831367231148036
1284832139025027072
1284834218263142400
1284834905936007173
1284836948809592832
1284839873510342656
1284841741548498945
1284843409707012096
1284845956253593603
1284846199174922241
1284846196700389377
1284848478636642304
1284850491072090119
1284852553159774208
1284852759758544901
1284854593168576512
1284855581388484608
1284855579375173633
1284855585347907584
1284855583389040640
1284858099539554305
1284860350454693894
1284862214483202049
1284864027668217859
1284864229791666176
1284864234078310401
1284864231574249475
1284866291124379651
1284868383520034816
1284869118718611458
1284870617616003072
1284872903725645830
1284873154444361729
1284873152603009025
1284875057982996480
1284876905817296897
1284878646910607363
1284880372178792448
1284882386958929920
1284882384815640577
1284884630118817794
1284886607359881217
1284886605518577665
1284888714972364801
1284890286431391744
1284892771329998851
1284895391029301250
1284895777739898881
1284897697389051904
1284899038383550464
1284899042133258243
1284899040275107840
1284901337663262721
1284903150705676291
1284905734283681792
1284907956333621249
1284911138417848320
1284911143673368583
1284911140917727234
1284911145816645633
1284913174647582720
1284915456164401153
1284917723571662849
1284920207807586304
1284923664308338689
1284925644619620353
1284927476301541382
1284927716727435266
1284929702625521665
1284932239806038019
1284932242083643393
1284933970824695808
1284936936772313091
1284938677177782272
1284941442553729024
1284941444378222593
1284943443152850945
1284946463886397446
1284949760651255810
1284950713521577984
1284950715757191173
1284952978315771905
1284955192790835203
1284958918796627971
1284962869990305805
1284964920078086144
1284967146322382850
1284969130425278471
1284971356774371329
1284971361421660163
1284971359601414152
1284985061373292544
1284992731870375936
1284992730091880450
1284992728275787782
1284992735527804928
1284992733766209536
1284992737314562054
1284997465448624128
1285001424066228232
1285005384550354944
1285007622077321217
1285016078385586179
1285018304655118337
1285018302797029376
1285026296607780864
1285035606029082629
1285039068808650754
1285043879205634054
1285053883656667136
1285057594860752896
1285057593044606976
1285067176974651393
1285069956158283777
1285070817160843266
1285080004079030273
1285082413304033280
1285089175675568128
1285091003859374083
1285095811722948610
1285096354843328512
1285099451506479104
1285099449627312129
1285099455054860288
1285099453339369472
1285102162461315072
1285108434493472769
1285111268727193601
1285112537613246465
1285115568962633728
1285115568962633728
1285116550551343115
1285116548705918976
1285116552229130240
1285118828196790272
1285120206101151744
1285122538922815489
1285124750080118785
1285127296404336642
1285128319990738944
1285128323476201473
1285128321773305858
1285128325959225345
1285130416987439106
1285132418291322880
1285132645572268032
1285134632732831744
1285136925951754240
1285139030217302016
1285141624427872257
1285141628001427456
1285141626281766914
1285143774562267136
1285146516798214145
1285147010836893697
1285149850766643200
1285150352136904704
1285150349989486594
1285150618810822656
1285151415682379776
1285152951506526208
1285153022721642496
1285155265822826498
1285157834221649922
1285161827626897408
1285164152043036672
1285164155587244037
1285164153829720064
1285164157499777025
1285168324398264321
1285170551439396865
1285172718682492929
1285173966617939973
1285175494095364096
1285176520370081793
1285176518185033730
1285176522488328192
1285180185835429888
1285181922000408582
1285184139784749058
1285186402523795456
1285188384546332672
1285190539529330688
1285192868458565632
1285193208457289729
1285194657304064002
1285196124580651021
1285196129789976576
1285196126568747008
1285198398367432704
1285200445233934337
1285200443132567554
1285200447557558272
1285201794142896128
1285205488574042112
1285207712415055873
1285209748154048518
1285210430630133760
1285212335557222400
1285212339889942529
1285212338099036160
1285213662903513088
1285215827965423623
1285216315213516801
1285217607940014080
1285219662310125569
1285220909616435200
1285220907758366722
1285222416000712706
1285224818640662528
1285224816598044672
1285224820742000641
1285227558754189318
1285228144383987712
1285228152780988416
1285229588956811265
1285231361729728512
1285233393102467073
1285235443584434178
1285236038831607813
1285236043147554816
1285236040983367687
1285240199518265345
1285240201627959297
1285243509189103621
1285243722314244098
1285243724335915008
1285246048156475392
1285247526912892929
1285247524853501952
1285248684020686849
1285250439898947584
1285252841100238848
1285255554433265670
1285255556358451201
1285258708868640772
1285259429802323969
1285259427684192267
1285259432725708802
1285262462833635328
1285263552866131968
1285263554879291393
1285265716392767488
1285267409067282434
1285269927352557571
1285271413465767936
1285271411423051776
1285271417634934784
1285271415604891650
1285273628481855489
1285275346233888769
1285279265093804034
1285279267119665152
1285283018345766912
1285285249824456714
1285286731122647042
1285286734989795328
1285286733093969922
1285286739217702913
1285286737120571392
1285289099033743360
1285290597419540481
1285290595133599749
1285292611503259649
1285294384410501128
1285294642054004736
1285294644599939073
1285295988123598848
1285297967101095936
1285298450440114176
1285298452927320073
1285298456135966720
1285299938457509888
1285301676459659264
1285302726960844805
1285304520826855425
1285306115748704262
1285306830177161217
1285306834396610562
1285306832442077184
1285308332320919560
1285310579759034368
1285313837751840770
1285317408643862531
1285319414611685376
1285321889934696449
1285325909147488256
1285327675889000451
1285329729898323968
1285329727679537154
1285329731924230148
1285331732494004224
1285333714738860037
1285337524538347520
1285341260526624770
1285345247501877251
1285348535144251398
1285349105582120961
1285352575840264193
1285355734998425600
1285357203344498692
1285357201280860165
1285359696937975808
1285360689733935104
1285362672205275136
1285365200938467329
1285368208665522177
1285370304106311680
1285371539165192192
1285373592629379074
1285375849961787392
1285382839442210816
1285384821334777863
1285390840958001152
1285393977651470336
1285398216532545536
1285409141922639872
1285416581854527489
1285424505708478464
1285426388149862405
1285430343282184199
1285430345064763398
1285434119233703937
1285434121100173312
1285437881792835584
1285444112582348800
1285445594509643776
1285445599169523712
1285445596367724551
1285449855729651712
1285449853645070337
1285449853645070337
1285449857663107073
1285458676275437568
1285462222894968832
1285464196281401345
1285466446273880064
1285466935195586562
1285466933475921926
1285466936948793349
1285469290355982337
1285472040988872704
1285474545076404224
1285475040113364993
1285476811393118208
1285479544724557829
1285481757182222339
1285482748107530245
1285484480623517698
1285486464608985088
1285487202588336130
1285489928823078912
1285491744709193728
1285492922205569024
1285495169345892353
1285496918622318594
1285498651079593984
1285500539426549760
1285501709771513856
1285504507582066689
1285504505673654272
1285504509473685505
1285506701744013312
1285508142827220995
1285510174904586246
1285510481109819392
1285512452688551936
1285512465120481282
1285513966513532928
1285513964378640385
1285514991349702656
1285515263597858816
1285515361736167424
1285517348850434048
1285519125406797836
1285520793083023361
1285522658273026050
1285524480744476674
1285524482539610112
1285526925583294464
1285528248160485378
1285528810629332992
1285530697671868416
1285531589661925376
1285531593805910017
1285531591553449984
1285533731281727490
1285534841396764672
1285536505000337409
1285538392437137410
1285540431997140992
1285541783334780929
1285542389562695681
1285544271307825152
1285545784897871876
1285548096445980672
1285548797381283841
1285549416343056384
1285551888243601408
1285552709240786944
1285552706392907777
1285553360632938498
1285555460083453953
1285556559595134976
1285559110025588736
1285560648823447552
1285561162311118850
1285562947549487111
1285564590596796418
1285564594690428930
1285564592479969287
1285564596674338816
1285567405670961154
1285569504274194432
1285571938543443968
1285572808462999559
1285572805732503552
1285572812548321280
1285572810270822400
1285575648409509892
1285577041568567297
1285579283436625920
1285579740338937857
1285579742134108170
1285581043064422402
1285582651500437504
1285584091967037442
1285587018504962058
1285587454871969794
1285590973045669888
1285590969916837890
1285591361555587073
1285594262734868482
1285595101281034240
1285598406203904001
1285598402630344712
1285598410347884545
1285598408200290304
1285598412407222272
1285600963391258629
1285602255966806025
1285604831378448385
1285605937525542915
1285606209043800071
1285608540212690945
1285609228829257728
1285609278942969859
1285611315126575111
1285613152923721730
1285613450614509569
1285613448332746752
1285613452669652992
1285614173393747970
1285616455317323778
1285617707543605250
1285617711997956099
1285617709741465601
1285621478034112513
1285621480148086784
1285622315015966724
1285622818227359744
1285628278720598021
1285630582022602755
1285631568753696774
1285631566555865089
1285633866812792832
1285635092359020545
1285635090236821504
1285635096364617730
1285635094368133120
1285637192719753218
1285639248876646401
1285641216294625280
1285643212854562818
1285643215010500610
1285645714131910659
1285646941527912448
1285646944019382277
1285648963064999936
1285650944454262787
1285650951244845057
1285650948648587264
1285652513765687298
1285654484287463432
1285654729461309441
1285654727510941696
1285656710435266562
1285658764767617025
1285658766864781313
1285660763038916609
1285662294186373120
1285664673690464256
1285666944348311553
1285668913125232646
1285670899191095297
1285673147375779845
1285675387587121153
1285677367504048134
1285679090591305730
1285679092612947968
1285681350524182534
1285681958178045954
1285683356512989187
1285683747321503749
1285685367153340417
1285686597837639681
1285686600131895298
1285688330475143172
1285690562629304320
1285692542214955013
1285695013834371073
1285697515304648706
1285698503574986752
1285700748299374601
1285702751981314053
1285705737088507906
1285709210613886989
1285709208629981184
1285711428599652352
1285716667813830661
1285716671810940928
1285716669848068096
1285720069281112064
1285720073274089472
1285720071281823745
1285720075312472064
1285723356860473344
1285723603351240704
1285726851315490818
1285727594906820608
1285727592507748352
1285727592507748352
1285729326185545733
1285732093809569794
1285734077576945665
1285734813870194690
1285737016651583490
1285740002475991040
1285749784855351298
1285753784291991553
1285761718967316481
1285761717100859392
1285771886157352961
1285774365569830918
1285781051881684992
1285785260207349762
1285789329567121410
1285789327646175233
1285792544090136577
1285802080985329665
1285803318267256832
1285803322369290240
1285803320301551617
1285807286380888066
1285807284677947393
1285807282937376773
1285807288155086848
1285815810720763904
1285817601805803520
1285818347460976641
1285820945655926784
1285823283401760768
1285825506089349125
1285826003185606657
1285829570189504518
1285829572014026752
1285831558583193603
1285832952908218368
1285833396812427264
1285837124277882880
1285837128191139841
1285837126228152320
1285839355878223876
1285840585329442817
1285842838358568960
1285844351059279872
1285846583414751232
1285848052570509312
1285848326278193152
1285848329545449472
1285850804180725760
1285852127760470016
1285852126032334851
1285852124287569920
1285854366193332225
1285856120612048897
1285856118833651712
1285856122365267968
1285857760140234752
1285859667621617666
1285861646892781568
1285863152312147968
1285863886835646464
1285863885111787521
1285865596257804289
1285867885412470789
1285867883571093504
1285867887207550977
1285869877308329985
1285871210711195648
1285871303640178689
1285873020024823810
1285874708655869954
1285875593683308545
1285876442987995136
1285878503284641795
1285879805049802754
1285881273475641344
1285881271583944704
1285881275887345666
1285883374159134721
1285885230243631105
1285885549706801152
1285887274819952641
1285888605454557184
1285890920353804288
1285892002513653761
1285892000361963520
1285892004447166466
1285892985712975872
1285893351254851584
1285894488821583872
1285895533870174208
1285895535740833792
1285896222188933122
1285898147970121728
1285900271491702784
1285900648962297862
1285902435765161985
1285903299712032769
1285905538870579200
1285908450623488001
1285910976127291392
1285911503783309312
1285913926912413696
1285915360294768643
1285915357698457600
1285917845222838274
1285919428559896577
1285922016550359040
1285923070167875584
1285924304941494272
1285926249295237120
1285927310378643456
1285927308285685762
1285928627364933632
1285930672301977602
1285930862870134786
1285931725772722179
1285934460563787777
1285935334606483462
1285935338570100736
1285935336816873475
1285936933462593537
1285938146476261378
1285938818529533952
1285940869972013057
1285942217039925248
1285942404437233665
1285944408744099841
1285946818774421504
1285947854595543042
1285948967721799680
1285950975841382402
1285953829704474628
1285953827716378624
1285956820608208896
1285956818687201282
1285956824399781888
1285956822529118209
1285959724970672128
1285962584802426880
1285963011136552961
1285964526073057281
1285965693008175104
1285965691150110720
1285965689279348747
1285965694803349504
1285968131349975043
1285968738219589632
1285969432611782658
1285970075497963520
1285970073509912577
1285971617105969155
1285973818155110403
1285975058737958913
1285975055860629504
1285975063053963264
1285975060784848897
1285977632224555009
1285980039872487431
1285980037863346177
1285980532464062464
1285982783681200129
1285983444577726465
1285984880082464771
1285987272001806338
1285989532991664130
1285989536858869764
1285989534988034048
1285989540444897288
1285989538716884993
1285991847865790464
1285993332016128001
1285993333798699009
1285994265823211520
1285996349389971456
1285997603168178177
1285997605286301697
1285997610000580617
1285997607907729408
1285997614350192641
1285997611955232768
1285997618749898758
1285997616455659522
1285997622868746240
1285997620813594625
1285998795881189377
1286000415801249794
1286001357506449408
1286002182458937344
1286002184702898178
1286004663339364352
1286005591807320064
1286005590456561664
1286006597362364417
1286008084587057155
1286010555539521536
1286012038351904778
1286012038351904778
1286012036292452358
1286012040428036096
1286014566451810304
1286016040883884032
1286016042767187974
1286018388721115141
1286020201390235653
1286020386845581313
1286020384928813064
1286020383133638659
1286020390620364802
1286020388753944583
1286020392478482432
1286022588402147330
1286024569850077184
1286024833936089090
1286024838134542337
1286026618306285569
1286028471949504513
1286029498387845120
1286029967281860609
1286032211242885121
1286034257257861121
1286036310877184009
1286036544458022914
1286038084736503809
1286040122484555776
1286041996575088641
1286043591047909376
1286044222794194945
1286044220663500801
1286044226392920065
1286044224622862337
1286046200815390722
1286047751617355776
1286048492184653829
1286048494294306816
1286050520852029449
1286052517214920705
1286053253369790464
1286053251285213185
1286055231046987777
1286055509733388292
1286057457899442176
