1301458024339566594
1301458338228719618
1301458476204515329
1301458771835846657
1301458896033382400
1301458996994486272
1301459157766344704
1301459630661476353
1301460020316561410
1301461080322052096
1301461243346251776
1301461496917118977
1301462084312608770
1301462649503440898
1301462761566855169
1301462851736031234
1301463088118607873
1301463198453960704
1301463780929556481
1301465666969653248
1301465761375023105
1301465837417750530
1301466022583701504
1301466149922709504
1301466782356697088
1301467167620243463
1301467446545715200
1301476512051458048
1301477339956736000
1301477658476326912
1301479293973934081
1301479544310951947
1301479698267090944
1301479812897345536
1301479977934872576
1301480071665012736
1301480334027087875
1301480965504720897
1301481117535612928
1301481333663903745
1301481527675695104
1301482517560733697
1301483770177036288
1301485772776910849
1301485964490047489
1301486348113719296
1301486857973305349
1301491563898470400
1301492823829733382
1301492921368223744
1301493077023096837
1301500622890577920
1301500737441148934
1301500901769777153
1301501238782156802
1301501528805695491
1301501919232503809
1301502097762983936
1301502264083968001
1301506601480847360
1301506710276841472
1301506962727866371
1301507359462825988
1301507801110454274
1301508000058875905
1301508505661321218
1301508627711381505
1301508811077890050
1301511765805666304
1301511931803643904
1301517038645579777
1301517225938030593
1301517444222156801
1301517829481652231
1301517944359391235
1301518398967472129
1301518618182799367
1301518708389613576
1301519208648445953
1301519454036275201
1301519732751859716
1301519905188179971
1301520396131405830
1301533799029841920
1301534942111903745
1301535231934160896
1301802074389254145
1301802173282516993
1301802327628750848
1301802767766429697
1301802954983444480
1301803221896376321
1301804088259227649
1301804542758195202
1301805236743532545
1301805469208645634
1301805622233640961
1301805711081562112
1301805878249754625
1301806015386652672
1301806682968854530
1301895468314656775
1301896404646981633
1301896861595435008
1301916690687709187
1302961190486896663
1302961446402260994
1302961526941376513
1302961604603138049
1302962471850868736
1302962589740273666
1302962697873641473
1302962908033437696
1302964942455418880
1302965059652640768
1302965188380028929
1302991049237966849
1302991602093359105
1302992621862817792
1302997823969992704
1302999048337620993
1302999397987426305
1303272414806249473
1303272700996132864
1303273110142156800
1303273559893082114
1303273924059426817
1303274352910258176
1303274550273204226
1303274717177163776
1303274974334128129
1303275889682198528
1303276178850148353
1303276704329334785
1303313470675472384
1303353830483132416
1303354863351410688
1303355073020469248
1303358218392014851
1303359168712237056
1303359543775309826
1303360317251112967
1303360668293312512
1303652085825712128
1303652236220866562
1303652532678463489
1303653107369488385
1303712164117700614
1303713811766169603
