1273374865358073856
1273375019582787589
1273387537256628224
1273399099916726273
1273399912974241794
1273400929342062598
1273408837152698369
1273412611950800896
1273413892438441991
1273425480264429568
1273565002402656263
1273571156939943938
1273578708117401602
1273591843935129600
1273594406197760003
1273595951119286273
1273606622611415042
1273616160383291392
1273620261443645448
1273623369091624961
1273636718923730950
1273641608609751040
1273647000228167680
1273654203861340160
1273657978789519361
1273686378178543617
1273696650867937280
1273699928397799425
1273703277318811648
1273710827380461569
1273716413451177989
1273718376716800007
1273725926682042371
1273729702029430784
1273733476219576322
1273736777547866112
1273741025983397888
1273742970731323392
1273742970731323392
1273744802287362050
1273748575923474433
1273752351925399554
1273756125607985153
1273759039189651458
1273759398851235840
1273763675220979720
1273764681975545857
1273766191790768130
1273770877264543744
1273773620196782082
1273779386521657348
1273784922822586371
1273918449077506049
1273933545350856704
1273944679445401600
1273948648032931841
1273965427119534082
1273975405536522240
1273999442614595585
1274012747416702980
1274026488191467520
1274026486039752705
1274026493199425537
1274026490754207745
1274026497402175489
1274026495422476294
1274026726146932737
1274026790336462849
1274032600521342976
1274041880104370177
1274041878325989376
1274041883354976260
1274041890632019969
1274041886861385728
1274041893614206979
1274065729202073607
1274085153091063810
1274088728970092545
1274092090964750336
1274099639587913728
1274103413907709952
1274107188987006976
1274118513406312448
1274121556806062082
1274126063099170822
1274133612997345282
1274137388995018758
1274141162559832066
1274144938821685249
1274149970543702017
1274295937020555265
1274303482019930113
1274311036330373120
1274314204372140033
1274318581686304768
1274341740200300544
1274387461255442434
1274388697430011905
1274403228914941954
1274423315592024069
1274425332284764161
1274432535485915136
1274453900565889031
1274474036475691011
1274673427715153920
1274678015604273152
1274695958723469312
1274701938320384002
1274710043376726017
1274720746313592833
1274724445245050880
1274734150277308416
1274737595373797376
1274749359599517701
1274755445022998531
1274772664905879552
1274780779525083137
1274788110140878848
1274825744527564800
1275032528726958080
1275043357346222081
1275049419491205120
1275049423765151744
1275049421672189954
1275049428097720320
1275049425824595969
1275049432803938305
1275049430585094146
1275050907281928192
1275060306947878916
1275066008869494784
1275080205606871040
1275116047683764224
1275147286272671745
1275150463478857728
1275151293103910914
1275160378440388613
1275162054899503105
1275167928288079872
1275175477968171010
1275183028210413568
1275187071230054401
1275190577706029063
1275194352789225486
1275199304010006534
1275205677057794048
1275207450858266626
1275213230881701889
1275217002739765248
1275223390656303104
1275230305872490496
1275375547267383302
1275392876969635840
1275398201118318594
1275419222873694208
1275420569283035137
1275420688266952707
1275424619739009024
1275425820983640064
1275432169456971777
1275432470201204740
1275435946071261184
1275443498469203968
1275466883525943297
1275505931770626052
1275507258458243075
1275511442234466304
1275516024595648515
1275518995123363840
1275526541250871296
1275534093242052610
1275537866211373058
1275541641751912456
1275549193436672001
1275555148325097472
1275559557817917441
1275561768786558978
1275564290876100611
1275569274850086912
1275575614620102658
1275579391360282626
1275583164371648518
1275586939597570048
1275587432596062213
1275590713976205312
1275594492179972103
1275598263748407296
1275730387667488768
1275737934415585280
1275745484322177024
1275755763357581312
1275760586010144769
1275781326386401283
1275806705088180229
1275816412334960640
1275824756290228224
1275829947337191424
1275835418525732864
1275835646599446528
1275836083436228608
1275836368296574977
1275843383819415554
1275843632990351361
1275861009220108288
1275873108860243968
1275875899343339526
1275877604860592128
1275881381327859712
1275885152938442752
1275885154788139017
1275886966094139394
1275888870329106432
1275890433357484033
1275892705806221312
1275893147101528066
1275893148640821250
1275894583826755584
1275896319803039744
1275896523486879744
1275897653537247233
1275900253762392069
1275901042757177346
1275905912746762240
1275908768493187072
1275910933458702336
