1286167726675951616
1286211168433049601
1286211450869080065
1286217160709349381
1286229919660466176
1286232738685751297
1286253617679339521
1286270815013609473
1286295172356112384
1286311030096896000
1286329171073957888
1286349716029153280
1286358224011223045
1286364729984909314
1286374473097256960
1286406922023964672
1286520811571077122
1286527993565847552
1286529037997871104
1286544868056223744
1286545273368580096
1286578090873950208
1286584001986207744
1286588013619945472
1286611893357105152
1286612255723880449
1286633001712062465
1286634576115372034
1286657178749804544
1286702791378046977
1286730471053942785
1286872924838928384
1286875070896447490
1286876406581010433
1286910015085981696
1286938765664059393
1286951454180343809
1286984086037331973
1287031495597621248
1287032432613642240
1287093584076955648
1287093821617115142
1287105304610713602
1287238453671997440
1287238914940579848
1287252116063563779
1287290568725364737
1287317382122344449
1287338000184217600
1287372995267309568
1287392500278341636
1287406183217799169
1287434084768264192
1287472913336197121
1287620784517718016
1287636327975071744
1287641817245200385
1287655028375814144
1287700383389933568
1287704523977437186
1287720555676934144
1287723266161938433
1287795048743043072
1287831822882177031
1287900476927877120
1287962319088242688
1287985472728375297
1287990802443051009
1288028285683851265
1288035563686309893
1288041326605410305
1288043950008344577
1288082372647411717
1288082794128834561
1288140013193093121
1288160126264901633
1288192787679260674
1288214914075631616
1288345233470754816
1288351094775652352
1288351452918931456
1288356513321553920
1288380995335593985
1288384713447682050
1288403168112582656
1288417141184778240
1288435125244628993
1288435284909199362
1288441219518025729
1288444566518075394
1288476025668632576
1288482740623605760
1288486448744804353
1288524933442809857
1288540917008420864
1288555452809326593
1288569561558679553
1288583933513420802
1288592554007703555
