1286177499081330688
1286196912224428037
1286229509558218752
1286264562044477440
1286273535518941185
1286301070453624833
1286363402424786946
1286533421553131525
1286564100236029952
1286591329791868928
1286614051313909760
1286637555723755523
1286638014626766851
1286655193359294464
1286672669581156352
1286683027674988547
1286720900105211904
1286740185418534913
1286923834415878145
1286953607947079680
1286984037681307648
1286987003813400576
1287005419257430017
1287020804442554369
1287038963350470656
1287039095156473857
1287286011194679297
1287286912462528520
1287306718893015040
1287310210835591168
1287312743134113794
1287326527638646784
1287326622572580864
1287351149520195584
1287351636860559361
1287359523368378369
1287388928702664707
1287622995385647110
1287630611100897280
1287656146023710722
1287685449834782721
1287709759873912832
1287720689848463362
1287756372793274370
1287781761041289216
1287822822606344193
1287845971150409730
1287969444933902337
1287971289445986304
1287994727133065216
1288039616612831233
1288109775549423619
1288140108361850887
1288171750149230592
1288192844247838720
1288338240085295104
1288355008300417024
1288359498957168641
1288384987402821637
1288406725406740481
1288407986759770112
1288412378133078017
1288413311588012032
1288432180918722562
1288444933230206977
1288466370934517765
1288497498961715200
1288539268068126720
1288578768311918592
