1283565677937332224
1283577822972383234
1283589438925344768
1283611937906012160
1283622489642479618
1283629110250569728
1283629432633270277
1283631670176948224
1283631670176948224
1283632749757308929
1283634721382162432
1283639862399246336
1283640410875867136
1283642706934235136
1283647654568787970
1283652890159177728
1283669460763713536
1283669895595655170
1283672046774497280
1283680615561416711
1283680873582333952
1283681497946501120
1283681919478136834
1283682222923538434
1283682425290272769
1283687755042750464
1283697640509775872
1283703516775747585
1283712882820210690
1283713162676768769
1283713518412410880
1283713891088904193
1283714602778468352
1283720523919372290
1283729147785863168
1283733250503069696
1283734669247295492
1283740820550619138
1283746009588338688
1283746555984568322
1283746983379951617
1283747375861964806
1283747486763556872
1283748547880538114
1283748710606831620
1283749771736494081
1283755222930722816
1283768145996656640
1283771881401786368
1283774717644734466
1283779625458511882
1283781138549559296
1283783783582281728
1283785573241696257
1283791201280417792
1283793596790067203
1283793956405489667
1283794660083802118
1283794995988881409
1283795016402366466
1283795916504412162
1283797638320664576
1283800204030939140
1283803460555673606
1283805068928651264
1283809955632549893
1283810756396449792
1283814387418112002
1283815631620657152
1283817520840019970
1283818417594740738
1283818471277637634
1283820765603921920
1283822805721714688
1283824875694678018
1283825292101013504
1283827674931236868
1283830468526235648
1283832480278220800
1283837119836958720
1283842945486131201
1283844644418322434
1283848647654899713
1283850424005668864
1283854705500790790
1283857413922226177
1283863742103650311
1283868856424046592
1283873831229235201
1283902414878388224
1283922072805285889
1283932378172403712
1283947198892441603
1283971285824032768
1283973604003250176
1283975320580882432
1283977802342174720
1283978052129759233
1283980460629069825
1283991894943502337
1283996894784610304
1284001045824376833
1284006527003758592
1284012443027505153
1284017939398774784
1284023432842223616
1284028674048761857
1284029359104446465
1284035825743925251
1284052124222070784
1284056017618251776
1284057016059801600
1284060046079524864
1284062045571342336
1284065066434924544
1284067328280481792
1284070363836690432
1284072374472777728
1284076149992194048
1284076522182258689
1284076634463764481
1284076649286447109
1284082380857278464
1284082449425760256
1284087709389201408
1284092148837752832
1284092859717648384
1284098306520559618
1284104452656574464
1284104872959320064
1284107092710903813
1284110367648514048
1284110366390333442
1284111383098003457
1284112386023137285
1284114254627471361
1284115922177974272
1284119682145026048
1284120431767805959
1284120836065067010
1284125479008690181
1284130992073187329
1284131509918728196
1284134954297950210
1284136839935393798
1284137212263763970
1284139160811569152
1284140569716023297
1284141554375036930
1284141848626434048
1284144110891393024
1284150255307694080
1284150289235415040
1284152880644202496
1284155856221855744
1284161912800976900
1284162375218876418
1284163506267357190
1284163872329543681
1284168079153549317
1284170844802109445
1284171019872239617
1284173243608334336
1284174211498545153
1284175750220914689
1284177153479909379
1284179415828705282
1284182797360529408
1284185270145908736
1284185632340877313
1284187009834156034
1284189003881893888
1284190706840502272
1284191658507218946
1284196409990840320
1284197831063068674
1284202393010343937
1284208145997365251
1284214354418847745
1284230069314097154
1284314498082496513
1284340602289741826
1284352402955567104
1284354251217678337
1284356176583577605
1284356418427129858
1284360946505449478
1284362912535117831
1284366383975936000
1284371782531678209
1284371947992875009
1284374211734183936
1284381128326094848
1284382185869451264
1284382776943415296
1284394408897589248
1284397167873077249
1284402629658005504
1284410474734538753
1284413196216958976
1284420787693408256
1284427988285652994
1284429800694861824
1284431214246612992
1284436083011399682
1284449990300127233
1284450816053706752
1284454925750108160
1284454925750108160
1284469127692910592
1284474731262087168
1284487515945275398
1284492224374484993
1284506515383164928
1284512378026156033
1284523202438402049
1284524254961303553
1284551260553785348
1284552780007473152
1284554877545455616
1284557974304886784
1284563386051768323
1284563880614797312
1284590714299523073
1284605097239089152
1284644160356659206
1284675962551119872
1284703681804488704
1284714953858060293
1284719933348286464
1284720929562669056
1284721548318969859
1284726963442200576
1284729778273169408
1284732346332217344
1284738264776282113
1284743528833261568
1284749413831921666
1284753285145153537
1284758986902900744
1284763263352307712
1284763804782538752
1284767970435174401
1284768953689145344
1284778179056607233
1284785430815297536
1284788025944354816
1284789901238718464
1284790187579580416
1284793716755005443
1284797353015353344
1284805502854205440
1284817284352094210
1284843903993208835
1284844742610694145
1284849744783847425
1284851787644776448
1284856882440613888
1284862758014652416
1284864673163116545
1284872288274386947
1284874788331229184
1284896028005629952
1284903457124749312
1284910143705100288
1284914957851807745
1284915594463191048
1284916233083789315
1284918649099345923
1284942267367686145
1284946196570791937
1284953800197971969
1284972918150135810
1284984633365606400
1285014102792904705
1285030102938591233
1285061454475997184
1285062142543224836
1285062559310258177
1285069979042353153
1285075434863054848
1285078137085272064
1285080353108103168
1285081633704554497
1285082120763969537
1285086551018557440
1285087539037118465
1285092922279505921
1285093207102169089
1285107082979614720
1285111462076329985
1285115835464519680
1285119274437292034
1285121785344733184
1285122035346280448
1285127809187434496
1285133122368147456
1285140370851012610
1285145813845512194
1285151129685434369
1285153875691962368
1285154510134968320
1285154510067957765
1285154736874967040
1285158031861460994
1285162256867696646
1285163119648669697
1285168682390425601
1285169367949488128
1285174701132742661
1285175286519275520
1285180390588780545
1285182447542513667
1285182447165091841
1285185635440001026
1285188366863077376
1285191988023894017
1285195424182276096
1285200874344718337
1285207147899506689
1285212499365765120
1285215150669287429
1285220158152355840
1285220438659014656
1285226359887990785
1285231415295193094
1285232287756550145
1285233742907420672
1285234566681300992
1285236477799084032
1285237154201907206
1285237556767064068
1285242369844154370
1285243180854775808
1285243970772230144
1285248588054958087
1285250533452898308
1285253578731524097
1285253843027189764
1285254743460323328
1285255882494947331
1285260211431907328
1285260453476732929
1285263568548528129
1285265781979308037
1285265998870917120
1285266948159397890
1285271909681303557
1285273410008997889
1285276025463681026
1285277494015393792
1285282454895562752
1285282928428294144
1285284659543379968
1285285353390211075
1285285561268404232
1285288619159298052
1285328515752177664
1285330329084088321
1285337175303901184
1285340456809897984
1285345449650671622
1285378685240041473
1285389993951793152
1285419921082589184
1285430300735148032
1285432281218404354
1285439009108439040
1285447990468116480
1285452106539966466
1285452409033166848
1285453733497843712
1285459016894877697
1285464414905413632
1285470213622956032
1285475842416611329
1285481041889759232
1285486743161102336
1285487753547964416
1285492898423812096
1285498059598770176
1285499516481941517
1285504712930996224
1285509487617507329
1285514792355201027
1285518971358400513
1285521755944243201
1285527155682795521
1285528750097076226
1285533941156503552
1285539115514105856
1285544637374103552
1285550157048754176
1285556208947081216
1285561741078933504
1285567699918168065
1285572799231385601
1285574662576054274
1285576153651195904
1285578656983777280
1285578778165555200
1285584641819316224
1285584689483448321
1285585971996753922
1285588335159894017
1285589836334796803
1285590254729166848
1285593394123812864
1285593394123812864
1285595796835008516
1285596286595608576
1285600684616962053
1285602866519052294
1285603330467782657
1285604021055696897
1285605885025357825
1285606754999566341
1285611415198474247
1285613019393937408
1285613049437618176
1285615421895385093
1285618167230889984
1285618760674611200
1285621065625018369
1285624337429671936
1285626767953342464
1285627047365181442
1285629358082863105
1285631889018159104
1285632105465155586
1285634473044910080
1285635311360507904
1285637405664477184
1285637669486239745
1285640741277110276
1285641384423305223
1285644353575190529
1285649910566715393
1285650012953862144
1285655244534317057
1285658377184595969
1285668273292533766
1285703585095974918
1285713795885801472
1285754733110722560
1285785309368606722
1285787808670593025
1285792281648340992
1285792464155090945
1285793929493970945
1285794698444132354
1285800120248926208
1285805836946767877
1285806727271780352
1285811193819668482
1285811693025722369
1285815633679130625
1285816445335724033
1285822316455264256
1285827644412624897
1285840164032516096
1285845811851677697
1285845850716024833
1285850981125754883
1285856339403649024
1285861651888189440
1285866741067915264
1285872670425350146
1285878147058151426
1285883315199803392
1285889267768721409
1285894931987529728
1285895118189473792
1285895312465330176
1285901344235237377
1285906875813433346
1285912911387529218
1285918299113619456
1285923583240425472
1285928725545132032
1285934523625213954
1285934566453149696
1285941610426007552
1285942708327124992
1285947911726157827
1285951843315712007
1285952866658783238
1285953441752395776
1285953598199943168
1285956483327430657
1285959338901872647
1285961812173783040
1285963372303876099
1285963691721187329
1285964536386924551
1285965011479920642
1285966663637250053
1285969380120113152
1285971781141106691
1285977452410535936
1285977913708482560
1285979644760645634
1285981704046424065
1285982199226019842
1285982707068080128
1285989314699173888
1285990958342037507
1285995955435823109
1286002005773885443
1286003146855256071
1286003537281978368
1286004096143626241
1286004973864718336
1286005780781596675
1286007146577092609
1286008820662259712
1286009269989584897
1286012374353403906
1286014897730605056
1286020944310476806
1286027057156300800
1286027237918224385
1286033013265096704
1286037318521049088
1286038591479652353
1286055345467555840
