1253086496808153089
1253087667933323265
1253098525442936835
1253106290127261696
1253111432985694210
1253115146899263489
1253119039850905600
1253126773828706304
1253135104198823936
1253143325042974721
1253150882042187777
1253155983586725888
1253163742906458115
1253171445909393408
1253179202947420160
1253184781296308224
1253192607519424514
1253200429715984384
1253208297508831233
1253215587414806530
1253223495309438977
1253231426977308675
1253236417880305664
1253244081976881154
1253251784333819904
1253259548686725120
1253262981103747072
1253270246267420672
1253273897446891520
1253281687083126785
1253289369978494976
1253297103780143104
1253305045447254016
1253305045447254016
1253308466640367618
1253313858447593474
1253313921328582659
1253316405119930369
1253323238735613961
1253323389860634628
1253323485541097474
1253324457407508482
1253327366266314752
1253327438014083076
1253327777660407812
1253328740941066242
1253335431082467328
1253343294769311746
1253346907008765953
1253353493072576512
1253366948416675841
1253373318079668224
1253374919825555456
1253380112969588736
1253382305751666689
1253388417670488066
1253390578903134208
1253398897046716418
1253401472483512320
1253402019211198473
1253409685098512384
1253410993381597184
1253412845363949568
1253416594744553472
1253424333097058304
1253432242426146817
1253432960948350976
1253440206637879296
1253445176971923456
1253448631543304196
1253456662163329026
1253464444740517889
1253472390182551552
1253480436153581569
1253481095263211521
1253488267502247936
1253492104803778562
1253495314306215937
1253503375162912768
1253511586184118274
1253519524722327556
1253527997698768897
1253535742518865921
1253543391276695552
1253551335435362304
1253559113402982402
1253566777222725638
1253574394623987712
1253582188739801089
1253590153249128450
1253593190344593408
1253596349540466688
1253604207032139776
1253611975222976514
1253616221884424198
1253623877214879745
1253631660672929792
1253639546849374209
1253647247461486594
1253655022057009152
1253658108666224640
1253664846656212993
1253672425381924864
1253680321658322944
1253680341144858624
1253680927387025408
1253681003584991233
1253681073176956928
1253687895518576640
1253690612395671552
1253692012601257996
1253693783012773888
1253697200573624320
1253701358336835593
1253702121645629442
1253708351575396353
1253712383161315338
1253716395151568897
1253724250986422272
1253729797873627136
1253731210280517634
1253733189329158145
1253734452984979461
1253740080570695680
1253741754907389953
1253745308586082310
1253748113505808385
1253748288882266112
1253748337112764418
1253752475040935937
1253756009346142212
1253760234184511488
1253763626978115591
1253766211499962370
1253771252340273152
1253774322747035656
1253779494592110595
1253785463900590084
1253789404382068739
1253794593927118848
1253797349886955523
1253805613060165633
1253811860563988483
1253819923631136768
1253827523932233730
1253835601243246597
1253843776222658562
1253846346961948672
1253854068470165506
1253861658226839553
1253869419622805505
1253877815252004864
1253883870514216966
1253889005919383555
1253896763322314759
1253904773461561344
1253912500342607877
1253920352398389249
1253928400407932929
1253936456470585349
1253941742828687363
1253949330387537920
1253952830467080192
1253960853864566785
1253968568057761792
1253973164977160192
1253980982593585152
1253988389918998529
1253996426801152000
1254003892515414016
1254011527650213888
1254018805707223040
1254026504415182848
1254034119857770496
1254038545662173186
1254042075525505025
1254049835839377408
1254053482425921538
1254061424579665923
1254062667540692999
1254069183756808194
1254077202708267008
1254084814124322816
1254092606402891777
1254100488271933441
1254104496986357760
1254108137302437888
1254115809133289472
1254123785432825858
1254131636205215745
1254139608939532288
1254147301586673667
1254154978098319364
1254158346627813379
1254166076742602755
1254174153747369987
1254182219150696448
1254190043096403975
1254198095665074176
1254205756527779851
1254213419940622344
1254218266949685249
1254225872044937218
1254233866556055552
1254241781815877632
1254249907231297536
1254258004100349952
1254265876620234753
1254273730441875463
1254281407637184515
1254289102905790464
1254296818256613376
1254304545905221636
1254312216461021184
1254337207277625344
1254344971139846144
1254352717591568385
1254360430182576129
1254379523002503168
1254387356586717184
1254395234567495681
1254402841483116544
1254410642863292421
1254418421766393858
1254426260807266311
1254433061242056708
1254441015819350019
1254456250252906497
1254464152879456259
1254472029585186821
1254480035777581057
1254501511482298374
1254513765716033538
1254513765716033538
1254525459125190659
1254582481187201025
1254590433415639041
1254598325061419011
1254617592985194496
1254625210772439040
1254632775484936192
1254651494844039170
1254659398225596416
1254670686242603008
1254678378361376769
1254693881549074434
1254705264269418496
1254712998419222529
1254720904661291013
1254728563850448897
1254736490069987330
1254744368956813317
1254751992779595778
1254759874392739840
1254767504767025152
1254767645242646528
1254775678970376194
1254782077397905411
1254785733543387137
1254787637602369536
1254789976610312192
1254797867216252960
1254803937426919426
1254805123718676481
1254805253398179846
1254813149137600512
1254818743349280771
1254820353009844231
1254826718348656652
1254830581940129792
1254838622722891777
1254846815800885248
1254850191670366210
1254850551918948352
1254852418262745091
1254858315667931136
1254861368735432704
1254863896168419329
1254870686549581825
1254871712161816576
1254876030277308417
1254879427068071939
1254884165784305669
1254887086370496512
1254894835229700098
1254899436372844553
1254902587402453003
1254905535524044801
1254910309766176771
1254918251483664392
1254925271779680257
1254926794685247488
1254933273110884352
1254940862213169158
1254948713514127361
1254956472032788480
1254964738443882497
1254972725006946306
1254980688757080064
1254988256673959936
1254995962772291584
1255003902916931585
1255011737243353088
1255019497846685696
1255025492014567426
1255033220053315589
1255040826067030018
1255048471951925248
1255056277337714689
1255063880319021057
1255071577999278081
1255079329450598401
1255087240990076929
1255094821057966080
1255102435829395456
1255107973690601472
1255116013647036423
1255123959986753536
1255127376209432576
1255131855835275265
1255139835628548097
1255142760631332868
1255147421715197953
1255150672451788800
1255152542167658497
1255158226523389952
1255164976962121729
1255170158060081158
1255172065214246912
1255175780025290753
1255180228219060224
1255187873730637829
1255191716493131784
1255200045726674944
1255200356990148609
1255202334902280192
1255204979322826755
1255208338536742912
1255211754692456450
1255212939855958018
1255215456366981120
1255217039075131404
1255221429601263618
1255227742829907969
1255228039316729856
1255228090755751937
1255229382781743107
1255234608888676362
1255235588921462794
1255235752369233929
1255237768185294849
1255238528344170499
1255242681489522694
1255244020592320513
1255250831428980737
1255250966720524288
1255252316200058882
1255256704633245699
1255258238209196043
1255260153659772929
1255267879731200001
1255275641739587585
1255283450996719618
1255286048835452933
1255294261576314882
1255297834263490561
1255306039169335296
1255314002625867779
1255322407138721796
1255330048904699908
1255337908573220865
1255342878223732737
1255350709349953536
1255358488362000384
1255366320696299520
1255374036353368065
1255381789620809728
1255389714154127360
1255397396659437568
1255405013347811328
1255412838895685632
1255420125395800064
1255428036952043525
1255435892564594696
1255443709920980992
1255449818333413379
1255457662436859910
1255465497484812292
1255473218376302596
1255480712108617731
1255488298287587329
1255489769032880130
1255489840306688002
1255496260842393603
1255496964214607877
1255496963065294848
1255496962150973443
1255496968224354305
1255496967192543236
1255496965426753539
1255496969243541512
1255504299808997376
1255505403892453378
1255512254478454784
1255518802848120836
1255526962912780288
1255535071299350528
1255537579178549249
1255537880627380225
1255538610352189440
1255543983884902402
1255545923914084352
1255549820707704833
1255553594260180992
1255561915851472896
1255567161168404482
1255570070593515521
1255575961082507264
1255577533417840640
1255582898566160385
1255587531875405825
1255591240923561992
1255591312264486912
1255591321911332865
1255592556488003591
1255593069686280196
1255599448329256960
1255601012133507082
1255609185376653315
1255617050485104643
