1255618377088974855
1255619664257916928
1255620682861469697
1255621028077854720
1255621413169516545
1255622849060012032
1255623280536489984
1255624917363630080
1255625673709887488
1255626710684282880
1255627607258914818
1255628716379713540
1255631220903424003
1255631968026402816
1255632232435286017
1255633249021431808
1255634605161484289
1255634742663315456
1255636250457001984
1255636250234667010
1255636756122210306
1255636754851389445
1255637492096806912
1255638030259499009
1255638029060001804
1255641432926425095
1255643056428195841
1255643296975785989
1255643760421027841
1255643889144229888
1255644301775822853
1255644530780434433
1255644811484332043
1255644816840331264
1255646829951229954
1255648167875534849
1255650844697124865
1255652845530968066
1255653040331210752
1255653114054619137
1255653277640749056
1255653364702085121
1255653603148206082
1255653857323036672
1255657485110775809
1255658384046653442
1255660148602941440
1255662177442312192
1255662175055761411
1255663157688836096
1255663441655840772
1255663456637849601
1255666313474818048
1255667279481712641
1255670078294700032
1255672797893967873
1255674834731839488
1255675626280886273
1255675758321831936
1255676253736239105
1255676253560025093
1255676256353468416
1255678545432543232
1255681042385645571
1255681558318649346
1255682588405981184
1255683322019266560
1255683769748590594
1255683792427245570
1255684798833586181
1255686083888758784
1255686838444064772
1255687063875141632
1255687088252563456
1255688825486991360
1255689644244680709
1255693636609748993
1255694629271408645
1255695150069821440
1255695900112011265
1255696152097435649
1255696152097435649
1255697169862086656
1255701039141052416
1255701420994703362
1255706112973832192
1255708735042977794
1255711856951463936
1255711987054641152
1255714452151959554
1255716956398903296
1255719806680150016
1255723825838374914
1255723825607696384
1255726191111217152
1255728612654923777
1255731644587180032
1255734148918120448
1255736404606423040
1255736401754292224
1255736913471967233
1255738916075864066
1255742465421848577
1255746473196695552
1255750010110726144
1255750009330548737
1255754024718139394
1255757562437341185
1255761574712823808
1255763745076391936
1255765104261562369
1255766843891032065
1255769132965998598
1255771374355910657
1255774404849668096
1255776418526609409
1255778931413827584
1255782335561203712
1255783992537886728
1255789043423592448
1255793730570903552
1255797886387970050
1255799591175360515
1255803484844195843
1255806649249542149
1255809134752137216
1255811652991299595
1255814192784965632
1255819411925209089
1255824223509123072
1255829322759274497
1255832120892817409
1255835578668650497
1255840445004951552
1255843735604269062
1255846893801873409
1255851785450913801
1255860166391668737
1255865209232789504
1255869371458695169
1255874574371164160
1255874695154544642
1255878353422336002
1255882120590999556
1255889748062855171
1255895820760645635
1255896157886255105
1255898320272228352
1255900738917748738
1255901302191796224
1255905547401998336
1255907295789297665
1255909801718095875
1255918788337446912
1255920016161210370
1255924865221132289
1255924865149870092
1255925348748931075
1255925413504745472
1255928820609290242
1255931029044334598
1255933326419996672
1255937862773719044
1255941100054994950
1255944202577498113
1255950113249386496
1255952792981733379
1255955699764473859
1255959517285810177
1255962380678332419
1255965427768885248
1255968286262640641
1255972298504441857
1255975981191507968
1255976450278203394
1255980344685330433
1255983174229938178
1255985815890604034
1255989986001858561
1255993006882263040
1255994862157127687
1255997384653516807
1255997678544203778
1255998719788494850
1255999191274356743
1256001331753615360
1256002416715145219
1256002943255547906
1256003670321377281
1256006177957261313
1256006967685865472
1256007421173968896
1256007947236380673
1256008058968223745
1256008452977065985
1256008706912849922
1256009205741486081
1256009716838301703
1256010473516027904
1256010913980854272
1256010971392413696
1256010970016681990
1256010969895047169
1256012468935176194
1256012980564738063
1256012980300455938
1256013240301207552
1256013476562178048
1256013476423700480
1256013543448752130
1256014133150937088
1256014454497533952
1256017503802834944
1256018572624740354
1256019928995344384
1256021208937705472
1256023372518920192
1256023483638669313
1256023545953517569
1256023647078117376
1256026484617207809
1256029349066739715
1256029351902171136
1256029598258790403
1256029849891811331
1256033515860344833
1256036104433795072
1256037935905996802
1256041007138791425
1256043576628252672
1256044817093558272
1256045145595580417
1256045806408232960
1256046956541030405
1256054087193374721
1256055796540071936
1256058060663066625
1256058295833563136
1256058589057187840
1256059815014600705
1256060549881835520
1256062016541700098
1256063074294956035
1256064024028069888
1256065085933596673
1256067348257275904
1256068512042409985
1256069855566082048
1256070860974239746
1256071127174123520
1256072361369100290
1256074154132082689
1256074640369364993
1256078428752752642
1256082443800653824
1256086223304744962
1256089744955539456
1256095787110588419
1256098539836444672
1256101326200676353
1256106423693586433
1256115672578482177
1256117912445882373
1256122221975810048
1256126731406188544
1256129488548761606
1256132008675364868
1256136542172651522
1256139562142883840
1256141585693249537
1256143840173527040
1256154144961937409
1256156532988878850
1256163193895952384
1256166274142556160
1256167256859566083
1256172774273552386
1256173868093509633
1256176815942643713
1256179074130731013
1256180256249176065
1256180256249176065
1256181598946500609
1256183493899550722
1256188772296921088
1256190511288848386
1256196126279073793
1256201442593050624
1256202158430662656
1256204686086017030
1256206841803046912
1256209302597111809
1256212131336372225
1256217984944738307
1256220854553370630
1256224027217137664
1256227621253283841
1256229406965628930
1256233238626009096
1256237038480822273
1256241657139335168
1256242988226957315
1256246438041997314
1256248799430836226
1256252096527073282
1256255853243629574
1256259623104974849
1256263374981206018
1256267139373166592
1256267188148875265
1256268184262508544
1256270943065976833
1256274732267245568
1256275551733637124
1256278498362212360
1256278810737156096
1256279592756817923
1256282262422913026
1256286042002513920
1256289455931101185
1256289833879773184
1256293590273331201
1256297372419796992
1256299210045087750
1256301130809774082
1256301828834279425
1256304942089830401
1256308490605170689
1256308690853875712
1256312703049699330
1256316507597860864
1256318546184818688
1256320122848862208
1256320295339581440
1256320702229082113
1256320976737861633
1256321494172307458
1256322752660647937
1256324027460681728
1256327623694671872
1256329824462766080
1256330078935330817
1256331341370544129
1256335097323642882
1256337365670363136
1256338128861724672
1256338881944989697
1256341738899341312
1256344029949759489
1256347395702620162
1256347840684666882
1256348577690980353
1256350795978735617
1256352469975785484
1256355007185784840
1256357026449457152
1256357449596108800
1256361546516697088
1256363824040611841
1256367061028274176
1256367628802801664
1256368203263021057
1256371305349349381
1256371851338625024
1256375269432188928
1256377571706646528
1256379739197095939
1256380682408013825
1256382053983150081
1256385925992583171
1256387953968009216
1256390624774885378
1256392492423032838
1256392713261518848
1256394238897635328
1256395492520538113
1256397518772068352
1256398539783057408
1256398665096335367
1256400374933737472
1256401169078861824
1256402289100718086
1256403283255545857
1256403388100538369
1256405788605595650
1256406037948583937
1256406806319861760
1256406953229680642
1256408329913544709
1256410581621342209
1256411243985993728
1256414356251656192
1256414599173332992
1256415133041078280
1256415374364610560
1256418383030972417
1256419015368617984
1256419650604281856
1256421906028228610
1256422430253428739
1256422688467439616
1256425932530712577
1256427962519490560
1256428966069571584
1256429455700103168
1256430954677260288
1256433482340933632
1256435254765682689
1256436020519763969
1256437005338083328
1256439207679016960
1256441031916236800
1256444822732320770
1256446094533369856
1256452372576043008
1256453614844837894
1256456147118293003
1256458647900733440
1256459922188963841
1256463704968900608
1256464184553938946
1256467477065863169
1256471265315033089
1256475026708144128
1256478796141690885
1256482582205804545
1256486357586845696
1256490120947142656
1256493910840532992
1256497660137222145
1256501449640591360
1256505226963701762
1256509011022798848
1256512777394565121
1256516555212492802
1256520347807027201
1256524109065969664
1256527875433529344
1256531655919050752
1256535417417072641
1256539196505890816
1256542609419493377
1256542966669348866
1256546752758460418
1256550526134689792
1256554307454930944
1256558067971502081
1256561852273897472
1256565123654864896
1256569646037286912
1256572702674030592
1256573163913256960
1256577212016472064
1256579248342564865
1256580712368615424
1256584512550641666
1256588278956011522
1256592052923568128
1256595806062366720
1256595814228557824
1256599349301325824
1256602875956023296
1256604401734647810
1256607152384495616
1256610416521814017
1256614458283233281
1256617459819438081
1256619982886252545
1256620149865676803
1256622749797187590
1256625519749206022
1256627778449027076
1256629548508237825
1256632304635699201
1256635066781925382
1256637842123567105
1256640607168102402
1256642877419139077
1256644686132973568
1256647391546990594
1256647655217913857
1256647655217913857
1256650167719264257
1256652952758075398
1256653179929927681
1256655713939664896
1256657961419550720
1256659777293299712
1256662508716331008
1256665287694434304
1256668039271067651
1256670817636814849
1256674914075115521
1256677607522930690
1256680384093401091
1256683147644764162
1256685923040976896
1256687930384539649
1256689959043506177
1256692698406367234
1256695477325701120
1256698248472997888
1256701016340398081
1256705051218841603
1256708809952759809
1256712857560940544
1256716372387737600
1256720189028208641
1256723928539697163
1256727707917922306
1256731470988742657
1256735262526373889
1256739005758091264
1256742537945059330
1256746555727642624
1256750381448802304
1256754108536586240
1256757902733385728
1256761655402397699
1256765481882660865
1256772741522432008
1256780530231713792
1256787326493233163
1256795892750921735
1256803444565909504
1256810984154464256
1256818531754270722
1256826081992159232
1256841181163597824
1256848728125825027
1256852502739406848
1256856279508795394
1256860088335306752
1256863824252211200
1256867629467348992
1256871380420890624
1256875164626759681
1256878941329068033
1256882719281352704
1256886484315115522
1256890246966530048
1256894040156635137
1256897812706611201
1256901382235475968
1256905365867892737
1256909138191437830
1256912903665520642
1256916683094138881
1256920467891511298
1256924252613357568
1256924769456467968
1256928022411857920
1256931785189011456
1256935547974672384
1256939346617393158
1256943108811624448
1256946666189586433
1256950658084884482
1256954443649757184
1256958203423854592
1256961992398712832
1256963813502529543
1256965112180740096
1256966771497742336
1256969305809444865
1256972679749472264
1256973064195256320
1256976856991117312
1256980611870449666
1256984399578574851
1256991965532565504
1256995720038617088
1256999489279311872
1257003259954450441
1257007051760439296
1257010805784096775
1257014586819186689
1257018354386325505
1257022134339190787
1257024671607861253
1257025899565846540
1257029672631762944
1257033448579043330
1257037250237366272
1257041007222415361
1257044771199205378
1257048556671774720
1257052350361079809
1257056099083173890
1257059891732197383
1257063647022649344
1257067430230310912
1257074990043856897
1257082536351731712
1257090105937928193
1257097647342706693
1257105171827625985
1257112735025946625
1257120287700762625
1257124068299616258
1257127847975694337
1257131592935510017
1257134857962037248
1257135377581780993
1257139174983024640
1257142919808651264
1257146712189173761
1257150514132848640
1257154237039030275
1257157779032326147
1257161791546765317
1257165821832503296
1257169347862319104
1257173376537329667
1257176895327797248
1257180939018481670
1257184455376199680
1257188494969110530
1257191993769447424
1257196034259922944
1257199566883037185
1257203566361616385
1257207090956959744
1257211121389445121
1257214642910384128
1257216659925995522
1257218684625575937
1257221182652284929
1257222203713761281
1257225735179309056
1257226219478802432
1257229487604989954
1257233768382967808
1257236040634576897
1257239573450670081
1257240817523216384
1257243845340868608
1257246606870667264
1257248656689958914
1257250642499973121
1257254654192291846
1257256920118972416
1257259948725153794
1257265586041692161
1257267904128651264
1257271291259899905
1257272015498743810
1257275060303335424
1257278849462743045
1257282594116448260
1257286379593228289
1257290140373917697
1257293953839308801
1257296438003994625
1257298962597449728
1257301494552027138
1257304022161264640
1257304501158993929
1257306502282412032
1257309040918450176
1257311379079327746
1257313794813902851
1257316580708372480
1257319082388381702
1257321613676011526
1257324131525124097
1257326645268099072
1257329151968718849
1257331682815946752
1257334199524175872
1257336710989570060
1257339254738485257
1257341736399110151
1257344255015686145
1257347129925873672
1257349990462210050
1257352154211332098
1257354346192351241
1257357916514004992
1257361346066350082
1257362878451060740
1257362878451060740
1257364856719790094
1257367209145503751
1257371931831132163
1257374457716445186
1257376974735056898
1257379493280391169
1257381992431263745
1257384520032149508
1257387031682048002
1257389558884380673
1257392086200049667
1257394578694553603
1257397096837197828
1257399631849361408
1257402129548967939
1257402133797908482
1257404645569441792
1257405674318737408
1257406391192616965
1257407182536048640
1257409705074405376
1257412211145932807
1257414735596859393
1257417243161477122
1257419756614934540
1257422078388682760
1257425029157007360
1257426548233244672
1257428875669311488
1257431493036687366
1257435100926664704
1257437425506320385
1257440139166572547
1257442983617744896
1257446607647379458
1257449371672731648
1257454007192358919
1257456947609194496
1257456995101179905
1257459852898643968
1257460279883051009
1257462774218870786
1257465420057063426
1257468070681083908
1257470602388156423
1257475167401521153
1257475618205315072
1257477881422381061
1257478630759903233
1257479145875025921
1257482052619980800
1257483173518336002
1257484183859052545
1257484675326541824
1257485194937982976
1257485687730900993
1257485962600419328
1257488232347865088
1257488451131158528
1257488456550318080
1257488964803604480
1257489200397594632
1257490066328268800
1257490471758282757
1257490984713072641
1257491468580802562
1257491523156848640
1257492474735583232
1257492624472072193
1257492740692205568
1257492963250372608
1257492986268659714
1257492984746184704
1257492990974742530
1257493513890959360
1257493825242587136
1257493968520011776
1257494745351413760
1257494998733422596
1257495479950196737
1257495508664401926
1257495993148416001
1257496509542694912
1257496764317347841
1257497884439842816
1257497996679237633
1257498016581287938
1257499400781299712
1257500289223049218
1257500513538502656
1257501032478900224
1257501141878943744
1257502033285955585
1257502827880099840
1257503029751762950
1257505129097461760
1257505546292228096
1257508062975471616
1257508107669954560
1257510579461373952
1257511931696549889
1257515612604993540
1257515866759012352
1257517894554079243
1257520413078360064
1257520645983711232
1257524191924011008
1257528240492752896
1257531762118443011
1257536261071527941
1257539540467748864
1257540044467965953
1257540299896827904
1257540535956443142
1257540793813929984
1257543073149706245
1257543825742016512
1257544072627195904
1257544335882674177
1257545331102953483
1257545329450328064
1257547855612477443
1257547862801551360
1257548594057547777
1257548855157174273
1257550105206493184
1257557360924659718
1257560929274941440
1257565977052688385
1257567214942793728
1257569480294703106
1257574044104306688
1257577038099161088
1257579799029178368
1257585516352069639
1257587858883346434
1257596019270995968
1257600950061215745
1257603710844370944
1257606733037539328
1257612269111910400
1257615364550201345
1257618589508665344
1257622332887179264
1257626133035716608
1257629899877220353
1257633662520242182
1257634605278146567
1257637432268292097
1257641240159563776
1257644262843387904
1257644982195884034
1257648760395575296
1257652536158404608
1257655060949016576
1257656312403505152
1257658832412651520
1257661347611004928
1257663861471223811
1257666219529973761
1257666363075821570
1257668896414408709
1257671441916583940
1257673927775653894
1257676447575085057
1257677417642164226
1257678976622960641
1257680815040999425
1257681063326949376
1257681251617722368
1257681693726642181
1257683983942459392
1257686510507360259
1257689024921317376
1257691551213502466
1257694040402755589
1257696580238544902
1257699087874510855
1257701618641969158
1257704114689105921
1257706643695046656
1257709180410003463
1257711121668231168
1257711654696964096
1257714226057142273
1257716728336973826
1257719237713551360
1257722384313917443
1257724266465964037
1257726773069967363
1257729284761935874
1257731789738479618
1257734334188064772
1257736831975804928
1257739379398914050
1257741886590246915
1257744384105353218
1257746899664322560
1257749349477597185
1257749349477597185
1257749429555204103
1257751958930313217
1257751957772603392
1257755174325694464
1257757808948383745
1257759725762031624
1257762279971524619
1257763592360714240
1257764764467507204
1257767302482845696
1257769818217906176
1257772327938297856
1257772324906045445
1257775293084758017
1257776190107992069
1257778566693105665
1257779280752205824
1257781083359326208
1257785470412619776
1257789882887520268
1257793981519327232
1257796366933397505
1257798809213640705
1257802314246742016
1257804027900891139
1257806305919668226
1257807266377539587
1257809990150246409
1257812466953850886
1257814532103290881
1257815721524056067
1257818326669107202
1257819320261980162
1257820649730584582
1257822915027972096
1257823166023507969
1257823410320793602
1257823903273058304
1257826841685041157
1257828459444912129
1257828957170384896
1257832291256225792
1257834193125617674
1257836840066957316
1257837539995549697
1257837565870247937
1257838195154268164
1257839024364019720
1257841291263696899
1257844198318931968
1257846406523600897
1257850441922228225
1257852821686403072
1257853334163124224
1257855293557522441
1257857574839320577
1257858003295846400
1257858168585023488
1257858582663446531
1257858697461628933
1257859890212597761
1257860314780950530
1257862578035806213
1257862901030965249
1257863141691502592
1257863313624567808
1257865417525047297
1257865962977714181
1257867934354911232
1257868782158204933
1257871480492359680
1257872967284871168
1257875289822167040
1257878000470818818
1257879036103139328
1257883033782247427
1257883052841283584
1257886576543227904
1257887084968280065
1257887836193337344
1257887836071759874
1257889257890279424
1257889349611532288
1257889847160815616
1257890103072100354
1257890366201769985
1257891864595881986
1257893109679173632
1257894139968073730
1257896143201148929
1257898160657248256
1257901675043528710
1257903677978877952
1257904702815195143
1257907415498010624
1257908974734716930
1257909997389873153
1257914045157515264
1257916777377533953
1257920572656422914
1257924335442038785
1257928259003658240
1257932198944129026
1257936120509272065
1257940119870373888
1257942449365880835
1257948219587342336
1257950680633036800
1257952250145705985
1257956247481061376
1257958051623174146
1257962086270939137
1257962196434370560
1257964992030277632
1257965348168634371
1257967603416551424
1257969279422562305
1257972408805457920
1257974902537273344
1257979068923985925
1257983165085474816
1257987369690705920
1257991350450114560
1257992290406195200
1257996053380509696
1257999955006042112
1258003620257320960
1258007387295932417
1258008807881543681
1258011163683704832
1258014945507266560
1258018727670550532
1258019765643288577
1258021202444107777
1258023739217846273
1258026266038542337
1258028774479876097
1258031282598170624
1258033827915669508
1258036313460289536
1258036451477991433
1258038834224398336
1258041075324813314
1258043866164363266
1258046396894269447
1258049555330994181
1258052738451230720
1258054123896832007
1258056435558211585
1258058955101810690
1258061472711823365
1258064008940269570
1258065251867729930
1258066521181622272
1258069041224323075
1258071559538978818
1258074066596093952
1258076573942583298
1258079094320791553
1258081607661092864
1258084393807228929
1258086649336147973
1258089145693544454
1258091674896666624
1258094193806839811
1258096648049197056
1258096709709836288
1258099233523142656
1258101778526109699
1258104268223062022
1258106785262698496
1258109296757354496
1258111802082238465
1258114335525699587
1258116855761379334
1258121590702825479
1258121888137691142
1258124402375491584
1258126915573030913
1258129480213843968
1258131966374948865
1258134460094197760
1258136977439887360
1258139204472778757
1258139769416138753
1258140228633522177
1258142745119555585
1258143592096370691
1258147024098095104
1258147147020730369
1258150683607552005
1258153313448706048
