1263229918881742848
1263232983449980928
1263236243967655945
1263239968241201152
1263243624327909376
1263248045816373249
1263251296129372169
1263254779909804032
1263254779909804032
1263259958121988098
1263271290196176906
1263290737300471809
1263303297798201346
1263322551612256256
1263324930738917377
1263329833683222528
1263333700026195969
1263333769924218883
1263334489788424194
1263334606562082816
1263335209551851521
1263336139471097856
1263336254827003904
1263337547490562048
1263341457588588549
1263345035971563521
1263348962712604673
1263352133140824066
1263353964520714240
1263355376822517760
1263358917150740480
1263363198197075970
1263368228828569601
1263370497225523200
1263376201403510784
1263381548285345797
1263384686837092352
1263390047581229058
1263394995358203905
1263396176285630465
1263399177645690886
1263411225221881857
1263416733286752261
1263421335142834178
1263422504359677953
1263422502572896256
1263422501079658499
1263422507555729408
1263426332840677377
1263429390068781067
1263431995645886465
1263436616082874371
1263441232874876928
1263446812473556992
1263446881612574720
1263447219891560452
1263447225687998464
1263447223842603008
1263447222122938372
1263447227642585090
1263451134628229120
1263454606555779073
1263458225522950146
1263461151855255552
1263464149230727171
1263466316884828163
1263469775533064193
1263472775106367488
1263475147408801802
1263477026658402304
1263479364647301130
1263480649308045312
1263484921286397953
1263485648713003014
1263487803121381376
1263488303409627138
1263488305037021186
1263490785972047872
1263493722014191617
1263496577253101573
1263497649870835713
1263499742610444293
1263500696734912518
1263503101794926593
1263504096931254272
1263504803549925376
1263506822553645058
1263507425535168513
1263507522142572544
1263507575871549443
1263510909487648768
1263511874534064129
1263513687463211008
1263514797586485250
1263514984207863811
1263515167926747137
1263516375684911109
1263518051061903360
1263520541757124611
1263525148038225922
1263528272257855491
1263528275910983680
1263528274166235138
1263528279664988161
1263528277811048451
1263528281502035968
1263531545463308289
1263534110246670336
1263537494890557441
1263540652954062849
1263543745808646145
1263547353501511680
1263550581932797961
1263553912864473090
1263555098778767366
1263555224217825281
1263556879491489792
1263560036330192897
1263563300593336320
1263566529679015952
1263569693971021824
1263572749513097218
1263572864218906632
1263576278596235265
1263579695087403008
1263582904912773120
1263586227640385536
1263589932280373256
1263593566426685441
1263596682433921025
1263600922481090560
1263605492728958978
1263609923419738113
1263631503952658432
1263654229849317377
1263685519768199176
1263696087975702528
1263696231504756739
1263696861115883521
1263697066133458945
1263697597161705473
1263698348344778752
1263698603916308482
1263703806757482496
1263711284547276800
1263718988183371776
1263724772980150273
1263728308996489216
1263729647520485376
1263731064444530689
1263735915408744448
1263736487289511936
1263739309284364291
1263741413944107008
1263741980380667905
1263746491031736321
1263751332948779008
1263755353730269184
1263755443874279426
1263759945994027008
1263764139303976961
1263768677268234244
1263771700954566657
1263775446484860928
1263779685730865153
1263782560024399872
1263784359317864448
1263792321700782081
1263793678969159681
1263796795081138178
1263799555759407104
1263800668273414144
1263801312619225088
1263801316427673600
1263801314573725703
1263801319938195456
1263801318193446918
1263801790958571520
1263804404819529729
1263804578677620736
1263808170604011521
1263809407298740224
1263809552874647554
1263814126293471234
1263817752864849920
1263818447278018560
1263821141501792263
1263824638569852936
1263828595421700101
1263832110768553988
1263835730566090753
1263839263046676482
1263843129666555904
1263847507311972353
1263850932913176576
1263854567277592583
1263858504571420672
1263861846412529664
1263862716181164032
1263865523814780929
1263867460521951232
1263868593890082819
1263869285392416777
1263871504015593473
1263873525556883460
1263875442244812802
1263877387122507782
1263878562618245120
1263878562618245120
1263878866885623810
1263880246190882821
1263880310317551616
1263881909924433920
1263886322885935104
1263887041990926336
1263890776251121664
1263893816202989577
1263893968800096256
1263893973111840770
1263893970981183488
1263893976811294720
1263893978874863617
1263896779478753286
1263900076868583424
1263903549450334211
1263907092420845570
1263908057521799169
1263908055911215120
1263908060340408336
1263908058931040259
1263911072836341760
1263913198392168448
1263913553989337099
1263916786728284160
1263919819155529731
1263922849477210113
1263925953601908736
1263928728524132352
1263929037627539457
1263931998856523779
1263934743105716225
1263937618330468355
1263940349552201728
1263942797675106304
1263945515789582336
1263948465069064192
1263951422309240833
1263955156758134784
1263959183835181066
1263963396258619397
1263967529657085959
1264078169990139904
1264079874089680901
1264082180805967873
1264086158365151232
1264089170856853504
1264096271792562177
1264098931090358272
1264102482332000257
1264106560843919360
1264106667710578688
1264110778560495617
1264114831415824384
1264118870933110784
1264122944290279430
1264126775518531585
1264128236918882306
1264130840512135168
1264131097224495108
1264134584494698497
1264138861019639810
1264141751150936064
1264142602967932928
1264145075451371520
1264145508848799744
1264145511243710465
1264145517954560001
1264145515031166977
1264145522832654336
1264145526431395842
1264148878502305793
1264149072153378816
1264152605741273088
1264156322456653825
1264160296542879745
1264163303787560960
1264166529186304001
1264169728282701827
1264173119784259586
1264176624129499136
1264179358786297856
1264182584533286914
1264184479821844481
1264188443610972160
1264192106559614976
1264195169961852935
1264195377902673922
1264198331800129536
1264202820011659264
1264207145261727746
1264208480472367104
1264211386021957632
1264211656864866304
1264211816839892995
1264212872797786112
1264213105749475330
1264214154128343056
1264214537777090560
1264216441429114880
1264217401886945280
1264218544872529921
1264218869809414147
1264220437128589322
1264220736056590337
1264221737392242690
1264223017699344384
1264223688565587968
1264224919719739397
1264225450622099458
1264227142201675781
1264231222416486406
1264235187929518082
1264241431868293121
1264243145354739714
1264247191566258176
1264251193720819713
1264255392898584577
1264259352493543425
1264263586081366017
1264267551531569156
1264268122715873281
1264271272026005504
1264271331677417475
1264271597940158464
1264271860684001283
1264272108470915073
1264272504874557446
1264275241834086400
1264279497383215105
1264283104396574727
1264287096845582336
1264290082539868173
1264290934851874818
1264293620305321985
1264297312446287872
1264299509951102976
1264299975145672704
1264303131120275457
1264306284876177420
1264309744870854656
1264312719542534144
1264316172570427392
1264319383171727360
1264322606330773509
1264325569535246344
1264329540064743424
1264332517336928257
1264335471569776640
1264339142097461248
1264351776918118401
1264368647327399938
1264381571190177792
1264401328991866882
1264437075891425281
1264443282001727488
1264446272007819265
1264449250278154242
1264452435789189120
1264456567941988352
1264460523673915393
1264462183926239242
1264462182579871744
1264462180726030337
1264462185838895104
1264464489413513216
1264467671766011905
1264470631929741312
1264471194788433920
1264473850869407744
1264477819242975232
1264481544015613953
1264484944820293637
1264488677016731648
1264492516797231105
1264496343831191552
1264500194818830336
1264503972406140929
1264508196334505985
1264511969547169792
1264515157906075648
1264519178045849600
1264522311304126464
1264525530130526208
1264528547550564358
1264531605126885376
1264534850729660416
1264534851799134208
1264537825564864518
1264540808750993409
1264543956509089792
1264547248198778880
1264548786036264960
1264550162107695104
1264553127992270848
1264554914983940100
1264557955447472128
1264560924305874944
1264563896859406337
1264563896859406337
1264564308215689216
1264566859732566022
1264570260910465031
1264572890147684354
1264576604476444679
1264580347246804998
1264584336038400002
1264586920899854337
1264587021202448387
1264588679466672129
1264589154781990913
1264589676981207041
1264590354629767172
1264590972614213641
1264591187245256706
1264593033988902914
1264595643793838080
1264596201149730817
1264596556818395136
1264597066157867008
1264599833488379911
1264600290352926720
1264602841769017351
1264605050275594240
1264607028099592194
1264610361824563200
1264613528071213061
1264617078780235776
1264617979666448385
1264618362677735424
1264621020062707712
1264624686283046914
1264628446791114752
1264632495959662593
1264636463867723777
1264640497894776835
1264643822681837569
1264647042464448518
1264650505869033473
1264653426304126976
1264657399505453056
1264661704677502978
1264661928334561280
1264665176374116352
1264669383449812992
1264673334840745984
1264677604843573257
1264681325124038656
1264685114493206532
1264689028424663040
1264693069250732032
1264696280992940032
1264700738476916736
1264703707293331457
1264707980186071042
1264713903428296709
1264717369840148486
1264784211476701184
1264813554319982592
1264816487040200705
1264818865940377601
1264821994270359552
1264824983710285824
1264825162542854144
1264827937783721984
1264830911696289798
1264832611513520128
1264833910258753539
1264836877359685632
1264839432689061888
1264842400364625920
1264845420192202752
1264848403143458816
1264851380466061314
1264854751486849024
1264858700814188544
1264861785573797889
1264865291047182336
1264867324500348928
1264869253464895488
1264872518856388608
1264876536987029509
1264880441204584448
1264882829940441090
1264884469690966017
1264886383585484802
1264888391969255424
1264892695765553153
1264894238908723201
1264898260063391744
1264898484282556416
1264902309391339520
1264906119278968832
1264908073317130241
1264911432300314624
1264913034851561474
1264916659392917506
1264919443760693250
1264922214761140230
1264925192301789186
1264927820419076097
1264931641669160962
1264934840513843200
1264935003529633793
1264937824811462657
1264940796819750913
1264944097611190272
1264944456631017472
1264945036405415940
1264945516242182145
1264945857130123264
1264946152249733120
1264946852811677697
1264947686442184705
1264947860682035200
1264948153905709062
1264948481304735745
1264948655649366016
1264948872163590144
1264950176944455681
1264952079027703810
1264956895405670400
1264957453550211072
1264958194058776577
1264961266973642759
1264971908325523456
1264973520360091650
1264976663726690304
1264979594626596864
1264980274200432645
1264981849933258753
1264982261608390661
1264982951017709571
1264985008172863488
1264985451745685505
1264986160885125120
1264987851835478017
1264988093452599297
1264991597374197763
1264994601573679104
1264997403637227521
1265000524572696577
1265003742354640896
1265006711309578256
1265009686841090048
1265012488082423810
1265015207203610630
1265017992498352130
1265020965362294785
1265023789970214914
1265026538640216065
1265029753876156419
1265032478617669632
1265035441834688517
1265038172657983489
1265041134063095810
1265043853612142592
1265046476163596294
1265050434491887618
1265055642215231490
1265064795864281088
1265083618340343811
1265145640188698624
1265145858640818176
1265146397516578824
1265146591134076930
1265147148645076992
1265147712405716994
1265148155252760576
1265153376528084992
1265160885728935936
1265168576140529665
1265175389451796481
1265176496278327296
1265182290159812609
1265186511798099968
1265190380317945858
1265194748530352128
1265198581679632385
1265198608649007109
1265202769398509568
1265203236232925184
1265207025983803392
1265211051223789569
1265215023980384256
1265217300359262210
1265218748094525440
1265221477147738112
1265224319828926465
1265227378999123968
1265230114163474435
1265230264780967936
1265232727479136256
1265235668738936837
1265237974683234304
1265238556034899969
1265241315698188294
1265244036299972608
1265247005787504640
1265247005787504640
1265250224458604544
1265253519117910024
1265256490643992582
1265257518382616576
1265259265599684609
1265262222596603905
1265264949582008321
1265267763918102529
1265270462185168896
1265273051190636544
1265276362606039041
1265279121589862400
1265281902241624065
1265284763750928389
1265287502895726592
1265287549427343362
1265290508965949440
1265293254251208705
1265295310038929413
1265296860727689219
1265300288614916097
1265303291069685761
1265305910668394503
1265307559130533895
1265309637701746690
1265310065394946050
1265312424388894722
1265312550570295296
1265315081132412937
1265315195515277320
1265315547761258499
1265316080827932673
1265316577190305797
1265316855452925956
1265318636664872963
1265319972957573123
1265320156252852225
1265320735796539394
1265321229302538242
1265321370449334272
1265321509456883712
1265324444802863106
1265325718625570818
1265326208214065155
1265327671384432641
1265330695804772353
1265332268479975424
1265334635405459457
1265338552356868096
1265341527972368385
1265344348205518850
1265347754295013381
1265351710568001537
1265355057110945794
1265355586365001729
1265358312050167809
1265361280950579201
1265365024098353152
1265367798420852737
1265370604464738305
1265373322629525504
1265376174718554114
1265378958553612289
1265381723300417536
1265384466505138183
1265386737188122625
1265387273337667585
1265390546832539650
1265393343317622787
1265396165480251394
1265399937086390274
1265403421886119937
1265407137829830665
1265410128406290435
1265413545015025672
1265416297132818433
1265508026624212992
1265508146207952897
1265508673956253699
1265508837186064384
1265509536594563073
1265510392748486661
1265510690405703681
1265515833335431170
1265523217302683651
1265523214119305216
1265527345533812736
1265531043442032640
1265538315865989131
1265545945816719367
1265546823994916872
1265547005679620098
1265550998648565762
1265554633000353793
1265559734972801028
1265563443446394880
1265567453670780929
1265571207757402113
1265574779479896065
1265575637189824513
1265578571386556416
1265579324419248128
1265581726539091968
1265582595854815238
1265583812735623169
1265586158618259456
1265589239267418112
1265592149984391169
1265595479309590528
1265598291720507392
1265601127707488259
1265604395833741312
1265607479930621952
1265607489023873024
1265609392545726464
1265609394412232704
1265610247110045696
1265610717304102912
1265610722899374081
1265613237736833025
1265616060763582464
1265618901511127040
1265621602949046274
1265624477460762624
1265627493597413377
1265630262211358721
1265632141066539008
1265633341027516418
1265652397491343360
1265656499705131011
1265659468513239041
1265660354144677890
1265664211306373121
1265664671706742784
1265667102192668674
1265669048546836480
1265671881731997697
1265675856543993859
1265676069627203590
1265676358807629824
1265676371273166850
1265679534357188608
1265683010705395712
1265686778654199809
1265686923177111552
1265688246056554498
1265691014905376768
1265692246508257280
1265693999203004417
1265696971718897664
1265697871782871043
1265700157150187520
1265703102675587072
1265704259343060992
1265706466511650822
1265709203181707265
1265710981621088262
1265714392328536075
1265716807933087745
1265720495951020034
1265723373885231104
1265726144751566849
1265727717405855744
1265730504562741248
1265734674392940545
1265737255206993923
1265739989490569216
1265743295722008576
1265746141041364999
1265746867658334208
1265749399067594752
1265753000158642177
1265755742344265729
1265759105567916034
1265762500395573249
