1341884880020508672
1341889716308881408
1341894523581030400
1341912415936634883
1341919666067943424
1341939487648133120
1341963092692000772
1341987395005251584
1342002781582995456
1342006992810999808
1342008775994171392
1342010422212390913
1342014268921815042
1342017656816361474
1342018781648977921
1342022367262990337
1342026361175736321
1342030571434889220
1342036019701575680
1342038413063684097
1342040171496275968
1342044349731921920
1342048528756056065
1342052549805879297
1342056603391053825
1342060666568527872
1342061177178877953
1342064898856144903
1342068878093017089
1342073529903304718
1342075451997614081
1342077163365871621
1342081471419449344
1342086006359662592
1342088531125170176
1342089792507547648
1342094136850178050
1342098474221903875
1342102693360390144
1342102775526789122
1342106503562600448
1342110958731350017
1342113951593738241
1342114712448860164
1342118830773055491
1342122043400212480
1342122057212063744
1342122874275061763
1342124838585036800
1342125269537214471
1342126465769500677
1342126639694671872
1342127638392004608
1342127785465311237
1342128292707655682
1342129493289426944
1342130684777926656
1342131020766859264
1342131419863281664
1342131831492243456
1342132699973226496
1342132754226573313
1342133634845859842
1342134375098560515
1342135878181859334
1342136770738221056
1342137999975460866
1342138583176654854
1342139281037524993
1342144549699919873
1342146504967004160
1342152490406600705
1342153183729217536
1342158620998463494
1342161824855293953
1342162301479235584
1342163065341673472
1342163608696971264
1342167556543700992
1342168166529716224
1342173882179067904
1342182672207138817
1342189589314863105
1342194814264217600
1342196060400332800
1342201510084673537
1342204669427384326
1342212084692615168
1342217136610144257
1342222328701333504
1342227657837187072
1342232934649122823
1342238178741252099
1342243540378771456
1342248795166433286
1342254113137057804
1342259323192422400
1342283511626141696
1342306922867941377
1342330895898996739
1342338495461920768
1342360305767219201
1342364782381457408
1342372280412876801
1342380812902273024
1342387352937885698
1342393310263070720
1342399533460971520
1342402525786472448
1342404133840683008
1342411008384622592
1342416387873058816
1342421953903255553
1342424449937764354
1342429702938632192
1342435178204057600
1342440466571284480
1342446166487822336
1342452795895644160
1342457643953254400
1342462942718156800
1342463135660306434
1342463135660306434
1342464931405434884
1342467987299823616
1342472953754247168
1342479498676219905
1342484993986195456
1342490099733454848
1342495091802447875
1342500127693549568
1342504288661213185
1342504324962938880
1342504347381456897
1342504368113856514
1342504390737981445
1342504418391056384
1342504444634693634
1342504466986246145
1342504501559910402
1342504521000505345
1342504527002533888
1342510009884827650
1342513330875990017
1342513733730492419
1342514439657058305
1342519242177081344
1342523816338198534
1342528625506189314
1342533658801020928
1342538422855086080
1342543413045063687
1342548903535800323
1342554412426911744
1342559734382157825
1342565372948525056
1342570812801503232
1342577002424000512
1342582649471311872
1342588499497775104
1342613430738542594
1342621474734174212
1342641270884339713
1342665189548818443
1342688932757180417
1342712426555432961
1342729557858779138
1342742258320367616
1342748252471517184
1342763326191902720
1342769905402261504
1342775338481418241
1342779947325255680
1342784461134569473
1342789146331533314
1342793849882767360
1342797667190108161
1342801634087362566
1342804966948401152
1342807853145452544
1342812587348676613
1342817462803431425
1342822235678138372
1342826986423672832
1342831758035845122
1342836633079582721
1342841372857012224
1342846609143570433
1342851768187842563
1342853715296972807
1342853723517825029
1342853731784814599
1342853740047572992
1342853748176130048
1342857332083011584
1342862538002878466
1342867786125746176
1342873697414238208
1342879211200126976
1342882451316740100
1342885684475002880
1342889668971536384
1342893180371542017
1342897977074069504
1342902997416816642
1342910344189128707
1342916078691889153
1342922300929302534
1342927586654101505
1342932961298100224
1342938307362172930
1342944339559915521
1342949630649237509
1342955462740897793
1342960936680882178
1342986327680307201
1343011790947495936
1343036961691488263
1343061947995074562
1343082731689959424
1343104470339743744
1343110100190453760
1343116059520475136
1343121442251149312
1343126726872879105
1343130733976711174
1343136020833968129
1343141269745393666
1343146179014647808
1343151246648225792
1343156177622982656
1343158733363359744
1343161157851504640
1343166263049248769
1343171223484854272
1343176383342792704
1343181296902799363
1343185935853367303
1343190803284426753
1343195884067106816
1343200697865678849
1343205502826795013
1343210172521607178
1343214960499957762
1343219733404016642
1343224433608159235
1343229097590329344
1343233864341315584
1343238595168120834
1343243174832177160
1343247774930903041
1343252290602479624
1343256814826237952
1343261338282455041
1343265866427850752
1343270333936230401
1343274946664001537
1343279444547538945
1343284133305462785
1343288752156921857
1343293264615641092
1343297770371821568
1343302339474694150
1343306789467652102
1343311598270738437
1343316302786666497
1343320915258564609
1343335294729392128
1343436695233048577
1343453295868862464
1343456810532012033
1343460069317476352
1343464212522266624
1343467928663044096
1343468977050234880
1343475578679271424
1343480308956606464
1343483645345062912
1343485334789775362
1343491989011124224
1343498308510167040
1343498317674795008
1343498315263078400
1343498323240620032
1343498329242685440
1343498334917558272
1343498342718988289
1343498345353015296
1343499449155391488
1343507740073857031
1343512275026661376
1343514387760508928
1343514640542806016
1343517071141969920
1343519771736866818
1343527296121102336
1343532289393831937
1343537291147563009
1343537359934148615
1343558130622488583
1343558136775528448
1343574826909372418
1343589654675804160
1343590208311332864
1343595568770281473
1343602754007277569
1343799133015048192
1343806720032825346
1343814138158587906
1343819680595763201
1343822727904448513
1343823843299876865
1343827879986159616
1343832179005128704
1343834434450161664
1343837090505609216
1343841519871131648
1343845820420993025
1343848390619181060
1343850578288455682
1343854745459576835
1343859068675493888
1343859068675493888
1343860555229126657
1343863445083533313
1343868540819025921
1343873678946283523
1343874867356168192
1343878825411809281
1343884008304865282
1343889169123258368
1343890472205488128
1343893276986912768
1343898183529861120
1343900979004059659
1343901712239747083
1343905142123454465
1343909798677504000
1343914042713366534
1343915725006770177
1343918341161889792
1343923230575386629
1343927502712963079
1343928721737183234
1343931677312245763
1343937065797509120
1343942884471566337
1343947948514832384
1343953216283799552
1343958060864311296
1343963128082657287
1343968048903041026
1343970793584209926
1343972850395439104
1343973083850432512
1343974313892995076
1343975516131520513
1343977598599233536
1343982394936844289
1343988794270371840
1343993634782392322
1344002449573605380
1344007576699228163
1344012321249701889
1344017392356225026
1344022484706865153
1344027313047040003
1344032588919435265
1344037300871843840
1344039710008684546
1344042035775463424
1344046832150863872
1344051615691640834
1344056578534735872
1344060693142757377
1344064660954357760
1344069386957684736
1344073686710681601
1344077042468478982
1344090950197510144
1344113181560594433
1344161661343694849
1344179013733015553
1344182298539921408
1344185427213897729
1344185519031394305
1344186359179829248
1344188608983552000
1344191922391437312
1344192722975010816
1344198463915962368
1344201730356092928
1344211171994439682
1344215024219410432
1344215108633899010
1344220393998057472
1344225527880708103
1344230777236688896
1344231311582638082
1344236183778418690
1344239519986577412
1344241468618272769
1344246225349062658
1344250360706301952
1344255792799772675
1344257392821882880
1344261944279257089
1344262666752303106
1344266451037941760
1344271286021877767
1344273232229244928
1344276127339188224
1344280740436078592
1344285170862579714
1344288144464769024
1344288558258020353
1344289257997950976
1344289869787521026
1344290261829103617
1344292781196455937
1344293830573641730
1344295541325271042
1344296455457144833
1344297018840264706
1344298801180401664
1344300397322776576
1344300646598639617
1344300978670075908
1344301419143319553
1344301901014310914
1344302437377699843
1344304160116768770
1344304333807083520
1344305237042069505
1344308854138531843
1344309398999625729
1344311785374048263
1344314168938295298
1344315018729435137
1344318062485499906
1344318463259586560
1344320716909502473
1344320715219230720
1344320713717665793
1344320719472259074
1344321368339460098
1344322103672188928
1344323110313598980
1344327436364898306
1344328747273617410
1344328977184391170
1344329209511084032
1344329675976400898
1344331367283380227
1344332177769689089
1344332343063023617
1344332724451074048
1344334058856325127
1344334795195736065
1344335303918567426
1344338426435424257
1344339822761177089
1344342018408009730
1344345043029647361
1344350463668465668
1344355710960889857
1344361109575372801
1344363112477167617
1344366233416855554
1344371595851272195
1344376784423415811
1344381716845236226
1344386671861751817
1344391266931507201
1344391488176861186
1344395119982747648
1344399169071566849
1344402645776293891
1344406964701442049
1344410952641490945
1344412052580925443
1344413989497933824
1344416114965684226
1344417108881453056
