1341987029027065856
1341992402609991681
1341997296041529345
1342002266442788864
1342007380951891971
1342011136313618432
1342014750759247874
1342018680947933185
1342024318033780737
1342028324588179458
1342032304479330306
1342036013946957824
1342037595363147776
1342039357566410759
1342043706887729157
1342047572651864065
1342049880320188418
1342051928340094979
1342055860839862281
1342059652134141956
1342063574940790785
1342068040356294656
1342071938710204416
1342076830896058369
1342080995269476352
1342082794839801858
1342090850826940417
1342095405098672128
1342102774708920322
1342103358157582336
1342106896162021376
1342112684834238466
1342116785080958984
1342120756143075328
1342122654669697024
1342124412162682885
1342124621869494273
1342125041358675973
1342125038015799301
1342125276487102464
1342125280924676099
1342125581559803909
1342125583074021384
1342125968954167297
1342125973165244417
1342125977976107010
1342131631373619208
1342146068532887554
1342153144067706880
1342156991230332931
1342160784449744903
1342164550104317953
1342168624493191170
1342177187542298624
1342181919149219841
1342385345200066561
1342389334612312065
1342393044893642753
1342396739312095232
1342400870126919680
1342404675023351808
1342408689454632962
1342412890368847872
1342413630441193472
1342413629182922753
1342413633268154369
1342413631787569153
1342413638401990658
1342413636611026949
1342413634887159810
1342416955119169536
1342420963355463680
1342426632590659585
1342431173277052928
1342438884123226113
1342446164650684416
1342450026237353985
1342450963005779969
1342450967619448832
1342450970459037696
1342454281702690817
1342460921151713281
1342467243301629952
1342476391137366019
1342482263938899968
1342487226459033600
1342492115012616193
1342497070633148416
1342501981710135298
1342506470961766400
1342508167536795657
1342508527936483330
1342511179013484544
1342515665597554688
1342520037064794113
1342524561246588931
1342533194466422787
1342538167950438402
1342543410356477952
1342548148577837056
1342552643693146112
1342564350154993664
1342569542371971073
1342574589432524803
1342711878783479810
1342716871683010562
1342722087455240193
1342726921818398720
1342732040668643328
1342742247335473152
1342746988056633347
1342751701544148993
1342756447004860417
1342756499886661633
1342761263609348097
1342763258898472961
1342763258898472961
1342763651917340673
1342766091676884992
1342772422165090307
1342777347691442176
1342783687323250688
1342788675336335360
1342793599889649672
1342802741056442373
1342807494285008899
1342812589672321025
1342814835671752705
1342815856364032007
1342817463403208707
1342819200558100480
1342824023605075969
1342828990923497474
1342834338711351297
1342839096411090947
1342845625952571394
1342850231164170247
1342854999567699970
1342860322256920577
1342865834415427585
1342870574633201665
1342875641524453376
1342882936547368961
1343116573842821120
1343139248329945090
1343143802723311617
1343143808058486789
1343143806422687745
1343143804442976259
1343143811829166080
1343143810038169600
1343143816824578048
1343143815209693191
1343143813607469057
1343143818451968001
1343258568947093504
1343262814320922627
1343269373386108929
1343276900546977794
1343284134312112137
1343291474813857799
1343464716203601920
1343468421934174210
1343475585306259456
1343481580883476480
1343487864215117825
1343494731200950277
1343501500304265216
1343508513738387457
1343515848615600128
1343522721196609536
1343529561259126785
1343536023964274688
1343542880086994944
1343549717960077312
1343556731012575233
1343563870103891968
1343569943569309697
1343576678224822272
1343583084936114179
1343588663473696770
1343594941151387651
1343602077923160067
1343605959516680192
1343611578738991109
1343615058480390145
1343619387916505089
1343624037495435265
1343663371401523208
1343799127092699136
1343804141341188096
1343809100329713664
1343814136002715650
1343819134354784258
1343824175258075136
1343826807729041409
1343829349917667328
1343830830305652736
1343837826773889024
1343844403908063232
1343850338303021058
1343853823648026624
1343857435673583616
1343863371351863297
1343869908287959041
1343872112654753792
1343877360580505600
1343881203154378754
1343882701338767360
1343886754957451266
1343891717775380483
1343897015726579713
1343903802441801728
1343911382778060807
1343918337634529280
1343923533525737473
1343929560551878659
1343936819931525121
1343941736654114816
1343946953965654016
1343946956763262979
1343946955341312003
1343946961313878016
1343947115266011137
1343951728744542208
1343957709054468099
1343961309344378881
1343965556161077253
1343969116651216897
1343972631612157958
1343976363955515394
1343981416766443521
1343986705200775168
1343992629361598467
1343996509025693699
1344000284813635584
1344004062304460800
1344007731993309184
1344012319366520840
1344016624333029386
1344161364055646209
1344166470901755905
1344171650162503680
1344176647658987520
1344181783814877186
1344185923987255296
1344189331414593536
1344193048058716160
1344196462754689025
1344199859813945344
1344199896572768258
1344203368852545536
1344205929491927040
1344208099285086209
1344211660144340992
1344215277291134977
1344218969562091521
1344223271743586307
1344226864022179840
1344230515482783745
1344234275894415362
1344238029188321282
1344242001764638721
1344246733681938433
1344251036869935105
1344255015943368704
1344258485899456514
1344262589942005760
1344266197475405825
1344269712201547780
1344276490217730048
1344279934085246978
1344283419837161481
1344286929974665216
1344287006529089537
1344290929293873156
1344297209332953089
1344304638397444096
1344312942637027328
1344319878661103622
1344323980212248576
1344323984335241216
1344323986759573504
1344326280519573504
1344330517513199618
1344334433663524864
1344335174583136258
1344335178227974147
1344335182443249665
1344335184511045639
1344338338032066562
1344343447440936963
1344348153571586067
1344353464709763074
1344358598990770178
1344362757546799110
