1314081708694810625
1314201774618603529
1314241896689078275
1314254731305316352
1314277632192720896
1314478203570982912
1314521436111986688
1314551940043419649
1314559741113372672
1314959374725644290
1314989321699516416
1315252052772052993
1315357245916409856
1315587009826619396
1315639103518515201
1315669302817644546
1315722150507016192
1315928761687187456
1315955941280550913
1315980100332974081
1316010802395131904
1316034961644957696
1316076737126715396
1316286871455105024
1316325377355071488
1316376327918891008
1316425535174701058
