1258313589586264064
1258318692556865536
1258323281700159488
1258336756304314368
1258337800044392448
1258339682745794561
1258341942598959104
1258343713018961922
1258363437761138688
1258381571842879489
1258394534616195075
1258421266878533634
1258425406346137603
1258426989775552512
1258679798332895233
1258683059001389056
1258690517799522304
1258691371029979136
1258691691923546114
1258704597243375616
1258704687664189440
1258728357732274181
1258775635587203072
1259046611776405505
1259090742565310469
1259120944787808257
1259398325662617602
1259407830894776320
1259453130003099649
1259575436163592194
1259762912475955200
1259762988774457344
1259771688599896064
1259797655934373894
1259820417658880001
1259880751711035392
1260133962476916736
1260140299378208768
1260218328641044483
1260238438500007937
1260242405191823361
1260244418700902412
1260246415466467329
1260262411615047686
1260524378200170501
1260539446102982657
1260560299129741313
1260572197745295367
1260610967190282248
