1316499019292528642
1316502794694725632
1316506013076512768
1316506569299783681
1316510344110505984
1316514118942289922
1316517894038069249
1316521165469306880
1316521670736138241
1316529220978266112
1316529218625339395
1316536769089810432
1316540542931607552
1316544322217615360
1316548092724994048
1316551868634595328
1316555642354761729
1316559418641711105
1316680213774757888
1316680217805516802
1316695317933248514
1316729170446168065
1316740705453256710
1316746146128318466
1316752187767234561
1316755723423019008
1316759485713612802
1316763264127098881
1316770810623737856
1316776598478024711
1316779293331075073
1316779290835513347
1316779296996941826
1316779301014994944
1316779299157020672
1316779302826975234
1316784284112490496
1316785918171283458
1316789433073635328
1316791446440083456
1316792219651768320
1316792288824221698
1316792323293024258
1316792383011516418
1316792580366098433
1316792602973347840
1316792745982332929
1316792772922421248
1316792811514191876
1316792996415897603
1316794704655249409
1316797234738950144
1316808333727330307
1316814850836717569
1316819380307623936
1316831209385873409
1316838759590027264
1316846310302113792
1316850082877112320
1316853857423519745
1316880589564370945
1316882615249604610
1316883707354107904
1316884057305694208
1316885473319583745
1316886474814590976
1316887831248240643
1316889502732947457
1316890481519960065
1316891615550689280
1316895381737795585
1316899157534248960
1316900247935852546
1316902930826616832
1316906708829089792
1316910480636534784
1317042605444767744
1317057708839759872
1317063767797211139
1317063829596110848
1317063865734111233
1317069768969637888
1317080350640799744
1317082204225310721
1317087907916640256
1317090980433113088
1317095719564619776
1317095968752488449
1317096174273368065
1317096449210015744
1317096774155251712
1317096883861573632
1317097182974103552
1317097352067506178
1317097887612964865
1317098513113763842
1317099333150494721
1317099813096329222
1317100960645337088
1317101376799985665
1317101641536016388
1317102182097965061
1317105862255706113
1317121622189371393
1317125650256338945
1317126566149849090
1317129171794092033
1317130930419605504
1317131939883540481
1317135714862178306
1317138986297643010
1317143329969143808
1317154589221683203
1317160628885344261
1317164152389914625
1317167675282513929
1317183429952344064
1317185338490671108
1317195105967706117
1317204268395483136
1317204920823590913
1317208698813665281
1317212973841121281
1317215993609940992
1317223798916120580
1317227224135831554
1317227569964462080
1317231096900313088
1317231346557816833
1317238065056911361
1317238896208478210
1317239901494988802
1317242669387612165
1317245940965675009
1317250219252215808
1317257769146150913
1317412538712158216
1317420088727883777
1317427639724900353
1317435189568499713
1317439813176492032
1317450738700853248
1317453581184794624
1317472955690110977
1317475581693485059
1317480535120334849
1317484261746921473
1317488037270589448
1317495590834429955
1317499361220300806
1317503137201102848
1317510687325888512
1317518258438852609
1317525786232905728
1317540889007394821
1317555988317298688
1317574858239283205
1317578633737895936
1317586404537520135
1317620776988778502
1317781720649879552
1317788557541543938
1317795115763630081
1317797577413242881
1317799476233371648
1317802668904075264
1317805611841708032
1317808503201869825
1317810716460593152
1317812677608001536
1317815069363798016
1317819562327461888
1317824313249193984
1317824313249193984
1317827038309474305
1317827779589738496
1317829440139894784
1317834274184318976
1317837526422487040
1317842878253576192
1317846278085222400
1317847970734313474
1317850923763466241
1317854199409905665
1317857976993144832
1317860326713556994
1317860331151122435
1317860335290884097
1317860339518738434
1317861139359956995
1317865524760436737
1317871399957155843
1317873077540311042
1317873704601374723
1317874341284093952
1317877652011634689
1317880624162787329
1317888175767912453
1317895722784624640
1317895722641944576
1317899879641919494
1317903277065969665
1317910583610671105
1317913600015597574
1317913602481901570
1317914273948065798
1317915778063151105
1317917237282590725
1317917556561350658
1317918083076546561
1317918135010426883
1317918374488428545
1317919112446750723
1317919146538094592
1317924815660081154
1317925921391824899
1317926294047293440
1317927187190865921
1317927886712700929
1317929847415578624
1317933471503843328
1317935097631412226
1317935176396099585
1317936490186444802
1317937243496108033
1317939700615753728
1317941728909938688
1317950430236770305
1317957982999760896
1317962373219704836
1317972772421861377
1317978107559673861
1317980485683957771
1318005972586070018
1318158126357630976
1318162906895310853
1318163738797563904
1318167513633533953
1318169331054804992
1318169805719994369
1318171161751146497
1318175065796653056
1318196204455473152
1318201990934036486
1318207275736117251
1318211050450395136
1318219355172208640
1318230959288963074
1318236216601575426
1318237928221478912
1318240499854094338
1318240540182388737
1318240669522141186
1318241501164556288
1318261438763368448
1318264983415914497
1318267474853363712
1318269686807695361
1318274216630910976
1318282018094903296
1318285037939257344
1318293594222940161
1318298879222337536
1318299885792362497
1318307184166526976
1318311210756972545
1318312100985556992
1318314733678731264
1318316998439407621
1318321528333885441
1318322283404931072
1318329832954982402
1318333608621350912
1318337383138406400
1318341160289542146
1318344932906643457
1318348707406860288
1318352482188275713
1318499703844007937
1318507256661659648
1318517566470541315
1318545723378552834
1318560103662899200
1318563876246409218
1318568405755191305
1318573438315814913
1318580233142996994
1318584929232560134
1318590299376148482
1318592483379511296
1318592777354096644
1318592805980221441
1318592974989635584
1318596590873972736
1318602379089088514
1318607663987453952
1318612696921616384
1318617478415659008
1318621001777729536
1318626789892214786
1318632326264426499
1318650698142109696
1318654367231315970
1318658250233933824
1318662022536585216
1318662022251401222
1318665352809713671
1318669572074098689
1318673350588198912
1318676869923831808
1318680898783510528
1318688450103496704
1318694957008457735
1318695997346897920
1318699770869764097
1318707833307828225
1318716972914311169
1318718647666266113
1318854543321440256
1318869643310739458
1318879120814690304
1318884749776089095
1318886687129423873
1318886692917567489
1318886689067143168
1318903614425853952
1318911146473234435
1318917247151316993
1318919832335749120
1318920455995203587
1318920592469479426
1318920881155047424
1318921128501534720
1318921400208556032
1318921477933174786
1318922147704786944
1318922381063262209
1318922489938980872
1318922854927421440
1318924641344380928
1318925042856722432
1318926543100534784
1318926882071597056
1318928141314887682
1318929632813527041
1318934568016113665
1318939852717645825
1318959230238429189
1318964012558680067
1318968290249646080
1318974078229860353
1318979111465803776
1318982887144706048
1318986661124997120
1318990435986120705
1318994211773927424
1319000131761561600
1319002971435302912
1319005538169094144
1319010317112905730
1319019857275506689
1319031930881478657
1319032187853950976
1319032761836077063
