1316502802814955521
1316529226959396864
1316531690827927553
1316710432455811074
1316758190525087746
1316804908075503616
1316820109013528577
1316821002245091329
1316825251368624128
1316828909447589890
1316833314255273985
1316833319192080391
1316836936707866627
1316886669077905410
1316889847240458240
1316905195721297920
1317072829423046658
1317088029098405893
1317201924605669376
1317225746964697089
1317227579389005826
1317244284840673280
1317254246090252288
1317404994686124032
1317420130100391942
1317457000846995457
1317474958386356224
1317474964853919745
1317474970558222342
1317474976656728068
1317474982360961025
1317812681320050689
1317850803953192963
1317965894421807110
1317966813196595200
1318235513250181120
1318275813066768384
1318305524811767808
1318318515003166726
1318348350379446272
1318513089566941184
1318576731507236865
1318632760571998210
1318634820071694341
1318637114158972929
1318686264258744320
1318703554543067136
1318869643365240836
1318899881965047810
1318933163582816262
1318983637858222085
1319008198125301763
1319009614286016514
