1331881580009312257
1331886930729070592
1331888089506209796
1331891341765341184
1331894915945656323
1331898476335157254
1331899318073257984
1331901233234407424
1331901790267248642
1331902165435224066
1331905789431336961
1331909349992763392
1331911843267420173
1331914450400649220
1331917779281317889
1331947563931590659
1331958071619411968
1331986926262423553
1332005169203187716
1332019116304175106
1332028797655388163
1332052282825973761
1332229480883089408
1332243866100097024
1332274299000991744
1332274334866546690
1332279100912922628
1332286026090418177
1332379945377607680
1333317742590636033
1333329733015187456
1333330337317990400
1333336947398471682
1333342284042166273
1333345612486615041
1333361116907524098
1333423721814568961
1333441189199175685
1333441268207194113
1333441303070134272
1333678985226674177
1333693080428535809
1333731967817441280
1333762479986499584
1333772572773806084
1333838302722535426
1333867723294711815
1333868803395104768
1334056710068183040
1334100837740769280
1334179169719234562
1334191510745718789
1334267239911002112
1334270543013568513
