1313965751569702913
1313966123973586944
1313967086289522689
1313967109601456130
1313968803793993730
1313969709562433537
1313970034763534337
1313974439470657537
1313977408588972032
1313979772834320390
1313980033439076352
1313982436888342528
1313987470086868994
1313987638865477632
1313992505495564290
1313993487801442304
1313996753281007616
1313997536537931776
1313999152007716864
1314002569761415168
1314007604780179456
1314012636141424643
1314017669440516096
1314022703976919042
1314027735409463298
1314033097818554370
1314037190419070977
1314037806386221058
1314047867993100289
1314049349169545216
1314052904320479232
1314057934498791424
1314062967504166920
1314068002288078848
1314073033896718336
1314076307228028928
1314078067082498049
1314083100096299009
1314088133441531907
1314093166513979393
1314098201356533760
1314099651222466560
1314099805979774977
1314103232789086208
1314105917286170630
1314108265916231681
1314110908914790400
1314113305464705024
1314113532175163392
1314116983655288832
1314118332426190849
1314124552457256961
1314128222284521473
1314128401133756417
1314136903977848832
1314141702400012289
1314143502352093184
1314146088459276291
1314148507817668608
1314153564885970944
1314154259437416448
1314158598046449664
1314159970707857408
1314163630976331776
1314167290624049153
1314170108059676672
1314173219230760960
1314173701697437697
1314178424290697217
1314183730638987264
1314188801309241345
1314194333244026881
1314198863314513926
1314203900916965376
1314206155783041025
1314210163193073664
1314215072479113220
1314219938517716992
1314224029486600192
1314227103609630723
1314229061967732738
1314238644685766658
1314241696335527938
1314249059906072583
1314251478043897867
1314251731082108931
1314253219657379840
1314254350072582144
1314255705063518213
1314256661171838977
1314257618710532097
1314261116109938688
1314262950161657859
1314263014938468357
1314263932610150401
1314264709516984321
1314266039186845700
1314270619899486211
1314271498346135555
1314272298631823362
1314275785805574144
1314276088672067586
1314277566128193536
1314277686639054850
1314277912951107586
1314279325408124929
1314279611065344000
1314282347295117315
1314286163595845632
1314286593482645506
1314287415155097607
1314293314175332353
1314300472119959558
1314304976898977794
1314309672934027266
1314310115311398912
1314313658294587393
1314313734505082881
1314316966329544707
1314317273981689859
1314317632196300806
1314321041875963910
1314321405979381769
1314321504948105216
1314322042225856513
1314322234400530432
1314322234400530432
1314322321000280069
1314323005783318530
1314324772508110849
1314325479978041351
1314331820629143558
1314332950255804417
1314335140890447873
1314339329716690946
1314339791794778112
1314344824959631365
1314353559748534272
1314353901622108165
1314359924219092992
1314364957568368641
1314366826881531904
1314375023918972928
1314380056882413568
1314385090613514242
1314390123220471809
1314395157643567110
1314395741469634560
1314399894430347265
1314400571495833601
1314403270639587328
1314405222853357570
1314410255846199296
1314415289996541952
1314417197423362049
1314420322343555072
1314425355327938560
1314430391944699904
1314435421611470848
1314439768906723328
1314440454935642112
1314445491921276928
1314449847001387013
1314452743751258112
1314455554253746176
1314457386451570688
1314458141480890368
1314460587443859456
1314463104139489280
1314464417841471491
1314465620910432256
1314470356673990656
1314470653794422785
1314472491566342144
1314475691753246722
1314479369998401536
1314480720312758273
1314485085224099842
1314485753473232896
1314490792967311360
1314491764233838593
1314495819735691264
1314501292778168320
1314505701671137280
1314505888619618304
1314510919368495105
1314515952428486656
1314520986948001792
1314522346594549761
1314525124561784834
1314526019139764224
1314531052233330688
1314536093031690241
1314541118323912705
1314546151790706690
1314551336466173953
1314556217956720641
1314561250827919364
1314561250416750593
1314562573551857664
1314566983577300993
1314567834475749379
1314570059113791489
1314576140929916928
1314578517829410817
1314581041340772352
1314581387656130562
1314583554429345801
1314587345887297541
1314593553268592640
1314595082960543750
1314604879021834241
1314605691949273089
1314606843486928898
1314607130041872384
1314612677969403905
1314612693647622145
1314621254029193222
1314624854885359616
1314625622283517955
1314625835362594816
1314628069571915777
1314628633588363265
1314629969595768836
1314635074080509960
1314635423336017920
1314638239828004864
1314638431499300866
1314639471351078913
1314641190373990400
1314645675754377220
1314652951215050754
1314653117242314753
1314653905377259526
1314654214409330691
1314655374495092736
1314661253508403201
1314661428238979072
1314663170787733505
1314663504541089792
1314664573077803009
1314664604631474176
1314668243102191616
1314673520996159488
1314675353730908161
1314676412650053632
1314676649540149248
1314678565917601793
1314681054918254592
1314681070051356672
1314681168055410688
1314683383868518410
1314684639261396994
1314686056365797380
1314686920002351105
1314690228444168194
1314696643351117824
1314697603410472960
1314698680751005696
1314698809935630341
1314699104312754176
1314700567625838592
1314701028579737600
1314702181073784833
1314707212695146499
1314712245809504257
1314712353733185538
1314717279863689218
1314718046209024001
1314719781900021760
1314722312302682116
1314727345433927682
1314728970877771778
1314732379110596609
1314733008809721856
1314737411792928769
1314742444756471809
1314746363125489664
1314747477875023872
1314747818280538113
1314752511211966464
1314755028289155074
1314757544204664834
1314757844789469184
1314762579596771329
1314767610836262913
1314772643678048258
1314777678415900678
1314782710171234305
1314783459185811456
1314787743243939840
1314792779625558016
1314797809577521152
1314799222529560576
1314800326374035457
1314802842574696448
1314807876758704128
1314812909059371013
1314815426661023745
1314817942178148353
1314822976986963970
1314828008692224000
1314833041731223552
1314838077764968448
1314843960154628097
1314846060255170561
1314848141196304386
1314853069595635712
1314854175872700416
1314857978885857285
1314864254743269376
1314875671215173635
1314878440214990848
1314883381490900994
1314888406598443008
1314893439788408832
1314898480188407808
1314900989502132224
1314906003763154944
1314908539396263937
1314914617982775297
1314918605641916427
1314920950077349890
1314923638806601729
1314929471942606848
1314934549147598850
1314934549147598850
1314936030512902144
1314940251731718149
1314943449968254976
1314944518819442690
1314948804588822530
1314952651159801858
1314953837925609474
1314954334866681859
1314956517456711681
1314965583725821954
1314979696984162304
1314986857705476096
1314989682099474432
1314990112187527168
1314992347562868737
1314994902992859138
1314998951569956865
1314999723015766022
1315023112447176704
1315031488321196039
1315033359815454721
1315035526085382144
1315035537410076673
1315039449709981697
1315039678387703809
1315040562513412097
1315041040932507654
1315041985787572224
1315047855128805376
1315051401681215490
1315053486590042112
1315055422940815367
1315055480084013058
1315064572542365696
1315069600430686213
1315075437966454784
1315083243071311873
1315086129675210752
1315087216595484672
1315089733056376833
1315092516945891328
1315094768855121921
1315094767076872194
1315099679240019969
1315104832634589185
1315109867317874690
1315110401453907968
1315116210443280391
1315119932141572097
1315123324192657410
1315124965231005696
1315127131106500608
1315127481964343296
1315129998555009024
1315130672739049474
1315132545026060289
1315132969107947521
1315135031652868098
1315137548319154182
1315138684119703552
1315140065362763777
1315143633910153217
1315145098192060417
1315150131033825281
1315155166665080832
1315157090864787456
1315160197510225922
1315165230591217665
1315170264083124225
1315175296941780994
1315177813780164609
1315180330186407937
1315181016269484032
1315182846861029376
1315185365506945028
1315190396524191745
1315195429630472192
1315198208927178753
1315200462669266944
1315205496014614528
1315210529149911040
1315212231080960002
1315215565917626374
1315220595710328839
1315225628652830733
1315229632610795522
1315230668696293376
1315235642578661377
1315235694940434432
1315240728088305666
1315245762993893376
1315246192817631234
1315250794510180354
1315255827645820929
1315260865860444161
1315265893941809154
1315268412306681862
1315270927014342656
1315273290915540992
1315275960506179584
1315280993645985792
1315286026626060289
1315291063280570368
1315293769126744065
1315296094335582209
1315298610653790208
1315299602732441602
1315301126254755843
1315306160921014273
1315306630599245824
1315307534777946112
1315311192559083522
1315320197713100801
1315321191683567616
1315321580017287181
1315322828288405504
1315325389733060608
1315325899299008517
1315327590262091776
1315327884110819329
1315330028838752256
1315331680295583744
1315331969312587779
1315333662708203520
1315337485766012928
1315337655161442306
1315345606773280768
1315350696548618247
1315365325525975041
1315365480778133515
1315367379686260737
1315368404078022659
1315374159464140805
1315376502289174529
1315377477091561473
1315381611756748800
1315384753894416384
1315387868366409730
1315389415959789579
1315391935205519360
1315393597785755650
1315396482724397056
1315397814885720070
1315400034700210178
1315401927228878855
1315402982444367874
1315404661722173446
1315411232216829955
1315415824782495745
1315417688789975040
1315424679566487554
1315426959933882370
1315427249596887040
1315427731161612290
1315428818790866948
1315431988396920832
1315436992755245057
1315437021406531584
1315442056169312257
1315442834447638528
1315447087731896320
1315452121085403138
1315454812461228032
1315457156947349507
1315461688158638081
1315467220500189184
1315467355179294721
1315472254705102848
1315472582783590405
1315474172580032513
1315475634638913538
1315477286884343809
1315480937413505027
1315482319948525570
1315487357173469185
1315495068115955712
1315497419556229121
1315498103462477824
1315498930805764096
1315502455803842560
1315505604509614083
1315507485780844544
1315512518916284417
1315517552823431169
1315522585552068608
1315526280012427265
1315526889881038850
1315527618498707457
1315529829366657029
1315532654666829824
1315537684857724929
1315542661135249411
1315542718135914502
1315543152384602113
1315547751703212032
1315548401337999360
1315552784389861377
1315557817437188098
1315562854351695877
1315562854351695877
1315565994639650817
1315567883917783040
1315572917040812032
1315572954835546117
1315577951635804162
1315582983680786432
1315588016514183168
1315589653253160967
1315590434727563264
1315593050786353152
1315598926502752256
1315603115832270849
1315609192833540096
1315613182489055234
1315618215503036417
1315619823452213254
1315619968814178310
1315623204887519232
1315623251729473537
1315628281874571270
1315630338496839680
1315634955590934528
1315638349554741249
1315639850435895296
1315644942690054145
1315646927787061249
1315650281854570496
1315653451708198912
1315654206297010177
1315656858506457089
1315659896935702528
1315663462903627777
1315667275358244867
1315668955260833793
1315671924144435201
1315673580810584064
1315676754476822531
1315677938260508674
1315678078996303872
1315678614117965824
1315679693039906824
1315679847658774528
1315680390166777856
1315681181694861312
1315682269336608769
1315684118466899968
1315691309513015296
1315695430995529728
1315698951606149122
1315699287964168195
1315701491630571521
1315703204261384194
1315704643780071424
1315705673372626948
1315706699366502401
1315709405900480515
1315714106868076555
1315714648432402432
1315719696260444162
1315723413059756034
1315723773530824704
1315725235904221194
1315728951419957248
1315729126112874506
1315730106988535810
1315730200127307781
1315731736123371521
1315736495412531200
1315737493946462208
1315744048682942465
1315744597407150087
1315745118142562304
1315751595267719168
1315758665626988549
1315759145975382018
1315759396023083008
1315760280689938437
1315760422516072448
1315766026752143365
1315767061222690816
1315767140776112128
1315771760760033286
1315772715689750528
1315774965011099651
1315780777641209856
1315781915157331968
1315786319352786944
1315789345559703553
1315792162324439041
1315794376233234432
1315794497146560512
1315799409301565441
1315804442621427714
1315809475912056832
1315814508816859137
1315818391232372736
1315818395351183361
1315818392339668992
1315819543743221760
1315821884391399425
1315822671762919424
1315824575264043014
1315829608336355329
1315831932408659968
1315834115703205890
1315834642214379520
1315834761475026944
1315837160201674754
1315839675362349057
1315844707797340162
1315846088180465664
1315849743600320512
1315853395371061251
1315854774252773376
1315856284130836480
1315856811765850112
1315859807341998080
1315862324012490753
1315864842784317441
1315869873701093377
1315874906899451904
1315879941154639873
1315884973358895104
1315890006255378433
1315895040854482944
1315896420059152385
1315897332542525441
1315900072601755648
1315905105938411520
1315910142697693185
1315910473108189184
1315915172159066113
1315918088986980352
1315920205382668288
1315921990553792513
1315925243102474241
1315927755213606912
1315930271816970242
1315938432179343361
1315940344559628288
1315942854800281603
1315944387336048645
1315945371256799234
1315950404547440642
1315955067879526407
1315955439217958914
1315960471065780229
1315961340599562240
1315965503811268613
1315970539060555777
1315975570346381314
1315980603444076544
1315980643457626112
1315985636822671360
1315990670327250947
1315994137150148610
1315995474147438593
1315995702967898112
1315998470705016833
1315998572886675457
1316000743111835648
1316004466047348741
1316005769251151872
1316006389118988289
1316008343480094721
1316015840240730112
1316019621758083072
1316020869538344968
1316021426835451905
1316025902606675970
1316028631076884482
1316031235777392640
1316032579166859264
1316033759699857409
1316034201334894592
1316045573942841344
1316046005515804672
1316046174693011457
1316046307224629248
1316046598875602954
1316046788709814272
1316047219477417984
1316050146656952320
1316053724754849800
1316054800904183814
1316056732326653954
1316056790937763843
1316060710909218819
1316061246219788288
1316065460945850370
1316067363205382144
1316068788048146435
1316069010048458752
1316070072906121217
1316070722565963782
1316070964392857600
1316072380045942790
1316073003688566789
1316073742179741697
1316073742179741697
1316076932648316930
1316078538081161224
1316081168417271810
1316082353509478401
1316086212113948672
1316086781901766660
1316087406437822464
1316088189787013122
1316092192415518720
1316093413742325760
1316098828307697664
1316099107149279232
1316099231044775948
1316099340281303047
1316104176942960647
1316107192777539590
1316111686798114817
1316114054717599749
1316114080781021192
1316114295269265415
1316115562397872129
1316116786694230017
1316117197291429890
1316117286806323204
1316120906754908172
1316124414333923330
1316124755372707842
1316130128863338504
1316131201468502017
1316138210804805637
1316143498928754690
1316143964181979139
1316146031659290624
1316147813114359808
1316148984692518912
1316150188256493574
1316150501365501958
1316150618906669060
1316151734981603328
1316154936183447554
1316156764237099008
1316160705872232454
1316162160934830080
1316166834064769024
1316171863714791424
1316176344028344321
1316176897131208705
1316181933097914369
1316186963217657856
1316189598419087360
1316193537491300352
1316194314825789441
1316197030855761920
1316202062565330945
1316205562887979008
1316207095633661953
1316211799956418560
1316212130543173632
1316214092776972288
1316224124344098817
1316228128948121600
1316232226837725184
1316233667191042049
1316234023077724165
1316235470901186560
1316241777980923904
1316247361052536833
1316248701304619009
1316250196544634881
1316257869314969600
1316258231858065408
1316263597585047553
1316268760047611905
1316272292364611586
1316273738384506881
1316276693628198914
1316280333642338311
1316287629911035904
1316290143146266625
1316292659519123461
1316296279777894400
1316297692780339200
1316302730936213508
1316302975631933441
1316307759068065792
1316312792203440129
1316317826676748288
1316322858583363584
1316324648976412676
1316327892108804096
1316330408431112192
1316332925382799361
1316337958186872833
1316342991317946375
1316348027339235328
1316350203763384320
1316352126382043136
1316353057697878016
1316355453345914880
1316358090682363904
1316362512942596100
1316363126267277312
1316365361424420865
1316367752010051585
1316368157255315456
1316369140802674689
1316373190285828096
1316378225153437696
1316383256720236551
1316388289704726531
1316393332193529857
1316397263501975553
1316398150727487489
1316399440421253120
1316400875435368449
1316403389404676098
1316409251108192257
1316409275783294987
1316411399556431872
1316412325277184005
1316412711928987648
1316413580007419905
1316415974707392513
1316417245124362241
1316419131659386880
1316423528325865473
1316424704253743105
1316424936408350722
1316427581839806464
1316431073237106689
1316432330253389824
1316432580183576578
1316433588301094913
1316434625393242112
1316434847133384706
1316436406978457600
1316436430353293318
1316437649935261696
1316442396679458823
1316443257765797889
1316443363508465668
1316443653003505670
1316445269152727041
1316446196110483456
1316446633547239428
1316446894411915270
1316449019594502147
1316449320414085122
1316449584235909127
1316450645075951616
1316450980037193728
1316451001264672774
1316451088225185799
1316455198055952386
1316455396362592260
1316461343956971520
1316469259929825284
1316469783764840448
1316470569731325952
1316470608302137348
1316471796112261120
1316476227356635155
1316478069356597248
1316483074348265473
1316483921845063680
1316484459009658881
1316484760651345922
1316486137733476354
1316487371865677831
1316489524650946560
1316490064122314754
1316493285561597952
1316493366629105665
1316494625268469760
1316498551782989824
