1245669324217450496
1245669326847279105
1245669330907303937
1245669328587898880
1245669954424373248
1245670195957395456
1245670197593174016
1245670698044887040
1245670696899850242
1245672083402588167
1245672087852703745
1245672086586023936
1245672085130641408
1245672092151894018
1245672090637762562
1245672089366884352
1245672096660729857
1245672095050153984
1245672093460520960
1245672209819021312
1245672213308563463
1245672211672739840
1245673719822868481
1245673718241607680
1245673724147163136
1245673724147163136
1245673722775662592
1245673721454444544
1245673727196401664
1245673726152040448
1245673725124476928
1245673729562013696
1245673728542789634
1245673845442236418
1245673847791050752
1245673853415612422
1245673851318497285
1245675619519565824
1245675623260893185
1245675622145261569
1245675620824055808
1245675627253886978
1245675626079506432
1245675624724721665
1245675630470950914
1245675629632057345
1245675628428283908
1245676745505693696
1245677242635542535
1245677240811057152
1245677243738685440
1245678123540070403
1245678120289484800
1245679145893261314
1245679144257515520
1245679148179140608
1245679506058178562
1245680639040352259
1245680641397551109
1245681017387532291
1245681649351659520
1245682401486888962
1245682403521134592
1245682408894038018
1245682414069768193
1245683911989940224
1245683913894199296
1245684433652305921
1245684438593200129
1245685421960388609
1245685420177776640
1245685418378448897
1245685426272096256
1245685423940067328
1245685430055387136
1245685428121784320
1245685433637326849
1245685431858909184
1245685435092709376
1245685543330959362
1245685542227816450
1245686175030857728
1245686177568415744
1245687183102447616
1245687186726342656
1245687937464852480
1245687940182761472
1245687938802806784
1245689968430690304
1245689971215749125
1245689974697033734
1245691587335557121
1245691586190561282
1245693222820573188
1245693224254988290
1245694490523791362
1245694858850783237
1245694857277870080
1245694860725645312
1245695752279478274
1245696624250073088
1245696622341713923
1245698519672881152
1245701022942543873
1245701027656949768
1245701024976752640
1245701032635584513
1245701029867294721
1245701035198263301
1245702156302209024
1245703540070215681
1245705050330038274
1245708073374633984
1245712098702704643
1245712105510072321
1245712102125256704
1245712108555079680
1245712112606822404
1245712110702608385
1245713871169437696
1245713872972943366
1245718638834749441
1245720150550011907
1245722164096950275
1245723436069998597
1245723805097398274
1245724810111410176
1245725560258457600
1245726442094120960
1245726440567398405
1245726446506532866
1245726445025939456
1245726443587244034
1245726450650501120
1245726449367056386
1245726448033206272
1245726452777025536
1245726451745226752
1245727455874125825
1245727458772451335
1245727462488592385
1245727950583910400
1245727954425933826
1245727958213357569
1245729087592652802
1245729084979593218
1245729717820350464
1245730983879389184
1245730982335938563
1245730985297072128
1245732226504871938
1245732859395985409
1245733737913970688
1245734763047972864
1245734767149977600
1245734765367418880
1245735246764498948
1245736508499185666
1245736505886142464
1245736510462152704
1245736765706493953
1245738517847617542
1245739531782852608
1245740030896648192
1245740033740394502
1245740037435604993
1245740044389761024
1245740040686166026
1245740046428209152
1245740408895758336
1245740407570325504
1245740406437867520
1245741042508296192
1245742301021782023
1245742298505203712
1245742924995817473
1245744437453410306
1245744441245106178
1245746349385093120
1245747352591200261
1245747351320276992
1245748835369938944
1245748837127294977
1245753370641481729
1245753998302269440
1245754001980665856
1245754000957263872
1245753999774470146
1245754004434386945
1245754003293720578
1245754886420959233
1245756513022435328
1245758024205000710
1245758022250422272
1245760670273921025
1245760919172304897
1245760917247148032
1245764819719839744
1245767596143546369
1245767594402959360
1245767592842653697
1245767600476278784
1245767599209644032
1245767597842264064
1245767604771246082
1245767602917408768
1245767601524838400
1245767606084108288
1245768095232184321
1245768093940346881
1245769228067586050
1245769226737991681
1245769231372709888
1245769229665734660
1245769601826185216
1245771988225802242
1245773626093088768
1245773624738340865
1245775773127991297
1245775771643215873
1245777286516764674
1245777290132213762
1245777295714836480
1245777294485938176
1245778535416922117
1245779041342251008
1245780309309718528
1245780309309718528
1245781064632504320
1245781066385723392
1245782695650529280
1245782693893140489
1245782692341276672
1245782700285284352
1245782699056320512
1245782697831612416
1245782696669802496
1245782702608904193
1245782701354803201
1245783192046415872
1245784584190431232
1245784589806653440
1245784700636946432
1245786334456713221
1245786337300467713
1245787844880158720
1245788227597828099
1245789618764578817
1245792373428211717
1245793903443193857
1245795268148097024
1245796276307783685
1245796274374246402
1245796776952487936
1245799796801077248
1245802695652339716
1245805158442749952
1245805801924681728
1245806971933962240
1245812005799211013
1245812010077454338
1245812007741173760
1245812011574820864
1245818557327241216
1245818559738941440
1245820316435152903
1245820320520343552
1245820325427687424
1245822081473720321
1245822086464995328
1245825341265936384
1245825863267966981
1245825860067704832
1245825867101560832
1245838049088397312
1245838680679301122
1245838684781305856
1245838682705154050
1245838687620853760
1245838691634794497
1245858061828251650
1245858064374173700
1245859828099985411
1245859830851489796
1245866867165556737
1245866864367915009
1245866872106442752
1245866876250361856
1245882092254158849
1245882095735472128
1245882094506496002
1245882093403426816
1245895055937687552
1245909153383473152
1245909156852142081
1245909159515586560
1245910524082020353
1245919214264676353
1245931548148248576
1245931554641084417
1245932050529447936
1245933556490067974
1245937079055343617
1245937082461085696
1245937085627785216
1245937092384833540
1245937089289392130
1245937095002087424
1245937101259943936
1245937098110074883
1245937103097040896
1245937205681373184
1245937204423057411
1245937206868316160
1245942874673278981
1245943880882634753
1245944389266014208
1245946894842384384
1245947396242075649
1245947401505923072
1245947398792216576
1245949171971919873
1245949168612339714
1245949431133978625
1245950165472522242
1245951302133092355
1245951300488986628
1245951303466901504
1245951676634324993
1245952938935123968
1245952937530028033
1245952936221368322
1245953434823430145
1245954696025493505
1245954698999287809
1245954697619361793
1245954702367318016
1245954700744077314
1245956204481744897
1245956704765911040
1245956716400791552
1245956721673039872
1245956725284298754
1245957842776907777
1245958727066251264
1245958726164463617
1245958723777908736
1245959723347628032
1245960354758373376
1245960492708810752
1245960496823422978
1245960494692724736
1245961747388936192
1245962245017751555
1245962248834527232
1245962252408111104
1245962748007043072
1245964258694717441
1245964263220338688
1245964261798449153
1245964260129177601
1245965263213740036
1245965516675547136
1245965519699603456
1245965525630386178
1245965522795024385
1245966400948031489
1245966404555165699
1245966403045228544
1245966792197054464
1245967034829000707
1245967038222200832
1245967907823079424
1245967906761891846
1245967908909412352
1245969805863038976
1245969811001106432
1245969809755361281
1245970557046226944
1245970555909496832
1245971691387244546
1245971690107985920
1245971687700492288
1245971692536524802
1245972070187569152
1245973318894669825
1245973320928915457
1245973323760058369
1245974957776973824
1245974956543885313
1245974955553992704
1245976850200809472
1245976854814576640
1245976853107494912
1245976857217908736
1245976855984795650
1245977095546814464
1245977595558023168
1245978602883043334
1245978610768293889
1245978615591796736
1245978620301955072
1245978618838171649
1245978623577751552
1245978622529134593
1245978621509959680
1245978862741155840
1245978867598127106
1245978871054233603
1245979106048499712
1245980885091905536
1245980882592096257
1245980889797898240
1245980888560627712
1245980887411376129
1245981868715134976
1245982377664335872
1245982759866130432
1245982758242902017
1245982756833648640
1245983894358249474
1245983897344561153
1245985150334189574
1245985153572204545
1245986412895154176
1245986415139123200
1245986420184895488
1245986420184895488
1245986424702111745
1245986429789847552
1245986427982118912
1245986909874159616
1245987914174967808
1245987912988016640
1245987917366849536
1245987915663994881
1245989421809143808
1245989932507643904
1245989931060617217
1245991061161259009
1245992205451431937
1245992452722319364
1245992456241295362
1245992460255297536
1245992464831221760
1245992463489097729
1245992462230810627
1245992466269917191
1245993195923599360
1245993194837299201
1245995965791604736
1245999110886281216
1245999524801327105
1246003641950953472
1246004398758625281
1246004397408059392
1246005025819594753
1246005656240263169
1246005655216906240
1246005654235435009
1246006537719439360
1246006536188526592
1246006534313672704
1246007164348420097
1246007288357441538
1246008171702800385
1246008170461323265
1246008174240391168
1246009682109419520
1246009932568117248
1246009931506937857
1246011190955741186
1246011566832537601
1246011571089764354
1246011569135181825
1246012573352218625
1246013461739393031
1246013463186423808
1246013837049884672
1246014613050855425
1246015363420020736
1246016599808552960
1246018112769544192
1246019621880119298
1246021142055227399
1246021145905606656
1246021150875906048
1246021149277876224
1246021154847879170
1246021153564450817
1246021152373264384
1246021259403522050
1246021258216538112
1246021261651664896
1246021260607275008
1246021633489264640
1246022206121017344
1246022642433318912
1246022640973692928
1246022646677946369
1246022644375244801
1246022651325214724
1246022649823674369
1246022908075364357
1246022906762555392
1246024152382754816
1246027297573892096
1246028686186311680
1246028685112537088
1246030066665943043
1246030064497512451
1246030068259811328
1246031577332813824
1246031581468221443
1246031580260257797
1246031579006111745
1246032084612730880
1246032083085963264
1246033088586510337
1246033840407281664
1246034600838574080
1246034605888524291
1246034604877737985
1246034602717667328
1246034609915060230
1246034608673570816
1246034607285211136
1246034613748695040
1246034612507176960
1246034611177574402
1246034723056406528
1246035737285259270
1246035740393267204
1246035738870689792
1246036105515782145
1246036108636336128
1246037370182352896
1246037371826495489
1246037866448187392
1246039008200687619
1246039011476398080
1246039016257929216
1246039768531525633
1246040640342781954
1246040639101272064
1246040638065278976
1246041012188745728
1246042524889710592
1246042526860972035
1246045541332475906
1246048313146609666
1246048311158558720
1246048309573111808
1246048317328375808
1246048314803380227
1246048321577218054
1246048439034494977
1246050206140907520
1246051076408635392
1246051077868249089
1246051850031222784
1246051854489751559
1246055621733920768
1246055631271768066
1246055633595404290
1246057127480709121
1246057497594494977
1246057500358524928
1246057499234430976
1246058374996709376
1246058376598941696
1246059130931965953
1246061019970940928
1246061018565861376
1246061654409744385
1246062654373814272
1246064430166601733
1246065935984685064
1246065934822813699
1246067182657605633
1246067184125632512
1246068825168044034
1246070333838254080
1246073734105985029
1246075244499963909
1246075992671539206
1246076623566163968
1246077014630486023
1246077011325407233
1246077018136956929
1246077021391712257
1246077019764359169
1246077027070775300
1246077025963532293
1246077024642297856
1246077023367213065
1246078136103534592
1246079640029945856
1246079643607650305
1246080147528331265
1246080785188139010
1246080788094832642
1246081282024431617
1246081288164896769
1246083041270747136
1246083042550018050
1246084550972719106
1246086068614483968
1246086833705910273
1246088452023545856
1246088450798792706
1246088453286051842
1246088575843622912
1246090086447370241
1246090084438274048
1246090465394343937
1246090463079100418
1246090467206291457
1246091103490568193
1246091102035144704
1246091106653093888
1246091105025675264
1246091111325564934
1246091110226644992
1246091109039628289
1246091107961692162
1246091469179387909
1246091469179387909
1246092356253675520
1246092360406061057
1246092362947805184
1246094360548012034
1246094362729041921
1246095632487428096
1246096381036466176
1246096388720480260
1246098017091911680
1246098023811145730
1246098020711555073
1246099019966763008
1246099910522359808
1246099908949467136
1246099907523407873
1246100782224527363
1246100781310205952
1246101931430301697
1246101929844813830
1246102166307139584
1246103435398676482
1246103440658481152
1246103807425040385
1246103805952835584
1246104560931758080
1246104566447267840
1246104565176348673
1246104563616067584
1246104570578628609
1246104569358118912
1246104567873286144
1246104574408065026
1246104572902293504
1246104571815972864
1246105187913105409
1246105191725723648
1246105196335259649
1246105194309378048
1246105199279624192
1246106196177641474
1246106825797197824
1246106828225708033
1246108086252650497
1246110484132065280
1246110848583479297
1246112748120862721
1246114252995215360
1246114256979808256
1246115761539579904
1246117644966617088
1246117647990714368
1246117646656876544
1246117649328697344
1246119603782254593
1246119787463229441
1246119792416657408
1246125068159037440
1246125698038648832
1246126951871295489
1246128337660997632
1246131117272391680
1246132876464107520
1246132880528379905
1246132879043641344
1246133251757858816
1246133250583494657
1246133249396469761
1246133254110896128
1246133253020377090
1246134387214712832
1246134631042187264
1246134629670637568
1246134627942535168
1246135636592975872
1246136649135742977
1246136645969043461
1246137412054421504
1246138284255801344
1246138658454831104
1246140173735227397
1246141685337333761
1246141803964682240
1246141806259007488
1246141805214625792
1246143704076705792
1246143702017294336
1246143706593259520
1246144445013094405
1246147592230035456
1246147590611038208
1246147595442896896
1246147593911980033
1246147600782245889
1246147599393931264
1246147598102065152
1246147596722176000
1246147603202338817
1246147601897934848
1246147716935110656
1246147719065825280
1246148096850972672
1246149227501109248
1246149224783163393
1246149229698936832
1246149233440260096
1246149237831634944
1246151245565329409
1246151248883019776
1246152751182012416
1246154257067204609
1246155768014897153
1246161054503038976
1246161556208881664
1246164453231452160
1246167853041999872
1246171125740077058
1246174396844093441
1246174394931535872
1246174400237322240
1246174403232067584
1246174408076431360
1246176405747953664
1246178801605730304
1246180306983350274
1246180308275216384
1246181942568972289
1246181941218430976
1246181944112513025
1246183952785625088
1246183954375249920
1246183957147705345
1246187488206450688
1246189115734806528
1246194776367456256
1246201445889626113
1246210882968752128
1246222212467527680
1246222213981728768
1246224093101174784
1246271550212407298
1246273420737671168
1246273419554910210
1246273423015153665
1246273421903716353
1246286640609255424
1246286645323640832
1246286643222343680
1246286649564123136
1246286648435830790
1246286647416651777
1246286646338711552
1246286650574950400
1246292293964849152
1246292292924661760
1246294179090542592
1246294180357263360
1246303992683982849
1246309538367561728
1246309535989387269
1246309540372418561
1246311300214317056
1246311303452344320
1246311301753667584
1246312200534441988
1246313308828794880
1246313307385917442
1246313310519058432
1246315321163567106
1246315318567264258
1246315323260678144
1246316827405217792
1246317210030620672
1246317212954030080
1246317211469246465
1246318845511340033
1246318848606785536
1246318847096803328
1246320605999194112
1246320610428350464
1246320608347951105
1246322368877694976
1246322367829135360
1246322371809570816
1246322374544216064
1246324135933796353
1246324141541613569
1246324144163057665
1246326142442717184
1246326145684926464
1246326144128831489
1246327903727439872
1246327909612052480
1246327906919272449
1246328404783198209
1246329918645927937
1246329917312077829
1246329916024475648
1246331557985447936
1246331557985447936
1246331556588711940
1246331560237752320
1246331559004655618
1246333441102110720
1246333446139469827
1246333442553339904
1246334196399747073
1246335203011772417
1246335202076459010
1246335203963891712
1246335453378146304
1246336966724956161
1246336970449547264
1246336974618652673
1246338471288909825
1246338848298110978
1246338849376063488
1246339989484343297
1246350298311847936
1246350300216086533
1246350303202439171
1246351810001899521
1246352320096391168
1246352317709840385
1246353331443740672
1246353334220361728
1246353338842533889
1246354203666034693
1246354206149079041
1246354205108916224
1246355335448678400
1246355334127448065
1246355332856594433
1246356337631481856
1246356336700321793
1246356338977828865
1246356841367396352
1246356845872025604
1246356843779117059
1246356849705635840
1246356852939476992
1246356858320740353
1246356855040782336
1246356863047757824
1246356861353226240
1246356864381513728
1246357220721184769
1246357847920611330
1246357849120206848
1246358228687917056
1246358481747099648
1246358480635625473
1246358479368929281
1246358486163677184
1246358485094158336
1246358484066529281
1246358482942439426
1246358489527513088
1246358488424411136
1246358487321309184
1246359739241353219
1246359737924370433
1246360117374672896
1246360115621416961
1246360119962554369
1246360124366548992
1246360127826845701
1246360131249430529
1246360136983007232
1246360134915252224
1246361890030145537
1246361895264645120
1246361894052478977
1246361892425097216
1246361897516937217
1246361896388714496
1246362644761608192
1246363514299547648
1246363513074810880
1246363515415179266
1246364014109552641
1246365411613917190
1246365417477529601
1246365415757889537
1246369550423060481
1246370057434746880
1246370054901399553
1246370058579791874
1246370939182256128
1246372447500132352
1246372446296408064
1246372445000314880
1246373957269250051
1246375215224901637
1246375594444468224
1246375592435396610
1246377609442680832
1246380749491601412
1246380751752314880
1246382261458464770
1246383652017061889
1246383650834280450
1246383648900706304
1246383656194605056
1246383655145975809
1246383654160367616
1246383653069844481
1246383659289993216
1246383658174308352
1246383657293508615
1246385160930508800
1246385786427035648
1246386412003282944
1246388433481650177
1246389940696408065
1246390311946838016
1246390820028035072
1246391449530187776
1246392081653755905
1246392455634640897
1246392838612340736
1246393714043310080
1246393712684367873
1246393711686070272
1246394090591150083
1246395479077732357
1246395477030866946
1246395480214343685
1246396862677934080
1246396860090036225
1246396865047756800
1246396868365414400
1246396875839639554
1246396872987529216
1246396878205280256
1246397366841659392
1246397365415636994
1246397368250986499
1246398628664508416
1246398626223415296
1246398997733855233
1246398996588814336
1246398995359887362
1246400256998166528
1246400761061183488
1246401894844526592
1246403160878374918
1246404659708747777
1246405792699310081
1246405795291336707
1246405793827586049
1246406422465622016
1246407557851185152
1246407556303441920
1246407681927086081
1246409191171874816
1246409438505750530
1246409442771390465
1246409440678404096
1246411705585811456
1246412981203693571
1246412985238614017
1246412987184730112
1246413341179793408
1246414474816282624
1246414473306337286
1246415107195670529
1246416244355391488
1246416241905958917
1246416247580844032
1246417622700179458
1246417998283300864
1246418002876067840
1246419759039533057
1246419756749447170
1246420766700105731
1246421395220774913
1246421393706602496
1246421396630077440
1246422538835513346
1246426055184793602
1246426060247298050
1246426058334695424
1246426056833130496
1246426064533909504
1246426063330144256
1246426061899890688
1246426068497485825
1246426067214036999
1246426065972523008
1246426932465430533
1246427938771222528
1246427943095513095
1246427942143447042
1246427940985794563
1246427939769466885
1246427947788931080
1246427947788931080
1246427946593615877
1246427945314308097
1246427944089563136
1246427949038891009
1246428313792286720
1246429590618345472
1246429830792372225
1246431461302915073
1246432843405787136
1246433355635122178
1246437143083249664
1246439892168540162
1246439895632990209
1246439897935646722
1246444042201649153
1246446183108628481
1246447070614966275
1246448075939270658
1246448074806837248
1246448073280081921
1246449961169895425
1246449967645904898
1246449964063965185
1246449970456059904
1246452096846548992
1246452101728763904
1246452100306833410
1246453733300375553
1246453735133310976
1246454247933112320
1246454871349317632
1246454874339807232
1246454873056366592
1246454879675011072
1246454878391566336
1246454877196173312
1246454875904282625
1246455504064278528
1246455502604648449
1246455505389641729
1246455871267155974
1246457129323466752
1246457261481840643
1246459028118503426
1246460021329674240
1246462545554075648
1246463042809815041
1246465814959513600
1246466315197378561
1246466319379120129
1246467321993953281
1246467952875986946
1246467951101751297
1246467957061857280
1246467955807797248
1246467954583035905
1246467959209385984
1246467958135640064
1246468330736640000
1246468833256198144
1246470341934714880
1246471097387642880
1246472608507289603
1246473109374267403
1246473992908599296
1246474498355806209
1246475505026514944
1246477267259146245
1246478019062947840
1246479530488786944
1246480914189701120
1246481668233289729
1246481666937204736
1246481665519538177
1246481672423391234
1246481671332888576
1246481669483188231
1246485887543902214
1246486074152513541
1246487580985536512
1246490357145075713
1246491858483601409
1246494756672135169
1246494761424277504
1246494766767812608
1246494770748252160
1246494769552822274
1246494775735250944
1246494774518939651
1246494773172531201
1246494771972988929
1246496262787960832
1246497274525437952
1246498906558459904
1246498905568628737
1246500798365761541
1246500801230458885
1246500799871471616
1246502434337251328
1246502437310980096
1246502436052729857
1246504322034094080
1246504323770486784
1246505572150571008
1246506082144415744
1246506079757852673
1246506084983926784
1246509606458679296
1246509603623276545
1246509609705017344
1246509613928701953
1246509617447755776
1246535017896873985
1246535898440675328
1246536026505396225
1246536776753139712
1246536780452466688
1246536778699296768
1246537662049083392
1246537660497158144
1246538546615218176
1246538544446726144
1246540183274582016
1246540552562081792
1246545837112492032
1246550623656402944
1246557678291181569
1246564593385631744
1246564592022519809
1246564590592245760
1246564594480369665
1246568244321738754
1246575799261483009
1246620077564153856
1246620839396564994
1246620838125686785
1246620836632481793
1246620842127003648
1246620840851996672
1246640466558246912
1246648013675610112
1246648015495942144
1246648899336470530
1246648898082365440
1246648896635297792
1246648902079541249
1246648900842213377
1246663117708251136
1246663122464591872
1246663120027705344
1246663126595985409
1246663125476077568
1246663124071010313
1246663129070587904
1246663127896227840
1246665135134896135
1246665137856999424
1246665143297032194
1246670542079475715
1246672046962040832
1246672049252102145
1246672048274857984
1246673809395990528
1246673808288649217
1246673806942326784
1246675444381782016
1246675447997288450
1246675451377926150
1246675454716596224
1246676447076343811
1246676451228651520
1246676449718718464
1246676448477204480
1246676455154536449
1246676453917257729
1246676452495339523
1246676456630972416
1246677456938885122
1246677461590392832
1246677459375812610
1246677463607869440
1246679239388213249
1246679344887418881
1246679348024770562
1246679346720325633
1246679849546084352
1246681107023585280
1246681105807208448
1246681110374842370
1246681109489836033
1246681108298649600
1246682993634054147
1246682992321282048
1246682995588648961
1246685014768533504
1246685019482886144
1246685017515819008
1246686647950798848
1246686646642176002
1246686651541147649
1246686651541147649
1246686650496724992
1246686649221648386
1246688275290419200
1246688277643452419
1246688276355801089
1246689793833979911
1246689792370167808
1246689797499805696
1246689795457216514
1246690292490616832
1246690291005849600
1246690290074701824
1246690293706919938
1246691802058350592
1246691804704952320
1246691803400560640
1246693564035158017
1246693568736976898
1246693567248007170
1246693565750628352
1246693570012037121
1246695324363571200
1246695328490741760
1246695326716575745
1246696080378433536
1246696961979199489
1246696960922288129
1246696959684956161
1246698718968999936
1246698721288413184
1246698720172756993
1246699476904894466
1246700485085548544
1246700483953094657
1246701240102178816
1246701238168637443
1246702876002406400
1246704641955397642
1246704640055377921
1246704645214334983
1246704643544977408
1246704647739297792
1246707529758855169
1246707911134347264
1246707915961950208
1246707914103853057
1246710682105425921
1246711810134179841
1246712815517220864
1246712816913928201
1246714071887446017
1246714576999051266
1246716339357495296
1246716338241851397
1246716336987750401
1246718227306041344
1246718230120390657
1246718234121736193
1246718232423059458
1246718237837905920
1246718236525072384
1246719736273965056
1246720740633661441
1246721621869514752
1246722254999678976
1246726785510731776
1246727916060160000
1246728552134787073
1246728550104760322
1246730176911663104
1246730175414333440
1246730178237059073
1246731938464845826
1246731937248497665
1246732945018109952
1246732943227146240
1246732948650389505
1246732947215933440
1246732946146349057
1246732949862502400
1246733699774726144
1246735346559094784
1246735593783975936
1246735599165308928
1246735601988038657
1246736596407209984
1246737351931383808
1246739110057787392
1246739113606148096
1246739111634817024
1246744149602131971
1246745656259043329
1246746161005735936
1246746163056742401
1246746168064790528
1246746165820841984
1246746174150721538
1246746172888252417
1246746170849775616
1246746176356941824
1246746175157317632
1246747415014592517
1246747416109305858
1246749179273072640
1246749178027372546
1246750441896996864
1246750444614905857
1246751324495962115
1246751824188567555
1246753207172255745
1246753211710464001
1246753210322190337
1246753208799596544
1246753212998115333
1246754717100699650
1246754718493192192
1246755097343746050
1246755096232210433
1246756476720275457
1246756855667232768
1246756853108707330
1246758492456640512
1246758490531459073
1246758496185364481
1246759494631059458
1246759498556964864
1246759496350724096
1246759500842848264
1246759504114409472
1246759511727075328
1246759508807806976
1246759514314956801
1246759513236975617
1246760505844195328
1246760507425488897
1246762137717858304
1246762772638994433
1246764027839053824
1246764032855396355
1246764030720536576
1246766052471529473
1246767929795825666
1246767928701145088
1246768813678313475
1246769695295803392
1246769692259188736
1246770026264375298
1246771579800842241
1246772581241253889
1246772585422917632
1246772583841726467
1246772582709219328
1246772589411745792
1246772588308623361
1246772586744176640
1246772592351969280
1246772590992977920
1246775353063772160
1246775355739738112
1246775354477301761
1246777370872147970
1246777369026682880
1246778876052688896
1246779252470509568
1246780514322673664
1246780889343741954
1246780891038273537
1246783654627381254
1246783658763026432
1246783663737425921
1246784673256075264
1246784676930277377
1246784678511570948
1246786425300733953
1246787051267092483
1246787053783666690
1246787052554731520
1246788063532998659
1246789446093045760
1246790956075986944
1246790953387487232
1246790957376274432
1246795484158504960
1246797120616558592
1246798882182287360
1246800645429968896
1246800646554058753
1246801522026893312
1246803791267024896
1246803793561280513
1246805425434931201
1246807062270492672
1246807060827607041
1246807059321905152
1246808835525771265
1246808837933285376
1246810331663368193
1246810335668924417
1246810339225645059
1246812099243675648
1246813868854104065
1246813868854104065
1246815241368817667
1246815240097914881
1246815244975931392
1246815243839234049
1246815242610302978
1246815246045462540
1246815615576190976
1246816247754321922
1246817642091962368
1246817646114254849
1246819392211447810
1246821281002995712
1246821282487734273
1246822158703067136
1246822790423969792
1246822789325017089
1246822788217724928
1246823421075324929
1246824804168036352
1246824805317238784
1246824927329579008
1246826314679508994
1246826564936814592
1246828074684932098
1246829211446169600
1246829216613556224
1246829213916651520
1246829219050479617
1246829455210766337
1246830473428512768
1246831217594400770
1246831219502764033
1246832735655624707
1246832738474151936
1246832741498281984
1246838769828769792
1246843297286336513
1246843300750872576
1246843299047985154
1246843303405867008
1246843307260403713
1246843311421132801
1246843315460300800
1246849342004060161
1246850477418921989
1246850476097720320
1246850478958186496
1246852238749777920
1246852236925235201
1246852240087777281
1246853747394789381
1246854377278558210
1246854380415889408
1246854378876588033
1246855253825220614
1246855252764057601
1246855886645018625
1246855885059575808
1246856010116947968
1246856009076723712
1246856007856214016
1246856006656593920
1246856013292036096
1246856012272816128
1246856011303931909
1246857898602328064
1246859532766076928
1246859531545489408
1246861545763532800
1246861547567067147
1246862423711088640
1246863809777549312
1246865198499024896
1246866959779516416
1246868089368502273
1246868843479228417
1246869981410689024
1246869979095371776
1246870993513005056
1246872244703260673
1246872246804557827
1246875514477752320
1246878026593267713
1246880547420307456
1246881425824964608
1246882558249299969
1246885084260524032
1246885088186347520
1246885093777408000
1246886603752013825
1246888097653993472
1246895148262281216
1246896912990474242
1246897403887673344
1246897406475550720
1246897409025691648
1246898792202305536
1246898791044665344
1246898793259253760
1246900432045133824
1246900430140887040
1246902188657393664
1246902190142177280
1246905708387303425
1246909487132241920
1246909484523343873
1246909489539764224
1246912264084455424
1246912261244858368
1246912267280470016
1246913020418125826
1246913024335597569
1246914645853474817
1246914644519743488
1246916406773342208
1246924333773185029
1246927862222876672
1246927867172106240
1246941065468231681
1246941066978136064
1246941701756702720
1246941707729391616
1246941704491425792
1246941710694748160
1246955037865078786
1246955036338319360
1246955033788157952
1246955041442787328
1246955039781871616
1246955046152966144
1246955045091852288
1246955043363811329
1246955048615047168
1246955047415472128
1246956550297497601
1246956553397088257
1246959317355393025
1246959316185145344
1246970387356717056
1246970386123599872
1246970384911495168
1246978697715802113
1246980453849939968
1246984239427407872
1246985741919350787
1246989521113067520
1246994543251050497
1246997440923725824
1247003614314283008
1247006878686531584
1247011419024961537
1247027766928629761
1247029537013035009
1247031559452012545
1247034305903071233
1247034308298043392
1247034307048136704
1247034574431019008
1247034686959783936
1247034685626056704
1247034684350971904
1247034810565922816
1247036196250771456
1247036195084718080
1247036193969025024
1247036325934403585
1247037340180193285
1247037844834697216
1247037843790123009
1247038336662794240
1247038345256914945
1247038352118841344
1247038349728088064
1247038832962408449
1247038839043928064
1247038844169367553
1247038842802077703
1247038847025696770
1247038849781338113
1247039342771671040
1247040227182440449
1247040225915727873
1247040224493850624
1247040228440694787
1247040447010287617
1247041982955831296
1247041981756239872
1247042111385374720
1247042108386455553
1247042114501787648
1247042117572210689
1247042876636356608
1247043999044521984
1247043997685538816
1247043995697475585
1247044000210542592
1247044877147418626
1247045756185235458
1247045884136701952
1247045882421248001
1247045882421248001
1247045887206944769
1247046641024032768
1247047396321714183
1247047395109560320
1247047393654104069
1247047993804685316
1247048410189811712
1247049153785376768
1247049157639954432
1247049156478160896
1247049154984996865
1247049406764875776
1247051044519059456
1247051043344547840
1247051047958228993
1247051046762889216
1247051045739495426
1247052932572315650
1247052929661407233
1247052935227310080
1247053946213904384
1247053951398117376
1247053953893715968
1247054819371536384
1247054818234863616
1247054816695574528
1247055453088927745
1247056710843240448
1247056708406394880
1247056715624747010
1247058468885782528
1247058473327583232
1247058471041658880
1247059853077401601
1247060228253736960
1247060235912499205
1247060240941473794
1247062242262011904
1247062247127408640
1247062244703129600
1247062251724345344
1247062752079646720
1247063762500120577
1247063759434088453
1247063767818465282
1247063774374199296
1247063771480084481
1247064130143444995
1247065137745244160
1247065637421109250
1247065762914635776
1247065766643372033
1247065765120888832
1247067027967078400
1247067402916868096
1247068790271008768
1247068794855378950
1247068793236361217
1247068791739052033
1247068799787917314
1247068798718316544
1247068797757874181
1247068796596006912
1247069168773369857
1247069167322161152
1247070172327718913
1247070806267420672
1247070810432389124
1247071680779800576
1247073191098339330
1247074834380513283
1247074835886256128
1247075833375682561
1247075838496919552
1247076466128347137
1247076468758155264
1247077972734914560
1247077971673792512
1247077973875781634
1247079231017742336
1247079860180111361
1247079861753004034
1247080868285280256
1247082502658781185
1247082836026372096
1247083383080898560
1247083381667401728
1247083384548937733
1247083757003091968
1247085269733347328
1247085268626112514
1247085267585916936
1247085392794284039
1247086706446217217
1247086736821403658
1247086779951280133
1247088919474081797
1247088917263683584
1247090050254290944
1247090048870178816
1247090691110395904
1247090697032744960
1247090694897799170
1247091690520940544
1247091813929742336
1247092199831068672
1247092568103387142
1247092569776898048
1247093076322967557
1247094329815879680
1247094328234631168
1247094331371966465
1247094580597547008
1247094579641212928
1247095962310340609
1247096342486208512
1247096974970482688
1247096979429003264
1247096984827281408
1247096983480762370
1247096989906374663
1247096988501307393
1247096986928467968
1247096992955641861
1247096991420534785
1247096995824594944
1247096994343997442
1247097476139503617
1247097474390454274
1247097727126663168
1247097725780258817
1247097728703713282
1247097993444155392
1247098738721443841
1247098737156976646
1247098735642853377
1247098742353739778
1247098740785074176
1247098747017785344
1247098745323261952
1247098743985328128
1247098749282734080
1247098748116717569
1247099240246996994
1247100624891568128
1247100622228213760
1247101505837993984
1247101504374226944
1247102002770788352
1247102269176381442
1247103515656249344
1247103514053971968
1247104899193569281
1247104900489555969
1247106406085300224
1247106407087783939
1247106784583487488
1247107805963640832
1247109311093858304
1247109309890060288
1247109322464735232
1247110826911125507
1247110830782464001
1247110834599235587
1247110833282224128
1247110832284033024
1247110835882737666
1247112072153841664
1247112073470861312
1247113708033036288
1247114462013739009
1247115098608431104
1247115113305444352
1247115109467435008
1247116349521813509
1247116351472189440
1247116864997613574
1247116870400053248
1247116867526725633
1247117732484530182
1247117735189827584
1247118488231006209
1247118486502912001
1247119119465345024
1247120125490126849
1247120122533167104
1247120128161923078
1247120753440378886
1247121887106228228
1247121889832488960
1247121894806962177
1247122648930238465
1247123648546127873
1247123652039962626
1247123650446110720
1247123653562527744
1247124151724150785
1247124151724150785
1247124150381998081
1247124155998167040
1247124154580525056
1247124153120870400
1247124158510555136
1247124157206130690
1247124156950417409
1247125540089151488
1247125537153142788
1247125541716553730
1247129187384561670
1247129193407627269
1247129189829861376
1247130818545254400
1247130817177858048
1247130946538631168
1247131996226301956
1247132328465272832
1247132718028095490
1247132721240928257
1247134724620816386
1247134729616289794
1247136733419864065
1247137298065633282
1247138240374530049
1247139884495585281
1247139881656016903
1247139888413044737
1247139887398014976
1247139885992914944
1247139892888363008
1247139891835617280
1247139890669580288
1247139889507778566
1247139894138253313
1247140008449826817
1247140634856574976
1247140637238890497
1247140636127444992
1247141263972810753
1247141266535542788
1247142778833760259
1247142780809273346
1247142787419475971
1247142783866961920
1247144534271655936
1247144532518395904
1247144540097503233
1247144536859533313
1247147564912111617
1247148319979134976
1247150332758487041
1247151848861003780
1247152109742469121
1247153220473868288
1247153219161088001
1247155621998112771
1247157118043443202
1247158757550784512
1247158755344576513
1247159395529576448
1247160151754149888
1247160640868724736
1247161897608040458
1247165177998368768
1247166432065904644
1247166933453033474
1247166931917885443
1247166930177286144
1247167435574149126
1247168066380689425
1247168064203845632
1247168700878209024
1247170965848522752
1247172216988422145
1247174231869100033
1247174230401146881
1247174234192797696
1247174861140549638
1247176243922866176
1247176248234610688
1247176246208819200
1247178131238031363
1247180271356497920
1247180269506850816
1247182158889803776
1247182157291737090
1247182289349443585
1247182286195286017
1247182292755165185
1247182295531835393
1247182299327655936
1247182305879187456
1247182304490876930
1247182302737657856
1247182308613877760
1247182307187773445
1247182798286274562
1247183793611370501
1247183792101404675
1247183797914763265
1247183795960164352
1247183801924472837
1247183800007716865
1247183805334470658
1247183811307175939
1247183808694079488
1247183812796149761
1247184046938976256
1247184168049504256
1247184166828920833
1247184169257459712
1247184929441452038
1247185431008956417
1247185429918412800
1247185434620227585
1247185433408110592
1247185432221118464
1247185438139240449
1247185436964835328
1247185435698188289
1247188081414770688
1247188079774851073
1247189454562852864
1247189706669867008
1247190965699280896
1247191853490823169
1247191858846896128
1247193735466586112
1247193737815412736
1247195203682869248
1247196125934714880
1247196123686555648
1247196129105600516
1247196133379543041
1247196136198164480
1247196141118050304
1247196139289378816
1247196630069030913
1247197633216561153
1247198393748688896
1247198396625997824
1247199653075935236
1247202428006490113
1247203674134208512
1247203672708141056
1247205441945210880
1247206702509772800
1247207952014024706
1247209476769210368
1247209475473203206
1247209481022267399
1247209480015634436
1247209478790897677
1247209477742317569
1247209482054066177
1247209589294030860
1247209588128018433
1247210849837572100
1247211601423294467
1247212488262737926
1247212486694068224
1247212491605561344
1247213994483441665
1247215767507963907
1247217013937725442
1247217012541014016
1247217015099494400
1247218401597984768
1247218398712365057
1247218899814215680
1247218897629011968
1247218904050499586
1247218902058196992
1247219907499966464
1247220535680876545
1247220538201608192
1247221671469015041
1247222549865349120
1247222552579035136
1247223177433890816
1247224570353836033
1247224573877047296
1247224577266049027
1247224584417333248
1247224582248882180
1247224586564820994
1247224585650495488
1247224591547650048
1247224590226448385
1247224589123346435
1247224689052626945
1247224688108920832
1247224686972268544
1247226197672484868
1247226203678707712
1247226201921343489
1247226200411365376
1247226206451163141
1247226206451163141
1247226205167706115
1247227579649544192
1247228086459850755
1247229721923874816
1247229724650168320
1247229723354132480
1247230348171378689
1247231618332254212
1247231988261515274
1247232811775352832
1247233497493692418
1247233498542256128
1247235009729056770
1247235008273645568
1247236391261466624
1247239411483332610
1247239930792652801
1247239935007965184
1247239937298067456
1247240917578211328
1247241937863585794
1247241943161028608
1247245454149971969
1247248095273865216
1247250106258042883
1247250107873058816
1247252245147602944
1247252249174147072
1247252247827722243
1247252246540111873
1247252758769483776
1247256650186027008
1247257026545070080
1247257024196259846
1247258548628643841
1247258552550350848
1247262818631467009
1247262822293049344
1247262825921146880
1247264827422076929
1247264826193104896
1247266603386855424
1247266609539870720
1247266612144517121
1247267092228739074
1247267094669824001
1247268351803396101
1247268355397976065
1247268358753411072
1247270239118618625
1247270238019661826
1247276159919738883
1247281436622614528
1247283329675563008
1247296792762277890
1247308365975310336
1247308367866953728
1247308373785079808
1247308370467422208
1247308376410742785
1247308381737508864
1247308386053414916
1247308384233091072
1247315910861271041
1247315909330395136
1247323465511628802
1247323469110317056
1247323467529084930
1247323473828929536
1247323472428068864
1247323470737768448
1247323475083055104
1247358723594637313
1247360966464901121
1247360964032258048
1247362723794411520
1247362726944337920
1247362730941505537
1247364363696005120
1247364365017178113
1247378573670809600
1247378577248542731
1247378575155531780
1247378581186965504
1247378579215626240
1247378587109322752
1247378585041522688
1247378583011479554
1247378590599004161
1247378589223227392
1247380339460206592
1247380338046722048
1247380344371687424
1247380342920466433
1247380341016244224
1247380348435959808
1247380347165093889
1247380345873264641
1247380349690073088
1247389901139505153
1247391787678752768
1247393023199186945
1247395562938232833
1247396574772088834
1247396573706739712
1247396572565925889
1247397232971788289
1247397321760837640
1247398333850644481
1247398332827201541
1247398331979980801
1247398585596952582
1247400092702609409
1247400097056346112
1247400095764500481
1247400846121287680
1247401601158926336
1247401604640206848
1247401603042177024
1247403236929110017
1247403239877701633
1247403238443253761
1247404122606694400
1247404503554375680
1247404500307947521
1247404876256010240
1247404875144515584
1247404873655566338
1247406768394625024
1247406771137732609
1247406769812303873
1247407012054331394
1247407644593119232
1247407643389333505
1247407647784964096
1247407646363148289
1247408282412539904
1247408279925321731
1247408651628732417
1247408650269818880
1247408653461667841
1247408652626964480
1247410538503528450
1247410542349676547
1247410541431160832
1247410539937943552
1247412299855347713
1247412304016109575
1247412302069903360
1247413818742861825
1247413821133611008
1247414313641316352
1247414317630144512
1247414316661268481
1247414568155885568
1247415237185323009
1247415571542491136
1247415569877368832
1247415572809170945
1247415947746349056
1247416079741116416
1247416078185017344
1247416076339515392
1247417583206162433
1247417588440678400
1247417692509868036
1247418096312176642
1247418101076910081
1247418104344236032
1247418840998219777
1247419219534217216
1247419859144601600
1247419863603089408
1247419868757897217
1247421993407762438
1247421991902007298
1247421990727593987
1247421997736325120
1247421996574502912
1247421995572031489
1247421994405998592
1247422001179840512
1247422000093466624
1247421998847774721
1247424125854838784
1247424130653143042
1247424880661815296
1247426149635874816
1247426146494373888
1247426156178993153
1247426154803236866
1247427417683251202
1247427909054115843
1247428653526335488
1247429929282580480
1247430293901832192
1247431804274896897
1247431802853048320
1247431806611152896
1247431806611152896
1247431805671600129
1247433255776894977
1247433563802222592
1247433562644570117
1247435340354371589
1247435464153292807
1247436458740174849
1247437092524707840
1247437091186728960
1247437595665022979
1247437594465452032
1247437593135874048
1247437599834169344
1247437598395486209
1247437596814262273
1247437601142763521
1247438229491429376
1247438227801165826
1247439101067808768
1247439102590349313
1247439740262944770
1247440989800652806
1247442499263553536
1247442501612359687
1247442508042235909
1247442504271585281
1247444135188910081
1247444138565353474
1247444137449684994
1247444136405303297
1247445901418721280
1247445899728449536
1247445903973044224
1247445905755615233
1247447535641214978
1247447533174964225
1247447541014126592
1247447538862419968
1247449049592029185
1247449424013316098
1247449422796959750
1247449420955660288
1247450803692023808
1247450806317510656
1247450812697083905
1247450809664602112
1247450816375484416
1247450821018570752
1247450818715910144
1247450825166745602
1247450824172662784
1247450822457221130
1247451315090800641
1247451318404272128
1247453316180611072
1247454705267044352
1247454703736127488
1247454707477438464
1247454706336587776
1247455963910561794
1247456596470325251
1247456601033674752
1247456599561535488
1247456598110302208
1247457473738330112
1247457604533653504
1247458223814103040
1247458226381000704
1247458225143701504
1247459985635725312
1247459989284745219
1247459988240396291
1247459987183423490
1247460744351739905
1247461370741657601
1247461629836419073
1247461633804271618
1247461636815720449
1247462001153986564
1247463386700369922
1247463385051959296
1247463388046692354
1247463508817506304
1247464142572675073
1247464147677143040
1247464151833665537
1247464159073021959
1247464155461734400
1247464162550140929
1247464161455431680
1247464160419405824
1247464165230301184
1247464163892318210
1247465273357004800
1247465636521017344
1247465655202238465
1247465652530499585
1247465658628988928
1247465663204962309
1247466419563847683
1247468418954964992
1247469940979855363
1247471435641020417
1247471434588254209
1247472197561540610
1247473071511859200
1247474587748560898
1247475972053422082
1247477603545432064
1247479237361070080
1247479241295286275
1247479238942310402
1247479244264898561
1247479249901981696
1247479248022949889
1247479251852382209
1247479258491936768
1247479255153303554
1247479259582496768
1247479365773832193
1247480751920054272
1247480874540494849
1247482518703505409
1247484148698079232
1247487171092602881
1247487174292852738
1247490063509778433
1247490568692744192
1247491443062476801
1247491822609301513
1247491821086707714
1247492834699010056
1247492833134571520
1247492831620386816
1247492839149191169
1247492837630861312
1247492836150263814
1247492843788107776
1247492842294894593
1247492840961110018
1247493583659122688
1247493589426270210
1247493586632900608
1247494466799165441
1247494468174884864
1247495221387997184
1247495220045832197
1247495222478508035
1247496226322309120
1247496983784198147
1247496982068748289
1247496984807628800
1247497622278926337
1247498374460239872
1247498748172759042
1247498747061219331
1247498745714884609
1247499130080866305
1247500506978607105
1247500505590317058
1247500504516587521
1247500508115288065
1247502396181233664
1247502394771902464
1247505160726695936
1247505159539675137
1247506546155597825
1247506550844846085
1247506549842427904
1247506548668026880
1247506547393134593
1247506552161886208
1247506675587616768
1247508179820228609
1247508185507741698
1247508183779643393
1247509744430002177
1247510328188874752
1247512711660834816
1247512714382991363
1247512712956919808
1247514346139185152
1247518506788081666
1247519636507123712
1247519640940457986
1247519639380193280
1247519637769576448
1247519645248045057
1247519643914264577
1247519642509168640
1247519762667560960
1247519760654331909
1247520137634185223
1247520141383876609
1247521526552752132
1247526428603584519
1247527439309238276
1247527937475149827
1247530926885597187
1247530961278889987
1247530959810859014
1247530959810859014
1247533850084794369
1247535118165536768
1247535116479422464
1247535122577911809
1247535121177038848
1247535119805452293
1247535125136465927
1247535123991388161
1247535489139105793
1247536745714839552
1247536744150347776
1247536742120353796
1247536869824319490
1247538886114336769
1247538889394249732
1247538893563416577
1247540017200640004
1247540015455809536
1247540646228848640
1247540644945334277
1247540643435384832
1247542154194374660
1247542406444019715
1247543043982409729
1247544169788129283
1247544173038727169
1247544171407093760
1247544672395751425
1247545805608636416
1247545804396482563
1247545806594269185
1247546435949580293
1247547568650735617
1247547571540602880
1247548068322394112
1247548706984845312
1247548712215183360
1247548710948487170
1247548709845385219
1247548708557742082
1247548714228441095
1247548713293103104
1247549464048365568
1247549469278654464
1247549472780910592
1247549476413169666
1247550968025108480
1247550971858677760
1247550976564678664
1247552480377888773
1247552484211666944
1247552976522108928
1247552980188106752
1247553991258464256
1247553993569517568
1247554996188545027
1247555622616231936
1247555626177183745
1247555625103396864
1247557024482594816
1247557023173971969
1247558513817047040
1247558823327531009
1247560145288056833
1247561541169233920
1247562540600573952
1247562539124142080
1247562537920385025
1247562544773910529
1247562543494656002
1247562542014025730
1247562547793776640
1247562545667305472
1247563051286454274
1247564052164796418
1247564549823193089
1247566189208801281
1247567801428201473
1247571858326577153
1247572354311450625
1247573989569916928
1247577153354362880
1247577151248814080
1247577157053714432
1247577155837411328
1247577154675564544
1247577159431942144
1247577158253301760
1247577258316820481
1247577260997009408
1247577259751297025
1247578655858950145
1247578898142920705
1247578896154779648
1247578902039412736
1247578906749587456
1247578904497254400
1247578910490910720
1247578908641255424
1247578913158492160
1247578911799562240
1247579024387268608
1247579027931422720
1247579026245308417
1247579029495885825
1247580669456179200
1247582419907035138
1247582422020943872
1247583048025006080
1247583046989008896
1247584182965919749
1247584179748868097
1247584444845682688
1247585940710645760
1247585939171364865
1247585943613136897
1247585942266720256
1247586710680035330
1247587579689439232
1247587584533909505
1247587582650675200
1247587586056437760
1247588971401502720
1247588973951631361
1247589215820345345
1247589218836082689
1247590486518329346
1247590728789721088
1247590726675775488
1247590733814452225
1247590731352379393
1247590981622325248
1247591991526871041
1247592990689775616
1247592993596432384
1247592996356288514
1247593624323293184
1247593626508517376
1247594755791310848
1247594759373221888
1247594757783556098
1247595252455636993
1247596778968322048
1247596782030184449
1247596783867285504
1247598275181461505
1247598276729139201
1247601042730057728
1247602680664436736
1247602905840041990
1247604570450059264
1247604574782812160
1247604573415456768
1247604572131962880
1247605070822141952
1247615764342796288
1247620421249163264
1247620546902102017
1247620545681575936
1247620550257598465
1247620549225803778
1247620548172996609
1247621934117838849
1247622811796922370
1247622813545988096
1247637537713053696
1247637536094056448
1247637539353051137
1247638039976767489
1247638045282562048
1247638042958954497
1247639804054867970
1247639807116754944
1247639810547671040
1247641561304715264
1247641566174302208
1247643570267283456
1247643571814973440
1247645338887835649
1247645344558485504
1247645341664436224
1247652381887627264
1247652386325196800
1247652389730963456
1247655402944094208
1247666729452355585
1247666733336293376
1247666737203433478
1247666741989134338
1247666740173000705
1247667607743819776
1247667606435147776
1247669243644014592
1247669240431173632
1247669245913120768
1247671003481702401
1247681067286269952
1247681071350558721
1247681068909514753
1247681068909514753
1247681074668306432
1247681073145712641
1247681078824824832
1247681077591699457
1247681076194992132
1247681081932787714
1247681080779370496
1247684722089582593
1247684720990670849
1247686607697637376
1247690382525128707
1247695923540443136
1247695921967591424
1247695924895203328
1247711140869582848
1247711141968711683
1247714162794364928
1247714669260750849
1247721093131120641
1247721092908711936
1247722347064258561
1247722350088343552
1247722348536422401
1247724099482210307
1247734923676413958
1247750529259687936
1247750527233867777
1247755437966913537
1247756319282491395
1247758456141959169
1247758454489403400
1247758964067991552
1247758962750918656
1247758961538772997
1247760846303842304
1247760843564920833
1247760849877356546
1247761347925835778
1247761350958280706
1247762734818586632
1247762739029655553
1247762737771372544
1247762735862956034
1247764121824550913
1247764126304092186
1247764124211097602
1247764129537863681
1247764132486475779
1247764495738343429
1247764494664650755
1247764493536342018
1247765505089265666
1247766382130806785
1247766380184625154
1247766387012931597
1247766384223768576
1247766390494257152
1247766886260961280
1247768397238026240
1247768394713018368
1247768398466912257
1247770414341738496
1247770412793999362
1247770417814597633
1247770416296235010
1247770420574433281
1247770419190349826
1247772045225545729
1247772049914773507
1247772048878784512
1247772047251361793
1247773942028238849
1247773939083796481
1247773945245208580
1247773947644399617
1247774189160779777
1247774187374039042
1247775568528990208
1247775573230809093
1247775572123508736
1247775570668032002
1247775569615319046
1247777077534666762
1247777204294971392
1247777206295613440
1247777211064582145
1247779482221473794
1247779480652767235
1247779485975318536
1247779484419293186
1247779483261652992
1247779488110239746
1247779487111983104
1247781105123463171
1247781104125235203
1247781102791475204
1247781106599915520
1247782866521444354
1247782869180661763
1247782868069171203
1247784757875769346
1247784761881313282
1247784765270274050
1247786515897303040
1247786518350925824
1247786521039482881
1247786896370970626
1247787525063639040
1247788277861478401
1247788279732129792
1247788525791002624
1247788528601186304
1247790416734195716
1247790415572393985
1247790417984098304
1247791545702440960
1247792051346747393
1247793061687488513
1247793060336914432
1247793936187289603
1247793935151329280
1247794819734204417
1247795705596399616
1247795704182931456
1247795706745651201
1247796079279497216
1247797332973740038
1247797337637810176
1247797336056557570
1247797334764748802
1247797339101659136
1247799363671220229
1247799360735178753
1247801115485196290
1247801119075532800
1247801122414145537
1247802962627268614
1247802999134552069
1247803001588158466
1247803004587130886
1247804896029495298
1247804892686643200
1247804898617384962
1247804901280739330
1247806397196058624
1247806399318347776
1247806774540824576
1247806773496442884
1247806775841058816
1247806899765932032
1247806903414996992
1247806909094100995
1247806906824978434
1247806911522590721
1247806917600096256
1247806915003822080
1247806920271908864
1247806919143612418
1247808539763986433
1247808538434351105
1247808537016729608
1247808543970832384
1247808542649634825
1247808541043220482
1247808546621648896
1247808545287835650
1247809167693242371
1247809166342647815
1247810428429721600
1247810431751565313
1247810434603708417
1247812180629569538
1247812183309742080
1247814074890506242
1247814073477025792
1247814198551171072
1247814200723832834
1247814832025452544
1247815834812084225
1247815833323098112
1247815835973857280
1247817726237663232
1247817723809165312
1247817729190420487
1247819734910820352
1247820364316422145
1247820363150405637
1247820361745305601
1247820368150028289
1247820366761738240
1247820365541199872
1247820371383877634
1247820370247204864
1247820369186009088
1247821251223023620
1247821498338942976
1247821502587658245
1247821507574640642
1247821507574640642
1247822752360198146
1247823265327755264
1247823268138147840
1247824141765324800
1247824894022184961
1247824895385329665
1247826533353316353
1247826535735627776
1247827159785164800
1247828793814700033
1247828791436574720
1247828919438336005
1247830052554735617
1247830051099271168
1247830504398823424
1247830555569188864
1247830553593671681
1247831560369270785
1247832579199258624
1247832946293141505
1247833828158128132
1247833830297227264
1247833833661009920
1247833839696670722
1247833836911652865
1247833843869999105
1247833842343239686
1247834456448061441
1247834458289397762
1247835719017435137
1247835717465567232
1247838605281619970
1247840250291863553
1247841499187826688
1247842144892497925
1247842142971514880
1247842294276988929
1247843012673032203
1247843010022223875
1247843893246222337
1247843895112679424
1247844656152379392
1247844654759858177
1247845777189134336
1247845778623582208
1247845902653353985
1247847161712111617
1247847542559129602
1247847541439250439
1247847540101279745
1247848356854054913
1247848801580118017
1247848800518979585
1247848806294552578
1247848805061419014
1247848804046368768
1247848802825822208
1247848808475578368
1247848807343124482
1247849687052255233
1247849684514648064
1247849690680283138
1247850308845199360
1247851572966469632
1247851578066792448
1247851576628146176
1247851575101386753
1247852952447901696
1247853482977050626
1247853480926015489
1247854462787444736
1247855091819753473
1247855090704084992
1247855089571659776
1247857244978302976
1247857243501916161
1247857242231017473
1247857246161129473
1247858489772240899
1247858993168433152
1247858994766471168
1247859999671386112
1247859998245281793
1247861018547466240
1247861016899112960
1247861020476854272
1247861510669361154
1247861508500946944
1247862528996028418
1247862526542372864
1247862533102305280
1247862530623418369
1247862538361958401
1247862536797478912
1247862534935154688
1247862541990027265
1247862541000175617
1247862539897032705
1247862893791469569
1247862897104961538
1247862895754358786
1247863023756165121
1247863021445066754
1247864032947605505
1247864036986769409
1247864043026575360
1247864046616887296
1247864051901714433
1247864050454650886
1247864048743362560
1247864530119454720
1247864528966017024
1247864534007566339
1247864531541307392
1247864535316189185
1247866045831905281
1247866292104646656
1247866296173088768
1247868304108048384
1247868306498801665
1247868933085868032
1247869943183376384
1247869941803409409
1247870443651911681
1247870444780150786
1247871702559678465
1247871700835811331
1247872202902364162
1247872836904964101
1247873588750725121
1247875097769066497
1247876607974375425
1247877116311425024
1247877120480534530
1247877123487887365
1247877128160333829
1247877132627234816
1247877138495111170
1247877134942527488
1247878120360689664
1247879629144068096
1247881137222848514
1247882781822091265
1247887439659544577
1247887436769660931
1247890328012468227
1247890326770991104
1247890706850439171
1247890711426428930
1247890716266598403
1247891078985867267
1247891836368089089
1247893218621927425
1247894239993720839
1247894998156115970
1247897369422618634
1247898128256126976
1247899766605799427
1247899769722175489
1247900521974779908
1247901775073398785
1247901779150290945
1247901777535459329
1247902279522349059
1247902277425229824
1247903414404517889
1247903412185751564
1247903419462897666
1247903417827119105
1247903416275202048
1247904052777594884
1247904051322208256
1247904056246292486
1247904055080280064
1247904053952000003
1247905423778140165
1247905425871130625
1247907320664748033
1247907316973748231
1247907324334731268
1247907811628953600
1247907813176651782
1247909325529444352
1247909329736351745
1247909327333023745
1247909332642975745
1247910708622155776
1247911212131598342
1247911213658288128
1247912973915410433
1247912972489392128
1247912975018512385
1247913479467491329
1247914862333669377
1247916744896679937
1247916747400724480
1247916746142437377
1247917893448110080
1247918007155736576
1247918005691936770
1247918005691936770
1247918645444882432
1247918641963622400
1247918648708096000
1247918653216944129
1247918657688104960
1247918656178114560
1247918660410208262
1247918658992529409
1247922535666053125
1247922538992111616
1247923415324880896
1247923922093260800
1247925693016444928
1247931346292371456
1247931981364465670
1247931984665391110
1247931991099502593
1247931989778284546
1247931988310241280
1247931993435672576
1247931992185819136
1247935015976972289
1247935017172357120
1247936508759142400
1247936506905260032
1247937886000787457
1247939145348968448
1247940537534971904
1247942052295270401
1247943571421851648
1247945062983454720
1247946067171143686
1247946065589841920
1247946072237854721
1247946069788356609
1247946076037894144
1247946080362225667
1247946083860221953
1247946088260071424
1247946092345348096
1247946090193674240
1247946582567170048
1247946586446938120
1247947077255979008
1247947703490711552
1247947701993361408
1247947706581938176
1247947705537593344
1247947704493211648
1247948092743110657
1247950726547963905
1247950724643713024
1247951107269095430
1247951109810835457
1247952612843900928
1247952617008848897
1247952615486308352
1247954120624885760
1247955894307966977
1247955892256903174
1247955897646583810
1247957521941147649
1247957520464789504
1247957523123941376
1247959153957429249
1247959150753013762
1247959160202788864
1247959783245672448
1247960533245943810
1247961036826673152
1247961038881837058
1247961037795512322
1247961162966171653
1247961165667295233
1247961164115398656
1247961668757274624
1247961674356682752
1247961671491969025
1247961678236364800
1247961681604431872
1247961685693837312
1247961690810900480
1247961689368059904
1247961688042659841
1247961692115357696
1247962179535396864
1247962675524460544
1247963196696064000
1247963198721945600
1247964444761571328
1247965324567179264
1247965955356909568
1247976644385492992
1247976643039129601
1247977654373855232
1247977652553535489
1247986708143935494
1247987843655319552
1247988350658609152
1247988349337387011
1247989873023127552
1247989869688709121
1247989877330731011
1247989876273758210
1247989874981888000
1247990863273136129
1247998158870704129
1247998162830118914
1247999291215380480
1247999921732456450
1247999923234041857
1248003321824075776
1248003954497077251
