1278448297443639296
1278448545272442880
1278464242287607812
1278464736712146945
1278470942738415616
1278470976934682625
1278478710648320001
1278479107332943872
1278482267229376514
1278486042589433858
1278489232978345985
1278493592894402561
1278497366593732609
1278508110567669764
1278637037831233537
1278637037076099073
1278644592078802946
1278656376789700609
1278667237860077568
1278670865484468224
1278674792497836038
1278687824242499584
1278691438885289984
1278691443754893312
1278691440634314754
1278691447814922244
1278691445990359046
1278703489192013824
1278703493025607683
1278703491020738560
1278703491020738560
1278703498197118977
1278703495454081024
1278708759779565569
1278716309501607936
1278723859169017865
1278725211030990848
1278726081349062657
1278727336683282433
1278731408962465792
1278769218171871232
1278772474289799168
1278776708296896512
1278788033232416769
1278790506001154049
1278795584552308736
1278803131887910916
1278809540323049479
1278816915927044103
1278817179597766656
1278818496827330560
1278822006025306112
1278825780932304896
1278826201843449857
1278827039324332032
1278828702810456065
1278828707067633664
1278828704840458241
1278829555680022529
1278832782068846595
1278838099683008512
1278838463769522176
1278839812263460865
1278846601281384448
1278850286312992772
1278853194387464193
1278855979992522753
1278991878524829696
1278999425873035270
1279006978531090434
1279014524776075264
1279019112761606144
1279020857789120513
1279029625520295937
1279064624558755840
1279073834004602886
1279074768512339970
1279090034847727616
1279115198922731527
1279125882939092993
1279135334152974343
1279142693835354112
1279142883988250625
1279147092271935488
1279162023197184008
1279188168689025035
1279191943541596160
1279194354192715776
1279195718951952385
1279195734601064449
1279199493276069889
1279203272021012480
1279225918049800197
1279384463982465024
1279384461956661250
1279426769318293504
1279427795916120064
1279437336112173056
1279449123679240193
1279459960921808896
1279473012874584064
1279490162100060162
1279509032961785856
1279517737774170118
1279520358828093440
1279520357397835776
1279531973749411842
1279756830667874305
1279797440313524225
1279810693542395904
1279825334679060482
1279848959893266432
1279857170532765696
1279867322203803649
1279896050283708419
1280108644235870209
1280136232115339265
1280143211797704704
1280145206701182979
1280145210568323072
1280145215303700481
1280145213714030598
1280145212048838657
1280145222278828032
1280145220815007744
1280154539694284800
1280160336340017152
1280173410681667593
1280191319948886017
1280196226999300097
1280204646657724426
1280209108638019585
1280211925566185475
1280233130566303744
1280237285880016897
1280237584170414080
1280239730052009987
1280239929289834496
1280245133179408384
1280248908031995904
1280264007580962816
1280267783192879105
1280270512783056897
1280282898113925123
1280284045583224832
1280290754485784576
1280293061394825216
1280293575725547521
1280294570694189062
1280298112918183941
1280299441421979648
1280299456617947137
1280299497105612803
1280299599559823362
1280471277321551873
1280476580079374336
1280500381534097409
1280505159928381449
1280506069614243846
1280513149410725893
1280520699124150272
1280528249185955841
1280531009902166017
1280535798769647618
1280543612892262400
1280547124803862528
1280549949822980097
1280550370515865600
1280554674907684864
1280569774745858048
1280577325185130496
1280580845326213127
1280589953802678274
1280601626806493185
1280608644661489675
1280615070813138945
1280639349592395777
1280639872777236483
1280647286725451776
1280648336928899075
1280649094411804672
1280652820904099840
1280656594724847617
1280659630935478272
1280660370097659905
1280663883175337984
1280664144287416320
1280664635260141570
1280667922252337153
1280674331887108097
1280675469088550912
1280803819874471936
1280835792420691969
1280837788653326337
1280853006515417089
1280855641276526604
1280855645588201473
1280855643566624768
1280855649421852675
1280855653632933889
1280855651917467649
1280855655386157059
1280860437832073216
1280867988321603585
1280875537313878018
1280883087161864192
1280898011153956864
1280907398308335620
1280916217834934274
1280928620110770179
1280930583888236545
1280939726803959808
1280966860637339649
1280976355824369667
1280977458720899072
1280978316938350594
1280978393085947909
1280980614645194752
