1278640560564297730
1278642125492584448
1278642684060729345
1278642988739186688
1278643993027452928
1278644336973012993
1278718048426430465
1278790479044370442
1278828741200838657
1278828973120794630
1279007777231437824
1279008585226354691
1279009295812698114
1279370570774306816
1279371289917116416
1279371648790155265
1279371866906525696
1279371980286943235
1279428855153991681
1279429220184338435
1279467679896797186
1279513126963216384
1279513184857141248
1279518506653024256
1279518562386956294
1279591395091775488
1279713312356384776
1279714128781770754
1279715067756511232
1279715301823844353
1280106174113816576
1280106754949472262
1280107063943856129
1280107624982360065
1280108019406299138
1280246062347927552
1280438849248821248
1280439343665078272
1280440170853122050
1280441791863558144
1280442084877631488
1280526051752513538
1280528761910374401
1280656326708862978
1280849019892314117
1280849125760794627
1280849187580633094
1280849256593702918
1280901894802747392
1280902650540756993
1280903180432400387
1280923151929618432
1280923459258929152
1280923525860245505
