1296205316691025932
1296209091514302464
1296210348924710913
1296212866685640706
1296216639789309952
1296220543478370304
1296224190509522948
1296225477489840130
1296227963617398786
1296231742274260992
1296232997746872320
1296235537209200643
1296239289961938944
1296246839092621313
1296250613886590976
1296254388416262145
1296258165093400577
1296260261427515392
1296261938561912832
1296265738391621635
1296269489227608066
1296273263115599873
1296277037632696321
1296280852108914688
1296284588663242754
1296288363289415682
1296295917600083968
1296303664093696000
1296311595983921152
1296314783487143938
1296318561925894145
1296318699415183360
1296329886852939781
1296333774448467968
1296337419403329537
1296341211511390213
1296341781890715655
1296344969108697088
1296348759757074433
1296352539005399040
1296356336553406464
1296359239536050178
1296359244585938945
1296360086034620417
1296362455682121728
1296362832527859713
1296363862040686592
1296366820996403200
1296367298517901319
1296367634104160256
1296370154780135424
1296371409808236546
1296375185084493824
1296375185084493824
1296375713382244352
1296378807448993794
1296378964437606400
1296382734403866624
1296385414115270656
1296386534464204800
1296390284406927360
1296391729915076609
1296391769031159810
1296396291593904128
1296396699678711808
1296397835181666305
1296399594960674818
1296401652929499137
1296401857368260611
1296402863447576580
1296403141055909888
1296404911907897344
1296405383670575105
1296406682457616384
1296407222914875392
1296408656385380353
1296409163250176000
1296410327983239168
1296412933157724160
1296414641640398856
1296414646514200578
1296414652533026818
1296416707779665920
1296420483857035267
1296424258915241985
1296428032949923842
1296429345838444544
1296431206867902464
1296431794443530242
1296435585742180355
1296436244696707073
1296437027202830337
1296439313765474305
1296439358371909632
1296441121636265987
1296443132524060679
1296446891945852931
1296447642168418305
1296447692458074115
1296450681952514050
1296454461825650693
1296457640671944704
1296458232643440646
1296461996661936128
1296465781878919171
1296466896443904002
1296469582669021186
1296473332687294467
1296477093921005568
1296480882321231872
1296484686177460226
1296488431430897670
1296495982125944832
1296496421252866049
1296498050664411139
1296498101948223494
1296499757414744065
1296501995138883585
1296502007264677889
1296502027414114310
1296502038830907394
1296503529478197260
1296507294096560128
1296509821345239040
1296511079804272641
1296514879990505474
1296518631308824577
1296522321247768578
1296522393771483138
1296525469882503170
1296526180477218819
1296529954700697601
1296532543383244800
1296533729406521344
1296534626740076544
1296535344230338563
1296535573973413894
1296537503525220353
1296541295306055683
1296541340558393346
1296545053582790660
1296548829773344771
1296550214552223745
1296551503822544897
1296552377110220807
1296555120197607425
1296556378388148225
1296557637534973952
1296559642202472448
1296560155912544262
1296561413369012225
1296563288390668288
1296564687929319424
1296565942131068937
1296567703474524166
1296569654811467776
1296571478612344833
1296572745938083840
1296575253993467904
1296576511470899201
1296579029752057856
1296582877891698692
1296586578161262593
1296590355991867394
1296593721765629953
1296594127371603973
1296597966292168704
1296600418806566913
1296601677257211906
1296605470430502912
1296608373044121602
1296609226161258498
1296613026460774402
1296616777494024196
1296620551780339714
1296624326993686530
1296628160067440640
1296631875256176642
1296635650997977089
1296639425137475589
1296643229874561024
1296646976176611330
1296649662414426112
1296650750400110594
1296654525709918213
1296655783422287872
1296662075234713600
1296664756330418177
1296669624424071169
1296673399612289024
1296677174729232385
1296678518336688128
1296680950630424576
1296684723964727298
1296688500197281792
1296692274936647685
1296699807289884673
1296703600941568001
1296707373596377093
1296711132284166144
1296711151032688641
1296713252307718145
1296714898278408193
1296714925222526977
1296715067824766976
1296715251774361600
1296718697504149505
1296722473753489408
1296726248538939392
1296727446998450177
1296730022724669440
1296733798151987206
1296737573843460096
1296738772122587137
1296741351854309376
1296743109137780739
1296743586927648768
1296745122923786242
1296749023244759040
1296750099243118592
1296750666556354560
1296751299564843008
1296752671609823232
1296752862131888129
1296756447200632832
1296760222678122496
1296761244276396032
1296763996645793792
1296765758714851329
1296767771888562181
1296769533668188161
1296771546145488896
1296774237060050949
1296775320964608001
1296776563590148097
1296778237838852096
1296779095645335553
1296780798721499137
1296781558746165250
1296782195072401410
1296782201057574914
1296782208523538436
1296782826663272450
1296783566278467587
1296783572980899840
1296783579935117313
1296783821002756098
1296783829294874626
1296783837192753153
1296783861410672640
1296784042877227011
1296784080751792129
1296784129657311237
1296784129657311237
1296784208019501057
1296784299279159297
1296784463951798273
1296784614061674496
1296784634148159491
1296784641437949952
1296784685394268161
1296784842043150338
1296784848770793478
1296785316267925505
1296785321967988738
1296785824168792064
1296787390955229184
1296789080550912003
1296793951828160512
1296794180983947265
1296797830489747462
1296801731125231618
1296801745595699200
1296805023406608385
1296805847071363072
1296805909419696128
1296805957553487872
1296806015476862976
1296806031906021378
1296806062704799746
1296807283381473280
1296809297893089281
1296810434041909249
1296811058217259008
1296813070875004936
1296816846650441728
1296819565427593218
1296820621033328641
1296822327808794625
1296824395231637506
1296828170084265984
1296829978999488512
1296831944546750466
1296834460344819719
1296835720192163840
1296836976679714817
1296837366355812357
1296838234698391553
1296840736349003782
1296842010092023812
1296843269775798272
1296844527634984960
1296846745427738625
1296849559528902657
1296850820089155684
1296852075863842816
1296853336470228994
1296854595285790720
1296855851018461191
1296857109787803649
1296858369689559040
1296859627318120448
1296859941517615104
1296860886280347648
1296861914052595712
1296861929521242112
1296862146567995392
1296862153245364225
1296862445521088512
1296863402258771968
1296864660130496512
1296865918933512193
1296867180332580866
1296868435113250816
1296869693043675142
1296870951074828288
1296872210238504977
1296873467736883203
1296874765014257664
1296875984457740290
1296876169674006528
1296877244896378881
1296878501413494788
1296879759423660034
1296881018457206784
1296882275167199233
1296883535329005571
1296884793062428673
1296886050254663681
1296886415616348161
1296887309024067584
1296888567650750464
1296889823601602560
1296890300015804418
1296891083482374145
1296892342352449536
1296893600320684032
1296894859517865984
1296896100922728448
1296897376746168320
1296898633476997120
1296899898386808839
1296901155533000704
1296902408635916292
1296903667774234624
1296904934873595904
1296906183803056130
1296907445592350722
1296908701031374849
1296911200224071682
1296912480850108416
1296913734217146368
1296913905801932800
1296914740996907008
1296916254285078529
1296916548741926912
1296918766908047360
1296919441855389696
1296922542528237574
1296926316034482176
1296930153168285698
1296933866515705859
1296937641712275461
1296937648230150150
1296941416288006144
1296945217044647938
1296948965724827651
1296952741793878018
1296956516176728071
1296960319563149313
1296967839610478592
1296975389449949185
1296979918237179907
1296982939008475136
1296986714485985280
1296990488910860288
1296994263935451136
1296998039266172928
1297005589260894208
1297013139121332230
1297020687803191297
1297024462831878145
1297028237747523587
1297039619687682048
1297051042732015616
1297058694669230080
1297062211467251712
1297065986756087809
1297069761759715329
1297073519818412032
1297077310907129857
1297081085562683393
1297082160109821952
1297084862566928385
1297088619287580674
1297092411659816961
1297096185115824128
1297099960547147776
1297103741544476673
1297107509275242498
1297109455688077313
1297110595121094656
1297111343707955204
1297113281774182400
1297113800848572416
1297115063028002816
1297117262378340352
1297118845694619648
1297121663075540992
1297122064567066625
1297122609407111169
1297123148622639106
1297123471252754432
1297126385102848003
1297127642274181120
1297129124939563009
1297130159976394753
1297131418984886279
1297133140755046400
1297133918517448706
1297137709589331968
1297137905975078912
1297137911847170050
1297141484521689090
1297145263459622912
1297145394837757953
1297149018020048898
1297150554406359041
1297151549744046080
1297152818172887040
1297156588898328578
1297157841401282561
1297159100053303296
1297160359590137856
1297160916325277696
1297162334285299712
1297164117921288192
1297165391417036806
1297166649720741889
1297167909551308802
1297168162723516420
1297168693416402946
1297168698772463616
1297168698772463616
1297169167351783424
1297169641832316930
1297170425064062976
1297171689068011524
1297171878587531266
1297172925154496514
1297175458971357184
1297179249925857281
1297179497607974913
1297183007523188736
1297183715353931781
1297184265302675456
1297186851359469568
1297189299335696384
1297190557362597894
1297191815309918208
1297193074473553921
1297194316818010113
1297198107080482816
1297199364557938689
1297200622400413697
1297201886140006401
1297203139951681537
1297204398213537792
1297205659927289856
1297206915274072070
1297209438114394112
1297213190141390848
1297217018274488325
1297220757668454401
1297221786535428097
1297221793166569474
1297221800649265152
1297224541610090497
1297228307335970816
1297232067361636352
1297235839282372609
1297239614093250560
1297243402719891456
1297247185466200065
1297250956602675201
1297253471750623233
1297254713591623680
1297258506580566019
1297262307358187528
1297266054188732417
1297269813807644673
1297271088481570816
1297272346961747975
1297273604036534272
1297277187847073793
1297281154719125504
1297284930939035651
1297288705183547396
1297292550622019586
1297296255354363911
1297299531789459457
1297300029338779653
1297303804740763649
1297307647205691393
1297311355998031872
1297315127717498887
1297318902503006208
1297322752005885952
1297330228000436225
1297337845640830976
1297345327201243136
1297352877669834753
1297360434442510338
1297368042511503360
1297375527683207168
1297383087395999745
1297390629144662017
1297398180770914304
1297401034877403137
1297405418608697344
1297405708158341122
1297405734393647109
1297410324904239107
1297413276012359681
1297417052538286083
1297418811193384960
1297418827697971200
1297420826212524033
1297424596195581952
1297428374126764032
1297432150481018880
1297434198513508353
1297435923785945094
1297437388877238272
1297437863546630144
1297438638192635909
1297439682515439617
1297443115905757184
1297443459192807424
1297443826194419713
1297447249170124801
1297450271686172672
1297451024718987267
1297452586216361985
1297454798418083840
1297455506118893568
1297456439296958464
1297458573841248256
1297462348345741313
1297469898902450187
1297473708655869954
1297477124677394432
1297477447873703936
1297481222579523585
1297484132423999489
1297484998191316992
1297488772515463168
1297492547267371015
1297495061480046594
1297496331007795201
1297497191108562944
1297497700301254656
1297499615562997761
1297500096670633984
1297503873377153025
1297505451958054913
1297506932425719808
1297506937437917185
1297507319794864129
1297507630160572423
1297508139495981056
1297508145187688449
1297509102709616648
1297509636384456704
1297510128451817472
1297510467771006976
1297511422021312512
1297511460004933632
1297515197796581381
1297518971051225089
1297522432740335622
1297522747577446400
1297526534257942529
1297528255285796864
1297528261027803136
1297529033996087296
1297529657391276034
1297530295676264448
1297530639214944258
1297530644935979008
1297534071669698560
1297535965574115329
1297537848338513921
1297538885359153154
1297540863892094976
1297541622356467712
1297543186802515969
1297545379228061699
1297548295775162368
1297549170459512833
1297552945345703938
1297555095522029568
1297556721741762560
1297560478542168065
1297561754139074560
1297563011176181766
1297564280271917058
1297568044621979648
1297571315499630592
1297571830971211778
1297574336589697025
1297575595598127112
1297578110930563073
1297578296532762624
1297579369670553600
1297581886416523269
1297582602929475585
1297583144460320769
1297585366485086215
1297586933644828672
1297589805254160385
1297591525279440897
1297591530929127424
1297592173626626048
1297592193327214598
1297594469274005508
1297595727347175431
1297598253383454720
1297598986614968331
1297602002055311364
1297605799213244417
1297606416153313290
1297609553635237888
1297610810366103552
1297612085078171648
1297613356098965504
1297614601199247360
1297615862531346432
1297617119576821760
1297620893762564098
1297624654585241607
1297626469506703360
1297628442029174784
1297628442029174784
1297629313815257088
1297629761259413505
1297632220304347139
1297632844668436481
1297635993508511745
1297638124680548354
1297638537899192320
1297639516187090948
1297643431297273856
1297643544090497034
1297646206936592384
1297647318389358593
1297651093627863040
1297654868216340481
1297662417346887682
1297669968419590145
1297677516820434945
1297677521299922944
1297685066508902402
1297692617254281216
1297700165978128385
1297715265040461824
1297730437712957443
1297745464134180864
1297753175815008262
1297760059842351106
1297768112897523713
1297768737353998338
1297775667602481152
1297777295172788224
1297778371615772673
1297779437547773955
1297780696342319104
1297783214153572352
1297784479252185088
1297786987013910537
1297788245393145856
1297789676565168128
1297790819517243392
1297791414831648768
1297791422259748865
1297793262212661249
1297794544529027073
1297798312372903937
1297801392342609920
1297802086051196930
1297803345625833473
1297804587366330368
1297804596514103297
1297805846580039680
1297807121107562497
1297809638407254021
1297810878692089856
1297813411858964482
1297814670619877376
1297817186287968257
1297818443488677890
1297820962814136323
1297822988197388291
1297823895194664961
1297824738119757830
1297824808080674817
1297828511609167878
1297830362748522498
1297831271331135489
1297832284700254208
1297833005935976449
1297833544333561858
1297834801588822018
1297836063008972800
1297836735133515777
1297838086668324869
1297838577724919808
1297839836456509442
1297841139127586818
1297842352036483074
1297843611405619200
1297844867868045315
1297846110472540160
1297847388657287169
1297848642779389953
1297849322986512386
1297849900839981057
1297851160754348032
1297853523384766467
1297854940988215296
1297857452164165632
1297858719498240003
1297860753941319680
1297862481491177473
1297863726670860291
1297865007963820033
1297866259997044738
1297867518191775744
1297868759806423043
1297869039008702465
1297870037827682304
1297871292612448256
1297872550660386818
1297873810138554368
1297875067179872257
1297876327731798016
1297876984861777920
1297877585662271489
1297878648419225602
1297880100755722246
1297881359407620097
1297882516414771200
1297882957538111490
1297883878280101888
1297885135862484994
1297888911050641410
1297890167827632128
1297891426198585344
1297892659139354624
1297892684682723329
1297893943187824645
1297893947986124801
1297895956638314496
1297897372706639872
1297897717017071617
1297900233507119104
1297904011320926208
1297904863959973888
1297905079312363525
1297907785020170241
1297911549210886144
1297915337015533572
1297919108118466560
1297922883570868227
1297924265732444163
1297926648197574658
1297930435931115522
1297934208099385344
1297935750038720513
1297935766975373316
1297936036660731904
1297937879373615104
1297937983191027712
1297938671300218881
1297939676142198785
1297941008089522178
1297941741174054912
1297942540935667713
1297942957048377349
1297943952881004544
1297943969998024704
1297944713731936256
1297945532116217856
1297946011793534976
1297947246173007875
1297947823221157890
1297947839776141312
1297949310244528129
1297950342425055233
1297953082836484099
1297956859622633472
1297960634206818304
1297964407679594497
1297965123756269570
1297968179373899779
1297971955941945346
1297973363688775685
1297975731667054593
1297979508595859457
1297983281212862473
1297987056556281856
1297987251230650378
1297990832897785862
1297992799326011392
1297994609642086401
1297998391960633350
1298000279854624769
1298001903851372553
1298005930311921665
1298006418172280837
1298008447364079617
1298009705000968194
1298011459432124416
1298013480591794176
1298017269176586243
1298020161920929792
1298021028619333643
1298024804277268482
1298028578785964032
1298032353751764994
1298032638553477120
1298036128444973057
1298039904543354880
1298043679194718209
1298047479250931713
1298051229050961925
1298055002582323200
1298058777313325058
1298062554049249281
1298066327991705600
1298070104060694533
1298073877801832450
1298077688251506690
1298077688251506690
1298085201810202625
1298092752165642243
1298100302177067008
1298104076266352641
1298107856793862145
1298111625824804870
1298115403055497217
1298119177434259457
1298123036206469120
1298126738900295680
1298127610225070081
1298130500461252611
1298138051101757446
1298141835689418753
1298145600500830208
1298149358790205440
1298150941489803270
1298153149409132544
1298155727748583424
1298156924974895104
1298157890868477952
1298159744952283136
1298160700406345728
1298164458171375616
1298165252987801600
1298168250493218816
1298170966187618306
1298172025220014080
1298175784205660161
1298175806284476417
1298176503084134402
1298176749088444417
1298177544424849408
1298178959302176768
1298179557623832579
1298183355683438596
1298184933903654912
1298187124106240001
1298187752467505153
1298190900657610752
1298190903409086465
1298194674109296641
1298196116421447686
1298198454146150400
1298202223424438273
1298204457570914306
1298205999745110016
1298206865432739841
1298208697001422849
1298209773654093824
1298213553325977600
1298214258090676224
1298214804038066177
1298216135230476288
1298217323724185600
1298221102980898816
1298224873588887554
1298228631165116416
1298230409273237509
1298232422149103617
1298234107902689280
1298234706367066113
1298236201397358595
1298239955710476288
1298242761406271493
1298243747910746112
1298244359813554188
1298245509027704833
1298246719914860545
1298247505574944769
1298248155159564289
1298249331703783424
1298251297028792320
1298253060859236361
1298253777766473728
1298254550520885256
1298254873083785218
1298255072762060804
1298258435742380033
1298258515270623232
1298258850676531203
1298262623536832512
1298266397789712384
1298267656173178881
1298268076287262720
1298268913482915843
1298269868433661956
1298270154661474304
1298273946286952452
1298277723912241152
1298281500857765888
1298282753566408705
1298285254264991745
1298286512488898560
1298289051267727360
1298290305310101507
1298291562942803968
1298292473253580800
1298292821645041664
1298292830222393344
1298293293726478338
1298294365664825344
1298294421558042624
1298296600222208002
1298297046714257408
1298297837420240897
1298299079961829376
1298299427208286210
1298299776082087938
1298299784114003968
1298301201180696578
1298301628056051713
1298301896986365957
1298302887450345472
1298303645906358273
1298303901771407364
1298304144802021376
1298304623166586880
1298305402233335809
1298305582743654406
1298307920690544640
1298309161969577984
1298309972116279296
1298311700098306048
1298312670010118146
1298312936717418496
1298314211584606208
1298314855905099778
1298315469863165953
1298316711645544450
1298316727462309888
1298316945599746049
1298317730639159296
1298317986462347264
1298319247899328513
1298320502461796352
1298320523768856579
1298323019824336896
1298324277473751041
1298324281710063617
1298325536566136839
1298326370402140171
1298326795465498624
1298327221275430918
1298328036186628096
1298329375604187138
1298330063902068736
1298330570691432449
1298331827250266113
1298333085558345728
1298334344189300739
1298335603331944454
1298338119784243201
1298339373679812614
1298341898843824131
1298343151481106433
1298344410598510595
1298344427614801920
1298345669812510721
1298345980488802307
1298348155453440005
1298349446347067397
1298350702096535552
1298352513238827010
1298352819276337158
1298354477242691585
1298355735001280513
1298356994705850370
1298358250950266881
1298359510004793344
1298360768778444800
1298362026155180033
1298362608786038788
1298363285088206848
1298363787565834240
1298364291469447169
1298365802232651776
1298367059294924802
1298368317644840960
1298369575776653312
1298372093197910017
1298373417989812224
1298375867140374529
1298379643293257728
1298383418607177730
1298387192771940353
1298394742745694210
1298402292614467584
1298409843309633536
1298417391454564353
1298424942170701824
1298432492995829761
1298440066445062146
1298447591563239424
1298455172042170368
1298462689455480832
1298466464631001088
1298470239177453569
1298474015124795393
1298474015124795393
1298477790157840386
1298481563898974210
1298485341742137344
1298488150675918856
1298489115139280896
1298489695412903939
1298492889622863878
1298500438824820737
1298504213320826882
1298504426949419010
1298508009715519489
1298511762833264641
1298512890081804288
1298513568799875073
1298515540873482241
1298516796081922048
1298519313364770817
1298523087139475457
1298526864420540416
1298529092048912386
1298530419718184960
1298530620809728000
1298531048083591168
1298534411634434049
1298537381289656321
1298538212852367361
1298539567281328128
1298540490464407552
1298541962312798208
1298543221358964737
1298544079345680385
1298544441477795840
1298544725478318080
1298544732222750720
1298545206300684288
1298545564297166851
1298545723370168320
1298545806241337349
1298548828077948928
1298549511686631424
1298550772033114112
1298552028080353282
1298552771445239808
1298553287382360064
1298553966725402625
1298553982831538176
1298557062188867586
1298558319787999234
1298559578272141313
1298560210932502529
1298561027668418567
1298561529214840832
1298562042639638528
1298562834738171905
1298563352969588737
1298564434223276032
1298564612250652674
1298565870818668544
1298568649809317893
1298569644295565312
1298570902679040001
1298571184368496641
1298572161909760000
1298573152738582528
1298573922540060674
1298574677389053953
1298575924716171267
1298577194181103618
1298578452816318465
1298579710176301057
1298580558134620160
1298580952885743616
1298583486136279041
1298583974965633024
1298586001611403264
1298586430525132801
1298587260879863809
1298588518051131398
1298589777520992257
1298591023954706432
1298592293956526082
1298593551794790400
1298594811109429248
1298595271396544512
1298596052417892352
1298597327058370563
1298597891985092608
1298598585353805824
1298599842818727937
1298600926647853059
1298601605059747844
1298602229167992833
1298602863246147584
1298603618141122560
1298604877115985921
1298606125835788288
1298608651855421445
1298609911493021704
1298610540336553986
1298611167733125121
1298611820882731008
1298612176471687170
1298612512204754945
1298613685150265346
1298617459474391040
1298618717702627328
1298619975859605509
1298620962418708483
1298621234939338755
1298622537530839041
1298623237862166528
1298623751379197953
1298625010165256192
1298626269228171266
1298627525132931072
1298629028128096261
1298629360782651392
1298630043338407936
1298630724371841024
1298631300023226368
1298632561195921413
1298633800512143367
1298635076360691716
1298636333792014336
1298636502671425536
1298638850076672001
1298640108875382785
1298641370702282753
1298643889046331393
1298645142887370752
1298647660128239616
1298648917236645890
1298651478622711808
1298652692244508673
1298653933506670592
1298654100796706816
1298654395484250114
1298654697700679680
1298654706999398401
1298655208420057090
1298656467827019777
1298658983960600581
1298661499200831490
1298662758070857729
1298664017033142275
1298665274040819712
1298666534244679680
1298667791290073088
1298669049333850112
1298670309873262593
1298671549831090176
1298674090518155267
1298675341872037889
1298676598489612294
1298677867740565506
1298679115877363716
1298680374294437896
1298681663010959361
1298685407807385605
1298689183280766976
1298691778225344518
1298692428749320192
1298692666817994755
1298692957705568260
1298693692920868864
1298694217053724675
1298695473524543488
1298696717798453250
1298697991017181184
1298700507108843520
1298701765261565954
1298703023422746624
1298704310554042369
1298705540055539713
1298706799474991109
1298708059020091392
1298709316350799872
1298711832819982343
1298713090360397826
1298716848557404161
1298718007200423939
1298719383229882373
1298721898830811137
1298724415639756802
1298725669069717505
1298726679712542721
1298730706672246785
1298734516484345856
1298734858206941186
1298734882810626049
1298734898925142020
1298736788467601409
