1334449686598578176
1334495212937351168
1334506037966217218
1334510954537578496
1334533352016261122
1334534187060228096
1334543167073357826
1334559021706174469
1334782745470324745
1334792340251217921
1334811434455220225
1334827792316256256
1334879776117583872
1334902786530545666
1334909034726629380
1334918880465199104
1335161742607998976
1335253346819530754
1335536965215789057
1335558420716527616
1335612959968604161
1335630301935104000
1335849714579877890
1335849871929192448
1335877843230846976
1335912053995925504
1335937856980783112
1335965456457486342
1335969395303206913
1335973843828092929
1335988339795746818
1335991208322076678
1336002293611761664
1336210264606257153
1336233853913075712
1336234490084126722
1336252429529124865
1336277343879442434
1336304019497603072
1336306703957159938
1336315407662256129
1336325662697639938
1336328640754114560
1336332405603409923
1336347052981153792
1336597475793231872
1336612380286066688
1336624851189178369
1336632342870433792
1336649798045159432
1336655509064134657
1336675970519068674
1336684122983501826
1336700381309640709
1336711420008943620
1336720513960353792
1336741149919248386
1336776599069405186
