1275919204701614080
1275927159228465153
1275934994716901382
1275942628576673793
1275950724975910912
1275958328204636166
1275966463514378240
1275974133319335944
1275982333590622210
1275990008793620480
1275997951773548544
1276002066062688257
1276005771440947200
1276013564155834368
1276021508297625601
1276029239649861644
1276036827791663105
1276040073839083521
1276047709275914245
1276055451818491904
1276063149985325056
1276070895660994561
1276078747028992000
1276086706517786624
1276094363182026752
1276101995829563392
1276109661977149443
1276117290564694016
1276125196743827458
1276132815558541312
1276140681518612482
1276143355659841536
1276148475823095812
1276155500149833728
1276159257168293898
1276160796486250499
1276167178572763137
1276175173985669127
1276181087493009408
1276183018810609666
1276188654180810752
1276191092933787655
1276199034345136132
1276207066089230338
1276210317165502465
1276217953764155393
1276223500655529984
1276226018961915904
1276233959916163072
1276241549249130496
1276249235416113169
1276257072435396610
1276260756003094530
1276268330203185157
1276276613458661376
1276281217453826049
1276281411138457608
1276284599841296384
1276292354014695426
1276297963170660353
1276300334827286530
1276307891872575488
1276315804796059650
1276324024977707008
1276331935925776384
1276339960191299585
1276347652431581185
1276355408232398850
1276363649960103936
1276371469694615552
1276379319288434688
1276387133901737984
1276394934426374145
1276402766563377152
1276410390583410691
1276418361455411200
1276425957985878016
1276433720753479684
1276441450381824000
1276449125412659201
1276456881268101126
1276461626829361152
1276465363014696960
1276473079447855105
1276480816932143105
1276488690391486465
1276496242613379072
1276504034204102657
1276507833245237248
1276508260397432833
1276511359480418304
1276511782480248835
1276519581713158147
1276522025578713089
1276527373853298689
1276530949946322944
1276538625434550277
1276546431684395011
1276554049907757061
1276562257829408769
1276569909758230533
1276571174831640577
1276578002541969408
1276578224567316480
1276578724411039744
1276585704252989448
1276593797166751744
1276593823888490496
1276601476765429763
1276609396529922049
1276616012218040321
1276616992712204294
1276617678279622657
1276624613393551365
1276632565542240256
1276640691708481536
1276648661536120832
1276649188558802944
1276656746786951168
1276661283761381376
1276664138941509632
1276671789800787968
1276673896939470849
1276681985797304321
1276689973887016965
1276697689862914048
1276705674693685248
1276713867872292867
1276721858377891846
1276729656146878465
1276737428594790400
1276745048915423232
1276752795803230209
1276760769020014592
1276768649622282243
1276776665276985350
1276784315846754304
1276792177369153536
1276800000748433410
1276808022896119808
1276811491308720135
1276813451915034624
1276815489172463617
1276823513932935169
1276831546549379074
1276839354405715969
1276847085372035079
1276855104948355072
1276863041620099075
1276870902525972480
1276878872953475074
1276886845750751233
1276894463630159874
1276902165232181248
1276909876678201344
1276917982694948877
1276925577728057344
1276933508708081672
1276941423510773760
1276960309618642944
1276968089486229505
1277010029258907648
1277017636732354560
1277032849569431556
1277040871779819522
1277048692445413376
1277075578617827329
1277083622034587648
1277091509909819395
1277209566606958604
1277220946122850304
1277228462714093568
1277236222142943233
1277243872972812288
1277251583177306113
1277259249651986432
1277266937215619072
1277274733860569088
1277282513073905671
1277294460863492098
1277324331853516800
1277359161362219011
1277385303632654341
1277393198344802306
1277401048160907264
1277431585944539136
1277439230076166146
1277447210611982338
1277455117235691526
1277481434853314561
1277496794252017669
1277508320341962752
1277520089890381824
1277527733401260032
1277535410265165829
1277543003436077057
1277550791180668930
1277550791180668930
1277558689629704192
1277566489571270657
1277574491569299459
1277582351560777728
1277589849634009090
1277590030588895234
1277590177175781376
1277597815536001025
1277600456936587264
1277604383946092547
1277608655026864128
1277610244219305985
1277615068855840769
1277617636201787392
1277619681138884608
1277621620966780930
1277622773481906176
1277625089371115525
1277627356191043586
1277635389063417860
1277635688964354055
1277640043817910272
1277643196340867072
1277651205846716417
1277658888054214662
1277665888041349121
1277666645088010241
1277674486658203648
1277675954240778240
1277677380685856768
1277682080651116544
1277684783422767104
1277692380167254023
1277699968149663747
1277708162938933249
1277716485331435520
1277724270450413568
1277727394120556550
1277732192333049862
1277740371087446018
1277743082600042497
1277745375760318464
1277753408741670918
1277758856223952896
1277765453314744321
1277773718538932224
1277781402357043200
1277789337342664706
1277797724591718401
1277806012397912065
1277814337013518338
1277822053651972096
1277829625176096769
1277837523662798848
1277845374250688512
1277853264982278146
1277861126026510336
1277868819139174400
1277876444597796865
1277884334242963458
1277892389668077568
1277900432615116801
1277908482893766657
1277914739637616646
1277918157492101121
1277920569304940544
1277922473871323139
1277924379284946944
1277932185610264582
1277939880908201985
1277947520128294913
1277955246464122881
1277963181185327115
1277964867178127363
1277965323191250946
1277967877908422656
1277971225726210048
1277973219329241094
1277977036766629889
1277977233164865539
1277981091186556928
1277988829476073475
1277993044118327296
1277996517845078016
1278003933235908614
1278004128187375617
1278006091750666245
1278011697014472706
1278015063400615936
1278019836854046722
1278022146426638339
1278023944251953152
1278030436527202304
1278030792443047937
1278038216432590848
1278038342169317376
1278045848455254023
1278048408616366080
1278053480834519044
1278056281262059520
1278056430793134080
1278058776097173504
1278061237595561984
1278066385617330176
1278072394666606592
1278072577408327682
1278076881124749313
1278080820373225472
1278082434127392768
1278088712744828931
1278096403089195014
1278097230180712449
1278104176937975811
1278104376200945667
1278104454915645441
1278112117212819456
1278120132594860038
1278127061840920581
1278134816769282049
1278142480425369604
1278150680541347841
1278158677682380801
1278165494684618752
1278173658167607296
1278181678549209089
1278189330243235840
1278197112015126528
1278204792721022977
1278212558504316935
1278220246726344704
1278228076976115712
1278235851781279752
1278243802357080064
1278251742908633088
1278259619127844866
1278267241352564741
1278275126845485057
1278282895082303490
1278290698702327810
1278298250596900864
1278298444461944834
1278306324946784257
1278313934232129538
1278317682899791872
1278319205205422081
1278321714640887815
1278326059293958148
1278333006462087168
1278334110918991873
1278342055312404481
1278349698923933696
1278352915057438723
1278357251296813062
1278364834455789568
1278366955708100608
1278370531092213762
1278372911494168582
1278378080940068864
1278380840536494082
1278388974562705408
1278393180354904064
1278396846948462592
1278402979893133312
1278404900695805956
1278408279731785728
1278412745503899649
1278419589387489281
1278425536189140992
1278433168874516482
1278437214540771332
1278441033139982342
1278444859024486400
1278444959117512708
