1273376254067171330
1273376330013446144
1273376407108890627
1273376416797786112
1273376506211860480
1273465800406568960
1273465820920909825
1273465843561779201
1273469137130590208
1273469685682573312
1273469699498672130
1273469777432936448
1273469874543693825
1273469906709876741
1273470159982911489
1273470174449016832
1273478085912952832
1273478093894803456
1273485013712097287
1273494546576543745
1273494559587274752
1273495841551069184
1273495850929606661
1273499856867377152
1273499896973332480
1273499925402312704
1273499939600023552
1273506738906509312
1273506772091887618
1273506791985426432
1273513860717314051
1273528788354244609
1273528805311819778
1273528820889518085
1273528841777094656
1273528857166057473
1273529716755042305
1273530034356092928
1273530072532692992
1273530072532692992
1273530152203563011
1273532146876063746
1273534747248033793
1273534769733734400
1273535236207452160
1273541059595972608
1273541211773702144
1273541422327705602
1273541443412463617
1273541483614949376
1273541528091332608
1273544975960158209
1273544986047512576
1273545895695482881
1273546080601419776
1273546820585750529
1273546893335891968
1273547655730417666
1273548867104104449
1273548888960614400
1273548909907005442
1273548963334029312
1273548993507794945
1273549237549228034
1273551169470763008
1273553541878239232
1273554667168038912
1273554923007938560
1273554945938272256
1273558359548071937
1273559126203928578
1273561294378012672
1273561840791019521
1273561974111178753
1273561989185507329
1273562637578768384
1273565346709061632
1273570679452024833
1273570716064104450
1273570730072997888
1273570742542704641
1273570814860894213
1273570825787060224
1273570863611330560
1273572192731758598
1273575012012883968
1273576642045231106
1273593279691534337
1273594178170216453
1273600188427444224
1273603765858439169
1273604211771609088
1273605685595365380
1273605732706013184
1273605738871611393
1273605750343024646
1273612767120031749
1273613968100204546
1273623564730630147
1273623808696635394
1273626611645059073
1273627205596299266
1273627227586994177
1273627916627316738
1273628895242260483
1273635419331203074
1273639219559268357
1273641726671032325
1273648906329620480
1273648916572110850
1273648927221391360
1273648937493311488
1273648949539360768
1273648980694532100
1273648995714375681
1273649016757260290
1273649162354143233
1273649174962221067
1273649200727801856
1273649457289138179
1273649466625724419
1273649491980300296
1273649504760270849
1273649513560002561
1273649536393711617
1273649555142254592
1273649916422881280
1273651799422107652
1273653489403670530
1273660587181031426
1273664414332395520
1273664808626335745
1273668142540165120
1273671658914623490
1273671915597713408
1273672412194881536
1273673372828946436
1273676692981235712
1273676707594227712
1273677291458043904
1273677739418095616
1273677756400795648
1273677946872627207
1273678270530301958
1273679309799149569
1273679312995090434
1273679407539007494
1273679424035176448
1273679542033448961
1273681058425339912
1273681077434044418
1273681089584865280
1273681107100336130
1273681120719142915
1273681146790981633
1273681161135554560
1273681170253971462
1273681181926621184
1273681198917828613
1273681208862478343
1273681216483532812
1273681227929829381
1273681239942316032
1273681249421443078
1273681301699264517
1273681323937411072
1273681348184719366
1273681376232046593
1273681427587108868
1273681515705249792
1273681538299965442
1273681570394779651
1273681927309004800
1273683183226294273
1273683740997365760
1273684254627635200
1273684516083818496
1273684532374503426
1273685451698769920
1273685694221881347
1273685707723325446
1273686961098719232
1273693275141091332
1273693561117184012
1273694557675433984
1273699521697132546
1273714472570494978
1273740805417639938
1273740882844491776
1273741063317065729
1273741107629895686
1273741121764630531
1273815862659743744
1273815895001923587
1273830899898101762
1273830990927060992
1273831011294547969
1273831028168314881
1273831196930248707
1273831222842712065
1273835036840730630
1273835065424912384
1273835131233546240
1273835137273409541
1273835163076739072
1273835239706673152
1273835267452022784
1273835283059015680
1273835304353509380
1273835344237072384
1273835366806626304
1273835378663882754
1273835484616278017
1273837735904710656
1273845497757937664
1273848082136993795
1273848100558381058
1273848260143329280
1273849278734221313
1273851677150515200
1273852266601230338
1273852282849972224
1273852297945264135
1273852311362822144
1273857321521819648
1273857456096137218
1273857477440831489
1273862263569604608
1273862273438711808
1273862297321177088
1273862326857457664
1273862354149740545
1273867775002451968
1273867817796976641
1273870191479476224
1273870211322654722
1273870231392436225
1273871471383924736
1273871740893040640
1273871740893040640
1273875567792869378
1273880961999147008
1273881117461020672
1273881142152908800
1273885803597434880
1273889556648153090
1273893715321458690
1273893770417897473
1273893986177032193
1273895876801564673
1273897485967200258
1273897532800860163
1273902164130369537
1273903699228844032
1273903714668032006
1273903734393839616
1273903750281940992
1273903827448745984
1273903877092519941
1273903975926988800
1273910311238729729
1273910346118508544
1273910354893045762
1273910420848377856
1273910442855989248
1273910464896995329
1273910510547861504
1273910526498820097
1273910536296693760
1273910549600968704
1273910568244609024
1273910585692913664
1273910624104460288
1273910645738614786
1273910659034595330
1273914185823420417
1273914196082724866
1273921512928616454
1273924349813313537
1273925631680675842
1273925786886602752
1273925826011172869
1273945538908561408
1273947702896791552
1273950092148514817
1273951078225149954
1273956785989259265
1273958799381012481
1273964011764228097
1273967441044025345
1273967456764284929
1273967472018939905
1273969599067885568
1273969609008439296
1273974343555584001
1273975246337511424
1273975664316755968
1273975881741078528
1273975898845458432
1273976016311123969
1273976132774375425
1273976147798298626
1273976163526901761
1273976177217191936
1273976193390383104
1273976279273033731
1273978420662337536
1273979263797071872
1273979304284741632
1273981103309799426
1273986277151571972
1273986314107596801
1273986322915606529
1273986992796205068
1273988101912825856
1273991318881079298
1273994049381433344
1273997805732970496
1273999020067872768
1273999083393486849
1273999302159994881
1273999353385037829
1274003540499988481
1274004603932155904
1274004626443055106
1274006353565147137
1274007739103154180
1274007761748144131
1274007775916503040
1274007811639463936
1274014692848160774
1274017954028556288
1274017969262284801
1274019174310912009
1274019370642165761
1274019369400532993
1274025347571421187
1274025370849808386
1274025381478219777
1274025393394155521
1274025403858989057
1274025415032610816
1274025423429607436
1274025467503423490
1274025492992098305
1274025503188561922
1274025566539259904
1274025576400109569
1274025584633556998
1274025597094723586
1274025611762249729
1274025645803286533
1274025738824450050
1274025779937107970
1274025787658768384
1274025810257752064
1274025820739325960
1274025829715054592
1274025844848111620
1274025938930544641
1274025958018818048
1274025975563595778
1274025985239920641
1274025994215665664
1274026009914982401
1274026054257192966
1274030468439191552
1274030483681226756
1274031563316043776
1274032282777595907
1274032984321150976
1274034275298545669
1274036871342022657
1274037033158225925
1274037786245582849
1274038064508256256
1274040167964254210
1274040638099656710
1274040918929219584
1274040922137862147
1274042850532089861
1274042911366283264
1274042922435055621
1274042957843312640
1274042978219298818
1274042988319199235
1274043004853125120
1274043015984799746
1274043029096214529
1274043036838871042
1274043052445794305
1274043115742134273
1274043140899512322
1274043161787207685
1274043182687367168
1274044369474125828
1274059458092634115
1274073295822913537
1274085877694824448
1274092269449236480
1274136185800138753
1274136212429664256
1274136289370087425
1274208682889412608
1274229523207409669
1274230354182881282
1274230416287858689
1274230426626916352
1274230470428045312
1274230481836539904
1274230509623803907
1274230520386408449
1274230575264653312
1274230585351983107
1274230639332655104
1274231746968588288
1274231757005602816
1274231769118711808
1274231889985974272
1274231918645710848
1274231967891013632
1274232006055002112
1274232035129860096
1274232044139294720
1274232084589162497
1274232137592582144
1274232171927142405
1274232410163593216
1274237982271209474
1274237995663724547
1274238001212796928
1274243017235468289
1274246439254855681
1274252545834332160
1274253646616834048
1274253692166983682
1274253702489083905
1274253723427012613
1274253733275136000
1274253733275136000
1274253753386971137
1274253761087770624
1274253780222119937
1274253792544985089
1274253806545534977
1274253902951612417
1274253947969077248
1274253966575112192
1274253983092260864
1274253991979954176
1274254014104965122
1274254028902469634
1274255323222679552
1274262864774213634
1274263464098385920
1274264964061159424
1274264974337159175
1274264998978695168
1274265011444203520
1274265027705556995
1274265041370591232
1274265052909129729
1274265065563267072
1274265073616400384
1274265092536913921
1274265114917646336
1274265146806984706
1274265862644654080
1274265874317410305
1274267087125524481
1274267865055670272
1274269207832793089
1274279482262773760
1274281141470670848
1274290695109595136
1274291623103512579
1274291982840496132
1274292006194425857
1274292029313474560
1274292069125820416
1274292114852020224
1274292128462573568
1274292155612377089
1274292168513990657
1274292185521885186
1274292203817512960
1274292252857204736
1274292273082220544
1274293668724301824
1274299848293076993
1274300039423238149
1274300054547968005
1274300135904890880
1274300159179001858
1274301699411320832
1274302808783806465
1274306239376359424
1274306281256386560
1274306301095444480
1274310331263848448
1274311741372014592
1274323072464687104
1274323087413202944
1274323100134510593
1274323111605948416
1274323131059130368
1274323143453270017
1274323171404058624
1274323185379553280
1274327871503425536
1274335403298996243
1274336923167883264
1274338568387932161
1274339468133249026
1274339569526353922
1274339594876735488
1274339603315646466
1274342110041444352
1274343554534584321
1274343564407910402
1274343574553886722
1274343597094178817
1274343633379082240
1274344946477207558
1274346207318609920
1274347572472303616
1274347580982464514
1274354291751497728
1274355440726532099
1274357873242443776
1274364703016394752
1274387172355985414
1274417401644355584
1274568421817139200
1274571063813459968
1274571083589566464
1274580357116039173
1274586378232307713
1274586395814887425
1274586403431763968
1274586440228311040
1274586455776559105
1274586462814711809
1274586477314420737
1274586484759302144
1274586504703205377
1274586513926508544
1274586531689385984
1274586607237115904
1274586621124448256
1274586638065315844
1274587318314295296
1274587362010574848
1274587374035623946
1274587387927105536
1274587396122779648
1274587407212523520
1274587425906573313
1274587443883397121
1274588405272379392
1274589206388580354
1274589241582944257
1274590307284332544
1274591162104524808
1274591401091661825
1274591408079417344
1274591456024461314
1274591486907224065
1274591498298961920
1274591507677396992
1274591520654602240
1274591534156001280
1274591605861859328
1274591655933276160
1274592553665474561
1274595521877938176
1274597018044940289
1274597389010075649
1274597402356449281
1274597412565389312
1274597423848054784
1274597507344019457
1274597520245751809
1274597562297864192
1274597644522971136
1274597655029723136
1274599532123377666
1274600458938650624
1274614638047526912
1274615562568634368
1274616574255783937
1274617886464790533
1274618358579765249
1274625918326243328
1274625998038929408
1274626053248614405
1274626063881158656
1274626075453243393
1274626086660386817
1274626100568694786
1274626109812899843
1274626131979886592
1274626165433602048
1274626188875632640
1274626328898220032
1274629362508275713
1274629695649337344
1274630436619247616
1274632854899695616
1274632865989505025
1274632874302586881
1274632886302408704
1274632899460050950
1274636950515965952
1274637105046700038
1274638375983742976
1274642530601062400
1274643460902043648
1274643545383751681
1274644391794221062
1274644681276735488
1274644821538463745
1274645115248795650
1274645440533856256
1274645737637318667
1274646277603672064
1274647019194404865
1274647144956342272
1274647492521603072
1274647893660569603
1274648636425678848
1274648990022340608
1274649790563921921
1274649967098040321
1274650288734064640
1274653415684128772
1274654374523031553
1274658977859751939
1274659048676302852
1274659048676302852
1274669463514886145
1274679656097165316
1274680643658616832
1274680653091667971
1274680672842629120
1274680690307727362
1274680698453008385
1274680725149794304
1274680743583715335
1274680761153658880
1274680776311943170
1274682847715102720
1274683715948613632
1274684818626928640
1274686236192579585
1274686319512387584
1274686330262470662
1274686351926050820
1274687521662910465
1274690842456928257
1274690867731795969
1274690911885238272
1274691105238454273
1274698144614420481
1274702134521536513
1274702146387181568
1274702267413942273
1274702370694463489
1274703582751870978
1274704392147648515
1274704556916686850
1274705307290218496
1274707024031494152
1274709225764261890
1274710250482958338
1274710289565523970
1274715156845559812
1274715181533351937
1274717642327298083
1274717904873947136
1274719796223934464
1274721124648210432
1274721563804413952
1274722448789966854
1274722486593228800
1274726217216917510
1274726243351646209
1274726252830765056
1274728860882518020
1274731381344604161
1274734405823627264
1274735506409041922
1274735519721828352
1274742028560203777
1274749243148898306
1274755030327922688
1274756552038256640
1274756573353652225
1274757268777689089
1274759810848903169
1274763833521905664
1274764661104291846
1274768370248925190
1274771652300230663
1274772207332360192
1274779210163290115
1274788251493163009
1274808883236737025
1274915350614806530
1274915372312014848
1274915726915239936
1274923219628306432
1274933213316644867
1274933461757956097
1274941203159621633
1274941214891089920
1274941259463962625
1274941275091976192
1274941287502876679
1274941298689167360
1274941334453915659
1274942389195595776
1274942975165022210
1274943003690504192
1274943011798032385
1274943024439734272
1274943080584613888
1274943691493462018
1274943700561428481
1274943711533727744
1274943762263875586
1274945181553496066
1274945721469468672
1274950015769862144
1274957896892243973
1274958848118439941
1274958857199116288
1274958869467484172
1274958881278627841
1274958890162171904
1274958907941761025
1274958921309081614
1274958939898159104
1274958953366118401
1274958970910801920
1274958997255225344
1274959024837058563
1274959035004006400
1274959052855017473
1274973182542438400
1274975290905812993
1274977610364325889
1274977620288057345
1274977680618860544
1274977726735224832
1274977741134323712
1274977756183494657
1274977773833109506
1274978311567966209
1274978363510308864
1274978417813999617
1274978447497068544
1274978472729985025
1274978517793587210
1274978777966219270
1274979183857369088
1274979201364439040
1274979214220034051
1274979229877309443
1274979261640826881
1274981691292110848
1274982925247938561
1274983960251072512
1274984011903963137
1274987425765429249
1274987623585656873
1274987656074727424
1274988261233000448
1274988818257653761
1274988830286852096
1274988945114267649
1274988956518662145
1274989453606621197
1274990556268109826
1274991645944135680
1274991973238222848
1274992015831269376
1274992027260915712
1274998578260463616
1274998711832186880
1274998733122527233
1274998768396652545
1274998796246749185
1274998826726764549
1274998836268859394
1274998853851373568
1274999812836986881
1275001197540278274
1275001208055496705
1275001225461800961
1275001293862510592
1275001344001220610
1275001356890316800
1275001367317413888
1275001378419728386
1275001957162369025
1275004346355322891
1275010066148712449
1275011203123871744
1275011227845001217
1275011241082265602
1275011256278298625
1275011272208236544
1275011359223226376
1275016761876844545
1275018275135590401
1275019584773505025
1275019648988307456
1275021109138767872
1275022747773669377
1275023101370269696
1275025830524137475
1275029594345820164
1275032117580304384
1275032616761274370
1275034280071245824
1275034290498220042
1275034382982660105
1275034593524137985
1275034715276410882
1275034745584463873
1275034762231635980
1275034810667413505
1275034828237418496
1275034838710583298
1275034859442929664
1275034990116560896
1275035017421471744
1275035049201676288
1275035049201676288
1275035135176577024
1275035831431057410
1275035849491709953
1275035908283207681
1275037966726037508
1275037998728519685
1275038064012922882
1275038084724330496
1275038136792424450
1275048159656529920
1275048168137375747
1275054342744219649
1275068333449084931
1275069667728474114
1275069679824855041
1275069689308143616
1275069772460253186
1275069784535662596
1275069802885726216
1275069988865368070
1275070011552366592
1275070020159037441
1275070037380837376
1275070054850129921
1275070080817102849
1275077168028999681
1275082522834038785
1275082541561573382
1275082549996339207
1275082556904312838
1275082568702910469
1275082591259910144
1275082967212158976
1275083434759647233
1275088648288034816
1275090478829010945
1275091085946228737
1275093277230927875
1275093623009415169
1275094839168847872
1275094861851570182
1275094885511675906
1275096336837365760
1275096352704401409
1275100063866421248
1275101761842249728
1275103693625491457
1275104605597294592
1275105118715891714
1275106368119279617
1275107907055562752
1275107917134528518
1275107925573488641
1275107940010164228
1275107949149593600
1275107956997095426
1275107967742939136
1275107974567116801
1275108117806755840
1275111170769399809
1275111198611116036
1275111407059709952
1275113088442916870
1275113729982685184
1275114670479814657
1275116340525891585
1275117171916578816
1275118787856080899
1275121464891576320
1275121480704102402
1275122254414860288
1275122722847277057
1275124161422282752
1275124866195357696
1275125232286793728
1275125816771383296
1275125826389004294
1275125834953744384
1275125850652934146
1275125862598356995
1275125877718888448
1275125889819463680
1275125902117089282
1275128010677649408
1275128785839493120
1275129975327334400
1275129992649850880
1275130271139016705
1275130783397818374
1275131485339688960
1275131505883451393
1275131524556472320
1275131542143209474
1275131560321257473
1275133230803533827
1275134745849073670
1275136507448307719
1275137765647233024
1275139037133758464
1275143929957101571
1275143927662817283
1275148363713953794
1275149390966132736
1275150560136695808
1275150756010700800
1275150772028805123
1275150801707708418
1275150845538119684
1275150893139329024
1275150903830601729
1275153453963194369
1275159072568946689
1275277950896803841
1275280776809103360
1275280800876040192
1275285918803529729
1275292834950721543
1275295097031196672
1275308715126784000
1275308723951583232
1275308732344344576
1275308742444285961
1275308751961108486
1275308763201908740
1275308774115495936
1275308785066823681
1275308794516553733
1275308819833401347
1275308972988420096
1275308972967329792
1275309031406608384
1275309062322900992
1275314930468651008
1275314946927202305
1275315372787404801
1275321694450864130
1275321743893299202
1275321756744646656
1275328077753655296
1275328084066086913
1275328097383067650
1275328124402745350
1275328142941605889
1275328151401398272
1275331153654943745
1275333586909048834
1275333640470368256
1275333861233262595
1275338592651489280
1275340364203937792
1275342024871497729
1275342055800221696
1275342072942379012
1275342143071059968
1275342164155916288
1275342187744673792
1275342389914341376
1275342396780359683
1275342402396532737
1275343500872224770
1275343509512486915
1275344470964408324
1275350858537095169
1275350866346860545
1275350882163572737
1275350971779108864
1275352089254821888
1275352099258318854
1275352122545115137
1275355558200180736
1275355582589997057
1275355589128990720
1275355597450498049
1275355618996637697
1275365535572779009
1275365543416147968
1275365555118227459
1275365560994467842
1275365566501605380
1275365574739144706
1275365583463350273
1275365595622658053
1275367988082937861
1275369092472545281
1275369454780768257
1275370097717190661
1275370400231325696
1275370405298163714
1275370412755607552
1275370458532270080
1275373983001645056
1275374886874222593
1275374932671807488
1275375457995763713
1275396256639209474
1275396263576506368
1275396271298293764
1275396277778472960
1275399721520189440
1275399721520189440
1275401975014797313
1275402065628614656
1275402219559571457
1275403367234314240
1275403379225890821
1275403388281327616
1275403399987683330
1275403473299873793
1275403485446582274
1275403514378964994
1275405853068328960
1275408856756125698
1275409940379832322
1275412205693960193
1275412999730274305
1275413103954595847
1275413115295993856
1275413126570180608
1275413136988831745
1275415915446796292
1275417659946008576
1275418245357584385
1275418282963742720
1275418300659441664
1275418319978463232
1275424307842334720
1275424320446218241
1275424328310558722
1275424351446355968
1275424419872194561
1275424428566949891
1275424444488523776
1275424912639959041
1275424962321547264
1275430105863598080
1275434290474389506
1275434996770070529
1275435009206173698
1275435027342360576
1275435038755000321
1275435076797358081
1275435142610214912
1275437481748398084
1275437489407160320
1275439313442893824
1275442251938672640
1275444853946454017
1275447748813156352
1275450155332849664
1275450165420146690
1275450970177015813
1275451026707902471
1275451075592466441
1275451086388617217
1275451098900213761
1275451121830526979
1275451157582766080
1275451270006886407
1275451296284172289
1275451308024066048
1275451316022603777
1275451371785842694
1275451381583765510
1275454926966026244
1275454972843356168
1275455482212184068
1275462479326457865
1275462815789219840
1275463745297354757
1275463961908056068
1275464017247711234
1275464026877825026
1275464071740043264
1275464084180340736
1275464091948154883
1275464100596850689
1275464110399000576
1275464129785069571
1275464139964629003
1275464164077690880
1275464997829738496
1275465482678697985
1275467168503738369
1275467484636893190
1275468788683755521
1275472956488134657
1275475796229009409
1275476305128103937
1275477927480696832
1275479561686351874
1275480086028914688
1275481339391815683
1275481970936602624
1275481984941412353
1275481994344968192
1275482007460511746
1275482026880139265
1275482036594245633
1275482044601176064
1275482056156471296
1275482075009880065
1275482085235490818
1275482101127811072
1275482109445050369
1275482122019581957
1275482131028901889
1275482141812547591
1275482157004337154
1275482164474327040
1275482178609131521
1275482201535197186
1275483015167213569
1275485289679654914
1275488043496062978
1275489180991328257
1275489190193639424
1275489405306908676
1275490400795602945
1275492696161951744
1275493111851102209
1275493917119729665
1275495194125893632
1275495626252435461
1275497458890653705
1275499698762190851
1275499728621514752
1275500204511412224
1275500228523810818
1275506497959743493
1275510297243971584
1275519040514031616
1275521429937827846
1275540824445669381
1275548232597282818
1275579726673870848
1275585509843238913
1275642394575282178
1275642417363005441
1275642441316601857
1275677157663145984
1275677218358919174
1275677231155744768
1275677261048446977
1275677367734800389
1275677402715340806
1275677424714481664
1275677451180478466
1275677462446460929
1275677522076807169
1275677541777518595
1275677551508230144
1275677564472889346
1275677607791648769
1275677675605168131
1275679443357483008
1275681459165171713
1275684454795788292
1275695436494446595
1275699605599125504
1275702791227482113
1275704723505582080
1275705115077459972
1275705142537605121
1275705199752077318
1275705251471994886
1275705280475643905
1275705296808280064
1275705323270156288
1275705332770226176
1275705342937255943
1275705354282831876
1275705374709100546
1275705392471949315
1275705415821668354
1275705439070695425
1275705460750987265
1275706292636712966
1275706308524728327
1275706317001424896
1275706327814352913
1275706336425246720
1275706353634488321
1275706639602106370
1275706714466267139
1275706728278102018
1275709720150638595
1275714660470263809
1275715406133702657
1275719638505136128
1275720470470500352
1275721741722058755
1275721749506805761
1275721773112229888
1275721821783035905
1275721830691672068
1275721844675485699
1275721854041325568
1275721878750060545
1275721898870145026
1275721898870145026
1275721907795623937
1275721919569039360
1275721943447212033
1275721953932972033
1275721963160428545
1275721973566488577
1275723817042706433
1275724190130352130
1275725080450994176
1275726724798570496
1275728628291194888
1275728657055653892
1275729822291984385
1275730775741206530
1275731287626657793
1275731313081954305
1275731324918272001
1275731341808672768
1275731351426211849
1275731361228296192
1275731999618215937
1275734911274684416
1275737521281028104
1275739301226176512
1275739907017842689
1275740560368840704
1275744420890099712
1275744427307405314
1275744437688250369
1275744444009066498
1275744502620262402
1275744525286285315
1275744567057436673
1275744602679541760
1275744657641820161
1275744832816844807
1275748714313846784
1275748726984904704
1275748968165707779
1275748991116992517
1275749002802315267
1275749013694939137
1275749044212699138
1275749055574966272
1275749063019974657
1275749074067755008
1275749090706538496
1275749098289856513
1275749116639928320
1275749133618479106
1275749959552376832
1275753806173741056
1275753814692368386
1275753843519819776
1275753921802313729
1275755519446331392
1275755535552385028
1275755590875136000
1275755599335231490
1275760334071087105
1275760389595303936
1275760397946171392
1275762932626980864
1275764070646456322
1275766100966473729
1275766109803819009
1275766115935891456
1275766128380456960
1275768053578563585
1275768058209095680
1275772242471915522
1275773028627034113
1275773679067168770
1275773822013247488
1275773847103569922
1275773859489292290
1275773929114816512
1275773960140005383
1275776512055181313
1275776521811234816
1275776540928815105
1275778218381971464
1275778307624177664
1275778322132238338
1275794413617381388
1275794423729860609
1275794435192885248
1275794441241067522
1275794450594369536
1275794471486095362
1275794479325249539
1275794489475563521
1275794531376607237
1275794547398844418
1275794585726390272
1275794598737084416
1275798347446661121
1275798475964395523
1275800402911547393
1275800758450098176
1275800778842738688
1275800837026086912
1275801377281802240
1275801389374091270
1275801398760935427
1275801405501198336
1275801412434382848
1275803456192856067
1275803657007702016
1275805913484533766
1275805930119221249
1275805942467223552
1275806012856041479
1275806043289858049
1275806102127607813
1275806134050459649
1275806149879697408
1275806162282254336
1275806199548719105
1275808268162605057
1275809702027419651
1275809790183321604
1275813478239023110
1275813488250753024
1275813519389265922
1275815738247393280
1275815995798630404
1275819516992327681
1275823398891986947
1275823553967988737
1275825964874903552
1275825971258630149
1275825978078646273
1275825988224667648
1275825998857220096
1275826007250030592
1275826015986749445
1275826022244638722
1275826032923287561
1275826038061314055
1275826049834799105
1275826060786118656
1275826059984986120
1275826071359885314
1275826079551414272
1275826122849161216
1275826129790734337
1275826141958418434
1275826159759089666
1275826170379087874
1275829904022671363
1275831102284980225
1275831462428893184
1275831472717541392
1275831479453601795
1275831513582637057
1275831589956698113
1275832354800652288
1275832374924849152
1275836236092059648
1275840619328483328
1275840709782896644
1275840731576401920
1275840738031534081
1275840755693731846
1275841155163459585
1275841192224337920
1275846198788792320
1275846833579986946
1275846840718708737
1275846870502342659
1275846885908140034
1275846897056522241
1275846918267166722
1275847450771763200
1275847513921257473
1275850214784610305
1275851190736216066
1275852497580670978
1275852516882821120
1275853049253281794
1275853932443709446
1275860586199502851
1275862597087232000
1275863688378023941
1275865117985591302
1275866269888249857
1275866275777073153
1275866281896562692
1275866296626921473
1275866303279108100
1275866312481406976
1275868170344071168
1275868255249477633
1275871157879783424
1275873693579829250
1275876665974050816
1275876671590207489
1275876677839663107
