1336921099611877377
1336929216051499009
1336933673485148161
1336937446534230016
1336941221957279745
1336944375260123140
1336944996650463233
1336948769456332800
1336950387333615619
1336953804823162880
1336958836679307264
1336963870305476614
1336968903935844352
1336974012145135616
1336975247967473664
1336975561781096450
1336977728336179202
1336981496876371969
1336985262992318465
1336999104547868673
1337001631523672066
1337004442332385282
1337009176434896896
1337014203949969408
1337019311832133633
1337024268857712642
1337029303956082690
1337034638620028929
1337039366133325825
1337044401747603458
1337054465657085954
1337058242724311041
1337065791632576512
1337069567651307524
1337073343175028736
1337077124675608579
1337077530319196165
1337078118809542659
1337078154192711687
1337078687053852673
1337078992478867456
1337080892913831944
1337081711323131906
1337084666956951556
1337088441096556544
1337092228162973700
1337095991078629376
1337098133835296773
1337099764693921797
1337103541203243010
1337107314415955968
1337111097409744897
1337114865626980353
1337121157233913856
1337125479732621312
1337126197466161158
1337131224863809537
1337136254945792004
1337141295702306826
1337283486324043777
1337294812110860294
1337296117420187651
1337296187796447234
1337299832969551872
1337302362214584320
1337303607734099968
1337307384784384002
1337312417831936000
1337317451021881344
1337318100509872133
1337322482622197760
1337327516592320514
1337332560049938438
1337332559940907008
1337337583953645569
1337343906548248577
1337346388892463104
1337347649092149248
1337347657099075585
1337352681032179713
1337356458921512962
1337361490693730306
1337366521056800768
1337376641027354625
1337381740361486337
1337386657025323010
1337391689380495360
1337396852430417926
1337406788854046721
1337411993762996227
1337416854705483777
1337419429655826432
1337424405069242368
1337425006649892865
1337428222955450368
1337431302862237698
1337431955042918406
1337435731841724418
1337443278048911360
1337447053832679424
1337450829993938945
1337454604691320835
1337458378726109184
1337462153343799299
1337462155587821568
1337465927340797953
1337645875703803905
1337657198319702021
1337668710476238848
1337676080514277376
1337683838856728582
1337686628949749762
1337694937941467140
1337699971496374272
1337706270539866116
1337708778398093312
1337710038329208832
1337715071053651968
1337718846397026304
1337723880182599680
1337728928836939777
1337729005030666240
1337733946327621632
1337738977219108865
1337744024522928128
1337749042718265345
1337754078059909122
1337759279139446789
1337765404480040964
1337770448420020225
1337775466334351361
1337798119640055809
1337813216550924291
1337816991248297989
1337820766356852737
1337824549086367744
1337828316330536961
1338008259869945860
1338023374342197248
1338035935284498434
1338039710451687424
1338062358292410368
1338066525996134407
1338068659156226049
1338071167664594944
1338072426970800128
1338077457619050502
1338080948504555521
1338086264818589697
1338091354912600065
1338096334495215616
1338101366808580099
1338106395925893120
1338111431053553665
1338116465397026818
1338121566173999108
1338127790030409731
1338132834045865984
1338137854682292230
1338141630063407104
1338145405008289793
1338149180917903361
1338152954705178624
1338156730774151168
1338160507312861185
1338161500842815489
1338164280475127808
1338168062089031681
1338171851382484993
1338175606463279106
1338179386701443078
1338183155208032258
1338186936922607624
1338190706624573446
1338194480407654400
1338198256615034881
1338202035188101121
1338208319434072065
1338213355807535111
1338213355807535111
1338218388334780419
1338223418949455873
1338363807425564674
1338370650415755264
1338378299840606208
1338383221667586049
1338386996985802752
1338390774606651392
1338393559217672198
1338394549094375426
1338398323137523713
1338403356663033856
1338405788512112640
1338408507847139330
1338413424162856965
1338418453980585985
1338423631895023617
1338430616816267264
1338431046396899330
1338433057305620480
1338443622874836993
1338448654387048448
1338453878774378496
1338468978201649155
1338473817589620736
1338478854575415296
1338483992216080389
1338488918740783107
1338493954065657862
1338499021921513473
1338504035112980480
1338507794614456321
1338508532543533056
1338508585727381504
1338508657684848645
1338508755626029059
1338508799959773190
1338508835493978116
1338508855957970944
1338510243471499264
1338511395130912771
1338511569660030976
1338515342876946433
1338519128722771968
1338522892309585922
1338524978615099393
1338525088262594563
1338525137386303488
1338526665790590981
1338530460457177088
1338534233355280385
1338537623036588032
1338537992080814086
1338545542310268933
1338549323492175872
1338553090522406913
1338556865450479618
1338560641913778183
1338564429747802118
1338733066081226752
1338740992300752897
1338743338044940288
1338745611991085056
1338749386793373697
1338752412031574018
1338753161159380994
1338756037759918085
1338756934112071680
1338760711292465152
1338765742066561025
1338766967956774912
1338770813483421697
1338775810912743424
1338780842005565441
1338785882443296769
1338789651570708480
1338792773332443136
1338793434300223488
1338797203549278209
1338800986450747392
1338806008580333568
1338811042269421568
1338816255202119681
1338816858250747904
1338821109786025985
1338831233200033796
1338836208571576321
1338836394979053572
1338836649271316481
1338841239534374912
1338843570678206471
1338851306237292552
1338853822110851072
1338856340211503104
1338860306278174729
1338861371946016772
1338862923087691777
1338866405827960835
1338870184908443650
1338870835134799874
1338873966006595585
1338877732025929731
1338880895818862592
1338881505301557249
1338885282079395840
1338885299703779328
1338885823576612867
1338886089852014593
1338889055552073728
1338892843310526465
1338896605299302401
1338900381309480963
1338904166677274625
1338904192480661506
1338907930507276288
1338911722728550400
1338915481248522241
1338919260157046785
1338923037299761152
1338926811590369280
1338933112152027136
1338938143081422852
1339087623495815168
1339095442899001344
1339111902568394752
1339114305715920896
1339115547406053377
1339119322745212928
1339123098809995265
1339128134214574081
1339132698816868353
1339133194789122049
1339138198220513280
1339143232165437440
1339148262759161861
1339152053826940929
1339155855342772224
1339159594623528961
1339163379018108930
1339168396118781952
1339173430508318720
1339178535949307905
1339183497899028485
1339188528425611265
1339193750648721408
1339198604410499073
1339201074201288704
1339203629522300928
1339207965375680519
1339208805301825538
1339213693851226112
1339218726827208705
1339223821761597445
1339228807526559744
1339232569620094977
1339236354157371393
1339240118415216654
1339240415057375233
1339240977995870210
1339243303645097984
1339243442057121795
1339243894157045761
1339243943842689024
1339244138445889537
1339244272537767947
1339247669076766723
1339251226068856834
1339251443753250816
1339255229515239431
1339258992812584960
1339262769250643968
1339266541892808704
1339270338971111426
1339274093867175939
1339277866610135040
1339281642330918915
1339285418462883840
1339289203855794176
1339295482993106951
1339300516564754438
1339305550723624962
1339310603542917121
