1339345071628423168
1339346455031529473
1339353387175878658
1339354759250071552
1339380176317083648
1339386470642008064
1339394395368394752
1339406982906748928
1339413147111702529
1339416415229513729
1339422709667614721
1339424092563197952
1339433528757374979
1339436676276310017
1339446237255278594
1339447622000496640
1339455551500025857
1339457537704402945
1339460586233479168
1339463420521934849
1339464167460319233
1339472203155443713
1339476813341368320
1339479191318712320
1339483859570860033
1339487999457959937
1339495550127755265
1339498581053431813
1339499022109859843
1339499064459751425
1339499084412039170
1339499173943668736
1339499202431336448
1339499623778557954
1339500852432809984
1339501995959459848
1339502065907888130
1339502107141914625
1339503874047033344
1339505128722685952
1339505444310708224
1339505501499838465
1339506945364021248
1339508472145211392
1339508900643532800
1339511749159100418
1339511795891937280
1339514448181153794
1339514959424704518
1339515067201548289
1339516362394316800
1339517103213309952
1339518200061411331
1339519047088693249
1339519535343431680
1339519637516668930
1339525491091496962
1339525494069407744
1339527527941820418
1339528439389433861
1339529290824572930
1339529296755347456
1339530921913982976
1339532323218477057
1339532335935598594
1339532430223368193
1339534319316922368
1339537073410228224
1339537605977894915
1339540735377301504
1339540853518344193
1339544289160929281
1339545139262357505
1339548398764969992
1339560491463700480
1339560494382772224
1339561510696329218
1339561683577135105
1339562046908735488
1339563512532586497
1339565381996978177
1339565597433196549
1339566736086102016
1339568160090042369
1339568288314081280
1339569305239883779
1339569510555246592
1339570620464553984
1339570681965637633
1339574107554385921
1339574141867995138
1339574229931593729
1339574877406126082
1339574916371329024
1339575648134832129
1339575837088047106
1339578107049562114
1339581166010028037
1339581431379476482
1339581599592017931
1339582894629560322
1339583644508147715
1339583642163499012
1339583647158992904
1339585912372510720
1339590436822818817
1339590626535337986
1339596980239003650
1339598496303783937
1339601819836674049
1339601836756455424
1339610698129625089
1339611489121013762
1339612458294513664
1339615603322093568
1339617491195072515
1339617497327173632
1339617497327173632
1339620635408965637
1339629698712662017
1339634350460030976
1339635988524457984
1339637877722869760
1339649076699095041
1339650849065189376
1339662179604123648
1339663675045515265
1339665180465180679
1339667948596686848
1339671737013702656
1339673236179542016
1339677889101398016
1339679530793897984
1339680279431036929
1339680447912144900
1339681295895384064
1339682544858537984
1339688709751406594
1339697897613377536
1339708088991899649
1339717277697024000
1339718912762515456
1339723566242168832
1339736898378506240
1339744831501791233
1339755404155183105
1339765592010551297
1339773149185888260
1339781319945949184
1339792395500539904
1339808501229518849
1339815040665325569
1339818187899035651
1339819684959559680
1339822668636413960
1339827737989505025
1339832771255025664
1339839043257982976
1339841089394511877
1339846612810563584
1339850273779372032
1339852904077750273
1339856695736946688
1339857938043854848
1339858205103427585
1339860578148507649
1339860717793636352
1339864319782207488
1339867706422661122
1339869261762707456
1339869402955583488
1339876812130684928
1339877076216627201
1339881244641914880
1339881730799374336
1339883370776383488
1339883962160832512
1339884361722830848
1339885003975532545
1339886893819854849
1339888526670716928
1339891911344205826
1339891911155302400
1339894944748597248
1339899460739080192
1339903876296658946
1339910044310069251
1339914698641195011
1339916461842735111
1339925657384411137
1339930805708046336
1339934205443145728
1339938230846701569
1339939614669168641
1339940620450758657
1339943642014748672
1339950070012071936
1339957767809998851
1339957793982472193
1339964528826576896
1339969444085334017
1339970944220086272
1339976984697339905
1339978369375457280
1339996993062461440
1339998376423636992
1340003031996276736
1340006301561077760
1340007186995367936
1340011971077230592
1340019023052849152
1340020522747228160
1340030089833009152
1340035275309760512
1340038263784972288
1340044426949771264
1340046063546187776
1340060412201451520
1340063806949474304
1340070100615929857
1340077650769977344
1340080422487642112
1340080428049264641
1340094888151449600
1340097534266466306
1340098158659964928
1340117031878705153
1340120051161001988
1340126093416677376
1340135657847439360
1340145345452363777
1340155542250037250
1340163588707651589
1340163594080583680
1340168497746202625
1340170006915477505
1340173152819679232
1340184980329152514
1340188124966612992
1340202972295221248
1340209014307606529
1340215305180594177
1340222858811777025
1340228898508828673
1340236449623330816
1340239338005663744
1340246761172975616
1340253177283633159
1340253636274864128
1340265623561986048
1340269923705090048
1340275830413357057
1340283879962279936
1340285773916958722
1340292062055342080
1340300112103317510
1340307666887831553
1340319745573232645
1340327548295639040
1340333459454062592
1340333465154174976
1340338370900238336
1340341385019359232
1340345913798057985
1340362649255604224
1340363405094371328
1340365044203208707
1340366806511362049
1340374353980977152
1340375737186971648
1340378883867123713
1340382157525504000
1340393353028890625
1340398008366551041
1340405431751958529
1340410089354641409
1340433867677712385
1340437014697500672
1340438650970984448
1340444817608691712
1340459035884023809
1340494648788221953
1340496281311965185
1340500936813252608
1340502575481700353
1340504083388485632
1340505717065752576
1340532017797214208
1340537553586245634
1340544728333357058
1340556929337237505
1340563977089110016
1340567632383148032
1340575686134616064
1340581721830432768
1340584743625060352
1340597072764882948
1340606255677595648
1340610914932822019
1340615697315971072
1340615703078993920
1340632301655322625
1340649038752804864
1340650547481780224
1340658603867262978
1340663763112845313
1340668548042002440
1340671435899953152
1340671939191263232
1340676469882687490
1340684149883977729
1340687290864058369
1340690310121152512
1340691945681690624
1340697984372072451
1340701381645094912
1340701386342682624
1340701386342682624
1340704785255677952
1340706422141546496
1340720761179308033
1340725542442582016
1340733215837888512
1340734602889973760
1340736240165871616
1340745799769079808
1340755238395887618
1340763035615432704
1340779021345325056
1340779030337863684
1340783551961174017
1340785059280777216
1340786443023572992
1340795502615355393
1340798523726413824
1340804688703152128
1340811234505998336
1340812743654297600
1340814376173899781
1340816013810487297
1340867603179323392
1340892769213009920
1340901953606361090
1340913157498314757
1340920528459214849
1340925786799435778
1340930338961371136
1340935739354312704
1340936559692894208
1340938073031340032
1340939575120732167
1340940674846384128
1340944366760648704
1340953104737558528
1340953231619465216
1340953267795333120
1340953604551811074
1340953736080846848
1340953773427068930
1340953792053915651
1340953947171909632
1340954269919416320
1340954281646669824
1340954315842859008
1340954379315269633
1340954438576590855
1340955166938296328
1340957072905531392
1340958831950450688
1340960205404684289
1340963612702113794
1340963811453530113
1340963864410791936
1340964749983399936
1340970835511832576
1340970912355504130
1340971654877503491
1340974183170203648
1340974683332591617
1340978158582030337
1340978220213137408
1340980473384771586
1340985129133428737
1340986031282262016
1340988152534560769
1340990405270106113
1340990791800393728
1340990935166033920
1340990964467453954
1340997460450131968
1340997949229297664
1341005884944773120
1341006055837450241
1341006113672732672
1341008891698700289
1341009038239096841
1341010234601590785
1341010420618805251
1341012058691670017
1341013022014320640
1341013079652323330
1341014308273176576
1341018902000775168
1341019119248916486
1341021495343022080
1341024385663029249
1341027532720619520
1341032499049336835
1341034579474350080
1341036956549926912
1341040742110646272
1341048547588755456
1341049174700089344
1341051931196874752
1341054091678556160
1341054849031368705
1341056428207955969
1341060642095116291
1341062387017781248
1341062393313386496
1341071700545294336
1341071707126165504
1341077738187227142
1341091453267636224
1341092965331169291
1341094473023905792
1341094478577209344
1341094599230586881
1341096359693148160
1341097870787678208
1341102656274616320
1341127187173240832
1341130334465748992
1341139773432295425
1341141282777833475
1341148961801846785
1341150593008631808
1341152229424689154
1341153740473036800
1341157018745229312
1341166324710473728
1341170978756259841
1341172618271936512
1341184817484845059
1341186452344823808
1341198911684284419
1341215899479547904
1341233013955313664
1341234142390841344
1341236031023009792
1341246852209897473
1341249877116776448
1341262074589052932
1341265474558939136
1341278184189227008
1341281922534825986
1341281956772909056
1341292393081888769
1341293030851035136
1341296163895476225
1341299129159471106
1341300988393746432
1341301963040833538
1341303713697132544
1341306620530180097
1341308811844476928
1341308830899183617
1341308942870343680
1341308980572909568
1341309043479068673
1341309124433338369
1341309169622802436
1341311263410831362
1341311866551869440
1341313292615045122
1341316563358519298
1341318813141241856
1341319330210828289
1341322592578199559
1341324364185124864
1341327508331892738
1341329410557919234
1341329453197250560
1341329503558234112
1341329546566623233
1341330912923947008
1341333809862742021
1341333944470560769
1341333970521382915
1341334178395111426
1341334184812564480
1341335687757352962
1341337689849675777
1341339638536019969
1341339662179295232
1341339719582560257
1341339733046255616
1341346693590212615
1341348643719155712
1341348649264005120
1341352050798432256
1341358588925628416
1341360217737478146
1341360337921081345
1341361736503361538
1341364753478795264
1341367888142282754
1341367963262267395
1341368099220692992
1341368160944066561
1341368192686567427
1341371369766985728
1341371424825434113
1341377968627576833
1341379214793203712
1341379478740594689
1341381240667062273
1341381240667062273
1341381248984309760
1341382874549743622
1341385893827887107
1341385899771310082
1341388913164730368
1341390559630409729
1341393574483513344
1341397221611360258
1341398482612043779
1341398517454163973
1341398540455718915
1341400371730796546
1341404138198994945
1341404899389673472
1341413710720606214
1341418489240686597
1341419995633369088
1341421764543356930
1341423266041249792
1341424903719845889
1341426540337197057
1341428631848030208
1341428698843664396
1341429558134726656
1341431067069181953
1341438992550567938
1341440754724425728
1341448810061447169
1341448815551815680
1341449183694229504
1341458245496369153
1341461268738109440
1341464284522377216
1341466055776997376
1341470076512268289
1341474855221268482
1341476363438473216
1341478251303038976
1341479890256687104
1341482781767991296
1341484417219358720
1341496621805137920
1341506062055174144
1341509585408909312
1341515876009316353
1341522041640419328
1341526568493957120
1341529464795058176
1341532737329483777
1341535506148904960
1341544310915776514
1341545696193695745
1341555134782816258
1341556141717741568
1341558025702629376
1341582186890240001
1341585460779311105
1341587096146829315
1341591748573679617
1341618551073882112
1341623709426053121
1341628489716232192
1341638304911872000
1341639900416892928
1341644710549594112
1341649757815468033
1341654538516746240
1341655023311351808
1341655038205321217
1341659191308472321
1341660036725141506
1341661587476639745
1341663218851201024
1341665540344000512
1341666423089885184
1341667692957343745
1341670618345984000
1341672118925357057
1341674123425165313
1341674161882710017
1341674181948305408
1341674215972499456
1341674233118789633
1341674593778589697
1341674626791956485
1341674677228490752
1341674909567631360
1341676686174113793
1341679942895988738
1341681465281560578
1341684986756284417
1341690692993740800
1341690726778867717
1341698638817472516
1341698672443187200
1341699208051531777
1341700084707205120
1341702227006803969
1341706381171118080
1341707625357070336
1341711415996948480
1341715175787806722
1341716574198099972
1341722724608208903
1341724123068727304
1341728469672222727
1341728518863003652
1341728531311718401
1341728782596538368
1341739855152173058
1341742746067877889
1341745498600984576
1341745764897148928
1341749033358901249
1341750422432727040
1341753442994253827
1341755204681703426
1341759331042275329
1341761982807085057
1341762877292605442
1341763715729944576
1341763887474089984
1341764012414033924
1341769793251254272
1341770677968195584
1341772321149763585
1341778357592059908
1341791592601038849
1341791646728548354
1341791745294655488
1341797229200244736
1341806792607555584
1341808560078946304
1341809939782635520
1341816737423974401
1341827943488659456
1341829315911065600
1341830951010095104
1341834095433637888
1341835737029693445
1341847317222027264
1341850202907394048
1341850208624209921
1341851073099649024
1341852092286156800
1341855236109922305
1341866310746030080
1341867695470379008
1341874242434990081
1341879144909479936
