1281012243728084992
1281012483474538503
1281018715212058625
1281023267969662985
1281024407239110657
1281031784390709250
1281036889450037253
1281077649151049729
1281090125154451456
1281109933581361152
1281112774832271360
1281119839562727424
1281127329129996289
1281148457269571584
1281153902247845888
1281161955894591488
1281172595753259008
1281177555383582720
1281182575407648769
1281185882125590534
1281190658024316928
1281194299401678848
1281199536971677697
1281207454735511553
1281220124771586048
1281222137404166147
1281225239695949825
1281226986401206272
1281236541885624320
1281245206348775424
1281270244804366339
1281271477443141633
1281276800501452801
1281277849413042176
1281279182857809926
1281279184824868864
1281279191116320768
1281279188209713158
1281279194899656704
1281279193280585733
1281279199710494721
1281279197223190528
1281279202063527938
1281279207084036099
1281279204907196416
1281287389042872320
1281300355050078208
1281307267183321089
1281311044351164416
1281325570308087810
1281328774517317632
1281328915655557120
1281329500693856257
1281329608063885325
1281329743430930433
1281331364458041347
1281331554770354181
1281334619216973825
1281337386442661888
1281340367426772994
1281344972789362695
1281352114069962765
1281363219433562113
1281365361997361152
1281371843178438657
1281372427671527424
1281372984809271296
1281373566194327552
1281374122036072453
1281375242812821507
1281388474155896833
1281404587061186567
1281409796671971328
1281423036680491008
1281436919268769797
1281458853691953152
1281481868681064449
1281513848508502017
1281517776662941696
1281520960307372032
1281521612756529152
1281524497330458624
1281534017460936705
1281534255789674496
1281540351497510912
1281543392309194756
1281545440689889281
1281552100934246400
1281552527754960897
1281553358868885505
1281555863380070401
1281555865707917312
1281555869759569920
1281555876562731010
1281555873517785088
1281555879599517697
1281555883164672001
1281561946106535937
1281581921475141634
1281587923046092801
1281592036370657286
1281592277455036416
1281608170239143936
1281618514286174208
1281619842269929472
1281634668958318593
1281643330133098496
1281643892136456198
1281652782370455553
1281656996874407936
1281657001295204353
1281656999034458113
1281657005917249538
1281657003455262720
1281657008463269889
1281657012636581889
1281657010925309956
1281657018097508352
1281657015685779461
1281657020492451840
1281660477530046466
1281671299463618560
1281678121150877696
1281683191108075520
1281686692894781448
1281691988623069190
1281697071897153537
1281703397520019456
1281703984605134848
1281729668715094016
1281730780981493761
1281731379361992710
1281731936021602305
1281731935975374848
1281732517356285952
1281738795893882880
1281740490946289665
1281861844228022273
1281872447864799232
1281872631436914689
1281892470159216640
1281930447061233665
1281937885663567872
1281943324501454848
1281955649379762177
1281986605490876423
1281997604742729728
1282002650393870337
1282027067656286211
1282030287032025088
1282030287032025088
1282041217069588480
1282044841086652417
1282080281030266880
1282080947677036545
1282088224945582080
1282089379629064192
1282090484027084803
1282091040376270850
1282092187593973766
1282096153430032387
1282114878505984000
1282164915764178956
1282201182199582723
1282221068833488897
1282229192617275392
1282231757203550208
1282240024323522566
1282247914056822786
1282275323757899778
1282279225601425408
1282300860316475392
1282309170369368065
1282323644371410946
1282323859098697729
1282324664715550722
1282327039891185667
1282332057318948865
1282333781584683009
1282334058513563648
1282334421891391492
1282334956094730241
1282344627786448903
1282347790497198080
1282362689369640960
1282364114342477825
1282364630149537792
1282377458604486657
1282391662505992192
1282396441344913409
1282412836002693120
1282416551552049152
1282418721747861509
1282435366893637633
1282452501401423872
1282453074594926598
1282453648124063745
1282455908115775489
1282476285885730816
1282548281155952640
1282565188827385856
1282568527543771138
1282574787668303873
1282578705894825984
1282583067102720000
1282587426511257600
1282592219820625921
1282606280893444104
1282608505833365509
1282620168724713472
1282625144846987264
1282637159552425986
1282647462340104193
1282649481658408960
1282650339800481792
1282656376548982791
1282659330702151680
1282662816672108544
1282670857047945216
1282681501457485825
1282689454658945030
1282693360675889159
1282711956638568448
1282717244389240833
1282720852614819840
1282732886110732294
1282748962961862656
1282760803440091136
1282761978029776898
1282774015493443584
1282778584051056641
1282786660208574469
1282786702503936001
1282792709326090243
1282812989863858178
1282814106630868996
1282816379977109505
1282818075725893632
1282818607571968001
1282831200785256451
1282848839855214594
1282874360072675329
1282880081472389120
1282930042692042752
1282941858537246725
1282944527364431873
1282948168150388736
1282950982696132610
1282956270631292928
1282972203475230720
1282977257410170880
1282980273089662977
1282983460022423552
1282984514948653058
1282988236038713344
1282991140514537472
1282995019910193152
1283000536422383616
1283005684804714497
1283005749522767872
1283010892536455172
1283015920819077120
1283020307469611008
1283021185274478592
1283025999614169088
1283030733691510785
1283036105433022467
1283044334535946240
1283055822927532033
1283059478385111042
1283071717103988736
1283072159112470528
1283091685749280769
1283102181873389569
1283104698866728962
1283126398866030594
1283129764254023687
1283129768804855810
1283129766397313024
1283129771216510978
1283129776857808898
1283129774072791040
1283129779185750017
1283129784571224065
1283129783006695429
1283136687204442114
1283147047445684225
1283150582765715459
1283155791793598466
1283160315362934785
1283162803646472193
1283163624593338372
1283163984686977024
1283171341219377158
1283181538289614853
1283184341049389056
1283184914570018818
1283186052879003650
1283246202268647430
1283281199599882240
1283311892316946433
1283313259463020544
1283313265385316352
1283313263388893185
1283313261555920896
1283313267608375297
1283313272666677249
1283313270447845376
1283313277523632128
1283313275674021894
1283315350843592704
1283317703994998784
1283319114233151489
1283327097004601345
1283333583759958017
1283336136283361280
1283338219464073217
1283340737455755264
1283344655384481792
1283345927802097664
1283347893458472961
1283351279906037760
1283355700182253569
1283370178592505860
1283372234288123906
1283376070805336065
1283381071837630466
1283385130166497280
1283393128607764482
1283402699287953409
1283406159123185664
1283408611595767809
1283410962045964288
1283413673734701056
1283417472394289158
1283422591823360002
1283426834630287362
1283430344054759425
1283433317443014658
1283437158561456130
1283440479011590145
1283470673789300741
1283480122675400710
1283485927374049283
1283490087964233728
1283504969417658369
1283516388821409793
1283517781246435330
1283521181719633921
