1288687405139025921
1288687410897801216
1288693572787609601
1288693579703934977
1288694822182641665
1288716722338496512
1288716728508092416
1288750207308566530
1288750398778605568
1288750426536452096
1288759871194697729
1288762396874428418
1288762403161690114
1288763347601678336
1288767539573555201
1288768307143667712
1288768315435843585
1288772386641326080
1288776992209289216
1288781612164014080
1288783028680945664
1288783033730863105
1288785155784548354
1288790470584176640
1288790476976345089
1288791721841696769
1288797751182909443
1288798886530752514
1288817286200143878
1288820158455111681
1288820164570439684
1288821648389545985
1288821647902990338
1288825057360228352
1288827708751794177
1288830746719858688
1288834984061542406
1288836133539860481
1288836140707897346
1288836146458370048
1288842420784832512
1288842812331560962
1288843306374291457
1288849720341716994
1288850724860772352
1288855493520371712
1288860769736691714
1288865072693952512
1288866572879245312
1288871863829950464
1288871869613871105
1288871875523702787
1288873080811663361
1288873095881687046
1288882049571524610
1288882552720236545
1288886975408164864
1288889594822266880
1288894387099860992
1288902823254478848
1288902829147447296
1288904693310263297
1288938432509562881
1288940195442651137
1288954915583193088
1288983228628393985
1289037583515652097
1289042617133494272
1289042624452517888
1289057217589555201
1289058846086848513
1289058851518427136
1289073192179441664
1289080239365083136
1289087288027172864
1289094453618020352
1289101628017012736
1289127212873134080
1289136531609915394
1289137373217873921
1289137380771811333
1289137616076648448
1289137871790542848
1289137877582938112
1289140183686840321
1289142111665872897
1289144409041195008
1289144415789780993
1289152591482347521
1289152597853519873
1289153846615318529
1289158631879917569
1289165927422889984
1289174485296279554
1289174493680656384
1289181681442861057
1289181785016766466
1289189208586772480
1289190777164201984
1289196749496541185
1289203686644699136
1289204179194372097
1289209194294517760
1289210984653938688
1289219038162194439
1289220816115204096
1289224346347671552
1289233379607457792
1289233878540984320
1289233887764201472
1289237901474029569
1289248978265993216
1289248986306469889
1289251982058885120
1289259531629998086
1289278297260437504
1289278302796931072
1289278795904499713
1289293894589403136
1289301193571753986
1289314674928803840
1289438226508156929
1289445396033335296
1289460241369673728
1289467665103245313
1289468167048183811
1289468172534341632
1289495611029385216
1289498116501016577
1289502271345025024
1289517002181099522
1289553991899049989
1289557511805140993
1289561044021460992
1289594380030885888
1289604554804338688
1289605448824320000
1289605455078023168
1289605460685799424
1289606824329719813
1289612622061395968
1289616897189613570
1289622926233280517
1289641822893965312
1289655781189509120
1289669765137461248
1289675542585700352
1289800860717821952
1289815462956605442
1289822760043032581
1289836601833426946
1289843894251745280
1289843900878737408
1289858237458612224
1289878615790944261
1289900777348018176
1289903034265346049
1289908815249326085
1289915119447601154
1289929466701950981
1289954249950994432
1289957266649542657
1289986086496694273
1289986094583263233
1289999289880436739
1290007596955365376
1290030754429206529
1290080200944840705
1290089264500183040
1290089274432319489
1290111411255783426
1290118075346378752
1290139219223027712
1290168408646881282
1290175707566333954
1290198266219569152
1290198303657795585
1290198329373073408
1290198364835811328
1290198420867571712
1290198481622056960
1290212324318441472
1290220857592295424
1290221385176948742
1290221393057964032
1290222739656253440
1290227180572536833
1290227186364948480
1290227912269078528
1290228556039991296
1290228561224163328
1290232190589173760
1290235965403852800
1290235979249328129
1290240243485093888
1290248754969194502
1290250828117184512
1290253581430296577
1290253581430296577
1290255231792513025
1290255238541086721
1290258614645661697
1290262279322103808
1290265677052260352
1290272727861846017
1290272734111338496
1290279964722388998
1290283780431917056
1290287323154755591
1290288813885911046
1290291093028745218
1290291098955288577
1290312481965891584
1290317009234755588
1290317016084054022
1290319691769151490
1290322177326292997
1290324045704187907
1290326700463501313
1290331600362729476
1290331735217983489
1290331740741881856
1290339146305863682
1290357406736642048
1290368855903092736
1290368861473107968
1290404852619591680
1290431388265484288
1290431394112405505
1290475306818498560
1290475314812817421
1290475321683132417
1290504245146349569
1290523619567665157
1290523624781144065
1290530919577600000
1290530925969694720
1290532804535545861
1290555459183624193
1290562981567307777
1290578611531993088
1290578861361704960
1290582387483480065
1290582393259081728
1290582990007996416
1290587531965128705
1290589934315659264
1290590803484725249
1290593205449154561
1290593211308576774
1290594578396000256
1290598353265242112
1290600507078148096
1290600513189244929
1290602128067538944
1290604533123407872
1290604538781560832
1290605903050182658
1290615969363025922
1290616895490723840
1290621002641108994
1290627901889613830
1290631776830984192
1290634371523686400
1290637873423757312
1290641079977549827
1290641910441193472
1290641915528876032
1290645311002759176
1290649078024593409
1290656367745871884
1290662205201973248
1290663785988886528
1290668559744536576
1290672579808722947
1290675120860618753
1290677166766723073
1290682179710844928
1290682945028722692
1290685009662291969
1290687719178264578
1290687753290752002
1290693200122871815
1290693245891051521
1290693254430601216
1290700416225705984
1290700421317550080
1290705631758950402
1290709744391467008
1290710855324258305
1290712085979070465
1290714886528479233
1290715143853060097
1290717756980158467
1290721657070530565
1290722683131498496
1290724990304825345
1290725703210504192
1290725709875261440
1290726492217978882
1290732374343352320
1290739035556773888
1290744838795616257
1290755782053527552
1290759680013119488
1290762952996352001
1290770627838656512
1290774402074685441
1290777927856996353
1290821592801411073
1290833171622195201
1290848265059971072
1290865250808422402
1290870158861324288
1290899729606303744
1290901120089374720
1290901128809332736
1290907154568712194
1290907160839245824
1290916843830444033
1290929041382363136
1290934500428480514
1290934671480627200
1290934713205567489
1290935064159805440
1290935100268568576
1290936470132240386
1290938608086441984
1290942292832985089
1290943895694540800
1290943898915807232
1290944363363807234
1290949622299594752
1290953254671716352
1290956734677356544
1290958502093979648
1290968934192001024
1290969549249093632
1290972962208677888
1290972967736709121
1290973324198268928
1290975103916769282
1290975109612630017
1290977099595919367
1290982402345463811
1290984580338651136
1290987557795192833
1290987562924793857
1290989957918519298
1290994499418816512
1290997121743589377
1290998281997299712
1291001539503554561
1291002538070745088
1291002543523237890
1291002678819139584
1291005534552961024
1291008556230041607
1291011426203635712
1291015091979247616
1291017364369268738
1291018509007196163
1291019012848013312
1291019741092556802
1291022356564123650
1291032352890556422
1291032358003433472
1291033907572473856
1291035832653152262
1291038787619958784
1291039776955437059
1291047071105966080
1291047078114729986
1291048825734328321
1291049591299649537
1291049598379683840
1291052285968039936
1291054245572091909
1291056373535367169
1291064199527899136
1291107598708563968
1291121064676716544
1291128987977015297
