1288689119024078848
1288689145167192065
1288693311641878529
1288700805005148161
1288703460410621954
1288710551795884032
1288710594552627200
1288710604040134656
1288710627884752899
1288710725637218308
1288710871565455361
1288710939362185218
1288711789685936128
1288716172435894273
1288722380978827264
1288723054621798401
1288723372793266176
1288735953046175744
1288735991432388608
1288736004854120448
1288736034549792769
1288736095161790464
1288736113557934080
1288736113557934080
1288736123737575424
1288736135280295937
1288736185532272640
1288736237730373632
1288736258441785344
1288736273189023745
1288736283360137216
1288742345035386881
1288745982285549568
1288746020315291654
1288746078746169344
1288746100174848000
1288746504316948480
1288761605887598592
1288774669974241286
1288774733819977732
1288774806742151171
1288774818683289601
1288774961285529600
1288775028994199553
1288775077140594688
1288775989280092161
1288779525480943617
1288781455020240897
1288786702216175616
1288794812896903171
1288794822397091840
1288794831347683328
1288794857629192193
1288794872573497345
1288794884024020997
1288794900348239873
1288794951170625537
1288794962721734657
1288794976227295234
1288795006455754753
1288795022352093186
1288795044447686656
1288795055566786560
1288799078978138114
1288801855179563008
1288801865300422657
1288801883491045378
1288801898846392320
1288801929607479296
1288801992656203781
1288803876381102080
1288806380325998592
1288807159963287554
1288807175117246464
1288807432366456832
1288809144171073537
1288809468919152640
1288810396443385856
1288810669429665792
1288813795478065153
1288813803409481728
1288814307875131394
1288818408587513861
1288818998201786370
1288819695232200707
1288820647695704064
1288822380211638272
1288822392677163008
1288823073395937281
1288824995549007875
1288827443999121408
1288828131558793218
1288829270916300800
1288832585896996865
1288834303040905218
1288834880869146627
1288836312510935043
1288836327987990529
1288838980017020929
1288838988694990850
1288838996584472576
1288839011239366657
1288839021561602048
1288839032416468999
1288839043803947010
1288839059087990784
1288839069166907392
1288839109981679617
1288839968257957889
1288840186667966464
1288843186094440448
1288845634435522566
1288851142743654400
1288852935812751361
1288853174493876226
1288853288042074112
1288853297437315074
1288853519844483072
1288853537947037696
1288853561309310976
1288855697334116354
1288858078364999680
1288859481263284224
1288863246024310785
1288868032685715456
1288871550289154048
1288872053756571649
1288872581597204480
1288874845472731139
1288875289775427585
1288875835399835649
1288875939926073348
1288877044634451971
1288880620047917056
1288882691656605697
1288882699680317440
1288882722337951744
1288882733733871617
1288882743456169990
1288882769301516290
1288884661943443464
1288886336817106948
1288886345503580160
1288887873639460864
1288888413178003457
1288890542680662016
1288892567065698306
1288896459828584450
1288896956509630465
1288904771538243584
1288917984279396352
1288932952685060097
1288941247529472003
1289050747741638658
1289050772861222913
1289050830897848321
1289053975245987841
1289053979675164673
1289063878140350465
1289065790994612225
1289065864873103360
1289090477812310017
1289090491796127746
1289090519914762241
1289090531524521991
1289090543767695360
1289090556828819457
1289090565976580097
1289090576709824512
1289090592362893312
1289090604203413504
1289090625040769026
1289090635786592257
1289090646087696385
1289090667747123200
1289090676592869378
1289090692162170881
1289090706041077761
1289090728187105281
1289090739562000384
1289090795706953728
1289090818402406401
1289090827361423371
1289090842943201280
1289090857635844101
1289090884227813378
1289090893149097984
1289090901269151744
1289092041696260096
1289099835518451712
1289112569618337793
1289118929487638528
1289124869964259328
1289132460446547968
1289132859278729216
1289133581713932288
1289133591159603202
1289133613842300930
1289133624302993408
1289133649468825605
1289133659065393152
1289133670507384832
1289133681475555328
1289133700735799298
1289133708012924928
1289133718045679616
1289133738174099457
1289133748122988546
1289133770201796608
1289133783527182336
1289133793966796802
1289133910077714433
1289133922174095360
1289133935897780224
1289133944919805952
1289133954772107264
1289133963865456640
1289133995704418304
1289134027497181187
1289134035856490496
1289140957116588032
1289145913718513674
1289150903807815680
1289150903807815680
1289150906810789889
1289153475033489408
1289153507531075584
1289156010846728192
1289161158860124160
1289161959892373504
1289171121179447302
1289174801999753217
1289175316791869440
1289175725388439559
1289175742509543429
1289175755646054403
1289175793566793730
1289175823660937217
1289175836768141314
1289176056390270976
1289180989508317185
1289181042255912960
1289181085314822149
1289181119762448386
1289181217766535169
1289181265564860418
1289181299886891008
1289181312948076544
1289181324956151809
1289182063841681408
1289182462107500544
1289194516461891585
1289194621541576705
1289194640776802304
1289194659462279171
1289194761216131073
1289194793428324357
1289194820678766592
1289196020857884673
1289196038373294081
1289199448384397313
1289200468208553987
1289201099132395520
1289201486413492224
1289201879189278721
1289201892526968832
1289205711399002113
1289207125357535232
1289207148820324352
1289208387687682048
1289209079085142017
1289209285738508289
1289211129437327360
1289221556992765953
1289221576034902017
1289221620402393090
1289221679617437696
1289221696449200128
1289223936190771201
1289226396926013443
1289231943528140800
1289232677644562432
1289233439720263680
1289234941209796609
1289234968997031936
1289241751283052544
1289242001435586560
1289250291292880897
1289254574365302786
1289256470261899265
1289257201459015682
1289258935770394624
1289258952023109637
1289265893948551169
1289267655678066690
1289268411525001216
1289268661622996993
1289273451807748097
1289277473474007041
1289428217833512960
1289428237228089345
1289428274746032128
1289542191342182401
1289542507517288450
1289542517830979584
1289542528337768448
1289542545425350659
1289542554912845824
1289542566803697666
1289542575515480064
1289542597380206592
1289542602857955328
1289542616552357889
1289542627596148736
1289542668238721024
1289542684432953345
1289542720990584832
1289542942391230465
1289542968429252609
1289548876387512322
1289562523679637505
1289565933627797515
1289565944814026752
1289565962572689411
1289565970835668992
1289565979870035968
1289565990146146305
1289566000304685059
1289566009129500673
1289566018130468866
1289566028838535168
1289566040419000321
1289566050418176003
1289566260984811520
1289566281289482240
1289566304253251584
1289570761825562625
1289578266161020929
1289593046129025025
1289624070477185024
1289646153433112576
1289791107358957570
1289894712053178371
1289906407425204224
1289906416518488065
1289906426089857024
1289906433459249152
1289906438530195458
1289906452190990336
1289906464371257344
1289906473724592129
1289906488559853568
1289906503827304448
1289906515957157889
1289906527965532163
1289906539461922816
1289906549528252416
1289906563361017856
1289906579463053312
1289906802868404225
1289906874150563840
1289906959643054085
1289922835369136130
1289932715744092165
1289943115067924481
1289946377099730945
1289949899195158529
1289954066873778178
1289957445859717120
1289962988456120320
1289963528183402496
1289969284689600515
1289980850969354240
1289985030094065666
1289985886638268416
1289988153940381696
1289992933081354240
1289993440659304450
1289996964507947008
1290000740484710401
1290004760687329280
1290007734658555905
1290017272212393985
1290028706136641536
1290042101162377221
1290135640684732416
1290150857346973697
1290157547966488576
1290157591868272640
1290157618527272960
1290157672029990912
1290157698726506499
1290157717282119680
1290157733220581376
1290157751222640641
1290164434443280389
1290164444182454277
1290164465577521152
1290164486427402241
1290164501409480705
1290164510137843712
1290176461068877825
1290176472502554626
1290176577209110528
1290176592853991425
1290179172573130752
1290179182832615426
1290179615902896129
1290179872602484737
1290182013459116032
1290182713392209920
1290188493054816256
1290204593578602497
1290204610099949568
1290204653158686720
1290214767391514624
1290228541037015041
1290228687552405505
1290228721199153153
1290228730619498496
1290228749405806592
1290228762043285504
1290229374399082498
1290229374399082498
1290234583737278465
1290235790119837696
1290236028268285953
1290244829750861825
1290248754239438848
1290255883285360641
1290256012759498753
1290258762138353668
1290262464404234247
1290272274830901253
1290273723581308928
1290273774953144320
1290273782851133440
1290273801033326592
1290275142086598657
1290284440703438850
1290284450392178688
1290284460315832322
1290284486366605313
1290284526468395008
1290287010519715846
1290287031289958408
1290287042421825536
1290287094913306625
1290287121417330688
1290287145484132354
1290287166887587840
1290287199284604934
1290287210441216002
1290289046283907074
1290296437637439495
1290297944994770945
1290301981651689473
1290314097934979073
1290314299194241029
1290316375664328704
1290316384111665153
1290316393494306825
1290316402595946497
1290316422393008129
1290316449937072128
1290316461966274562
1290316476285702151
1290316489141170176
1290316514881687558
1290316529943433216
1290316538629754880
1290316547332997130
1290316560343736324
1290316586021195778
1290317458256076803
1290319136271327235
1290322308318584833
1290322355227627520
1290324129074294787
1290327904350502912
1290329165456199681
1290329403558371328
1290331011629416449
1290331719061708800
1290336699780870144
1290337703461036033
1290339466285133825
1290339612473339905
1290339621650522113
1290339631914012673
1290339640562589701
1290339650503049218
1290339669117476864
1290339679989125123
1290340697976053761
1290343243696267264
1290345009871572997
1290345022978691072
1290345038518669313
1290345047695728640
1290347564823388163
1290355574836731906
1290356092963258368
1290356868729184259
1290357070932451328
1290364388990484484
1290379901342818304
1290394911339151360
1290500291364818944
1290500313590329346
1290531321022996480
1290531362336837634
1290531376161325057
1290531395685748737
1290531443639287809
1290531466083008512
1290531498022637570
1290531532495622144
1290531565580308480
1290535912456192000
1290536367198539776
1290538939514793984
1290545003408904193
1290564998499008512
1290565052710424576
1290565065712766976
1290567748167372801
1290577037711806469
1290600439591952384
1290600946133798912
1290607244799868929
1290611186254458880
1290614912331522048
1290620186798759939
1290620197917937665
1290620207573196801
1290620219577307142
1290620237788909570
1290620256562675712
1290620276955385858
1290622079180705793
1290622530735276033
1290626330661474306
1290626334293622786
1290637633882914816
1290645012842242051
1290646701162868736
1290646716358762496
1290646725036777476
1290646739964366849
1290646758368968706
1290646764786200578
1290646851658579970
1290646860248559616
1290646871048957955
1290646914778750977
1290646929559498752
1290646943404875786
1290646973335445508
1290646984190300170
1290646997377134594
1290647019774713856
1290649619752517632
1290653694283976717
1290654562223783937
1290654571581394947
1290654602690527232
1290654642200862726
1290657238600888321
1290662601802776576
1290672248442019843
1290673927904268290
1290679900916129792
1290679898021990400
1290680914578755584
1290680921151111169
1290680930764558338
1290680986225782788
1290680999198756871
1290681010028523520
1290681018379382791
1290681029041291264
1290681036997885954
1290681357753028611
1290681364619104262
1290681375394340865
1290681381878730755
1290681390607093760
1290681401050832899
1290681409028399108
1290681419912613890
1290681427626000386
1290681435687391233
1290681449662816256
1290681482944675840
1290681701027450881
1290684491598635009
1290684908516581380
1290684930494795777
1290684942557609984
1290689373130952708
1290689386812768256
1290689395687817222
1290690075857162241
1290690536819564544
1290690959685103624
1290694896123293697
1290694939446321152
1290694947520286723
1290699716762710017
1290700710309433350
1290700948197777411
1290702405580070913
1290702567039741952
1290703179672420352
1290703210928275457
1290705559683923968
1290706382438780928
1290707510853349376
1290707644102123520
1290707910876684289
1290707936864620553
1290708194222919680
1290708194222919680
1290709930463420416
1290710024680017922
1290710171254231040
1290711318513823744
1290711346628231169
1290713537346768898
1290713685699317763
1290717624146460672
1290722236563968001
1290722261037719555
1290725036609986561
1290732836195106819
1290747586601779201
1290754706378240001
1290758101705031680
1290758226796056579
1290758237873147904
1290758267703042050
1290758410904965120
1290758465862930434
1290762743302291457
1290769511940055042
1290769533561700352
1290769544680701953
1290769558261948419
1290769600767033347
1290769663497043968
1290769673110401024
1290769706849378304
1290770461337542657
1290862673421312009
1290872335772405761
1290878282599141376
1290878325821407232
1290883119793557505
1290883141725560833
1290883166861955072
1290883190866026497
1290883204296126464
1290883237280190465
1290883256641093633
1290890589714755585
1290891627159064577
1290892857755262976
1290893063771103233
1290897155138506753
1290898081593143297
1290903105278750721
1290906575830384641
1290908540819910656
1290908669509591040
1290908679131336704
1290908697271697409
1290908708277571584
1290908723033112583
1290908728808570880
1290908736123543552
1290908746932203520
1290908753978630144
1290908760588902400
1290909286227419136
1290913267708301319
1290913422717136896
1290913504258666498
1290913524424810496
1290913589386149889
1290914455463878657
1290918279310180354
1290924425307729920
1290928483305127937
1290933907618246656
1290933918271770624
1290933927771807744
1290933979621793792
1290938691163127809
1290939448302215170
1290940596266442752
1290940655037030400
1290940660363689985
1290940669079560192
1290940678013366272
1290944559200047109
1290945496836694016
1290945825770803202
1290946420753784834
1290947090139549696
1290947154249486336
1290951991687028736
1290952120666136577
1290952128228478976
1290952139964022784
1290952238190534663
1290953813340368897
1290953850430660608
1290954566217928704
1290958378831929344
1290969194813632512
1290969284051644421
1290969294604509184
1290969321976532992
1290969335159304192
1290969352137842691
1290969360639635456
1290969366960513027
1290969375021965314
1290969818695372801
1290973535356309508
1290974320928399361
1290974607931998208
1290984833448128513
1290986720087990273
1290987993776492545
1290988184541769728
1290989379545161731
1290989456627990528
1290989717379571713
1290996171931111425
1290996184727932934
1290996198455873537
1290996665508409347
1290999873509167104
1291003555533463553
1291006131243016192
1291006330526990336
1291013689525534720
1291014933908525056
1291017436305727489
1291020369650909184
1291020510709587969
1291020553457999873
1291020575696211968
1291020584894246913
1291021223170838529
1291021374677549057
1291022040905003010
1291029196551139328
1291029211629715458
1291033929428893696
1291034257473916930
1291034977937883136
1291039832681177089
1291042554746679297
1291042603446804483
1291042619343220736
1291042744929062913
1291054936244051968
1291055151034388480
1291057714941038593
1291059460711079943
1291063751165259776
1291071041134047233
1291071337490837505
1291071361524236289
1291071454486728704
1291078601014743040
1291080850528972800
