1286234090744827905
1286289481348374528
1286296106159296514
1286307818400878595
1286320551158571008
1286324134906134535
1286591247038259201
1286650933540249602
1286695335679725572
1286704908360704002
1286705664954335235
1286952328629805057
1287010462119460864
1287314716595871744
1287372849964109830
1287734061071577091
1287750868092231689
1287768051333693446
1287777806236168193
1288083940264288256
1288084754517176321
1288104621618077697
1288137808109080577
1288137806003556354
1288168408375271424
1288409151119544320
1288470450998214656
1288503254012366848
1288503251625824256
1288542320820879361
