1329204828069912578
1329209921330671655
1329216171581771776
1329219562647252993
1329222951712026625
1329226915476099075
1329241079540019202
1329246745801396224
1329250145528131588
1329275628231798784
1329283564060487680
1329321569093644291
1329324727152881666
1329325092778729474
1329326029702377472
1329326199017967617
1329330381250834432
1329340450600259585
1329341161601896449
1329341247769735168
1329341323531464706
1329351261943107584
1329352603067707392
1329357072358649856
1329357143741521922
1329363091587559424
1329376851370930176
1329389917454147587
1329395236938919943
1329410599508447236
1329415792715309058
1329425142125105152
1329434922793177094
1329442581382639617
1329449945989079045
1329456194247929862
1329469616289148932
1329482695328591877
1329488278693744640
1329501315672780800
1329510728030695424
1329517164156612609
1329518248220643330
1329521129355169792
1329541989902249991
1329542038577156096
1329566483912024065
1329573587234279424
1329579259359277058
1329579264920997888
1329579817235263488
1329587169082683392
1329595683200962560
1329603604127379456
1329605882066427907
1329606445223059478
1329609851522211840
1329643849141129217
1329645523209515009
1329704255301750785
1329737824359346178
1329738592432889857
1329741228590690307
1329741964221276164
1329753685891624960
1329754815400976385
1329772048407793665
1329777792557461505
1329797122967924736
1329801258597834761
1329803162908241922
1329805526968971264
1329807801573629952
1329819278661595138
1329823885206974465
1329824339764670466
1329854092622098433
1329863266718375937
1329891422686810114
1329893421457215501
1329893421457215501
1329900923922034690
1329904787266080770
1329926839922470913
1329928692966027266
1329932667719217160
1329941723255099394
1329947381698351104
1329950793701744640
1329955866590720000
1329963236553330690
1329963821398634502
1329964376862953475
1329964949515497477
1330079003324129281
1330085678785458176
1330095726349705217
1330106548274814976
1330141050963451906
1330143436801007618
1330149902802935808
1330158190558916608
1330164787574149122
1330168764764217347
1330173516277288962
1330176098035003392
1330183725624291336
1330187256066347008
1330202550235258885
1330206765632335875
1330239238240149507
1330277636812251136
1330313312324694017
1330314436352090113
1330315013672873985
1330315591522148358
1330316142292897795
1330318965302849537
1330386350995025923
1330422602343526403
1330433609845657601
1330441728759914498
1330447233804865537
1330455512408875008
1330463389743800325
1330475753440505856
1330482150370631680
1330483775848013827
1330510638746103811
1330519863530557443
1330526372423491584
1330548327910412289
1330553212307451907
1330560681603719176
1330564254722879491
1330687086672928769
1330689350628241411
1330689356244393987
1330697855661694976
1330730153941622784
1330765819983355906
1330787514085421058
1330793629632360450
1330797730638204929
1330797811760324613
1330798637719433217
1330813349957947398
1330821619128950784
1330843777414656002
1330845891520045058
1330848223888625664
1330849599590961152
1330850337167642624
1330851246773858306
1330863251987582976
1330872492802646019
1330882429750534149
1330909382536802304
1330916188852019203
1330919704505044994
1330928947413078018
1330934272178393090
1330945515861766152
1330948655130533888
1330954319634571264
1330957458026672128
1330957685760667649
1330974304868167684
1330994140574846981
1331019053528473600
1331034317137600512
1331052483855200257
1331066616038256640
1331079073242689537
1331102856796049409
1331104540628819969
1331118151111733248
1331158321458532357
1331179581869613057
1331180362731499524
1331184784618516483
1331193750291443712
1331199609176256519
1331206806325121024
1331207570619510785
1331210363900211205
1331212746290061312
1331228498703380482
1331229556343246851
1331242797144432642
1331243513745465345
1331269914821353472
1331277195629764608
1331282993701416964
1331287642307252226
1331288992692768779
1331289226630090753
1331290997226168320
1331298160556314626
1331309524993630209
1331313068060585984
1331313949413953539
1331315445622861826
1331323593473536003
1331329413175250944
1331344521242824707
1331347561723129859
1331350068151144449
1331364730825568256
1331367782919888902
1331367806168928257
1331384327825928192
1331389654961156104
1331396786393649152
1331408691812323339
1331413780874588165
1331438127987236866
1331443797839007744
1331443797557993475
1331449468496080896
1331485133745115136
1331495330869899264
1331509421189554178
1331511416973631488
1331516897267998721
1331523929052213248
1331527484408553473
1331533549732818945
1331538322477473797
1331543948188381185
1331544039171252226
1331545988012666881
1331551200114782209
1331551787657146368
1331560192362819584
1331568798340689924
1331573194675933185
1331587745924476929
1331589703515123712
1331590266067824640
1331598142492512257
1331599487501000705
1331604553289113605
1331607780441141249
1331630517935026176
1331633697498550274
1331639026307248133
1331643924381904899
1331644530299375617
1331648669637107713
1331649344429232128
1331650196053299200
1331653974827655168
1331674607401758722
1331686435460698113
1331687155987603460
1331697200808800258
1331708353505087496
1331710126496108546
1331716436495110145
1331716647271489537
1331716795225485312
1331717318393651201
1331717640814010369
1331723590115471369
