1311427588577873923
1311429578707988480
1311438812627656706
1311442892657889285
1311449652219191298
1311455073885515776
1311476919142027264
1311479168803110912
1311481612329078785
1311484122179670017
1311484923396583424
1311493478019342336
1311495109314191360
1311496470181285889
1311496997602422784
1311497390466064384
1311500349853769730
1311501560971632641
1311512744512765957
1311513500250894336
1311514028494127110
1311514078980915200
1311517398076325888
1311529905243389953
1311530858281492480
1311538464333078529
1311542182424137728
1311546614712918016
1311557780835192832
1311559608775790592
1311563246579539974
1311565186378076160
1311568510741487616
1311568969388625921
1311572422299009024
1311574583560994816
1311584338811650048
1311585609727668226
1311588605656088576
1311589699970985984
1311592384342360071
1311595764036988928
1311596360353767425
1311597319666630656
1311597966856052736
1311598343106097152
1311599306080546818
1311601595960848385
1311602350335774722
1311606179664072704
1311607694835376129
1311607875656015873
1311613412678328320
1311615940124000256
1311618960878571522
1311625971108257792
1311626895767691266
1311627003347435521
1311627129096814592
1311630204352163841
1311630612239802370
1311632332990816257
1311635165697851393
1311639433817452544
1311652103228596224
1311654334715764736
1311658178136821760
1311661032805343233
1311664361279111171
1311664738170859521
1311665008317591552
1311669716398694401
1311672720363606016
1311678210002706432
1311681086964092928
1311681217880707072
1311683941129089025
1311686106258137089
1311688114033762304
1311694279543123968
1311695219658694656
1311695571858595840
1311696253999173632
1311696312090284032
1311698375310487553
1311698530696716289
1311698672090968067
1311699399387475969
1311702684047532034
1311703646879408128
1311703826890518528
1311705109932326912
1311705795021611009
1311706308236599298
1311715962895253504
1311718152443625473
1311722403492290561
1311727258051080192
1311730095615164418
1311730121024307200
1311740624534605829
1311743943856381952
1311746176660590592
1311747278978203648
1311749285675851776
1311760797920497664
1311768083124514816
1311773891707072513
1311776451000057857
1311784231102676992
1311803384580562944
1311805796200538112
1311806007442501633
1311808668191449090
1311818161566564352
1311841770364268544
1311842081095127040
1311842081095127040
1311847429826781185
1311848913268211713
1311856269028851713
1311858787079254023
1311880294337662976
1311881378162634753
1311883717346955265
1311887264587243522
1311894763797278720
1311905116799160321
1311907398806695937
1311908863235432450
1311919574619582464
1311919934163705861
1311925167510056960
1311933391231619073
1311937414068281345
1311937545291231232
1311938611286175744
1311940727702601729
1311946631386808322
1311958617973690369
1311960015125663747
1311961640665976833
1311964119898021888
1311964304699125763
1311968251937652738
1311977022302777346
1311981125955248128
1311981263155204096
1311981421905420288
1311981512447848448
1311984776308355073
1311992291398017025
1311993954523521028
1311998484468301824
1312005781844160512
1312005930309935104
1312008875856412673
1312012857739862016
1312013019346468864
1312027425463697408
1312036769500557312
1312036908294303744
1312041438981439490
1312045855705366528
1312054597213581315
1312054857382068224
1312055192431390720
1312060307993292800
1312061757205090305
1312063328131325952
1312065128636977152
1312066940723060737
1312074173427011585
1312088105030098944
1312088597537812481
1312091303371436032
1312095937964064768
1312112239202107392
1312113907952054273
1312118420914069504
1312120392102813696
1312122109754183681
1312130161173618694
1312132319537369089
1312146423052267520
1312154444474114049
1312164888786079744
1312175117552635904
1312180585620598784
1312190047865585665
1312194142059917314
1312199094006284290
1312203426617454592
1312206422239670272
1312208675298177026
1312211756932952066
1312211951095705601
1312215020382507008
1312216930686648321
1312217113180827648
1312224851625537537
1312227851026919425
1312228414552592384
1312237548626825216
1312249952089694208
1312250791747411974
1312252382416269313
1312271276359073793
1312277654746263552
1312279640375848961
1312280138063720449
1312286925764530176
1312287727728041989
1312288880729579520
1312290266238185473
1312290902476382208
1312296185227472897
1312297640189517827
1312298114779287553
1312298635921559553
1312298910212263936
1312299139967774725
1312302741947969539
1312303559442984965
1312306089157783552
1312306175711408128
1312314788379148288
1312325746627493891
1312336003915415552
1312336352009023489
1312336677101162496
1312339945822928898
1312353417881284608
1312355071846277123
1312380378657615872
1312380934490972161
1312389257223315459
1312391066989916161
1312396932271149056
1312398490136272898
1312411374140628993
1312413818060902400
1312420050658189313
1312421376960032768
1312424537850486784
1312440529901113345
1312446727245361152
1312450060609699843
1312456246167916544
1312461674255851520
1312482109504643072
1312483839302803457
1312510732982841345
1312533988502716418
1312539849950257152
1312548513314598912
1312568649870266368
1312572650028318721
1312583765831507968
1312585304172158976
1312589639027363844
1312593008466956288
1312596260398850050
1312597377191043075
1312597452860452866
1312598546906976256
1312599078673412097
1312600440064798722
1312606736092602369
1312644564914593793
1312644730723860481
1312647274900590592
1312649776379224064
1312654248169992192
1312655263174860802
1312655583804182528
1312659090313637889
1312659697762140160
1312660457962921985
1312665949976182786
1312666036399816704
1312667615882440704
1312671372322041857
1312673724898844672
1312676332338249729
1312683885633757184
1312684108745588736
1312684510673211393
1312686017401417728
1312691731251380224
1312695000627466241
1312697878792425476
1312699956684222464
1312702713721880576
1312719689500389376
1312720887083278339
1312721259285733376
1312725260710469633
1312725427069186049
1312751718355009536
1312751937431904257
1312763822139039744
1312769909521182722
1312774060695154690
1312776609984700416
1312779784947081217
1312782834218659841
1312785917610913792
1312788563306532870
1312799172437786630
1312812676976869379
1312816567147810817
1312822052269637632
1312825242247602177
1312829087241646081
1312837302914228225
1312841772876230657
1312841772876230657
1312862618906882049
1312870411453960192
1312871175538634752
1312874080278724608
1312882367179104256
1312901452600287233
1312919115678453761
1312921236658245632
1312924559478149120
1312928106974334978
1312936735735640064
1312951845963403264
1312953406588248065
1312957962860720160
1312959779438956544
1312963208576081922
1312968383957139456
1312968674643337216
1312969777250398208
1312971633863188481
1312972265349292032
1312979001703448576
1312981701421801474
1312985750770606080
1312996684142571520
1313001997302263808
1313005244612132864
1313007621977206786
1313012264954281984
1313021501398949889
1313023385698402305
1313026169428615170
1313026664213880832
1313030907628978177
1313040741141159938
1313055355081912321
1313069755729805312
1313072419150520320
1313073633665794048
1313079067965415424
1313079247817203712
1313079393128833024
1313083743968485376
1313083982158782467
1313084695748333569
1313087992886489093
1313089888351264769
1313091472564973568
1313092604716748801
1313092672010121216
1313100800500015104
1313100975389896711
1313141095451168768
1313144260531642368
1313149076628672512
1313149215489454081
1313151739508322308
1313154693820870660
1313155806955597824
1313158725486616576
1313192905725542400
1313204679451398144
1313209365726339072
1313221027187453952
1313235258410582017
1313235792777474048
1313240761408741376
1313247973703217152
1313251478266499077
1313260091039084549
1313261415227035648
1313270215900188672
1313289494771064833
1313289969230774272
1313306779548221441
1313310609283276802
1313312476927152128
1313313366606114816
1313315329712349184
1313315607203344384
1313318649478873092
1313319138094272513
1313326181798748166
1313345461214875649
1313354992590307331
1313362371771916289
1313365215128420358
1313369951755931648
1313371588083892224
1313374770440757249
1313377447484694528
1313378933656547329
1313382434029727745
1313391117623148544
1313392172213755904
1313392200940625920
1313392668903272448
1313393300678668289
1313393720683716609
1313395005134782464
1313395537165524995
1313416199791800322
1313425819121803264
1313426519776063489
1313430972658929669
1313448110677348353
1313448127899131904
1313450942231048193
1313454832615788549
1313454954430951425
1313459643629277184
1313462143723819008
1313463350831923200
1313481933318430727
1313514470266728449
1313523149317705728
1313524290336169984
1313535915684327424
1313541165623328769
1313551251183820800
1313554342729793537
1313555325941764096
1313555544792133633
1313559532736409601
1313565044035121152
1313570874490908672
1313579853631741952
1313584424773054464
1313598273400172544
1313604291685314560
1313613384219156480
1313632973900529664
1313633807820439552
1313644746246479872
1313645162120138752
1313657858311876609
1313660685310586880
1313677421246246912
1313687336677326848
1313693263795122176
1313693484566499329
1313696773370650624
1313699787091320832
1313704734423875584
1313716247536701441
1313718227000647680
1313720521750507520
1313724797524688896
1313730115210158080
1313731200993828864
1313733362670923776
1313738042901819392
1313741566410776578
1313748516800397316
1313751186286145536
1313755081481674753
1313759451850047488
1313767484181291008
1313768973792505857
1313771022668054529
1313772282343378944
1313772526321844224
1313773830347735042
1313775905932668928
1313777274341093376
1313779161295544320
1313790257888808960
1313791014960721921
1313792107191050241
1313800976373936128
1313810436966412289
1313810556571185152
1313811220235911169
1313811773976244224
1313816767676866561
1313853026013073408
1313855694370529280
1313855774540480512
1313856875671085056
1313858339642589189
1313859141308305408
1313870712382255104
1313873170823172096
1313873527292882944
1313877746964066304
1313878182848675841
1313890757946695681
1313916038052864000
1313926421165699072
1313929253461745664
1313933040859541505
1313937840175161345
1313954649821474817
1313957419488174080
