1260761766948110345
1260766844568457218
1260781945480515586
1261121648947838977
1261144338920284161
1261159410300325889
1261189652180021249
1261219881627901952
1261521847075639296
1261552104679845888
1261582288132997123
1261846418249125888
1261853991618650113
1261869090303619073
1261884206776492032
1261899287543320576
1261914390506463237
1261929495063334912
1261944608981999616
1262216390569844738
1262231498851340288
1262246573586763776
1262646727695269888
1262654287903109121
1262669406410346502
1262686960684085248
1262933586300239872
1262941151193112581
1262956280718725122
