1298906719364542465
1298908278420918272
1298999833085112324
1298999864714354689
1298999880736632834
1299061288824340480
1299286479085150208
1299296683478712320
1299350226625613825
1299393568625307653
1300385564424835077
1300451477106954241
1300533267867860993
1300728548014067712
1300730882614087680
1300750372932333569
1300786432299208704
1300825838783533056
1301065332380045314
1301079216100986885
1301085143474606082
1301085145735344129
1301085151150125057
1301085149078196224
1301090047408705538
1301090389856792577
1301090386971160576
1301090391882694656
1301098409827463169
1301098413484912645
1301098411538690049
1301127102754942979
1301127135323721728
1301127173265338370
1301130855709114369
1301164890112040962
1301180866056597504
1301198956635058176
1301224980781371393
