1298890150651613185
1298895913935568897
1298901489960845313
1298909714412167174
1298918696107339778
1298969149104951296
1298971485206388737
1298983897372348416
1298989272779771905
1298995990968455168
1299001468624596992
1299002382123184130
1299002480509038593
1299002779218972677
1299003223135514624
1299003729375567872
1299003878873214978
1299004030971191296
1299004438619852801
1299004658866847754
1299004992028848129
1299005217086803968
1299005825143406594
1299006503932887045
1299006756681641987
1299006939230277634
1299007234895118336
1299007550877294594
1299007842859601920
1299008286470090753
1299008843448545280
1299009300577300486
1299009566647160832
1299009756863004674
1299010006180859905
1299010294958743552
1299010567089332229
1299011796020457473
1299012029546668038
1299013286684438528
1299013647990165504
1299014000844378113
1299014223138349056
1299014463195099136
1299014789302292486
1299014935977099264
1299015254265991168
1299015525536854016
1299015989116506114
1299016269459599362
1299016461403463680
1299018948755759104
1299030064219271172
1299037177117134848
1299045828485619719
1299053168693776384
1299094793235116032
1299095359537455105
1299097919472250881
1299106239415291905
1299115701739950080
1299259206965567490
1299262290546614272
1299266797666009088
1299268641519788032
1299286738687451137
1299314092537262080
1299331789450772480
1299352202323079174
1299361086706266112
1299364435069489154
1299367256615464962
1299374291688083456
1299393918426116099
1299407967427661825
1299808734336757772
1299837912800989185
1299935243630190592
1300091870803095558
1300091954521411589
1300092129474117633
1300125996843249669
1300400384469499905
1300406362250317825
1300410753321754624
1300417019066580992
1300418568094441474
1300423137344081920
1300428918810382337
1300434842677637121
1300439661073051648
1300439682506002434
1300442142888931328
1300442271188422656
1300442282240495617
1300448703367569410
1300451258323668992
1300455176491458561
1300459211780956163
1300460580604575744
1300461477409808385
1300461561438502912
1300461684411203585
1300461839332126723
1300461942537154562
1300462036544114688
1300462300533587968
1300462506503176197
1300462753681940480
1300463441883394049
1300463883325452288
1300464201073385477
1300464434926825473
1300465382537474049
1300466053118648330
1300466813189459968
1300467425742290950
1300467667732762626
1300467880472051716
1300468462154928128
1300468717890031616
1300468959666372609
1300469279968632834
1300469611088039937
1300469955876532224
1300470155177349120
1300470737027899395
1300471038841626624
1300471236582146048
1300471524424650752
1300472001837096961
1300472272176713728
1300472855042363393
1300473822529945600
1300473973109657601
1300474406368575488
1300478755639635970
1300481613244116993
1300487985079689216
1300495699923140615
1300497232387608585
1300499141932523520
1300508500901199873
1300548039745114113
1300713385248591876
1300718391351816192
1300766200071421952
1300800205378531329
1300851172270637061
1300871753951047686
1300874712977989638
1300936636449124354
1300947250781343744
1300973118337495040
1301069293103337473
1301076284563501062
1301104151968051200
1301114282818576385
1301119670871785473
1301167760362233856
1301176094318616576
1301181142620663809
1301189898276347904
1301230299460907009
1301240759421677570
1301247000483106817
