1357107734638809088
1357107733716107264
1357129123362000897
1357129124548997121
1357151395846135808
1357167502539694080
1357178450285535233
1357193171243995142
1357195972678475777
1357197954881257472
1357197952666673153
1357197959994044417
1357197958307975169
1357197956609236992
1357197964402327552
1357197963093712896
1357197961483014148
1357197966411321348
1357197965408890882
1357207380421980162
1357207392933408770
1357209152192278528
1357212426135982083
1357212430540054528
1357212429470453760
1357212428413542406
1357212427331375105
1357212434688167942
1357212433698361345
1357212432641318915
1357212431580155906
1357212435711578115
1357215320595779593
1357215319169794050
1357215317152288770
1357217082140631041
1357224755191943170
1357224754126548994
1357228025507586050
1357231423367770118
1357235955845849090
1357235954264678403
1357242125599993857
1357242124660469760
1357242123565715456
1357248779817086977
1357250048963190789
1357250052532490244
1357250050817052674
1357250054415818753
1357253065229824000
1357254955954962432
1357258228325781510
1357258231282716672
1357258229961560066
1357260898147180544
1357261248157548545
1357261246907600898
1357266279485239300
1357269048178839554
1357269431211069441
1357269428811952131
1357272572195336193
1357272573713649666
1357277605875961857
1357280750467383299
1357283644683866113
1357285155820326913
1357285154763403264
1357285156868902914
1357287546112233472
1357287548633010176
1357291946432024576
1357291949116428291
1357292820000776193
1357295348851462145
1357297990671601666
1357303402854641665
1357305664570159107
1357306794528317440
1357307173018079232
1357307926788993025
1357310195836153856
1357310198692474881
1357318373122535424
1357318372128485376
1357318371109339137
1357323404186058753
1357326427620712448
1357329573013192708
1357329576200867840
1357329578696400896
1357329585608695816
1357329589903577091
1357329588725063682
1357329594039238658
1357329592344715265
1357329590981517314
1357329697135239169
1357337499752828936
1357337502982443008
1357337501241729025
1357343161979342851
1357343160649666567
1357344672570462210
1357344674789302278
1357345552816504838
1357345556830429188
1357345555488280579
1357345554280247300
1357348697579769857
1357351721479991296
1357360274970267648
1357360276887146497
1357366818407477248
1357366816130015233
1357366820546572288
1357371726527537159
1357374873354477570
1357374877976592386
1357382170558435331
1357382170558435331
1357382800060518401
1357388832396738560
1357389592215781378
1357390600127959044
1357390599071014913
1357397270128254976
1357404944345620480
1357413615846920192
1357423682524749827
1357428224322490371
1357434892661846016
1357451253551276032
1357468991187394567
1357483461959815171
1357510642198933504
1357545119004708866
1357548640550572033
1357559463146778624
1357559467127148545
1357559466175066114
1357559465164218371
1357559464115675136
1357559471740837889
1357559470205792257
1357559469203357697
1357559468150583296
1357559472751714304
1357567011987939328
1357569791951859713
1357571288370323457
1357575317456494593
1357575321856274433
1357575320958685185
1357575319968878592
1357575318777655299
1357575324020535296
1357575322909040640
1357575955259088903
1357575954143408128
1357575952650231808
1357577204436070405
1357577205732188161
1357578472860778497
1357583374865420288
1357583373762404352
1357583372579524609
1357586139780009987
1357589787301933065
1357589788589662209
1357597464094625794
1357602630420209670
1357605766568448002
1357609413104701443
1357612564989943810
1357612563714895872
1357615833040572416
1357620749884825600
1357620747506704384
1357620754565591041
1357620753546444800
1357620752464322561
1357620751298301954
1357628667967328257
1357628671054409730
1357628669842214912
1357631816912433152
1357635093989261313
1357635098737139712
1357635097629917189
1357635096539394049
1357635095331364869
1357638614079868932
1357646031828054017
1357646148798881796
1357647541471379459
1357647669414432768
1357650814920134657
1357650813670150144
1357653833237757952
1357655343623409664
1357658615872581633
1357658617072082945
1357661509363507200
1357661507073441792
1357665032276828164
1357669323880337408
1357669324962426883
1357674218666696704
1357677239047888901
1357677242390745088
1357681011501375489
1357685174947827719
1357687431600902146
1357687433211518980
1357691464558338051
1357692839170240513
1357699131779678210
1357700643423592451
1357707186026147847
1357707184717451265
1357710705860874242
1357710709186940929
1357710708163506180
1357710707060445184
1357710710235570177
1357718887014354944
1357721912743366656
1357721914433626115
1357725445236551687
1357729583219363850
1357729972471750662
1357733231735439360
1357737510651142144
1357738137607233536
1357741538889977861
1357743424049319936
1357743423000694785
1357744559552225282
1357745572011143168
1357749088674975747
1357753237164617729
1357756883960881152
1357760410670174208
1357760922186485761
1357763304760897536
1357763307457814530
1357767081567997953
1357767710633959424
1357767712357797888
1357767959922397185
1357776139721211909
1357776138735505408
1357777262133862400
1357790108787724289
1357793620275920898
1357812880603664385
1357824078854295552
1357846980395823105
1357872023125434369
1357906502011396102
1357906500748857346
1357911027468300295
1357918202458644480
1357922102590902272
1357922101596852224
1357922100544114689
1357922099424227328
1357922106671960064
1357922105669505025
1357922104608395265
1357922103580758020
1357922108748091394
1357922107682824192
1357930153830084608
1357930152794103809
1357932121579479040
1357936819975770112
1357936824799227906
1357936823528353795
1357936822337245184
1357936821221478402
1357936829090078720
1357936827605258242
1357936826154029056
1357936831992537090
1357936830516088832
1357941355989716997
1357944499113136129
1357944498089652226
1357944496965652483
1357949147882508288
1357949149027594246
1357952301164498945
1357952305258061824
1357952304347901953
1357952303282622465
1357952302263410688
1357956831155347457
1357956830102605830
1357963877728677889
1357963876504018949
1357967401392828417
1357967400214298632
1357971801767219202
1357975205180710914
1357975203918143489
1357978476855234561
1357993450864398336
1357993449002201088
1357996204991401984
1357998857842401287
1357998856781271040
1358001123173404672
1358001121986449410
1358005651750809601
1358008923773497346
1358012195389407240
1358015081305546753
1358016860613054464
1358016858809532418
1358016858809532418
1358016861552529409
1358024526529896450
1358024525502271496
1358027546936233986
1358027545728458754
1358027544532930561
1358041503566753796
1358043023561551873
1358047931345952772
1358051201489674241
1358057622918766594
1358057621576503297
1358062894311763968
1358069956760379393
1358073225121439748
1358077878877913091
1358077880421482497
1358081030876327936
1358081029592862720
1358085304448557061
1358092100470857729
1358092983053127680
1358092980289040390
1358092984307257345
1358095376541048832
1358099017058557956
1358107950045302785
1358109451434139649
1358110845801177088
1358115757914083329
1358115760464302080
1358118258939944962
1358121918335909888
1358122173341126656
1358122172284211200
1358130097555836928
1358133358585278467
1358141675260923907
1358148457983279104
1358152742661857280
1358152744096342019
1358160801270427648
1358163557590814720
1358182440007704578
1358273165458243586
1358281720533983232
1358285119828598786
1358285118599647232
1358285117551218694
1358285116385107969
1358285123657994241
1358285122387152898
1358285121095303170
1358285127361519622
1358285126325604354
1358285125079891968
1358292417351307264
1358295184614715393
1358295183259959296
1358300219528470531
1358300218123382788
1358300216693149701
1358300223429177346
1358300222145794048
1358300220493234176
1358300227464167425
1358300226461655041
1358300225463488514
1358300224481992705
1358303490280357888
1358306635127508992
1358306633839824898
1358310787991760897
1358314689344593921
1358314688358932480
1358314690296729600
1358322491043717120
1358326144446046208
1358330544258359297
1358330543289430016
1358330542006013953
1358331673369223169
1358333686630916097
1358345017660641280
1358345641806635009
1358345640502173698
1358353064936177666
1358360871362207745
1358360869692841990
1358364011935404035
1358368544111562752
1358368543004184576
1358371688656764928
1358371816041943041
1358371814997585922
1358371818411728900
1358374833764012033
1358379741699428352
1358379744631300097
1358390824497602560
1358390822475952129
1358397357826560001
1358405158934224897
1358408055197556736
1358409561581887493
1358409945595617281
1358411701612253185
1358417239171506176
1358417242153652229
1358421141346373632
1358426690775642118
1358427683948908551
1358429332281184260
1358443415520747521
1358443414161772551
1358447946476363778
1358447943011823616
1358447950037327873
1358451337151750150
1358454999735439360
1358454997948661760
1358458134520500225
1358458135552299008
1358463052111224838
1358463050932645888
1358467074402758657
1358470342457524224
1358473987920039936
1358474355471130624
1358476503495839747
1358477888740184065
1358484696611516420
1358484694984105985
1358491971917123602
1358492233868038144
1358492237131255808
1358497961169350664
1358500413826158594
1358500796900364288
1358503296382730240
1358518395671576586
1358522558652375040
1358530107292360706
1358541305773658113
1358559801861525505
1358590128176865280
1358627875004375043
1358635802805170176
1358643732464082957
1358647003773685763
1358647002519588865
1358647008815292416
1358647007540256769
1358647006122496006
1358647004902027265
1358647012841852930
1358647011868692483
1358647010895695872
1358647009935122432
1358650274764648449
1358650276970786818
1358654932698624005
1358662607285067776
1358662611068358659
1358662609273114626
1358662615770177537
1358662614272806912
1358662612834164739
1358662619071057920
1358662617334640640
1358673183218388997
1358673185596526594
1358673190919151617
1358680715198627841
1358681102110527490
1358689157653012482
1358692176016773123
1358692174943035394
1358696702996226049
1358703373730471936
1358708157485223937
1358708156159778817
1358709919499780099
1358711298985402372
1358714702553993217
1358714701157306368
1358717466763952135
1358722501149249536
1358722503787433989
1358722507310735360
1358727027478568960
1358730301954875392
1358730304349827076
1358732818784739332
1358733563785535490
1358738104492847107
1358741626848354304
1358741628148543489
1358741628148543489
1358742255461228545
1358744521907990528
1358744520851038208
1358747919852048385
1358749427440128000
1358752443996139524
1358752446881832962
1358752445413814272
1358755598897094658
1358755597638795264
1358755596095262720
1358760373369806850
1358765030083186691
1358765028950691841
1358766279054794755
1358768051198468097
1358768052955844609
1358771699940880386
1358774845547319303
1358774844070842368
1358777613297217539
1358779382173560833
1358790713224302593
1358794853698523136
1358794857502842882
1358794856378687489
1358798123284369409
1358798122399330305
1358802784443797506
1358806176100622338
1358809085357948941
1358809448202915847
1358813725721939968
1358817134357270531
1358820154944016385
1358836743508619264
1358839144420544513
1358839146949746689
1358843800550998017
1358843801855352833
1358858395411902469
1358861795364990977
1358879525371666433
1358892999791370240
1358899417302982656
1358918290156908545
1358959938840633344
1358959937787863042
1358997941105553409
1359005878041513984
1359009392222347265
1359009391022804992
1359009389814812675
1359009388581642241
1359009395519070208
1359009394378252294
1359009393140846592
1359009399868518404
1359009398291525637
1359009396773191681
1359016187179405315
1359019247381413888
1359023740915384320
1359023739162140672
1359023737719324672
1359023745394831360
1359023743750660097
1359023742278541313
1359023748448276481
1359023746934214663
1359023751313018880
1359023750050578435
1359026880305799170
1359026879131357184
1359028265743118336
1359028264262488066
1359038708830199813
1359039213597904896
1359039212398366721
1359039217557327872
1359039216596905985
1359039215594401792
1359039214575263744
1359039219465740289
1359039218522095619
1359043717466841095
1359044576128995330
1359044660275142659
1359047140845129728
1359047138869727233
1359053169813311489
1359054427651518464
1359054816031379457
1359054815016280070
1359054817109241864
1359056944544309248
1359060719099076608
1359062998619353089
1359062997163888646
1359063235731673091
1359064499634905089
1359069527384858631
1359069538587791363
1359069542463401989
1359072045129076740
1359077076997873664
1359077213535039491
1359077215736975363
1359077214654877699
1359082681821253633
1359085287163514881
1359091900419031040
1359094693448085506
1359113827523190790
1359114342503964673
1359122038808588288
1359122037235740672
1359122042612768771
1359122041367130113
1359122040117207040
1359122045007769602
1359122043774656512
1359134888746696710
1359136172610617344
1359141617530208258
1359157380999708682
1359159170033979393
1359159168628895745
1359159171548069891
1359177432293658631
1359177658542788608
1359178008171589640
1359190407054299143
1359203323614748676
1359203978614087689
1359211304276361216
1359215491236077569
1359216988996980742
1359223040870080524
1359227816932425738
1359234581346603010
1359240849528397829
1359240884576006148
1359243171440455682
1359244947262746630
1359248214776504322
1359248301233762304
1359262694210158592
1359268872789098498
1359401477073108993
1359405655669547014
1359408007499698183
1359411787527974912
1359415809026609153
1359419333794033664
1359421385437831170
1359423107153465344
1359429650099941376
1359435063537065985
1359448404926070791
1359448402686337026
1359448408759676928
1359448413016883200
1359448422156283904
1359448419148955648
1359453119990669321
1359453347271626754
1359465889121193985
1359491390082871299
1359520283204456448
1359522512246292484
1359530485525880836
1359532807652007936
1359533760744669188
1359533771582820352
1359533782454394886
1359533794483724291
1359548484697935876
1359549302557786117
1359549575065927680
1359549706502832130
1359565797379735552
1359577877373734913
1359603042937696265
1359618142138372100
