1268301436678557696
1268303659911307266
1268305133940678656
1268305133940678656
1268307613306978309
1268309589751222272
1268311587087175688
1268313571341012993
1268319130249129984
1268322855659409415
1268326910599270402
1268332287071907840
1268334993576808448
1268336389759762432
1268341852853334016
1268343937800056836
1268344673006911495
1268348606811000833
1268352649927286790
1268359532054564864
1268361320174284801
1268364314827726848
1268367852148383744
1268372477744500736
1268378256358739968
1268387135561912321
1268396110885851137
1268398062730436609
1268399802817089537
1268401973906280450
1268407654013194240
1268413586365468675
1268420296446562304
1268422342633566210
1268424178635546624
1268424302338224129
1268424328372269056
1268426686732931074
1268428928709988354
1268429532761141248
1268430625591250948
1268432254721822720
1268432468392230912
1268434877227163649
1268435818575654912
1268438838780719104
1268440650028023808
1268440884565155841
1268440905910009858
1268441779025711104
1268441858486579201
1268444878238875649
1268446349437083649
1268446361038524416
1268446467204710405
1268447788536397825
1268447898217242624
1268449137114206208
1268450683440807941
1268450978841399296
1268451498905735168
1268452484407873537
1268452554591043586
1268452931705036800
1268452961010757632
1268453110424502273
1268453915747651585
1268453931623071745
1268453950887473152
1268454237022949376
1268455097287282702
1268455480759848962
1268455493632176128
1268458971146285057
1268460786244096001
1268460800748007425
1268460827981512711
1268460866237861888
1268461481101864960
1268461852536832000
1268463172870160385
1268464975087009792
1268466462232059904
1268466846539362306
1268467024352731138
1268468056042418176
1268469560602230784
1268469603644178433
1268469792656297984
1268471576615424000
1268471820937842689
1268471836993609730
1268472309108609024
1268475580774789120
1268476489625993216
1268476505111384071
1268476612032462848
1268478348843335680
1268478850121576454
1268478895847858176
1268481620350205953
1268481837346717697
1268483068035239938
1268484388930482177
1268484785762185219
1268484798529638400
1268486457582391296
1268486916841889795
1268487408644837376
1268487895570153476
1268490680449392640
1268491674038173697
1268491727574372352
1268493700100956162
1268494895376973824
1268496143027245056
1268497341797064705
1268497383299649537
1268497869264257024
1268498338065907712
1268498697207386122
1268499488290865152
1268500816220098562
1268502508101459972
1268503420043956224
1268503529175617536
1268503777008590849
1268505528222826496
1268506101789704194
1268506283188998145
1268507148331384832
1268508203249254401
1268508548130013186
1268509030726742016
1268511819439632384
1268512536942587905
1268514919386931200
1268515090954776577
1268517607671361536
1268518362591756291
1268518936976523264
1268519047987109891
1268520627662544897
1268523647481724929
1268524406118264836
1268526088910749697
1268526919001141250
1268529938879012864
1268530024451276807
1268532379683037186
1268533210440331270
1268535781653692420
1268536230553124864
1268536579217412098
1268539501900693506
1268541076807303168
1268541342344531972
1268543067663020034
1268543362908463106
1268545344465448963
1268546800677355520
1268548842640850944
1268550575186161665
1268554350118547461
1268555644807888897
1268557378028535818
1268558129500844033
1268559200294141953
1268561776599236608
1268561899958022144
1268562476980977671
1268564062251692032
1268565675120963588
1268565859796160513
1268566661310943233
1268567378780094465
1268568837244534784
1268569449394651136
1268569676474449921
1268570605273702400
1268572359772049409
1268572963265228805
1268573230731677696
1268573495694409736
1268573773692841986
1268573802050605056
1268575254038937600
1268575625490706433
1268576573013327872
1268576998944800769
1268577504408805377
1268579146881515526
1268580579529895936
1268583237363945475
1268584548838903808
1268587966894616581
1268588328716206080
1268592098388910085
1268592112272060424
1268592499620220933
1268594587553202181
1268595874260750338
1268598172856848385
1268598172856848385
1268599648450560000
1268603425694060551
1268604898595274758
1268606586269958148
1268607198084640774
1268611728104927232
1268614747865432064
1268615144994566144
1268615801923231754
1268616273706971136
1268618526228709377
1268618664485416962
1268622045807407105
1268622578249158660
1268624458505490432
1268624463043715073
1268624461034655745
1268624468626354176
1268624466164113408
1268624471180656641
1268624473487360001
1268627180772372483
1268629847238205442
1268633626201088000
1268633687618465802
1268637397262069761
1268641172953747461
1268641271813419009
1268641369930846226
1268641441519218690
1268644946833108992
1268648724491894784
1268652496433475584
1268656271168684032
1268660046121930753
1268664162294562816
1268666501437050880
1268667048915349507
1268668191460544515
1268670214805348352
1268680427071512583
1268685128521396226
1268685158628184065
1268692452426215424
1268695103884976128
1268705024621842434
1268715142138793985
1268721226299695105
1268721255437479937
1268724098495963138
1268726473264902144
1268727593697718275
1268727688933650432
1268727861592166402
1268727893078822915
1268727908182511618
1268730681040961541
1268733432454164484
1268735643535974406
1268737877481000962
1268739932727791617
1268741908504940544
1268744344703557632
1268746781103460354
1268749286294126593
1268751510764171266
1268753567692840960
1268755548834578432
1268756542389706753
1268756560093884416
1268758517483274241
1268760251983151105
1268762318579462144
1268770003198914560
1268779823561875456
1268786269066350592
1268788632451768320
1268791306085695489
1268791435400273921
1268792784921690112
1268793349940686848
1268794414203363329
1268796193439576065
1268796755757449217
1268797078425276416
1268798426243829762
1268798832479010818
1268799213330022400
1268800881618812928
1268801248444272640
1268801306271064069
1268802484782403584
1268805252964208640
1268808272926081025
1268811292925542400
1268811940358479872
1268811975477334016
1268811998403481601
1268812048823173122
1268813290421051393
1268814312665165824
1268817332643610624
1268820352471388160
1268821045508804608
1268821119554990080
1268822055052546049
1268822855409717248
1268823372462342144
1268829412113481728
1268832431941079045
1268835451919577089
1268838472095236096
1268840807894790147
1268841491771908103
1268842719566323713
1268842934599901184
1268843186581057536
1268843193270964224
1268843839005102080
1268844511691599872
1268846181842669569
1268847531489968129
1268848426743201794
1268849690356957185
1268850665293598725
1268852274505363459
1268853571765833728
1268853571623288839
1268856591295541249
1268859611169165313
1268862631051440135
1268865301980033026
1268865315204669442
1268865650920796160
1268867275332947968
1268868209056374785
1268868671029391361
1268868830652227585
1268871690764849153
1268871825200742400
1268872411740606464
1268872623792029698
1268872882148585473
1268873312932855815
1268873618508972033
1268874332559806464
1268874710638456832
1268874878435971072
1268876224329322496
1268876870700929025
1268876889525010433
1268877730671497216
1268880730840543234
1268882249115750400
1268882722187022338
1268883770532216832
1268884216697274369
1268884460218482688
1268886790376763393
1268888851067568135
1268889127610695684
1268889810019770369
1268892830191153152
1268895850035634176
1268897183719395328
1268897201259937792
1268898870114705410
1268904909748998144
1268907929643692036
1268911401415966721
1268911704508780544
1268915479411781633
1268915962914516992
1268915976931872770
1268919254151122946
1268923029205049346
1268924358652723205
1268925216299929601
1268926803999109123
1268928497898135557
1268930579107438592
1268930661123010567
1268931468165857282
1268932134984704008
1268932562120069123
1268933157639852034
1268933473030602752
1268933699627868168
1268933995334696961
1268934353763151873
1268935403161214977
1268937020220588034
1268938128666038280
1268939663194181634
1268941903439040512
1268941920593731586
1268945678463533057
1268949453299429376
1268953228021919744
1268953228021919744
1268956465869533184
1268956506025795590
1268957002866110464
1268960777991450625
1268965089450905600
1268968327780732935
1268972102331162625
1268975877343178754
1268976416911228928
1268979652242149378
1268983427111415808
1268985530022334464
1268987201838297089
1268990976787271681
1268994751644069890
1268998526463119360
1269002301353623555
1269006076479000583
1269009850987540480
1269013626087542784
1269016948559482881
1269017400927678465
1269018177838727173
1269018362731954177
1269018390401859584
1269018431552192513
1269021175897829376
1269024057502175232
1269024950557372418
1269029635498618881
1269031627323314178
1269032593833562113
1269034821906505728
1269044102043176961
1269055441880911873
1269066901206044673
1269067092743127040
1269078192108814337
1269089554226651136
1269091876390526978
1269100970119704576
1269112229934305280
1269117092248379393
1269120894192025601
1269122875606343680
1269124591789772800
1269126587783544832
1269128578018525185
1269130312472236038
1269132106329980930
1269133806533050369
1269135800626798593
1269137635009859584
1269139619746058241
1269141427575029760
1269143407672176641
1269145137533399040
1269147133225111553
1269150973970337793
1269153723584036864
1269154461378908162
1269154481725476864
1269156316418846720
1269159486045990914
1269160856899727362
1269161160814854144
1269162859444891649
1269166130897121280
1269168923511005185
1269169404488581120
1269170121496551431
1269172052763783174
1269172422277652481
1269175693813985280
1269178058092744705
1269178093358526465
1269178101591932928
1269178131669270528
1269178255539605505
1269178713968541696
1269179998298091520
1269180119811268610
1269181733754122242
1269183701239422976
1269184104160989185
1269184754135568385
1269185229492797441
1269186191187939330
1269187178925604864
1269187663124410375
1269187773564547072
1269188985412255746
1269189419245977602
1269190168847753218
1269190793266294784
1269191247887040513
1269191261581463553
1269193076003741698
1269193148087128065
1269193184770433024
1269193813290962946
1269196833353543680
1269198363347628032
1269198375259430913
1269199853180968960
1269202872866045953
1269205660354383873
1269205706806300672
1269205892848742406
1269207631798980609
1269208912869445632
1269211719546613761
1269211726291120128
1269211932768088066
1269212135550324739
1269214952738316290
1269217398688751616
1269217471720050688
1269217550023491584
1269217633137840128
1269217757893099523
1269217844220366851
1269218352599371777
1269218524565815297
1269218620384718853
1269218659186233346
1269218687606808577
1269219167888117761
1269221495714217986
1269222198717415425
1269222222935310336
1269224420482088960
1269224721587089409
1269225029977477122
1269225714131390465
1269227535470075905
1269232556257533952
1269233575305469952
1269236595158331394
1269237806553014273
1269239615250034688
1269240992349249537
1269242635207602176
1269245654993379334
1269246846356066306
1269248158531571716
1269248256304963586
1269248674841812993
1269251694723911681
1269254714866065408
1269257481823432710
1269257578611163138
1269257734681051139
1269260754626048000
1269263199402110979
1269264166847733760
1269264263148900355
1269266794243473408
1269269814108811271
1269270409536589830
1269271095837949952
1269272834108506113
1269275853940293634
1269278873717530626
1269281893821886464
1269284913573883906
1269287933514706944
1269289312677515264
1269290953489018880
1269292659350425600
1269294476587151361
1269295391369035777
1269298001584906240
1269301774835314689
1269305551038451712
1269306458849583104
1269309324377104386
1269310581275865090
1269313103654604800
1269316874224807936
1269320649065013248
1269320887964229633
1269321654439731200
1269322410680975360
1269324423925862402
1269324449343516672
1269324583833870336
1269328783502446592
1269331973626925062
1269335748488032256
1269339523655188481
1269343302131814400
1269345059859648512
1269347073213771778
1269352832647512065
1269354623061680130
1269357081548787714
1269358399453618182
1269362172599001088
1269362172599001088
1269365947921502209
1269367709134774272
1269369722442678272
1269373497806995457
1269377272093368322
1269381046933483523
1269384821882736643
1269386691199954945
1269389058725294086
1269391027401404416
1269393279805722628
1269395756819132417
1269398024310140929
1269400748095406088
1269403723337543682
1269410889872166917
1269412508907048960
1269423280211013633
1269426338932416516
1269426486932582400
1269426547594866696
1269429099564417024
1269435932459008001
1269441768103096321
1269448574645030912
1269461340013412353
1269462536811769856
1269464491344855040
1269465922961420288
1269468898371399680
1269472894867910656
1269477662235471874
1269480209218244609
1269482189655281665
1269484419338981376
1269487138976006144
1269489365669085186
1269491345900605440
1269494066921779200
1269496558480953345
1269499283570556928
1269502006970003456
1269509392556265474
1269509441218588672
1269509482830270465
1269513167509520384
1269516942387240962
1269520446011191297
1269520717403557889
1269528267075334144
1269530912599015429
1269531040286216192
1269532042364162048
1269535816856068096
1269539594531409922
1269540951611015169
1269543366506799104
1269547142600851464
1269548619662790657
1269550916195086336
1269554406107774977
1269554691148378112
1269558466009460736
1269560654874193926
1269562241629614080
1269562689598238725
1269565145262567425
1269565167693635585
1269566015920238592
1269567524951273473
1269569793327161345
1269572810843869190
1269573565508173829
1269577340901748736
1269581115422982144
1269582739222736897
1269584891248664582
1269587655534272512
1269588665107468290
1269592441163825153
1269593149418201089
1269593199154212865
1269596214871367684
1269599344073859074
1269599993612038144
1269600226786107393
1269601334430502912
1269602117741875201
1269602825488793601
1269603716153454594
1269603764727476224
1269604773092868102
1269605421377040384
1269606510520422401
1269607264840822787
1269607540079419394
1269608037523902464
1269608918633897989
1269610184135114754
1269610652546617346
1269611314328080384
1269613013881040896
1269615089109405700
1269615131308306434
1269616845394456581
1269618369277411330
1269618864167383047
1269618898250469376
1269621736825389056
1269622094599467008
1269622639842086914
1269625232416964613
1269625245784248320
1269626414199746560
1269627121061822465
1269627253589237767
1269627748022173696
1269628579798757376
1269628784812195846
1269629154082897931
1269629613074001921
1269629874400120834
1269630190788935682
1269630468598706179
1269630934313308162
1269631353047388164
1269631396202643462
1269631409964175362
1269633576129245185
1269633596777730048
1269635695754313728
1269637738397130752
1269637919167430657
1269640570600906753
1269641513618870274
1269643093114044416
1269645292036644864
1269648252808429571
1269649063437307904
1269652437809455106
1269652837874536450
1269653266708729856
1269655912765108226
1269656612911759362
1269658653818265601
1269659884380983299
1269660676869455874
1269663659367620614
1269667434077683712
1269671172263817221
1269671209014157312
1269671422080753665
1269673977145733123
1269676242405593088
1269677725247328256
1269679513736065025
1269682785293238273
1269683703506178048
1269683722925805575
1269685809583656963
1269685821428375553
1269686056917569538
1269687885311217664
1269690387985301505
1269690624615362562
1269691341862318080
1269694613301989376
1269696730720882688
1269697884779413508
1269699646462537731
1269701156290338816
1269703924493152257
1269705759878721540
1269705780401504260
1269705803738615811
1269705832373067776
1269705854623920130
1269706441314701314
1269707447830265859
1269709712624246785
1269710130347749379
1269712984089083905
1269713381868687369
1269714745965400065
1269716255679840260
1269719527241089024
1269721540863488000
1269724812231860224
1269728083692707841
1269731355379679232
1269734626815291392
1269739911713656832
1269741673266831361
1269743577334235140
1269745793596108805
1269748268512219142
1269752930795696128
1269755408748630016
1269761184296841217
1269761184296841217
1269772327132237826
1269779233561128960
1269783764890157058
1269794965590175744
1269805963730714624
1269816648602697729
1269820189790605312
1269825200478093312
1269827447857516544
1269832075378520064
1269833867596357635
1269837311786668033
1269839879187451904
1269842715564560384
1269844242555256833
1269848162258366464
1269849142261514241
1269851869687537672
1269853598248304640
1269855104582156289
1269856839182794763
1269858770290704389
1269860752736890882
1269863532985823232
1269871780782579712
1269874488952397826
1269875130324389889
1269877820391665696
1269878158851026946
1269880840290516993
1269888305551880192
1269888341669031937
1269888357640912897
1269888401819475968
1269890771261456385
1269893267065384960
1269893423177162753
1269896442979602432
1269898266558283777
1269898343590871041
1269901268572569604
1269901290219483136
1269904244414414848
1269906841158516738
1269907516013543426
1269910978914893824
1269911128261492737
1269916342204973059
1269916364715831301
1269916418776207361
1269916937259229184
1269920098984226818
1269920988910759937
1269923208070868995
1269923615715319808
1269925071801499651
1269925900084293632
1269928677887946755
1269930118975283200
1269930669582491649
1269932178495823872
1269932689169227776
1269934450462334976
1269935953470242818
1269936377166270467
1269939729450979329
1269940407401680896
1269943503162953729
1269944992635785216
1269947204820709379
1269947279626039296
1269948761905795072
1269950590647492609
1269951052905959425
1269952064609804290
1269954828043763712
1269954921438248960
1269955185738158081
1269956515454214146
1269956704822800385
1269959524884062209
1269962377912397824
1269965247852548096
1269966153067053056
1269966944482009098
1269968849857851392
1269969927215017986
1269969942771892225
1269973543565041667
1269973668857348096
1269973702214631429
1269977483517898752
1269979228252102656
1269980374769250311
1269980855377760256
1269981252540600321
1269985028491993089
1269985617578000385
1269988801616715777
1269989904580325378
1269992582882291712
1269992985128771584
1269993228113149952
1269995754233499652
1269996331520663552
1269996352043393024
1270000197704331264
1270001598417207297
1270005159741911046
1270005180994641923
1270006282678829056
1270006744421457920
1270007679558152194
1270007679545757698
1270008709385785345
1270010971730448384
1270011450921082881
1270013476916940800
1270013508063825920
1270013944187555840
1270015228223188992
1270018768836743169
1270019000949325825
1270019636826902529
1270019881057038336
1270020096715603971
1270020429395177475
1270020966547144705
1270021316939337730
1270021976070008832
1270022777572114434
1270023789418622976
1270026550428045314
1270026550415519745
1270027688862978056
1270030325427699712
1270031702522507264
1270033165583876101
1270033250480721920
1270034100599087106
1270037332729769986
1270037878031056896
1270038393460752385
1270039414832541699
1270039495455518721
1270040391681814530
1270041915434700800
1270041941095350274
1270042908373200898
1270046496529006595
1270046683146129409
1270048067367116800
1270050457998614528
1270052979916374016
1270056749391806464
1270056840781541376
1270060524521152517
1270064299193466880
1270064957971988480
1270064994848108545
1270068077334421504
1270070076734136320
1270071374707638272
1270071410929676289
1270071848840069121
1270071911037505538
1270072935794061330
1270075625110372353
1270075916811722752
1270076411986968577
1270078918998077443
1270079398927097856
1270082477579743233
1270083176552161289
1270086948514914309
1270090723522744323
1270092291835863042
1270092757944676352
1270092782808576005
1270096770392100870
1270102048155906050
1270105822987722755
1270109693021769739
1270113154543095810
1270119137499664387
1270121079420444672
1270123299973062656
1270129466900185091
1270132247308443651
1270142409691860996
1270149241130942464
1270151145890160642
1270159872143888384
1270167553076334592
1270172496831152128
1270174746789978112
1270177694379118592
1270181161554362372
1270186455122563074
1270186455122563074
1270187409788096512
1270193449233534976
1270196667309068289
1270202372896313346
1270211817508425728
1270217035927224331
1270219301786615811
1270221304067772422
1270223036562669568
1270225075539771393
1270226802628272129
1270228842712633346
1270230605830270979
1270232594542714880
1270234340304326656
1270236306442981376
1270237206750343169
1270239743603859456
1270240208412262401
1270241575852036096
1270244234638045184
1270244791524130816
1270244915092561920
1270249389366411266
1270250853283364865
1270251327134801920
1270251935707389957
1270252104028954624
1270254143622561793
1270254426784256006
1270255352194400256
1270255559355166720
1270255829191622661
1270256294134456320
1270257880877408257
1270259334346227712
1270260472923774976
1270263109161271297
1270264140368695296
1270265935497236482
1270266884064239616
1270268157891141633
1270270659130617856
1270272869973491713
1270273363362017280
1270274433823932421
1270275037409554433
1270276091438149633
1270278208798298112
1270279256359264256
1270281772035649538
1270281983550091266
1270284036708143105
1270285758436433922
1270285773171015680
1270286890957254657
1270288428245176320
1270289533242871810
1270290688584933377
1270291162599960576
1270293308133134336
1270297083195478016
1270297295679037440
1270297319699894274
1270300158199201792
1270300592360034310
1270300857985167360
1270302451414024192
1270302668255354880
1270304632800075777
1270306522120192002
1270307382103609350
1270308380536602626
1270308407782694912
1270309026077773825
1270309553155051525
1270309806956576768
1270311080921829377
1270311835527516165
1270312182576603136
1270312436697006081
1270312985001590784
1270313014693113857
1270314385186140160
1270314988494893056
1270315957299245057
1270318201080029185
1270318799766634497
1270319732474777600
1270319742864297985
1270320053616021510
1270322318837981186
1270322833860767744
1270323507230986240
1270326154004697088
1270326433169186818
1270327282188640260
1270333670822424576
1270334059869282304
1270334831767896065
1270336631816495104
1270338606608121856
1270339150122823680
1270341423246835714
1270341493186846720
1270342381603184641
1270346079222071298
1270346516746637312
1270349087896936449
1270349151344230403
1270349931170144256
1270352413074100228
1270353562737008640
1270356852136718339
1270357480980144130
1270361255845392385
1270361813943816195
1270362743170891776
1270364759834218497
1270365030869897220
1270368805664022530
1270370921665134593
1270371280043347968
1270372580868755459
1270372906904752128
1270374980333834240
1270376355352285185
1270379431375372289
1270380130448351238
1270383136548032513
1270383905242320896
1270385744121663489
1270387098290397187
1270387127864434689
1270387511957827585
1270387680149454848
1270387729575161857
1270388743577493505
1270389358349205507
1270390517931663360
1270391116748279808
1270391438707171329
1270392049657942017
1270392715302371329
1270393423523196928
1270393515642585089
1270393912373411841
1270394626529263617
1270394873875660800
1270396264312639488
1270396488250798081
1270396870049873922
1270399646070984708
1270400265041195009
1270401889528659968
1270404037909925891
1270407814079488000
1270411587757600769
1270415362488627201
1270417684816171013
1270417731779772417
1270418885540327425
1270422119176982528
1270422138135199744
1270422408894300161
1270425473026310147
1270425680438677505
1270428952016887808
1270431673461719048
1270432475206959104
1270435986850357249
1270436001006182402
1270436250013405190
1270439773254139907
1270443296435789825
1270447048534429700
1270447095976284161
1270449588026163211
1270451151926951937
1270453362920534016
1270457137651572736
1270459453662527494
1270460912936390666
1270464939078176771
1270466449069371392
1270468462435954688
1270469487314288641
1270472237120983041
1270476270292340738
1270478280181809152
1270478777089437697
1270480749221814273
1270486241558122497
1270490287899582465
1270500279218311168
1270508913050505216
1270511073024782343
1270521053475999744
1270530998363664384
1270530998363664384
1270540971244216321
1270551160362094592
1270556548734091264
1270560933820207104
1270562682865942528
1270564912968892418
1270573924196253697
1270579415521640450
1270581669871923204
1270583681078476800
1270585537984901120
1270587294018351104
1270589106633019393
1270591126270087169
1270593103850807296
1270594841240633344
1270596592245133313
1270598851976708096
1270600955780829185
1270601019685318656
1270604585225326593
1270604616246403074
1270607024368300035
1270608132583182336
1270608252435419137
1270609491843825664
1270612159295188992
1270612221115203585
1270614799207075840
1270615430563008513
1270616212452622336
1270616597477146624
1270619206547996672
1270619407711121409
1270619428611338240
1270620656061878272
1270622980423315457
1270623495706349568
1270625558561533952
1270626756500783106
1270627033459101696
1270627193945800705
1270629642911842304
1270629895505412096
1270630530241839104
1270631027397058561
1270632128842170369
1270632543302418432
1270633421035974659
1270634305346170886
1270635150473379840
1270635628565278720
1270635852851490817
1270638079934631938
1270638905486987266
1270640138096386048
1270640173097848833
1270641856582385665
1270645629627351040
1270649406690336768
1270651245800435713
1270652385497661440
1270653179399680004
1270656955208675329
1270660729398390784
1270661999375106050
1270663565012275200
1270664504041447424
1270668278948679680
1270669627530633216
1270669661307314182
1270672060662968320
1270672857199247361
1270675828620382209
1270676075174133761
1270679605318488064
1270680496171814912
1270683378841350146
1270685202512326658
1270686498480930816
1270686724394532864
1270687155354918914
1270689574084390912
1270690928525668353
1270692898892365824
1270693510069530624
1270694009942532096
1270694704623939590
1270698478008537088
1270702254765543425
1270702594881720320
1270702876550221831
1270703428810027009
1270706027776872448
1270709802986090497
1270710959712043019
1270713078892519427
1270713577385549832
1270717228082622468
1270717940296376322
1270719217986240512
1270720192474042369
1270721127250186245
1270724036939542534
1270724904841646080
1270727668393283584
1270728677618147330
1270729770851078145
1270729953185796096
1270730970921132032
1270732456266784768
1270733002423898113
1270736226690174976
1270737395307159558
1270739361928273922
1270739458888019968
1270739804158939136
1270740002100711426
1270741173779542016
1270741712974098438
1270741766816370689
1270743694451359745
1270743776663728130
1270745130140610564
1270746875881291776
1270747554083307520
1270751326562062336
1270754446490824704
1270755103025184768
1270758876007280640
1270761102515855362
1270762655049936897
1270763066976845826
1270766049227689985
1270766426266181633
1270768509606400000
1270770202590867458
1270771102986522625
1270773975891824641
1270777752254402562
1270778478015721473
1270778755800354816
1270780266731184129
1270782783556902912
1270783297162031104
1270783391177334785
1270785302982832128
1270787816738435079
1270789773301559296
1270791591922405376
1270794111508000770
1270794961445965826
1270795366342864898
1270796277555617792
1270799141216501761
1270801363946127360
1270801399144742913
1270802630126829573
1270802916027387904
1270804524828168198
1270804559099805703
1270804940794081280
1270806691093889033
1270807951968595968
1270811724522848259
1270815499564183552
1270817414607974402
1270819273917661184
1270823050234249216
1270826823664889856
1270830599725408256
1270834373361692672
1270835227502481409
