1352131041608294400
1352136034205790208
1352146549850202114
1352151825059880963
1352159401675804672
1352166354640629760
1352189418388529152
1352190997061656576
1352191135263895553
1352195876916178946
1352213975753248771
1352234849768239108
1352249895294529537
1352258151844868099
1352269720557334535
1352274076086185988
1352281170264862721
1352328231597338626
1352330125946175488
1352330278526734339
1352341415645339649
1352345788417007618
1352365075517104133
1352379774241558531
1352483437840654336
1352483885821603842
1352504084063014912
1352528471566725120
1352533290968866816
1352562341355905025
1352574221558435840
1352581248523395073
1352586803119845377
1352602983142453250
1352618421897326594
1352620714763935746
1352637908180721672
1352648352186380288
1352677886516461571
1352685012957736960
1352692514323648512
1352704640257830914
1352731166458204165
1352859968647667712
1352867082984169472
1352883166546161665
1352894710260654081
1352898230762299393
1352904653403516930
1352967654395535360
1352969080253382656
1353025646566502400
1353036611613822982
1353055147207712770
1353063934761201664
1353081388921044992
1353101728741261314
1353222817332998144
1353255857551761408
1353255883397079042
1353261292547670017
1353305138014859264
1353320613339914240
1353332040238845953
1353338292679409664
1353347165788270600
1353387977448284162
1353413665106571271
1353417535102853122
1353430312865456131
1353447017176068096
1353457877277675521
1353593639537152005
1353602959775510528
1353631216449310720
1353637029309984770
1353646483082457093
1353661445549006848
1353662014896406529
1353671281892327425
1353671540928356356
1353703149916344335
1353707992177324035
1353723186689486853
1353727690403151873
1353747408505753602
1353767124729212928
1353767388987203584
1353770864370659328
1353779677027069955
1353791091821174784
1353804378579365889
1353828732600004610
1353828905375956993
1353838212016463873
1353931345630736384
1353956607781203969
1353961198463688705
1353962344368496640
1353982143580483584
1353992303069818880
1354029546291552256
1354037215299559425
1354041021898883072
1354054474529124352
1354059243180220416
1354059397438308355
1354061305666273285
1354063756322615304
1354068071825207296
1354068373349535744
1354074022196228097
1354075060596862976
1354094918793392128
1354104099722170372
1354104452911943681
1354109378312499201
1354133890991058952
1354142063114153984
1354155201276612610
1354167379090165760
1354168506657476608
1354294207234637826
1354315728460140544
1354325378609905665
1354325665781346305
1354327474931445760
1354329919602520066
1354345782569291776
1354410136387907586
1354411942098726917
1354424126925058056
1354448388528476166
1354476862345531393
1354478439458353160
1354485446789664769
1354504455039774723
1354506771063336960
1354511196980981762
