1270838151142166529
1270840664914300929
1270843181534343170
1270844439771205636
1270845699500974081
1270848214598471680
1270848640878366723
1270850731214422020
1270852163716231169
1270853250581856256
1270854938491527168
1270858280923877377
1270859829058420736
1270860798169153537
1270863314105532424
1270865830675451905
1270868347052191744
1270869548439306247
1270870863844270081
1270873380498145281
1270875897411878912
1270878413700468737
1270880930178064384
1270883449277222926
1270885963288309760
1270888479811973121
1270890997099175937
1270893513144561665
1270896029538402307
1270896609312768000
1270897935602122752
1270901062640123904
1270903579436552193
1270906096128077824
1270908612546908166
1270911129083133952
1270912158872862720
1270913648983044097
1270916441500516356
1270921196075454466
1270924970265382912
1270928746359320576
1270936295674720256
1270943844649951234
1270951394418327553
1270958946631778312
1270966494566940672
1270974044657971201
1270981593373347841
1270989147281543168
1270992918191300608
1270996693920763904
1271000467758333952
1271004243399507969
1271013601638264833
1271015818931793920
1271019343363690497
1271023169852387328
1271026924245127168
1271029408665460736
1271031925113630720
1271034446016212992
1271038216758603784
1271041993083432960
1271045766295900160
1271049369488371717
1271051554393481221
1271053316596752384
1271057092389097478
1271060865995898885
1271064643142742017
1271068415864832000
1271072192218923008
1271074707039596544
1271077223626231808
1271079742125588485
1271082256933646342
1271084963740467201
1271084963740467201
1271086735036997634
1271087289888899075
1271089806928310277
1271092323380649985
1271094839707340806
1271097356428042241
1271099872905555968
1271102391602077697
1271104906124865536
1271106813237264384
1271109944130048000
1271113714071154689
1271117490379264001
1271121263822385152
1271125043209211905
1271128813519454208
1271132588661280768
1271136363174400002
1271140138454638592
1271143912950784004
1271147915210358787
1271151462794424320
1271155241380204544
1271159012768301060
1271160396402044931
1271162789273366528
1271166562305597440
1271170341344129024
1271174111956471808
1271177887207632897
1271179836573331458
1271181661594681355
1271185439966269440
1271189211656228864
1271192987779776512
1271196761252679681
1271200539112398848
1271204310911721484
1271208085839728640
1271211899615686659
1271216813829914631
1271219410800275461
1271223251193266177
1271226960157368320
1271230736071380998
1271234509967511552
1271238285269106689
1271245836349894656
1271247045081403394
1271249609537380354
1271253385283399681
1271257159322316800
1271260933978030081
1271264708885184516
1271266722260140033
1271268484333395975
1271272258632208387
1271275781893894144
1271283583228030976
1271291134145413120
1271321334304260097
1271351533532217344
1271359081836679169
1271362855623778304
1271366634217840640
1271370405433864193
1271372315679510538
1271374432070561797
1271378544602615811
1271381733485817858
1271385505087860736
1271389280791859201
1271392958810591232
1271396829498753024
1271400604833681408
1271402697632223232
1271404379237736448
1271408154207760384
1271411932046786561
1271414445579874305
1271416962388840449
1271419478794895360
1271421995280785409
1271424512190382081
1271427032052895745
1271429545200160771
1271432061774172163
1271433242466562050
1271434578486534145
1271437938690347008
1271439611839963137
1271442131849101312
1271444644895821825
1271447161499254784
1271448787093991424
1271449677691379712
1271450781783412737
1271452194315702278
1271454710998982656
1271457228952752129
1271458311200792576
1271459744138444806
1271462260842524677
1271463519091699713
1271464778230190081
1271466736294989825
1271472333547601920
1271475313659252736
1271479876659249158
1271483651708997633
1271487429661224960
1271491201485725697
1271494976602624006
1271498751224549376
1271502528606175233
1271512476501377025
1271517628973154311
1271521400268808195
1271525176304234496
1271528950439821312
1271529292636270592
1271532609609306113
1271536500207955970
1271537594778693639
1271540276000100352
1271544049837760517
1271547825940201475
1271552241003094026
1271555375121104896
1271559706197229575
1271562926919487488
1271566699050000386
1271570474833592322
1271574248532905984
1271580031291195395
1271581798431166467
1271585573678039040
1271589549211373569
1271593123873947649
1271595582172397576
1271596898030243840
1271600673298223105
1271604447551070209
1271608222302994433
1271611997566763009
1271615772863852544
1271616865723453442
1271619546978254850
1271623321822478336
1271630460339335170
1271630872098140163
1271634646543921155
1271638169662812160
1271653521293787137
1271668620305842176
1271683721809330176
1271713920084881409
1271725243501969410
1271729021777215493
1271732828879949825
1271736568819015680
1271740342904258560
1271744118574608385
1271747892676628480
1271752934829830144
1271755442503520256
1271758351161069568
1271760476104323073
1271762992271462401
1271765822164348928
1271766768818589696
1271771800318251010
1271774322328125446
1271778091874967552
1271781867763773441
1271785641521618950
1271789418999734275
1271791932939829256
1271794449614422017
1271796966058582017
1271799482791923717
1271801999294697473
1271804517948854272
1271806707266658304
1271808290813599745
1271809549108903936
1271812066031083524
1271814582240047108
1271817098763870208
1271819616994512897
1271823390207348738
1271827166502715392
1271829987113533443
1271830940017278976
1271834717403246592
1271836333833629696
1271838489705930752
1271842266328563719
1271843917634428930
1271843917634428930
1271846039612354561
1271849818701381632
1271853589200351232
1271857364052987907
1271861139383611393
1271864917826719745
1271868688770019329
1271872463492825090
1271876238819446785
1271880013231656962
1271883788247863297
1271887563939184640
1271891338049417216
1271895114235949057
1271898888027295744
1271902662871511041
1271906437413953536
1271910214284070912
1271911475456638983
1271913987224096769
1271917810239844353
1271921537038385154
1271925947818786817
1271929086756171777
1271932861948387328
1271936636419313665
1271941349831512065
1271942424517120002
1271944186229665794
1271947961925279745
1271951735976673280
1271959285866651648
1271963061436461056
1271966835576053760
1271970610743144448
1271974385138704384
1271978160163295232
1271981934923505666
1271985710032203778
1271989484649721857
1271993260525920256
1271997034313048064
1272000557683806208
1272015910392467459
1272031008330661889
1272046109721059335
1272091407772155905
1272095181106556929
1272098956525228032
1272102730933374978
1272106508759691264
1272111538929885185
1272115206018289664
1272116572111462400
1272119088727326721
1272121607209668611
1272125380598525952
1272129154918625280
1272132929783767040
1272136710369931264
1272140479576993793
1272144256019251201
1272148029450027009
1272151808794910721
1272155579096522752
1272159355480096769
1272160595928891394
1272163128936148993
1272166908389928963
1272170678645637120
1272174453913382914
1272178028567769088
1272178228610822144
1272182005346652161
1272185778219687937
1272186787369308162
1272189553810571265
1272193187453513729
1272193328105193472
1272197107324092417
1272198088078299143
1272200877810388993
1272204653476884482
1272208427314372608
1272212204104880130
1272215977350946819
1272219751893385218
1272220090642108417
1272221673262059520
1272223526880231424
1272231076706914304
1272234852390260736
1272238626194284546
1272242402561003520
1272246176314605569
1272249951427465217
1272253725839699968
1272256030953615365
1272257501262569474
1272260819716313090
1272261275733487616
1272264335549698052
1272265050493816832
1272268825325498368
1272272589608693761
1272276375005802500
1272280150659358720
1272284099701608451
1272287700419096576
1272291474412130304
1272294239750238209
1272295250145366016
1272299024213848064
1272303152767873029
1272306574074228738
1272310349056872448
1272314123968077826
1272317901375062018
1272321673631461384
1272325449134342152
1272329223215013889
1272333000584450048
1272335039800455169
1272336773016780800
1272340547873550336
1272342835904360449
1272344322705428483
1272348099030200321
1272349767918551040
1272351872465227778
1272355648311898112
1272359422170476544
1272363197769515008
1272370747508273152
1272378297595420672
1272393396427128833
1272408497582256128
1272423595042619392
1272438699217698816
1272446244321820675
1272450019203956737
1272453799098155008
1272458157709832192
1272460840478932992
1272462946908717056
1272465425587003392
1272467383597268993
1272469397311905792
1272471410179371011
1272473160500338688
1272473926883516417
1272476444241747968
1272478960102764544
1272481476563685376
1272483996425838592
1272486509786980355
1272489026306572288
1272491543690014721
1272494059442053122
1272495677180968960
1272496575940562944
1272499566408019974
1272501609260388352
1272504377505247232
1272508256938790913
1272509662286565377
1272511675556659200
1272514193086984193
1272516709132337153
1272517835768684544
1272519225412739074
1272521743291371522
1272523000311500800
1272524258858729472
1272526775038304262
1272529159995240449
1272531808509480960
1272534325003599875
1272536843507191808
1272538100309176325
1272539358097260544
1272541874914381824
1272544396597231628
1272546629392965635
1272546907676717058
1272548166059978753
1272549424397336578
1272550865920983040
1272551942116401152
1272553199283499011
1272554457566375936
1272556974094327809
1272559497593012228
1272561062991335427
1272562007577726976
1272563878661152770
1272564523933683716
1272567040344231937
1272568109300420608
1272568109300420608
1272569399015354370
1272569556905725953
1272572073496285184
1272573530555719680
1272574592859672581
1272575848789544962
1272577106820489217
1272579623260286977
1272582140601958401
1272584656341184512
1272585888766271489
1272587173225803778
1272588636714909696
1272589693834588161
1272592206105280513
1272594058188402691
1272594722876342273
1272597240272621569
1272599116690972673
1272599756016021504
1272602272761970688
1272604789713416193
1272607305725607943
1272609822530080768
1272611283825840128
1272612340559577089
1272614855472644099
1272617372071849984
1272617964986982400
1272619888704729088
1272621011322707968
1272621705761087490
1272622405249388549
1272623317694939146
1272624921722490880
1272627438300717057
1272628696872964096
1272629954853793793
1272632471486468096
1272633351200034816
1272634990648418304
1272637504777097217
1272640021359521792
1272642538537537536
1272644070251401224
1272645054570680322
1272646312714878978
1272647571140378626
1272648267898277891
1272649324451835916
1272650089622716416
1272650753472151554
1272652604233994242
1272653964551610369
1272654547731832833
1272655121021689857
1272656134680334338
1272657637713358853
1272660153926549508
1272661512801398786
1272662670554968064
1272663525513625601
1272665191650455552
1272667703556349962
1272669279360634880
1272670220381872128
1272672736670818306
1272673844059389957
1272675253466968064
1272677770322206720
1272680289249230851
1272681450048040960
1272682803151302658
1272684188320268289
1272685319645691904
1272687836450488328
1272690352940388354
1272692869401378819
1272695388538093570
1272696151364505600
1272697902662479873
1272698712716951554
1272700419194736641
1272702936326344705
1272705452443267072
1272707969143037952
1272710486211956737
1272713002106658818
1272715518747635713
1272716529445060608
1272718035196018690
1272719688531836930
1272720551748960256
1272723068549500928
1272724217998512128
1272725588487180288
1272729359854399488
1272733135114063873
1272736909534679040
1272737624323694592
1272738587365310464
1272740686396260358
1272748234830540801
1272755785026531328
1272763334425808898
1272770883875008513
1272778433605414912
1272785983231033344
1272793533921910785
1272801082985627654
1272804857406263296
1272808632565018625
1272812407061204993
1272816184644128768
1272818698772811777
1272821215204278274
1272823732021542914
1272826499922407424
1272828765010198528
1272831281798266882
1272833798011568128
1272836314786697216
1272838831738359810
1272841347842572292
1272842814351687681
1272843864345382914
1272846381800214528
1272847639592054787
1272848897644339203
1272850155755143169
1272851414293807104
1272852672559738882
1272853930989494272
1272857483975983107
1272859558856265729
1272861485216104448
1272863997092458497
1272866513742159873
1272869030550925312
1272871547045363712
1272874063472365568
1272876583330689031
1272879096729604112
1272881613089566723
1272885639315435523
1272889906822557696
1272891683487666176
1272894196400164865
1272896712852586496
1272899231431327744
1272901884165140485
1272904262582968320
1272907601777483781
1272909295835807744
1272911812170825728
1272913214855151616
1272914328585469953
1272915970567344133
1272916845369180160
1272918103593230339
1272919361943212033
1272921881021218816
1272924395183505408
1272925688979427331
1272926911727939584
1272929431464656896
1272931944964272128
1272934461508857857
1272936333065895936
1272939494526930957
1272941319997046788
1272942011415441411
1272943702407876608
1272944529109213185
1272947044357828608
1272949561015689216
1272950974445948932
1272952079536066563
1272954594125996032
1272957110997839879
1272959627613921287
1272962143730581505
1272964660459745280
1272967178460020736
1272969693620400128
1272972210295242752
1272974728148353024
1272975899005202434
1272977243367632896
1272979759966937090
1272982277069303808
1272984793081352199
1272987309843963905
1272989826455867395
1272992342929113088
1272994509639598082
1272997379134779392
1272999892709830657
1273002014490931201
1273002014490931201
1273002409128673280
1273004925899997184
1273005887045677057
1273007442541117448
1273009521082937346
1273009958787756032
1273012478612508673
1273017627137499136
1273020025151029250
1273021283748294656
1273022541775491073
1273027579771944960
1273028620630536193
1273032608318984199
1273034025658208261
1273035125186428928
1273037641231986688
1273040157881425921
1273041705093206023
1273042677680963586
1273043554961698819
1273045191025295360
1273046217530933249
1273047707607805954
1273050224554991616
1273052740667805696
1273055257472512001
1273057777351634948
1273061297219948546
1273062807416659970
1273065323923738629
1273067840199954435
1273070356841017344
1273071556718141440
1273072874740256768
1273075390068776962
1273077617936269313
1273077906755866624
1273080422986121216
1273085456222048256
1273087973827866624
1273093010474049537
1273095523042353152
1273099297559478272
1273103073393684485
1273110622817804289
1273118173966012417
1273125721620258816
1273133274735489027
1273140821416689664
1273148373697097728
1273155920541782017
1273163475687071744
1273167245183680512
1273171021596516352
1273174794981175296
1273178573629583360
1273181086424727553
1273183603032125441
1273186119585345538
1273188636071264257
1273190148814110720
1273191152884334592
1273193669273812994
1273194928021991425
1273196185998819328
1273198702597791745
1273201218983088128
1273203735741599749
1273206252416294912
1273208769359405056
1273211285619040256
1273213802184691714
1273216320138432512
1273218835215118337
1273221351743074310
1273223763711188992
1273225592851386369
1273226385205555202
1273228901704019968
1273231420748525568
1273232715899457536
1273233934923337729
1273236451396849665
1273240226727514112
1273241604732657667
1273244001068617729
1273247347477229569
1273248047594684417
1273249956321800193
1273251550962397186
1273254070136893441
1273255326033178625
1273255810362114049
1273256584043540480
1273259100906721280
1273261619020259328
1273264133983678472
1273266650578444288
1273269172466782212
1273270425850691586
1273271012482789377
1273271683634225156
1273272982811611136
1273274200250343429
1273275634026938368
1273276716606197762
1273278858595360768
1273279233192689664
1273281749812776961
1273284266697392130
1273286783187460096
1273289299555844096
1273291816427757570
1273294332687052803
1273296849248505857
1273299368083423237
1273300624415682560
1273301882442674176
1273302974442463233
1273304399033643010
1273305978696597504
1273306917926866945
1273309432244514817
1273310833737633796
1273311948814159872
1273313424957673474
1273314465228845057
1273315498554527744
1273316981865734144
1273319242717376516
1273319498662260738
1273321034675032064
1273322015047315457
1273324531642519554
1273327048216330240
1273328306776166403
1273329566870896641
1273332081460830209
1273332983974559744
1273334598076784641
1273336137155858432
1273336869225406465
1273337114961166336
1273338373101551618
1273339631363403776
1273340889444888576
1273342137023619072
1273342147899486208
1273344669439545345
1273345817039028228
1273347181098008576
1273348439175131136
1273349697692983297
1273350063104851969
1273352215193726976
1273354730698203136
1273355369759289346
1273357247347818503
1273358505454567429
1273359764748189697
1273362663356145665
1273364797174829062
1273367313488605185
1273369830146490369
1273374865693667329
