1270845981723066375
1271050044754530304
1271066150789459969
1271144164730851328
1271180380419305472
1271200540660314112
1271214799792353280
1271396830660579330
1271397081526218755
1271503029611769862
1271526076062326784
1271544218171867138
1271569997492559878
1271579562758017027
1271585006247383041
1271587967853899783
1271588118181941250
1271592711972364288
1271761482531790850
1271842470393982978
1271858112451031045
1271866675504091137
1271884051415261190
1271884048936378369
1271912636943400961
1271925742507614210
1271961578452193282
1272121605162860545
1272152140136488960
1272159857542434821
1272288245469122563
1272324056214364162
1272470655188025344
1272577445074472962
1272626696718614528
1272637735069761543
1272655650124894210
1272672738092572674
1272717994481893381
1272846632967602180
1272846967744409600
1272876584874074112
1272877135619936256
1272953861863546881
1273002297862369281
1273007026818473985
1273028257236103169
1273042676364042241
1273211503479586822
1273239586064531456
1273254662217641990
1273264759396347909
1273265739538063360
1273266539953782786
1273266956876029953
1273314877701005318
1273346331881472000
1273347328246775808
