1359744099209924610
1359766872116371458
1359770395344179204
1359774174932160512
1359776687077003268
1359781721265164288
1359784236639784962
1359791786374418432
1359794303027933185
1359799336310165506
1359803111083278341
1359804374428639235
1359809402442768391
1359814435599048708
1359825821796556801
1359825820425068544
1359825818583719939
1359825824720027654
1359825823231053827
1359838343584882691
1359847391252389895
1359866626607300608
1359868246573342724
1359868249379373060
1359868247957504001
1359868253170974722
1359887419953213442
1359911502128496641
1359912601765969921
1359912600222511105
1359912603275911170
1359915099142696966
1359917618107453448
1359928165829853189
1359928169923502080
1359928168166096901
1359928171764793353
1359928458999128064
1359932715282358273
1359940268888363019
1359947814835544065
1359957604626276354
1359967947138031617
1360095079336140805
1360106389876654080
1360129008734670848
1360132783172116482
1360136560646123520
1360136566388240386
1360140332931969026
1360142945127694338
1360144108585689088
1360149141146324994
1360153769292554240
1360165498881728513
1360169525518417920
1360174307033321478
1360179340483330049
1360185422312259584
1360187202504953859
1360187201104072704
1360187199694733314
1360196214143213572
1360210490379665409
1360210523997011968
1360213317185372173
1360217802519568386
1360232188424294402
1360237210918920195
1360237413898018819
1360237518596227077
1360237807755800576
1360247288162103306
1360256482579742725
1360257058327699456
1360260971101626368
1360268820980649991
1360286648198692871
1360291674061176833
1360295102766325763
1360300024647749634
1360307982991560712
1360321527388856320
1360322785277579271
1360326537946533888
1360330335045767174
1360457458544766976
1360468843085369345
1360498948289400836
1360519340747968514
1360519345059680260
1360519342568263681
1360519349258178561
1360519347072978945
1360519353435779072
1360519351460270082
1360519357038694400
1360519355964878851
1360519355025420290
1360519592695631876
1360519590388768768
1360519596059422720
1360519599825985537
1360519603714105345
1360519609804148737
1360519606595555328
1360519613721632777
1360519612480167941
1360519611054059526
1360519719044878337
1360519717950087171
1360519716842790919
1360519722446430210
1360519721263669250
1360519720198316034
1360519727022411776
1360519726011621378
1360519724900093954
1360519723683704832
1360519844685221889
1360519843225739265
1360519841883451394
1360519848946585600
1360519847348637696
1360519846081875971
1360519852927062016
1360519851773624328
1360519855070322689
1360519853954588673
1360527394679840773
1360527393408970761
1360527395971690499
1360541865183858689
1360555016420028419
1360557347429490703
1360565139364212736
1360571685527691264
1360584519552704519
1360594905379315717
1360610438266822663
1360613712269242372
1360613720552927232
1360613718476771332
1360616862657089539
1360621770391228418
1360621773222334464
1360625163570585601
1360625165348990979
1360633718625296386
1360647937307537408
1360659136740880386
1360678638287396865
1360681533430927360
1360712362114703360
1360819846208970757
1360831198860296198
1360880160002760706
1360931798356647946
1361009812159533061
1361036236341866497
1361182238822584322
1361248887579627522
1361266503614562304
1361293440193978372
1361293444258295814
1361293818260193281
1361293821993082883
1361294071466053637
1361294200055078915
1361294448609562625
1361294447275773957
1361294447275773957
1361294452350881799
1361294457006555139
1361294456087924737
1361294454892584960
1361294453588197380
1361294458172542979
1361300362557149185
1361300361470902274
1361399882490257408
1361408932519047175
1361408982448033793
1361409948895367168
1361544617284558848
1361555976726405123
1361574810346803201
1361581076431466498
1361586114536951810
1361588626161885184
1361593661138497536
1361597434502123524
1361603168258437122
1361625797132484613
1361625814551396352
1361625824588406784
1361625844158988289
1361630149737873408
1361791211355389957
1361907016751529991
1361918429465370625
1361961080403210241
1361969888357679104
1361987778230161409
1361987782487339010
1361987780377681920
1361987788246159360
1361987786560036864
1361987784601333762
1361987792813744129
1361987791714836487
1361987789558976514
1361987893485469698
1361987892449472518
1361987891409293318
1361987896819941380
1361987895708377093
1361987894630518790
1361987899751686146
1361988019071279108
1361988023060074498
1361988021743087620
1361988020350578688
1361988024905605127
1361988142983565314
1361989028770287622
1361989026903777280
1361989033711177737
1361989032104718336
1361989030489989123
1361989038509494273
1361989037423136768
1361989036252958725
1361989034982002691
1361989039704788992
1361989401929162760
1361991035673399303
1361992673209454595
1361993051749588996
1361994565155131399
1361996197175586821
1361997330661011462
1361997831645503497
1361999343000035330
1362001102741278721
1362001481872801795
1362002865531707392
1362004498336518149
1362005758649376768
1362055212786012166
1362059220959567874
1362059492137963521
1362060999247863811
1362063013457526788
1362071071650770945
1362071821130952704
1362074083651772416
1362078621360250881
1362079373931671552
1362082641323859970
1362085661457543172
1362090568155717633
1362093845148700673
1362093844070719488
1362093843047280642
1362096860899336194
1362100751468613633
1362102028122476550
1362102026436448256
1362102024825839617
1362108308761444352
1362112714324119553
1362119508048056320
1362121268066066432
1362123422629683200
1362128318166822917
1362132092360876032
1362132091001999360
1362132089810788352
1362135774984949760
1362138635416399875
1362146310992760832
1362168457748385792
1362168464664797185
1362173364974936066
