1321590846442135553
1321595925480067072
1321605003472154624
1321611220525469698
1321612352903589888
1321612919734493199
1321614062283870208
1321619724430725120
1321620298773471232
1321620298752544768
1321621423182532608
1321621423094456321
1321621423073513473
1321632763108274176
1321644077037854720
1321657685243269126
1321691647017656320
1321693893633736705
1321702413083070465
1321702412973969408
1321704658306478080
1321705806748913664
1321713855047864320
1321714155297099779
1321719847533842432
1321723783544188928
1321723872954245120
1321723886464049152
1321723924137332736
1321725953735798784
1321726664393576448
1321733291733561350
1321735192831250432
1321748119965650946
1321750683188604929
1321750784170745856
1321755504872431616
1321758253827694594
1321758597869674497
1321759122417721344
1321761024484253698
1321768167950163968
1321768304936128518
1321773569479757824
1321774470080663553
1321775168058986503
1321775692388962305
1321775901244297217
1321777886106390528
1321780207519440896
1321785123575111680
1321788501994754048
1321788657913704449
1321789206352441347
1321789360824590336
1321794491293093888
1321800642642481153
1321800661269434371
1321803822449176582
1321805990187118592
1321812625819340800
1321821576766103552
1321821644059512837
1321823085574717441
1321823369122226176
1321845779284328448
1321851417389420547
1321854526379483141
1321855405711085568
1321855601996107776
1321855835551764481
1321857281777127424
1321858615809105926
1321863560125947907
1321872648524148737
1321873380421894151
1321874008137207809
1321878621963853824
1321878772778442752
1321885900050210816
1321886870234648578
1321886974727303169
1321889161964445696
1321889213839777793
1321890849052102657
1321902343215075329
1321906776573419521
1321907742731341825
1321908465485361154
1321908465485361154
1321914177066336262
1321917296235974662
1321930772417269761
1321930989690626048
1321933848314261506
1321934277320364035
1321937319604137986
1321938638737911808
1321939088266715143
1321939484523548672
1321944028397604865
1321944991267201025
1321947044618141701
1321947209366196224
1321947247983079424
1321947778386448385
1321955044867121152
1321958982945296387
1321972554060488704
1321973701160652800
1321974234420314123
1321981610426859525
1321982766343426053
1321982766284681223
1321982766226046978
1321985019276132352
1321987844903260160
1321990101975617538
1321990101711441920
1321995209555824646
1322056362898194433
1322060336472707074
1322075170178273280
1322078368611926017
1322080055149924353
1322085524300009473
1322085611206049792
1322085758216376320
1322090879524478979
1322105953962123264
1322105994307141632
1322108846131785728
1322116008581177345
1322118309073068032
1322119633772650496
1322121873459761152
1322123780999827456
1322124708209430529
1322125021289058305
1322129390847873026
1322143774634582016
1322145526700265474
1322152329676808193
1322156948209487875
1322157815360823297
1322157955937165314
1322158885235531778
1322169234693234694
1322169753025347586
1322175308565483524
1322176324325281792
1322177059662254081
1322179466983018497
1322183388309106689
1322187979373318145
1322200983087308802
1322204242585833472
1322205034772312067
1322207065218125826
1322213892869808130
1322220780495736832
1322231556589686787
1322253256605736961
1322269144998436865
1322273311129247745
1322282323853926401
1322283935045484547
1322289586903633920
1322297436279312390
1322297573990928385
1322299791284621319
1322300083543695366
1322301231830831104
1322301661210181638
1322302897066004481
1322303916323819520
1322308187224215553
1322327916886282243
1322327918723375115
1322332997023076353
1322333554269933568
1322333561471569921
1322337520441589766
1322338093698080768
1322339232686460936
1322339232497754112
1322339234754297856
1322360239442874368
1322369328881291264
1322419133439508481
1322420852999278592
1322423675837100034
1322441815673417728
1322446351532249088
1322457939865722882
1322462741966295040
1322469568716148738
1322478338364104704
1322486885395144704
1322486902373703682
1322491666494824449
1322496177070362624
1322504835820888064
1322516118003765249
1322519140968636417
1322521508615475200
1322529238482903044
1322541654893600768
1322542097078099973
1322542157497012224
1322552278495219713
1322560013051846656
1322567490086572033
1322570636481495040
1322572843528474625
1322581817015341062
1322586353230581761
1322596053661732864
1322609432698720259
1322612640963842048
1322613597105803264
1322616102275502088
1322616668481310720
1322618459738513408
1322618642501165057
1322618715146506245
1322618768858796044
1322621146039230464
1322624473632280576
1322624735520456715
1322625998974832640
1322626416391954434
1322628130994081792
1322629076818022405
1322629380707930123
1322631564514217985
1322632128409096193
1322640289257955328
1322640336632557568
1322647150304677890
1322647264742035456
1322647398909415425
1322647529884950529
1322647734566965255
1322648278018785282
1322659318139932675
1322661410824925185
1322661880796774400
1322662944375820291
1322662981788905478
1322664040515178499
1322665809995571200
1322668052647976961
1322669393566928897
1322670131693178880
1322674360189149184
1322674954643611655
1322677437596127233
1322681413645291520
1322689885535424512
1322690460243120128
1322692725670555650
1322696690223226887
1322701223716364289
1322702374071316481
1322702374058790912
1322702373790339074
1322705762330828801
1322707464903626754
1322712550102999041
1322740285932294144
1322767496613634049
1322777118342864897
1322786735147962368
1322789003159048192
1322789563077709824
1322813801398521856
1322813837976997888
1322813876950474755
1322814893863669761
1322815056388698113
1322818464692817920
1322837844877103104
1322837881879175174
1322839985075216384
1322840827991859202
1322842681681301506
1322846721416847367
1322846895987970048
1322846895987970048
1322851118142132229
1322852994120122372
1322853821354299392
1322854116952100870
1322855887694897153
1322859499355602944
1322860359695454215
1322864570969563139
1322865471981555713
1322868300079079425
1322871533409370112
1322897615739097088
1322899373760651267
1322899988708495361
1322904534335836160
1322907932065996802
1322913126342418432
1322913658888925184
1322916948716494850
1322938752747143168
1322939872542396416
1322942952407224320
1322944797850640384
1322950967910957058
1322955514536480779
1322976099047976961
1322995744878583810
1322995802621530112
1323001320480165889
1323035701215170560
1323035919599980550
1323036639480958979
1323037249827704833
1323037774728077313
1323038028043091970
1323038125707399169
1323039135855222785
1323040143465435136
1323041404021518342
1323045433032278019
1323046119224627200
1323067107865776128
1323067107790249984
1323067105852428290
1323067656874897421
1323068791388098561
1323069347670142976
1323070493046591495
1323070492937539587
1323074456433119240
1323074465111166978
1323074465094356993
1323076152769024003
1323079569818222593
1323085195600371713
1323085772996677640
1323122548494737409
1323125918701932549
1323161061395177484
1323166295920050177
1323166730487824384
1323170484159238144
1323176439051595777
1323182007065677834
1323184444371537922
1323188909174624256
1323193057798459392
1323193439123628032
1323193476331261953
1323207451651514369
1323226245073670145
1323226599920226309
1323229707370975239
1323234932873928709
1323240137791279109
1323243138459336705
1323244233373978624
1323244964491468802
1323245453849354241
1323245498548031488
1323251559183077376
1323252849002848257
1323252929638371329
1323255056502763521
1323268297249476610
1323268699516768256
1323278169093427202
1323279216708866048
1323287120589561857
1323289263883124737
1323290508614078465
1323291643714392064
1323293216012161024
1323293369418846209
1323293452986187776
1323295960521388040
1323296953745199104
1323297528402632707
1323301359161102337
1323304710477172742
1323306529198641152
1323307363588280320
1323307958231617536
1323308395823325184
1323309716165009409
1323310765521207298
1323316828249202693
1323320286440267778
1323325582806032384
1323327395391246340
1323338116539785219
1323338969061490688
1323348846550917121
1323349959723360260
1323351350860750848
1323354620668858369
1323364999486754828
1323367207997480960
1323369555302010887
1323370434604244992
1323380788612730882
1323381156319023110
1323383848869203968
1323386277228646406
1323389712267202560
1323390651078266881
1323390732263182337
1323396315145973764
1323396357059678208
1323396448323538946
1323396499582128128
1323397212840300544
1323397227419734018
1323397685655805952
1323397689942462467
1323397694795251718
1323397700306538496
1323397704840601602
1323397711207563264
1323397709580087297
1323400580954529793
1323400683899465729
1323408607107579907
1323409605771354112
1323415959500185601
1323421687854043157
1323430888970035200
1323430891100819456
1323434331415654400
1323434329834430465
1323434869310050305
1323435426280034312
1323436556800135168
1323445057949753345
1323451284251418624
1323463833613205505
1323468387004129280
1323484815690260481
1323491044160393216
1323521136190251008
1323522625763790849
1323522676665864192
1323522907390267394
1323525001769869312
1323530362413371392
1323530443006844928
1323533481570422784
1323539884322246656
1323541961970753536
1323571495680020482
1323574941858598915
1323577587231318024
1323584254882795522
1323591262117703680
1323594816958189568
1323596933970202627
1323599299083644928
1323599328204759040
1323601767582621696
1323622279708844032
1323624548017836035
1323626576437805062
1323628497810661378
1323631046030729217
1323633545026351106
1323636067506016257
1323641439289573376
1323643392727928833
1323649471985684481
1323653513352826880
1323655513826074624
1323658309283491842
1323660129817034754
1323662764020215814
1323665468817887232
1323669817996574728
1323673037254905857
1323684244510695430
1323691863862333440
1323691863862333440
1323693227472527364
1323695961101795329
1323696005552984065
1323697725142142978
1323699708754350080
1323706325428305921
1323706347137998855
1323710178261377024
1323710239540191233
1323717295479410688
1323722833885880320
1323730983514984448
1323734873824178177
1323739766811230210
1323744315441664003
1323745487560867841
1323746085429391360
1323747356223877120
1323750162292985856
1323750484608516097
1323754623107301376
1323757959818653697
1323758077573824512
1323758229671813121
1323758442876674049
1323759615679598594
1323760669041319936
1323761683341451264
1323761734709055489
1323770561017876480
1323771893015584773
1323775985779695619
1323784593481322502
1323784602612281346
1323784605980413953
1323785515603234819
1323787478092963841
1323787486515048450
1323787503585923073
1323787795769544704
1323790627985907713
1323790627931389954
1323791210004258818
1323791208410435590
1323794898437492738
1323802851144048643
1323805873030995970
1323810480922759168
1323813282352893952
1323826295772450818
1323837077662945280
1323840534868381699
1323852368723824646
1323855365486903297
1323856529003548672
1323864019363598337
1323864859411402754
1323866594905305089
1323872753561358338
1323882963818434562
1323887663842250753
1323889176941649920
1323889754577010688
1323892532724572173
1323892573258321921
1323892601372745728
1323894873389486080
1323894943635689472
1323894988854464512
1323895044500295680
1323900116877660161
1323903911233728512
1323907257466343425
1323909964734304256
1323923871632891908
1323938973958504453
1323940030734356482
1323940035297726465
1323940039810842625
1323940044634234881
1323940048878948353
1323940054834782209
1323940060039884801
1323940064393572353
1323944365987930112
1323956965505142784
1323956973021396997
1323956979497357313
1323956983830118402
1323956987760095234
1323956992243847168
1323956998019362816
1323956996421419011
1323958770335125504
1323962943676026880
1323963636570820608
1323963666266554371
1323964156886851584
1323965205345349632
1323965229349437442
1323967519997206529
1323969693800140800
1323972417547620352
1323972421653798913
1323972428175912960
1323972432521273344
1323972437021741061
1323972440859529218
1323972449738891271
1323972446853173249
1323977403262210051
1323977417342541825
1323979901452648449
1323982867500847105
1323982885855047681
1323982906528813057
1323986183223943168
1323986413633867779
1323986813225193479
1323986817931202560
1323986822301712390
1323986826923749377
1323986829486546945
1323988485313826817
1324001635442528258
1324006000798670848
1324006414151520256
1324007430498455553
1324009916227592195
1324009921617285120
1324009926642012162
1324009931100532736
1324009938180558849
1324009935492026368
1324012398789955584
1324017517644386304
1324023455352823808
1324031821294821379
1324038090038665221
1324042030897631233
1324044357088038920
1324048230506762243
1324050332331184129
1324054122233008130
1324058615800541187
1324060465174061068
1324071741761748992
1324072791956692993
1324072852908331010
1324079605196689411
1324085186729037824
1324089713771352071
1324090260939251721
1324094120734920705
1324098332675944449
1324102154257342470
1324103337374089217
1324103685660680195
1324109766797496320
1324111387287867394
1324113648999084032
1324114191721050112
1324114765099212803
1324115637376077825
1324117143999434752
1324119089510580224
1324120807266803712
1324121088578695168
1324121305650728961
1324123142898491392
