1321604440290430977
1321610662611718145
1321612352911978496
1321615765360005120
1321666741395664896
1321669570856439808
1321674099421257729
1321691072792330242
1321735143296565248
1321750769574551552
1321767711710564353
1321770890527428609
1321779755709009920
1321784941642870789
1321808735250034688
1321811407361421315
1321812671738617856
1321814253398097920
1321814330908749826
1321823296229433345
1321830518594457602
1321832604736409600
1321837828729438208
1321845615270203394
1321852724477124608
1321855035710558212
1321855857701888000
1321857330712092672
1321874498476511232
1321888054450282498
1321888266375876610
1321889121523191810
1321901549136891908
1321907920418865154
1321908366097174532
1321934292977635328
1321934479229898754
1321939354596659200
1321940645527900160
1321944926482010120
1321947438505168896
1321971415848013825
1321971975816941568
1321979354532974593
1321986729704869889
1321987282568650752
1321992948473565184
1321999186850697219
1322030338017763329
1322075093611253760
1322085549306486784
1322085608886599680
1322085697956777984
1322101004100345857
1322108707862437888
1322110984643903488
1322121142317027328
1322145424573169665
1322146540891312130
1322148077264900098
1322152307811909634
1322158927690256387
1322161890169114627
1322182721171529728
1322183518898847747
1322184171469623296
1322187626909179906
1322196429977329673
1322211204539056130
1322211846640836608
1322221800445693952
1322226823481143298
1322231430198546434
1322234839584657409
1322239872506171393
1322244898360381446
1322262740929576961
1322266773056593920
1322269233573670918
1322278941999177728
1322285362136420353
1322300119132311554
1322310484176097283
1322328400070090752
1322334085012951040
1322339173106393090
1322344242803519489
1322350508703653888
1322404858050322435
1322430930733195264
1322433737137815553
1322463381677375488
1322468276732108800
1322477928312152064
1322478380881711113
1322493566501998592
1322502255535423491
1322509441799999494
1322514158559076355
1322516102249881601
1322519156110041088
1322531570654334977
1322556426947055617
1322560163602173954
1322566814551941121
1322570712578727936
1322572872167153668
1322584211040227330
1322586073273389057
1322588907846946816
1322595124757540864
1322607959583711240
1322614398427475978
1322631645128761348
1322637546346729480
1322650313912889344
1322673976976564230
1322702887148019717
1322703456914837504
1322706304322981893
1322772587458514945
1322774234276519936
1322814094223777795
1322814208497668100
1322825725918040065
1322832568639774723
1322854044155727876
1322855197715156992
1322855941079969792
1322863139503935492
1322868257976713218
1322876444880625664
1322883559443566603
1322906650903252992
1322910926568382464
1322937940524388352
1322943925024337924
1322946582044692481
1322946582044692481
1322959426110849027
1322967882763042817
1322970677364903936
1322976779947155458
1323001353078214663
1323029583315243011
1323045453030690825
1323049470536392705
1323053452906344456
1323053452788981761
1323054574928842758
1323056290625703938
1323067614680223744
1323109496319733762
1323121400811577345
1323144046295060480
1323159803347296256
1323161137798651905
1323188124944662528
1323195583541219329
1323199476002152448
1323207463479508999
1323218339993366528
1323219158847393793
1323221698666258437
1323224640211296256
1323234782487158784
1323259747773124611
1323265807183417350
1323269855127216128
1323269983418372096
1323270572835512323
1323277096173666307
1323279998640361474
1323285534911975429
1323307940011540481
1323308151106658312
1323308778209632258
1323308985718657024
1323339185584017419
1323349867972993029
1323354665157857287
1323354693217800192
1323367160731869189
1323369382182080512
1323386182940635139
1323389665811046400
1323396896078049280
1323397069512581126
1323400488906297351
1323406324785467392
1323410150053629952
1323415404035919877
1323417681278754817
1323431405951602688
1323459932985974786
1323489939158376448
1323526134672334848
1323539917922803717
1323556801388957698
1323568580668043264
1323574832475312128
1323584153552670720
1323591133675560960
1323591339678814208
1323595007421489152
1323597054556413954
1323618475449982976
1323625444722225152
1323628590739632128
1323633578421440514
1323636009481940994
1323641105959784450
1323646282188152833
1323648900562079746
1323652440168763394
1323653811660070915
1323654792930091010
1323656236412342272
1323660592633315329
1323660663491829760
1323663462384455684
1323666113490833408
1323673379686260741
1323679104982568961
1323687014810734595
1323694460497235972
1323697090254569474
1323703505476046849
1323705767074160640
1323710140391002112
1323730829122654210
1323734509876105222
1323744329496743940
1323746099379818497
1323747058663235590
1323750111311208450
1323761749846335494
1323770418755440646
1323771810593284104
1323775820373102593
1323775825360134149
1323775824022147073
1323775822516363269
1323775826928803846
1323775832704372736
1323775830930108416
1323777287758766080
1323786396130226177
1323788345244291073
1323789731600236546
1323791234410991618
1323798418888818688
1323800827216232449
1323802037302317057
1323807434331357185
1323810794467926017
1323826304467275776
1323827205978443778
1323828989446815744
1323830943682121730
1323835917438722050
1323837120469995522
1323840348200837120
1323842119950282758
1323843168295682048
1323854629352988672
1323855049739640833
1323857135151833088
1323862176881401857
1323862986436583424
1323864002045366273
1323864085423968256
1323864574530080768
1323865341089427456
1323866256622178304
1323867079238389761
1323872974953467906
1323873232043286529
1323874404615528449
1323882336132440069
1323890903329705985
1323892402822746117
1323892445315293184
1323896146054569984
1323898968888279041
1323900131922595841
1323902654628745216
1323906461773287425
1323909842013196288
1323915917307334657
1323919639089500160
1323925441342820353
1323931652796653571
1323933430334238720
1323933460705218560
1323938270842073093
1323940603323887616
1323942842406969347
1323942910673432577
1323953329794387968
1323957438119354368
1323991802907664384
1323991807580143616
1323991812323844096
1323991818430722049
1323991823963082753
1323991829096865794
1323991834327158784
1323991839146450945
1323997880680697857
1324000750209564672
1324005488565063684
1324013297503526913
1324015838907768838
1324016687436496905
1324042043505709058
1324044011276042240
1324047889329496065
1324054108299550720
1324055812139065353
1324060369850126341
1324089733836902417
1324098086826893313
1324103190602784774
1324103633886130188
1324109737953234950
1324111399019229185
1324120750157189120
