1321589775036502018
1321590593387155459
1321593963543961601
1321593961807548422
1321596992485789699
1321603604185305088
1321604137855930369
1321605413020848128
1321605419429756928
1321605417651310597
1321605415717785601
1321607614271266816
1321610307677151239
1321612861878272000
1321615122285187073
1321617147207012360
1321620339135336448
1321625093265645568
1321629404066361346
1321631407152766976
1321641863514906626
1321646799770312706
1321649052514160640
1321651653158838277
1321651651346866176
1321656985197125633
1321662230396604417
1321662232162435076
1321664460994596864
1321667224269148160
1321669210511187969
1321674161488568321
1321679182968008704
1321682790077943808
1321688367713628160
1321692745417826307
1321694297557663747
1321695581329379328
1321698055234691072
1321698053422809088
1321698056992161792
1321698346067759105
1321698700641607681
1321700864256598021
1321700868132098049
1321700866223673344
1321700870153752581
1321703343937519616
1321705571771404290
1321708622003474433
1321711410510966784
1321713635329253381
1321716045200216064
1321716290684411904
1321716288859836416
1321721157771530240
1321723321793368066
1321724344146534400
1321724342267465729
1321726910502752256
1321726908636286976
1321729195584737280
1321729687064895488
1321729688952295424
1321733103216451585
1321734908197429250
1321737221335097344
1321739427979366401
1321739972853010434
1321740418246205441
1321743169206321154
1321743166794616832
1321745213526859776
1321746268805308416
1321746272718639109
1321748646044590080
1321749870340939777
1321752537679220736
1321754568649224192
1321754645124030465
1321756663225978881
1321757696585093122
1321757701987307520
1321758490134761472
1321760511999021058
1321760510006669313
1321760516105261057
1321760514054234112
1321760518219173889
1321762588913508352
1321764604016496651
1321765463500738560
1321765467107840001
1321767004928356352
1321768012932882433
1321770092942819329
1321771151580893184
1321771149538320387
1321772848067862536
1321774253813997568
1321776550715527168
1321779060888887297
1321780215513780225
1321782522095849472
1321783231029673987
1321783229045768192
1321785375812132868
1321786845240401920
1321788824209494017
1321790159092879360
1321790385761390592
1321791697077047296
1321793340061503488
1321793342024372225
1321793719981481984
1321795166982807552
1321796250216390663
1321797694441082882
1321799078829842432
1321799092683612162
1321801279774040065
1321802022623076355
1321802054357143552
1321803341026963457
1321803681189269504
1321805075791155206
1321805073794666496
1321807559561543682
1321808542454697985
1321808542454697985
1321810567707922440
1321811557429481472
1321814072002838536
1321814681808416768
1321816799504142336
1321817988367081474
1321820022856179712
1321820869791043586
1321820873024819203
1321820878506807298
1321823791769681923
1321823789244702721
1321826622429974528
1321829214128082945
1321829212089704449
1321829216053305345
1321830667559251968
1321831413067501569
1321831410320232450
1321834192334954497
1321836108016197635
1321838854614245376
1321841467724320774
1321842392912244736
1321844492648042502
1321845501805928449
1321847094798405638
1321850000280850434
1321853182310551555
1321855881437392896
1321856116301680640
1321856114007429123
1321856120412164096
1321856118306623496
1321856122442178561
1321858800731754498
1321861519106256898
1321863383428247555
1321863393859567616
1321863404668203009
1321870054670192643
1321871564317614086
1321871562216247297
1321871568172163075
1321871566263717894
1321874633898033155
1321874639560331272
1321874637706461184
1321874635798028294
1321874643377102848
1321874641514876929
1321877277794250752
1321881944439820288
1321881942422335488
1321881946222399491
1321884644502048775
1321887414193979393
1321890152965414914
1321892916730671104
1321895275955453953
1321897502250065923
1321898734163296258
1321901422770868224
1321901420707274755
1321901424775696387
1321903963889979398
1321905369355046914
1321907513596542976
1321908490005291008
1321910974044135426
1321911468216954885
1321911466342141953
1321911472201650177
1321911470301548544
1321913059670183936
1321915362389217283
1321916731758096386
1321916729858162689
1321916735734374401
1321916733750476806
1321919267101696000
1321919743067004928
1321921335845670912
1321923682088951808
1321925912120754178
1321926556281876480
1321926558190284807
1321927916981231618
1321929986723487745
1321933632810962944
1321934308202917892
1321934842997755908
1321938076789280768
1321938074922790913
1321938078739607558
1321940117267898373
1321941340792496128
1321942653953519617
1321944767383613441
1321946870697103361
1321949336704528384
1321951414973878272
1321951899457884160
1321953391724105730
1321955489933070337
1321958197196918790
1321958199247908865
1321958491632869377
1321960167785828352
1321961495341785088
1321963488361779205
1321964299414347776
1321965282294902785
1321968051923857408
1321970538638659585
1321972018061991940
1321972016195473412
1321973903284146181
1321976131571060738
1321978466414243842
1321980575113191430
1321982883104509953
1321989671807815681
1321990427399081985
1321992949463453697
1321994142004760576
1322006775059677184
1322007022661939206
1322013606511300609
1322017349105557504
1322020391460757504
1322020389468459008
1322020395164291072
1322020393411055616
1322023184275820544
1322025522222825472
1322027273642541056
1322038191214501888
1322047746099105793
1322050227252191232
1322054685273063425
1322056232136560641
1322060454471094272
1322060452629827584
1322060457876824064
1322060456178180097
1322063349484584960
1322063353578164224
1322063351422341121
1322063357717995526
1322063355889258496
1322063359529943040
1322067085799948288
1322068590158295041
1322074111703699458
1322077134152749057
1322080143666515968
1322082057330282498
1322084275106291713
1322087082605555712
1322090868766027777
1322093706619588608
1322097059206471681
1322099952928083969
1322100448631947264
1322103017756385280
1322103019597631489
1322105689536421888
1322105687795732490
1322108203317055488
1322108797272379393
1322108795233984512
1322108799390490624
1322111446042484736
1322114282402754564
1322117669219389441
1322119980905877504
1322121416234467328
1322121683067691008
1322124746755026944
1322125238906347520
1322127659283943424
1322129182332276736
1322129187281473537
1322129184752324608
1322131243669008384
1322132418082623490
1322134224405745667
1322136270118752256
1322138313667563521
1322140132166815744
1322142273832968193
1322142277498789888
1322142275653275651
1322144643665059841
1322146232723099648
1322147873769820160
1322150276598534145
1322150529087217664
1322150529087217664
1322152977520644097
1322153991225155586
1322155343154188288
1322157555565645827
1322157737845940226
1322157735878795265
1322160345931223045
1322160858680668161
1322160856604549124
1322163581257977856
1322165228457594881
1322167161637474304
1322167166771351553
1322167169665388545
1322168743024275457
1322171415295070210
1322173680701624321
1322175674417770498
1322178303046885376
1322181134139219969
1322182815337848832
1322182818030604288
1322185699471331334
1322185895827615744
1322186200883564544
1322187957923647488
1322190835342073856
1322193132633600006
1322195295959158784
1322195555490111488
1322196132102086658
1322196137164623875
1322197863561109504
1322200167181897731
1322200171753709575
1322200174282838016
1322200176493318144
1322202421137952768
1322203936821022720
1322203938804977674
1322205621702197259
1322207442739073025
1322209402254929920
1322209895836393472
1322211409686601729
1322214375789383683
1322216557859106816
1322216559947993088
1322218044169617410
1322220328383320066
1322222447639306245
1322223776541691910
1322223774608084995
1322223778336776194
1322226269350670336
1322228066937176065
1322230763610349574
1322231251177250817
1322231249147174915
1322231254801174530
1322231252997545984
1322233350808080386
1322234099638161410
1322234916839579648
1322234920413106178
1322234918622138368
1322234922283786243
1322237956980121602
1322237954945855488
1322238589124534272
1322240530051440644
1322240602407317504
1322242277218177027
1322242279139119109
1322245407418814464
1322248154767609857
1322248895364276226
1322248893510418432
1322251389796519937
1322253676480782336
1322255952758919168
1322256448672378880
1322259419938332672
1322259625656360973
1322260401585868800
1322260399589330945
1322262985214222337
1322265458922475520
1322267963987251202
1322268214601125888
1322268216446623745
1322270690687488000
1322271746578358277
1322271748847411202
1322274274808389633
1322276709962555398
1322279190113210370
1322281457658875910
1322283801913995264
1322286088514347008
1322288324300673024
1322290262698348545
1322292523734306819
1322294752897806337
1322296590292439048
1322298909847392256
1322298907901284356
1322298911701245953
1322300166515413000
1322302618945937416
1322305341942571009
1322308046362710017
1322310827299528705
1322313567400546310
1322316675895693312
1322316681448968194
1322316679595151360
1322316677804163072
1322318963771146242
1322321231056654339
1322323969123536896
1322327638334197762
1322330384277843971
1322333892800663554
1322336492195368960
1322339247941189632
1322341484146905095
1322344031440064515
1322346535737315328
1322349341189824518
1322351693590335488
1322356238764617730
1322359014294986752
1322363077703192581
1322366570400829441
1322382497280385025
1322385474732888064
1322392557133901824
1322402521814573056
1322422184866914306
1322422186725023746
1322425168770129922
1322428977911386113
1322431520955633664
1322434639307415552
1322437939482284032
1322441194828431360
1322443453607849984
1322447163704725505
1322449885866692608
1322452525518303232
1322453738011938817
1322453741522587648
1322453739807133696
1322456758607138816
1322457004665954304
1322457002912681984
1322457006398164994
1322459477518520321
1322460467428790273
1322463001379786752
1322465778604646402
1322467909667491841
1322467907654328321
1322467915115962368
1322467913337622528
1322467911630467072
1322467918677004288
1322467916906987521
1322470645041631234
1322471386129092608
1322473971892236291
1322476468031705088
1322478219170295808
1322478420056571904
1322481098581049345
1322483574478655489
1322484560664371202
1322486062816677891
1322488892772200448
1322491881297715201
1322494681163419649
1322497531176243202
1322498074510577664
1322499249083453441
1322500815777603584
1322502551552593920
1322505974297600000
1322508204320972802
1322508207877726208
1322508206116098050
1322510456897085442
1322511806208872448
1322514907456294912
1322515486404476929
1322515488363217031
1322518405346451457
1322519022127243272
1322521839806173185
1322521839806173185
1322522847282106368
1322522845327577088
1322525382936059908
1322526873625235456
1322526871381299200
1322528492995620869
1322530295573303296
1322532627144798208
1322533863424446466
1322536342077771776
1322537090702331908
1322537088886153216
1322538599410257920
1322539580361494534
1322540326360354816
1322540483776815105
1322543061101137921
1322545028791750663
1322545368232534018
1322549773161955336
1322552075121774594
1322552277685731329
1322554537245368331
1322555521807884290
1322555523892416512
1322556181710327809
1322558507133132804
1322561737384730626
1322563028165033986
1322567280178462721
1322570194993192961
1322572933752102912
1322573917119225858
1322573918918615041
1322574381336436738
1322577683331620865
1322580402834472960
1322581341733560332
1322581378190422018
1322583870806597632
1322586391591768070
1322591340866260997
1322591339008139266
1322591917205458944
1322593806525620224
1322596369115320321
1322598579010232321
1322600585342951424
1322603744970887169
1322603801208119298
1322603799450714114
1322607387900084226
1322609858856837120
1322612244623069186
1322615668408279042
1322617140403445760
1322617685591674882
1322619665655472131
1322621186807898112
1322621184899469319
1322621190486347783
1322621188598878210
1322624464471937025
1322625032418451456
1322627754010021892
1322628247629271041
1322630662583713799
1322633443897937921
1322635393335021570
1322635395285295105
1322637463148466176
1322639686402269188
1322642166666219522
1322644226232954882
1322647275609403397
1322650473992769537
1322654731815313409
1322657198812635136
1322659214859403264
1322661464855973895
1322663936890732544
1322667689006026752
1322670476393619462
1322673264834056202
1322674214743216128
1322674218077663232
1322678140066504704
1322681676665966592
1322684910969212928
1322694817516761088
1322712286461632512
1322718580488740865
1322722567627616256
1322728181196095488
1322745689437294593
1322747910413537280
1322759448511827970
1322763684834398209
1322769993226952704
1322769991477960704
1322769996775305216
1322769995001192449
1322779153255567364
1322782209523224577
1322792470808305664
1322794703385972738
1322796019453730816
1322797960745390081
1322799457453432832
1322799455482138625
1322799459365982210
1322807014150623239
1322809245360939009
1322811239144316928
1322813002316419072
1322813243551817728
1322813883908804609
1322815801632694273
1322817601404325888
1322819438794706944
1322821958065623041
1322822803540815872
1322822807370215425
1322822805319307264
1322822864685441024
1322824879050313730
1322827379698520066
1322829645142777856
1322829886592045064
1322829888445927434
1322831874159529985
1322832858780700674
1322834215948484608
1322836479765340161
1322839755218952193
1322841402427002886
1322843784900726784
1322844516618035201
1322844518375395328
1322846754929258498
1322847246862458888
1322848549919461378
1322850782186737675
1322853012793155585
1322854076439289858
1322854078620278788
1322856689163448320
1322857419320512512
1322857417546321922
1322860007080288257
1322860988211859458
1322860992204853249
1322860990082461698
1322861191375450114
1322864074414264320
1322864330896015360
1322864332674375680
1322866890017038336
1322866899068375040
1322869409027887109
1322871856077115405
1322874370935660544
1322876476144975882
1322878223647166466
1322880261114265608
1322881778336583680
1322881784015654914
1322881782056996865
1322881780228231171
1322881785794076675
1322884362610814976
1322886509381517312
1322887898300063744
1322889907166203905
1322892544196382727
1322892648508649479
1322895039287218178
1322895594390781958
1322898337364955136
1322899320639729665
1322899324662067201
1322899322707582980
1322901139482910722
1322902762695307267
1322905305072734208
1322906294500601872
1322906292621553666
1322907825786523648
1322907999715827714
1322910222214701056
1322912737232588816
1322915187259826176
1322915931534884864
1322918651490639876
1322918904088416262
1322921375082885120
1322921589516632066
1322923944668733442
1322924985598545921
1322924985598545921
1322926530067124224
1322929029507330054
1322931629476794369
1322934074986668036
1322934850526023681
1322937362100424705
1322940392011141120
1322941409956122624
1322941413659738114
1322941411835203586
1322944756608061442
1322947308179382272
1322947797793034241
1322950774423539713
1322954248687095808
1322954246321524736
1322956213810855936
1322958454861013004
1322961181645053952
1322961185478713344
1322961183603859458
1322965542651731969
1322967514113036290
1322970271368781832
1322972752853274625
1322973972024143872
1322975966105391104
1322977362921857024
1322977364964483073
1322978975803650050
1322980446095974407
1322982954331705344
1322985500488159232
1322987962368446468
1322989444996149251
1322991677880094721
1322992295701106690
1322994349307736072
1322996326020358146
1322998302158278656
1322998658464468993
1322998656631537664
1323000245412909057
1323002216639270912
1323005005620776960
1323007166903713795
1323008875751219202
1323008873956102146
1323011882035388417
1323013901890560009
1323016025655418884
1323018575179845633
1323020702824452101
1323022785615171609
1323024555565293568
1323024600897388547
1323026836360695817
1323027325919895552
1323027693227642883
1323029284026523651
1323031315927752706
1323033792496443406
1323035807058436097
1323037535258497045
1323039734256537600
1323042704155123714
1323045700054241287
1323047805674496000
1323049792524660743
1323052255365521414
1323052260964896768
1323055528461901824
1323055530278031361
1323059793481879563
1323061586794262530
1323066337258864641
1323069188886462470
1323075065248915457
1323079733429653505
1323089243774865408
1323099201950068736
1323102809114423302
1323109858120486912
1323120030339522572
1323126329202663424
1323135953255411712
1323136201923141632
1323145638079549442
1323146515314102274
1323146519059587072
1323146517180534784
1323148728107225091
1323154021067227137
1323156216663756801
1323160218327539717
1323160221930455040
1323160220160430080
1323160225424252928
1323160223687860232
1323161095511617536
1323163054142619648
1323165652518113281
1323166433594007558
1323168603018022918
1323169680283062273
1323172363932979203
1323173128370069504
1323175579588460545
1323176374929117184
1323176376770404353
1323179905992003584
1323182262372995074
1323182260602966016
1323184537736761344
1323185156404989952
1323189215547580416
1323191783719841797
1323194275190968320
1323194273307701248
1323196373592870913
1323197645402345475
1323198713033084931
1323200758360248321
1323202057311080448
1323203950535876611
1323204073051561984
1323204074934775813
1323206154785349633
1323207762084614146
1323209820514750466
1323211060283904000
1323211058530668545
1323211062620102656
1323213246904602625
1323215146102280192
1323217088849285124
1323217339068895232
1323217337072390146
1323219489455022080
1323220234841526275
1323222320853458944
1323222354110128128
1323224917538734080
1323227501301276673
1323229844700876801
1323234149239414790
1323236108122075136
1323238468168855553
1323240718144540680
1323240945148637185
1323241195384963077
1323241901080891392
1323244843599040515
1323247371938050049
1323248270701985793
1323249601483296769
1323250895908462593
1323252785748598784
1323253806348619776
1323253804003954689
1323253808923922432
1323256105414393858
1323256693048958977
1323256804869025793
1323256802704850947
1323256825148547074
1323258434364596224
1323259062998454272
1323260002790985730
1323260321331474432
1323262317925195777
1323262587623137280
1323264505699328001
1323265218860994573
1323265518858608642
1323266864290668546
1323268607548207110
1323270576874598403
1323271897665208321
1323273910893334528
1323275924192845824
1323276587534528512
1323278574460293121
1323279647035961344
1323282021167357952
1323283977231306754
1323286163105468416
1323286291186917376
1323286293741260800
1323288571973931012
1323291144059559938
1323293396526637056
1323293394504998912
1323293392630128641
1323293401203302401
1323293799703932929
1323294001525596160
1323294547217051648
1323298070050693120
1323298070050693120
1323298686621962240
1323300991702343682
1323300989525495810
1323304623910912004
1323304625781514241
1323307095681359877
1323308296321773568
1323308299190755330
1323308894115028997
1323310911097085952
1323313766432493569
1323313812099997706
1323315762946330626
1323315766989643776
1323315765039300616
1323316692999643138
1323319687401398273
1323320216286187521
1323323188273696769
1323323206766333958
1323323210906128386
1323323214232276992
1323323222880931841
1323323228740292615
1323323233442168832
1323323235635703811
1323325715794792448
1323326759169859584
1323329973269254144
1323331954087989249
1323333714944937984
1323333713032323073
1323333718912716800
1323333716920410115
1323336510238793728
1323339604213272576
1323341707199565824
1323343872001372161
1323346025080377345
1323346027101986819
1323348253878984704
1323350495864520710
1323353242630266881
1323355569479143427
1323357476058746880
1323358562761003009
1323358560894541824
1323358564560363524
1323361286139355145
1323361991302369280
1323363816378421249
1323366038436806664
1323366284164243459
1323366286026571776
1323368076524638216
1323369541221511168
1323369705697087489
1323371095051952128
1323373353575550978
1323375086171262977
1323376242708590596
1323377641634803712
1323378874663710722
1323380891016663040
1323382674615132160
1323384648223936513
1323386406568427520
1323386933184286721
1323388441170792451
1323390156490133504
1323391478660505603
1323393581713903616
1323395811334623235
1323395836416532483
1323398330895007750
1323400955761774598
1323403453218127875
1323403455189438465
1323403636509151233
1323406174943850497
1323408649449050113
1323412118696243205
1323412624781004803
1323415148388864001
1323415146392412161
1323415152046329858
1323415150238511104
1323418692726755328
1323418694626742272
1323422174955380737
1323424472750325761
1323428822621081600
1323430852504813569
1323433920428449792
1323438701914038272
1323440280448782337
1323442516230811649
1323445798537961472
1323451870971600897
1323456850969452545
1323460664946544641
1323468030752542720
1323475748179554304
1323477732110573568
1323501480213647360
1323505182009888768
1323508948578816000
1323508946724888576
1323508950369738752
1323509107035459585
1323513243810340865
1323513245777432578
1323515310876610561
1323521666849320961
1323523938715160577
1323525675047944193
1323525673282162688
1323527902034538496
1323530856393310208
1323532891234750465
1323535616139759617
1323535618706726915
1323537377877463042
1323538004624003072
1323538863827144705
1323538862086434818
1323542822637785089
1323542820876156928
1323542826165149697
1323542824390922240
1323542934428549121
1323545063843049472
1323547114278932480
1323549168900689922
1323551254283456512
1323552241169682432
1323552562306555905
1323553161777393665
1323555221973381121
1323556471674720256
1323558300429025281
1323558593053052930
1323558594906902529
1323561275662704640
1323563509704261633
1323564338515496960
1323564342252576768
1323564340449021953
1323565582768365568
1323567426949316609
1323569522306174978
1323569609560059904
1323570755821572096
1323573058603487234
1323573175461072896
1323574567684759552
1323576600240230400
1323579630264176640
1323579880789987328
1323582018396053505
1323584364077322247
1323586261819531265
1323586259944640514
1323586267632803840
1323586265841881088
1323586263954395136
1323588535925035009
1323589362404261891
1323589366036443136
1323589364253904897
1323590882164117504
1323592064446115840
1323594705930756096
1323595021451436034
1323595023288537089
1323595878158999552
1323597747057004546
1323597748868947968
1323599887783628800
1323600441138126848
1323601264022900736
1323603031926231047
1323605163685355520
1323607065869385728
1323608371073814531
1323608374773194753
1323608372973834240
1323610145331552256
1323610889778458627
1323612139949494272
1323612294346133505
1323614293867307008
1323616196323921920
1323617674816069633
1323617672827994117
1323617676699308034
1323619655928471553
1323621531755446272
1323621531755446272
1323621529926721537
1323624732596572160
1323627114000752646
1323629372243431425
1323631660374568960
1323634677463265286
1323634675479465985
1323634679241736194
1323636623616200707
1323638147071311878
1323638145158651909
1323640051234910208
1323641687604924416
1323643173495808002
1323645106994343937
1323647967719542790
1323649265990852610
1323649268004065280
1323650557748326400
1323652532833521667
1323652680057786370
1323652683874635777
1323652681957888000
1323654949901840387
1323655695787565058
1323655697943437313
1323658921488404481
1323660061277884423
1323662288021344270
1323662863161065473
1323662865010745347
1323664473585057792
1323666319053639680
1323667948758880256
1323669586449993729
1323669584176652296
1323669590346469380
1323669588329013250
1323669592196161544
1323671753021861889
1323673251806089218
1323675025258516480
1323676312406351873
1323677600104022019
1323679472600682496
1323685389597659138
1323686976114085888
1323686974260170752
1323686979733725188
1323686977892397057
1323689454180192265
1323691719595085827
1323692818573963264
1323692820495011849
1323695249349369856
1323696433116155906
1323699003624689664
1323701552331264000
1323703359715438593
1323703363805106177
1323703361875693569
1323703365667270658
1323705906991927298
1323708208947568647
1323710596886441985
1323710854462906371
1323711555029082112
1323711552927813637
1323711558829170689
1323711556950069249
1323714840238710790
1323715385829609473
1323716838149160960
1323719589465853959
1323721711259365376
1323723372308561923
1323725657042571264
1323727640981835777
1323729931487109126
1323731056277753863
1323733470410166279
1323733474038239233
1323733472209489922
1323733696105598977
1323735460527677442
1323736432490516483
1323737723493036036
1323739055184584706
1323740110886719489
1323742137083662337
1323744208063209474
1323745962972598274
1323747438621007875
1323749384123752449
1323750126167433216
1323750124267413504
1323750822237360129
1323752370493394945
1323752863164735490
1323753043507220484
1323753571540750336
1323754915706085378
1323756931060797441
1323759403833659396
1323760186159411201
1323762522969772035
1323762843951443969
1323764774002458627
1323766845304918016
1323769197953011713
1323771182081081345
1323771180264947717
1323773168671203329
1323775388988940288
1323779277297471488
1323781493488050182
1323785458690723840
1323785456820113408
1323787518060408833
1323789457515028487
1323790809360142337
1323793452333752320
1323794855911432198
1323801094733078529
1323807875530182656
1323809990516375552
1323815850995044353
1323822212831477760
1323824530146631681
1323834056585416705
1323843429990846465
1323846513706094593
1323851316477779969
1323860145630269440
1323860415818977281
1323863366461476865
1323863639896608768
1323866281213394944
1323868800664641536
1323877985934598146
1323877988014923777
1323880290717257728
1323881530662494208
1323886515672489988
1323889104891875328
1323889103054737409
1323889101171556354
1323889108507365377
1323889106632454146
1323891404515528704
1323892632553181189
1323892634390306822
1323895426072928256
1323896805210361863
1323896803264241664
1323897292487839749
1323899150505775104
1323900137014525952
1323902694462017537
1323905462371319808
1323907001622081537
1323906999705309184
1323907005006909443
1323907003341803522
1323907006806282246
1323909075281891334
1323910589027098626
1323911631416528898
1323913591020466177
1323913818788057089
1323915871530733569
1323915949712592896
1323916317783691266
1323917135735889920
1323918722931871744
1323921136640499718
1323921134816026624
1323921139048075264
1323923366168961026
1323925774798303233
1323927544639475712
1323928680981254145
1323928682700877825
1323930789256564738
1323932371666743296
1323933976881438720
1323935774325329920
1323937072604991489
1323938908908957697
1323941153553743874
1323943697399033857
1323944328658640896
1323946635316088833
1323948505254273028
1323949000937132033
1323950563239907329
1323950560765218819
1323950568453398530
1323950565672525825
1323950570919645184
1323950570919645184
1323950885744115714
1323952879288360960
1323953138299211778
1323954835922800641
1323955812595892226
1323957980962922497
1323958821111451648
1323959220442701824
1323959352697491457
1323959609334337538
1323960332935745538
1323960546799034371
1323962275577929729
1323965721190289408
1323965720779231237
1323967265038077952
1323967474505756673
1323969986000572416
1323971545367252993
1323972932440363008
1323972936064258050
1323972934285799424
1323974995735957505
1323975761661972481
1323977428990103553
1323978296858738689
1323980145066213376
1323981778340687872
1323984594266333185
1323985854155673602
1323985856085057537
1323986032090587136
1323987420019384324
1323988936662913025
1323988934460923904
1323989627326263297
1323991394428588033
1323991827754721280
1323994074236465152
1323995990123290627
1323997176901623809
1323997581349933056
1324000449163395072
1324000447217180675
1324003348513726465
1324003351156170752
1324006461001863168
1324006462897721344
1324008766476529665
1324009264109805568
1324010673899274241
1324013242998542345
1324015540101369857
1324017768040116226
1324018837378007040
1324020962141065216
1324023596876992514
1324024861262532608
1324024859261886465
1324024875254767627
1324026203678924801
1324026369043410945
1324026881889415169
1324028069934518275
1324030474533150722
1324030980911411201
1324030984581513217
1324030982744428546
1324030986401779713
1324032540852760581
1324033415423782912
1324033924943781889
1324034412170891264
1324034580492464135
1324035882563837953
1324036984105553920
1324037442136088577
1324039767911243783
1324041218037149697
1324042618733514759
1324043592541810689
1324044488243736576
1324046738248880131
1324046742447337474
1324046746582949897
1324046744586510337
1324047224867856387
1324048766731767811
1324050276853186565
1324051534942937088
1324051630099255296
1324052677152641025
1324052675131047942
1324054235642777601
1324056155589672961
1324056153710600193
1324056159356157952
1324056157577687040
1324058776153006080
1324060633927733254
1324061653135216642
1324061651247730689
1324061655261683712
1324063748273983492
1324064621360082944
1324065113155031041
1324067683416055808
1324069975880044546
1324071073219043328
1324071207973625857
1324071205633171459
1324071209919746048
1324073680683544579
1324076068794437632
1324076562233307137
1324078420695883777
1324079652051308544
1324079654119100416
1324084021333250050
1324085568981114883
1324085566938456070
1324088125925347336
1324088607402041345
1324090616150720513
1324092303468683265
1324094772257169408
1324094770378166273
1324096837305929735
1324097260418928641
1324097573158871040
1324097588484804609
1324098883383865344
1324100707486703627
1324102626699563009
1324104450504642560
1324106919326474244
1324109668025737216
1324111759033196547
1324113764455776256
1324116041929232387
1324116518846816258
1324118281746325505
1324118385609875458
1324120381624635401
1324122612952375300
1324124092577075203
1324124097115291650
