1331735688363057152
1331736927419162628
1331741158716936192
1331827325751746560
1331828543962177536
1331829228548009985
1331832626068549632
1331833793775345666
1331834897586139137
1331836110637572097
1331836781441015808
1331837318991405056
1331838003753447424
1331840265729007621
1331840577802031105
1331840609208868864
1331841426846593024
1331843880531189760
1331844515142004736
1331845044500918273
1331847417298350081
1331847505835945985
1331848857706180608
1331849398184239104
1331851635467956225
1331851660562485248
1331853853600456705
1331855833513275393
1331857491962056705
1331858361252540416
1331858415258394625
1331860458303873024
1331860475915755520
1331861712396558338
1331863231665680384
1331864644747718656
1331865959238397953
1331866122950471680
1331868039625670657
1331868083825373185
1331868136182833153
1331871316761317376
1331871432297603074
1331873419437223936
1331874656526213120
1331876596039507969
1331877451744555010
1331878850142334981
1331880568334725120
1331881439470772225
1331882456228696065
1331883086666149891
1331886451592732673
1331887316269486081
1331887363598020609
1331888172238823426
1331889144650457088
1331890356896604161
1331890703350304773
1331890988273561600
1331892170828230656
1331893719520391170
1331894259188953094
1331895216299778051
1331895470457712646
1331898272605032449
1331898617758707712
1331899456762077184
1331900541404925953
1331902302869983232
1331903020226007043
1331903923804901376
1331904395693404162
1331904911173414913
1331905503304224769
1331906645547421696
1331906697250680843
1331907716395261954
1331908281779056641
1331908540550832133
1331908808382107649
1331908869681983490
1331908900736610306
1331909105414533121
1331910975478505472
1331911978298855424
1331912051002839044
1331912242024026112
1331913714539393024
1331914159714394112
1331914759126605829
1331915412079075328
1331915707852918785
1331917655666733056
1331919243273760772
1331920072961617925
1331920990419423233
1331921894602248197
1331922029763846147
1331922792472850432
1331923720995303425
1331924687962726402
1331925403154444289
1331925963333099529
1331928357378920448
1331930553810083842
1331932671287685121
1331932741852688384
1331932741852688384
1331933383283400705
1331934477552119810
1331934716325453826
1331935965707898881
1331936131517206528
1331936994134532099
1331938443673411584
1331938897933307904
1331939510905540610
1331940356687065090
1331941060113813514
1331941272244850692
1331942975853694976
1331945046975758343
1331945514405912576
1331945947941761024
1331946576982532097
1331947179292954625
1331948318809796613
1331951675884642310
1331951846232092672
1331952270112665600
1331953637480931330
1331955326028050432
1331957805222420484
1331958664152932353
1331959760447541248
1331960619126427655
1331960871724126208
1331962100680364034
1331963461576830983
1331963814368186370
1331967014794039298
1331967392772190213
1331968841329614854
1331969143889924098
1331969704647401472
1331971593778712577
1331971906082369537
1331973664951197698
1331974003066621954
1331976387897470976
1331980605941276674
1331980951740674051
1331981377827442694
1331984868415299586
1331984891651698688
1331985197823299587
1331986068514746370
1331986624742354956
1331988485490741255
1331988655204933633
1331990395836899329
1331991001485946882
1331992042650656773
1331992421765361664
1331993044325904390
1331993071853170690
1331994431361265665
1331994875542331392
1331995069830848513
1331996381179949058
1331996400909946882
1331997605199572992
1331997895357198336
1331998144108912649
1332001166910164993
1332004135944802308
1332004788947591168
1332005107274289152
1332005802815729666
1332006609632030721
1332006759326683136
1332007194607427591
1332007458869563395
1332008462944002048
1332010309310173192
1332010745542926342
1332014136906100736
1332016152525025283
1332016862557822976
1332016879943159808
1332017241039233027
1332018850150424579
1332020276612243462
1332021125560356865
1332021313133834241
1332021383396814849
1332023630948147200
1332024049703280643
1332024502084120579
1332024818481426432
1332026082145529858
1332026386236760067
1332026667825569798
1332027508842237957
1332027948191412225
1332028989100191747
1332032258459439109
1332033049677205504
1332033613836263429
1332035129901002752
1332036611505328129
1332039475225128969
1332041734482776067
1332043984726843394
1332045641212698632
1332047111681142784
1332048809489293315
1332050750504046592
1332051882353840130
1332052832552439810
1332053606590197760
1332054978794577921
1332055611412975621
1332056991095730176
1332057202631249928
1332059325611827203
1332060930499350529
1332061674539507719
1332062145996066829
1332062578068099096
1332063307201712137
1332063358007324673
1332063369101250568
1332063407885996032
1332065531344670722
1332066061374672896
1332068440757186561
1332068626074116103
1332069614981959680
1332070771846500353
1332071521192472584
1332071793155256322
1332072303744733187
1332072953354313733
1332073626590347264
1332079990293336070
1332080686019260416
1332087787697414144
1332096106151485441
1332101482745901064
1332188196738895872
1332189790394085376
1332191044172210177
1332192115141566465
1332192680378568710
1332197013258199040
1332198469684105217
1332199595343011842
1332200505121132549
1332203869196128257
1332205272702607361
1332205911004352512
1332205996354187265
1332206771570700288
1332208677038804992
1332210270626852864
1332216301704589312
1332217458397208578
1332217869585813508
1332218236365119488
1332218868631293953
1332220472558297088
1332221377290518529
1332224056423305217
1332225381663985666
1332226976527085569
1332227985118736384
1332228493774647296
1332229495949053953
1332232076985298946
1332233490138587137
1332234751961411584
1332234889060634624
1332235604353015809
1332236227051999233
1332236278700666885
1332236957330640896
1332237599214276608
1332238600189120516
1332238601489440768
1332240103104802816
1332240396429225984
1332240856867287040
1332241710273978368
1332242285329870848
1332243091961618433
1332244247232327682
1332244788226256897
1332245381565075457
1332245993463668736
1332246192361771009
1332247232557555713
1332248193959161858
1332248396929912832
1332248547618656259
1332249610719551488
1332251180081221632
1332251180081221632
1332253161692798976
1332253718184685575
1332254083491704832
1332255502982656001
1332257077474062339
1332257722402746368
1332258206253510656
1332259116518150145
1332260657757097986
1332264150265786369
1332264213893554176
1332264266079080449
1332267140204912641
1332267731211661313
1332268427843567616
1332271447952089095
1332273556634394625
1332275369475502082
1332275564510633989
1332276407083393025
1332277172296429574
1332277235869421569
1332277838179921920
1332278932687745024
1332280045897994240
1332280323170832384
1332281217400459264
1332283312728117250
1332285231341178880
1332286799218159617
1332287549042274306
1332289991637164032
1332292839032516609
1332294151342264321
1332294349347037185
1332295194218270723
1332295317346193409
1332297635408060416
1332298123700543496
1332298393599795200
1332299181554364416
1332299307714744320
1332301898653765633
1332302386174582793
1332305938838118400
1332307095224541184
1332307476415459330
1332308476140408834
1332308949828329472
1332310727915352065
1332311485721227264
1332311945123405824
1332312290570407939
1332315316639162369
1332315740939030528
1332317021703446529
1332319555650203650
1332319571265671170
1332319596003667968
1332322467570970624
1332322868361908224
1332322882903478273
1332323651975311361
1332324918000824321
1332328535638282241
1332329053966176264
1332329755782356995
1332330117322903552
1332330512388599809
1332330682127962115
1332331186472030209
1332331756322770945
1332332771428196355
1332334615059599363
1332335178778370058
1332335914392096769
1332336239438163968
1332336278659067907
1332336296019243008
1332336803110674432
1332337550275514368
1332337730685181955
1332339062619955206
1332343845426761728
1332343863651016707
1332344393932673025
1332344571985063941
1332346781636698114
1332348258572791811
1332349832015605762
1332350022701232130
1332350562822737922
1332350716606881792
1332351642549825539
1332351808061251593
1332352615993192448
1332352909204451340
1332354601899741188
1332356177049612292
1332356581930004482
1332358307768639489
1332358495614750720
1332358957587959809
1332360898468597761
1332361145903157251
1332362003227308032
1332363160888762368
1332363316723847176
1332363745847357441
1332364813733773314
1332364926111920128
1332365094907469830
1332366602667515904
1332368019448877056
1332368522849247236
1332369966809702406
1332370957923741703
1332371013640851457
1332371695966035971
1332372460466020353
1332372562249216001
1332373183115169793
1332373526913880067
1332373549948997635
1332373621151449088
1332373727368126471
1332374669664653312
1332375064461930500
1332375341982212098
1332375631808622592
1332375702394515457
1332376103944642566
1332376345683390470
1332376370513645572
1332376827747307521
1332377789933228035
1332378401878007810
1332379303280074758
1332380285615353858
1332380654990991362
1332381110379159557
1332381415636430850
1332382042382888960
1332383667583393793
1332383874740080648
1332384390316511232
1332387400195170304
1332387584874524675
1332388608385445893
1332389169612677120
1332389372121976835
1332389732848984067
1332389754793562114
1332390296441806850
1332391380681973762
1332391700799557633
1332392396110385157
1332392636381073409
1332392993274388485
1332393837872943105
1332394528339275776
1332395301404086273
1332395404835631107
1332395683836473344
1332396423774674944
1332397649497104385
1332398450391068675
1332400292130852867
1332400588601044993
1332401678365175812
1332401691103289344
1332401865175293953
1332401984801017861
1332402350724673542
1332402958059905029
1332404068711616513
1332405016443965443
1332408140642603008
1332408406171414528
1332409185171099651
1332409822260711426
1332410497258418176
1332413122569773056
1332414220747624450
1332414762924322816
1332414946936844290
1332415031150075906
1332416971523108867
1332417661461032960
1332418028651352068
1332419197993881601
1332420630826856453
1332420733671251970
1332421028769898500
1332421289617842182
1332422018898202627
1332422030973693953
1332422715354079233
1332422808232751106
1332422808232751106
1332423309137424386
1332425509158916097
1332426052581404678
1332426724915769350
1332428121639952384
1332428430898565124
1332429341242875917
1332430515627044871
1332431198912704517
1332431335437316097
1332432196943147011
1332432852479320066
1332433583231938564
1332435026722557952
1332435542290681858
1332436223462420482
1332436448860119043
1332437367689506826
1332439651194445824
1332441290781450243
1332441307747414026
1332441320502202373
1332441382766645248
1332442288581177344
1332442304876044288
1332442537072742405
1332443695220711425
1332445048307376130
1332445609647886337
1332446304363024387
1332447643541368832
1332456448387919877
1332463919429017601
1332466904540311554
1332474269981401088
1332562095032954880
1332563443786846208
1332564917984129024
1332565491366436865
1332567958212780032
1332569246451249152
1332570392028983298
1332577872033288194
1332580561270005760
1332581126733524992
1332582119105814528
1332582605653467136
1332585820512022528
1332589601437921281
1332591037215281153
1332593600341938188
1332594702135287808
1332597172555091968
1332597596989304833
1332599829839622146
1332599944784580608
1332600868483387392
1332601934411419648
1332602631160786944
1332603058736533505
1332605103719784448
1332606504835436546
1332608725182451717
1332611269027893250
1332611359993950208
1332612587805085696
1332614219582349314
1332617925627265024
1332620876106391558
1332622076029579264
1332624250243592192
1332624894920683522
1332625761338011649
1332627215188680704
1332628158978396160
1332631787424641025
1332633554514288640
1332634842245201920
1332635224627417090
1332636881281032192
1332642556971266049
1332642895380111361
1332646331526033408
1332649188979564545
1332651061224599559
1332651955068559360
1332652143489265666
1332653241914560512
1332653876911218691
1332655466611138561
1332655480678715393
1332656792338374664
1332657296191721473
1332657769137188867
1332658408533733378
1332661551870906368
1332661704522690562
1332664246786732032
1332666467565834242
1332666928213659652
1332668114081869825
1332668828887691264
1332670579288248323
1332674637990424578
1332678415955144704
1332680714697977861
1332681499397722113
1332684244901105664
1332684613580361728
1332684971727859712
1332685729919619072
1332686322025320448
1332693012674179077
1332696282213838850
1332697776342396928
1332701330176176128
1332703021806088194
1332707607094636544
1332708723060584451
1332711891236499463
1332714501142163456
1332717919848062987
1332720574792085506
1332722954015305729
1332724390694412288
1332725815650512898
1332726893993463810
1332729542469939201
1332732375579713539
1332733298242711560
1332733955561447426
1332733991842156544
1332734849170411520
1332734857009655809
1332735320899674121
1332738238956625922
1332738777471733768
1332739216028147712
1332741741359878145
1332742138518532097
1332744708859326469
1332747717639106561
1332748772670103553
1332752970228883456
1332754707748691971
1332754984375627776
1332757476580745219
1332758771639209985
1332760000301830155
1332760662750208000
1332761420535128066
1332761653843292163
1332764519857336322
1332766243082866690
1332767687521562625
1332768452306743298
1332768955929333763
1332773451933880322
1332774827707559936
1332776275446886401
1332776278492110851
1332776799214981121
1332777757789523976
1332778644876431362
1332779613366480905
1332783251358879750
1332784508794531845
1332785930541953025
1332787160982953986
1332790319448993799
1332791373788024834
1332793718437531650
1332794782100369408
1332797262519541760
1332799675330670593
1332800352828190723
1332803241244061698
1332805024066498560
1332808818292625412
1332809519177592842
1332812923807428618
1332815906129534984
1332818670372970498
1332820203227451393
1332821459723571200
1332824225644769280
1332828054792626177
1332834390943076354
1332843441160589317
1332926300311482368
1332927734570487808
1332928941871554560
1332934258898374657
1332935212288892929
1332937510012547072
1332940442220912640
1332944246488305664
1332945537402810371
1332946193257803776
1332946193257803776
1332946756984778752
1332947175379185664
1332948398169845761
1332951753101291520
1332952874385612802
1332953026097795073
1332953540952780800
1332954165765677059
1332955706564046848
1332957136968704003
1332958265655889920
1332958337760169984
1332958741675831296
1332959072446976002
1332959609754148865
1332959985039331328
1332962821286539265
1332963713394089989
1332965177273282561
1332967616797958144
1332967747593138177
1332968375786504192
1332968438512431104
1332968640359112706
1332969169772556289
1332971878366007296
1332973712530870272
1332973965770432512
1332976204324986880
1332977559101976580
1332978960645431297
1332979275461521409
1332980192151826432
1332980267749953538
1332981314820116481
1332985360406749185
1332987820055662593
1332991658045140993
1332993286940876801
1332995295152640000
1332997084690178048
1332997230182215680
1332999172006490115
1333000285065719808
1333000500598468608
1333000561709494272
1333003352821673986
1333004456041082882
1333006183343517696
1333006289782280192
1333012655083311104
1333017020279951360
1333019751271034884
1333020516911869952
1333021051589156869
1333025655559217152
1333025671610773507
1333027399123013632
1333032827882004480
1333032968240107521
1333037521672998918
1333038117893382144
1333038834657976320
1333041894310486026
1333042539201515520
1333045793008332805
1333048733852962818
1333049407785349122
1333051043945525249
1333051648944590850
1333055125619879936
1333057237116448771
1333059963682426883
1333063356077514760
1333065428797681666
1333069167499599874
1333069644530409473
1333069709022023682
1333071082115444736
1333074606694027266
1333076424941580291
1333077088644034560
1333078298923065344
1333084156734083072
1333084557097177088
1333085480003530753
1333086431854559233
1333086926941937665
1333089219628175363
1333089633639477252
1333091770385707009
1333094645358862339
1333095792530354177
1333096276850827265
1333097475243192327
1333102691833311234
1333104785315291138
1333108537703206914
1333110081249046539
1333111267293278208
1333112436614901762
1333112873049092098
1333113328772767745
1333113596843339776
1333114406423629831
1333120295650078720
1333122108432527362
1333123618658783233
1333123662975803392
1333125849168683009
1333127515997671424
1333131603099480066
1333133290182766594
1333136869014507521
1333138103482150915
1333142898641162245
1333143809874665473
1333144980710432769
1333145061199110144
1333146012878315520
1333146864158445569
1333148348698726402
1333152655598817281
1333153844814110720
1333160896189919232
1333172641168027649
1333174270780968966
1333179300711948291
1333179970181603333
1333185529064660997
1333190983866077185
1333267622134226945
1333273773773119492
1333275237857828867
1333278899686567936
1333280406028873729
1333280602632622080
1333281641415004161
1333282509279391744
1333282851605901312
1333283410798841857
1333284131233542144
1333284179031830528
1333284199567155201
1333285275624218624
1333286333364711426
1333288677498376199
1333290809106575360
1333291062379606016
1333291335294607360
1333295120070873088
1333298742561222657
1333300464868347904
1333300895992471552
1333303465876058112
1333304234700398593
1333304739619082240
1333306081456627712
1333308419147755521
1333310019559956480
1333310243376418816
1333311195693113345
1333311389453193217
1333313394682761216
1333313993449103360
1333314242045497346
1333316060095918082
1333318643346792448
1333319928695418882
1333321209975599104
1333321369971462144
1333321664919171072
1333325243990073344
1333325874729508865
1333326546883530752
1333326565636251649
1333328593519321088
1333329032063176704
1333330442947268610
1333334261466796033
1333335607033139200
1333336499497152514
1333341130570788866
1333341286481408000
1333341784768978945
1333342383925321728
1333343536314527746
1333346295101214721
1333346713445289995
1333348990704889860
1333350121539506177
1333350766736773120
1333354499105284097
1333355006670610434
1333355410892451848
1333356527839744006
1333357706862878722
1333359823790993410
1333362048873484288
1333362048873484288
1333364182918508544
1333370025235902464
1333370246858739726
1333372926062698498
1333372938893058049
1333374245301317634
1333374572037599232
1333377445173530624
1333379518971711489
1333381767584223232
1333382100536463362
1333382131150696448
1333382578146041856
1333383025334345730
1333383360970973187
1333384727663931395
1333387273266753537
1333391020902453248
1333395297498783745
1333398294492483592
1333400533932122113
1333400577947136003
1333400605805703168
1333401745456832513
1333402051167072259
1333402390310031360
1333402565577465863
1333402917525729280
1333403132647370753
1333405696990318598
1333408910175244288
1333410065349554177
1333411383162048515
1333411770980069382
1333413733478043649
1333415196308758530
1333415594457174016
1333415963161726978
1333416041293164546
1333419054917443590
1333419161406541825
1333419181975494656
1333419580056801282
1333421153419980806
1333421339538038784
1333422897138970631
1333423530894045184
1333424290650333189
1333425052826685444
1333425810099884034
1333426403396739072
1333430004433170432
1333430114298769412
1333430158787825665
1333431844100993024
1333432621435596800
1333432926520954880
1333434455848062978
1333436061641547777
1333436300247097350
1333437639639392258
1333440010067058688
1333440119915868163
1333441793589907458
1333442332008525825
1333446024560521219
1333446076741849088
1333447068480835584
1333448634919161856
1333450003042463744
1333450407130128385
1333451333232365570
1333451821147430915
1333453397446582279
1333453613281239047
1333453736446980096
1333454167613054979
1333455449522376704
1333455582410502153
1333456288127340549
1333456904417402882
1333457397411688450
1333457642971394049
1333457664576286721
1333458783713042432
1333460345210482689
1333460782059687936
1333462976154775553
1333463290308145152
1333463343227695104
1333463626460651522
1333465139232854024
1333466463324278790
1333467059376762880
1333468090110238726
1333468885400625152
1333470091728580611
1333470512320827392
1333472090297602050
1333472793955069952
1333473677195825152
1333474616984145924
1333475899191287808
1333476053403262978
1333476915634696195
1333477092797935617
1333479155900485638
1333480027418218500
1333481924065714179
1333482471552393220
1333483119488462848
1333484369881784332
1333485181500600323
1333486558947762178
1333487415894401025
1333487541920673797
1333487712175677442
1333487888022036483
1333488186190917632
1333488832885510147
1333489426157232130
1333490480277901313
1333491765148606466
1333492149862666240
1333492493195874305
1333494354258833411
1333495324367872004
1333496119339458561
1333496888025296897
1333497583919095808
1333498599179767809
1333500952352002056
1333501414077820930
1333501553722810368
1333502056871563264
1333504066941456384
1333504597953044482
1333505046219251714
1333506471217205248
1333507089839210496
1333507668242264071
1333508629924864005
1333508730512691202
1333509502210072578
1333510963748888578
1333511251155152900
1333513181776535552
1333515074682675201
1333516431141560328
1333516997582315521
1333517504409464835
1333518162881548290
1333518819210506246
1333519674877894656
1333521590206803976
1333522189291806723
1333522956182581250
1333524454496985093
1333527141087125505
1333527382179934210
1333528321368477697
1333530352724402176
1333531698462601216
1333532162751139847
1333536873982078985
1333538222207590401
1333540565372313601
1333551171940782092
1333638111683866625
1333639938722639872
1333644920565985280
1333646099492597760
1333650363996643328
1333651604634021888
1333652144365383681
1333653315691884545
1333653914713985024
1333653989968269315
1333654739863678976
1333655974155083779
1333657096966066176
1333660251443359744
1333664957267906562
1333666113566203905
1333666275097268224
1333667671288778754
1333670000121573378
1333671642627796999
1333671745178521601
1333672954979360768
1333673330692513792
1333676412625170435
1333677092962234368
1333678080976687113
1333678279761551360
1333679398025912320
1333681347857162240
1333683305582108675
1333684516179877890
1333684516179877890
1333685358748430337
1333685401731653634
1333689223015227392
1333689394973306880
1333691917054382082
1333692310190743556
1333696874306555906
1333698524702257152
1333698602078650369
1333700170324828161
1333704204469334016
1333704628530196485
1333707301648289792
1333708166362755073
1333708526334697473
1333712499800219648
1333713868468723717
1333716126891716614
1333718131852922880
1333719241619628032
1333720116689833986
1333722005812752386
1333724825907585024
1333724998045982723
1333727487122092033
1333729304140685312
1333731878436818944
1333731998993702912
1333735514210496515
1333736910481711105
1333739449348481025
1333740950372364290
1333741383639855105
1333742150455058433
1333743297895026690
1333743672819585029
1333744490532704257
1333745089982701574
1333745804067168257
1333747000215527425
1333749518018482181
1333750832437882880
1333751454381772801
1333751834222219264
1333752235591938048
1333754638152167428
1333754754057592836
1333754777499480066
1333755258166763521
1333759897545175040
1333759918323732481
1333763896973406208
1333766158252650497
1333766819077890056
1333768670120710144
1333769386126086144
1333770320193449986
1333770419040628737
1333771409454198791
1333773571190124545
1333776889295486976
1333778751549792257
1333781480401633281
1333786683787997187
1333787094494285825
1333787334567809030
1333789859945668608
1333790753642856455
1333791862788800519
1333795497006358529
1333796134234451969
1333798644277919745
1333798662527283201
1333799654383702021
1333802082743140353
1333804537044340739
1333805071994298368
1333806815188959232
1333806953420689408
1333807047322767360
1333807716129771520
1333807821146689537
1333807884010975232
1333808552188796929
1333809650387603457
1333810797332602881
1333810862256254978
1333811391334117377
1333811970919829506
1333812671456694272
1333813106359689216
1333813367614697472
1333813653548789761
1333816149356793861
1333816831874887683
1333818394504802304
1333819680457453569
1333820697689387008
1333821061566238733
1333822323162537985
1333823172609679365
1333829959538925570
1333830532971507714
1333831486546579456
1333837119215767560
1333839493477130244
1333841877548863489
1333843584123105281
1333844578902929416
1333845618981220352
1333848209362448390
1333849773422612483
1333850474760515586
1333851671026393089
1333852922279550976
1333852951052513280
1333853613429559297
1333854517746692101
1333855768794296321
1333856837591064576
1333857997081227266
1333860622145105924
1333861946483945473
1333863761309011970
1333866595731517441
1333870862928400388
1333873113705156613
1333873159011962880
1333873285076029440
1333873544401444864
1333875805823315969
1333875855924277250
1333876004528525317
1333877170951884803
1333877369275375616
1333878996178767877
1333880865844326401
1333884163800305664
1333887466739294216
1333890048836710404
1333890271789068289
1333892031937204234
1333893060703477760
1333893866211192832
1333894167165104129
1333895350957060104
1333899235314511877
1333899873788301314
1333903052777119744
1333904360988962818
1333905566025003015
1333909727928053767
1333997015995469824
1333999736303521795
1334003593565904896
1334008596581978113
1334009193515397123
1334009867061911552
1334011172295675904
1334014772438822913
1334022434421432320
1334022505640628225
1334022761229012995
1334023271159828481
1334023743266549760
1334023875131281413
1334024403525496837
1334025076031840256
1334026330246156289
1334030546775760899
1334031126277582849
1334031236432596994
1334034067747184641
1334035417818161152
1334036373653827584
1334040256631468032
1334040405080420352
1334042834350043136
1334048121169567744
1334048173199912962
1334048282725715968
1334048536384729090
1334048692458942464
1334049003353288705
1334049438201999361
1334049858857164800
1334050500619231232
1334051744771399680
1334059431496183809
1334062095319625728
1334067207018524674
1334068615600103424
1334069782950387712
1334070970177511424
1334074096712376320
1334076329889832962
1334078701919752193
1334079835367464961
1334080478874365955
1334080478874365955
1334081189460709376
1334081770409648136
1334082640056639488
1334082675536236546
1334083784342458368
1334084436640600069
1334085269591629824
1334086329370599424
1334086975121461249
1334087800845725699
1334088677702635523
1334095158154063873
1334096376074997768
1334096974426087424
1334097331915001857
1334097458058702850
1334098912706256900
1334099996581433345
1334100989025120257
1334102882757521409
1334103983082921984
1334104584030199817
1334105392239038467
1334109153300783110
1334112137267048448
1334119103477542914
1334121910154776576
1334124381644185602
1334131025979596800
1334133341721866240
1334134085510443008
1334136153612673026
1334137412138790912
1334138514531872770
1334138599273603077
1334139650840141830
1334139870806220800
1334140987464101888
1334143343878615040
1334143406793166854
1334144258169823233
1334145424538673152
1334147056890503171
1334147303800774656
1334148381208420352
1334151252662476802
1334152090189500416
1334153348262424581
1334154371551072257
1334154566309441536
1334155795487989761
1334156294673068035
1334156846945406978
1334158552655683587
1334158633110630400
1334158740120100865
1334159607061753857
1334160186718760960
1334163162829000705
1334164806857863169
1334165434329825283
1334166375397543937
1334167188501049346
1334167454692610048
1334167874848624642
1334170143853862913
1334170481998655490
1334171260750868482
1334173066969165826
1334173081150033923
1334174013451624449
1334175037784514562
1334175865903648774
1334176170397605898
1334177370979389443
1334179269052915712
1334179559093264384
1334181947619373062
1334182586646745088
1334183197798699008
1334184407469600772
1334186296638644229
1334187028678897666
1334188094334054400
1334188553052573698
1334189425149046786
1334191097220915200
1334192264487329800
1334192722140405764
1334193110193201153
1334193740139950081
1334194189177942016
1334194368471654400
1334194701713412097
1334197617522249728
1334197650288242690
1334199195205574656
1334200654080962560
1334200816417329155
1334201440642994182
1334201978541498373
1334202653979664387
1334203459739013137
1334203790606684163
1334203931543568384
1334206196429905920
1334206314613002241
1334207161262628865
1334208998824947717
1334209662200262657
1334209675768815617
1334209996234649601
1334210474624249857
1334210560678916101
1334211231872380930
1334212322336890880
1334213364822781955
1334213655097991169
1334214853234483204
1334215723615465476
1334215743399989253
1334215896143978496
1334218532679249924
1334219625811374083
1334219785911975938
1334220305028493312
1334222554169548804
1334223812364218370
1334224606488621061
1334224617515442186
1334224943547101184
1334225829719666688
1334227587539886082
1334228845919150088
1334229047770017799
1334232084295143425
1334232936330252290
1334233430746427393
1334234978746593282
1334235339880353800
1334236610708328449
1334236647160836096
1334237916558712834
1334238349419294721
1334238660439445519
1334239278742851586
1334239498725634050
1334240170170851330
1334241680514400256
1334244278994919428
1334245311519354880
1334245654466596873
1334246027801583618
1334247627454603265
1334249229988974592
1334249432800432130
1334250236579966978
1334251444900405258
1334252565320622089
1334258165299490816
1334258404735537159
1334259120539578369
1334259141028753408
1334259178731425798
1334259203532353536
1334259230463963136
1334259267138936834
1334259631980474368
1334260707039309825
1334260816493867011
1334261207721709568
1334264284642217989
1334266207994863618
1334266846103687172
1334267010730106880
1334267541582180352
1334268323211726848
1334269044841717760
1334270049666945024
