1319171630799572994
1319188283008614400
1319188334724501504
1319188555890069509
1319209710596296707
1319209874182578176
1319209946584678407
1319213972030214144
1319214008579350528
1319216676676816896
1319248853909069826
1319248927166767106
1319249013414252544
1319264549292417025
1319277405962268672
1319284541526175746
1319284568684281858
1319292763762876418
1319295425191444481
1319298595875475457
1319302005970620417
1319304233938788355
1319305046736183297
1319308656584818689
1319310699517063168
1319310748103942144
1319310803418423297
1319315020090646529
1319320976681783297
1319321018117259264
1319336374785421312
1319336575277453313
1319336688678731784
1319534022737887233
1319554539851304960
1319556005475266560
1319556363840868354
1319582333041807361
1319583207810076672
1319594446028214273
1319602184091217922
1319615325705543680
1319632861931196418
1319639250514620416
1319647265762516993
1319651038849306627
1319651159896973314
1319656312863686657
1319656357126176768
1319670623275307010
1319670636495753219
1319670653608513536
1319670678644293634
1319670958270128134
1319671325259161600
1319671347606360066
1319671376232534016
1319674595209842688
1319684261402783744
1319694834265968640
1319707661835751432
1319896405402529793
1319934170097909762
1319952252958769153
1319996810220417026
1319996903120142337
1320004932183879681
1320031179039440898
1320032307521163265
1320064183183069192
1320064224261963777
1320064243065028609
1320076529578147841
1320077602976124930
1320273893064671233
1320318939616976896
1320364490685206528
1320406188383666178
1320409789218705408
1320419130147774464
1320455091338366976
1320457660089720833
1320633514992242689
1320652409857859584
1320652459694608384
1320653956482240512
1320681327553875968
1320681669419040770
1320681719352221699
1320681901221437440
1320681951062360064
1320687962900832256
1320717374283259904
1320717458878222337
1320746817538150400
1320753477866369024
1320753615296991232
1320763326775894017
1320788935572922374
1320788985757782016
1320789197993758723
1320802381613981697
1320810529120800768
1320981327513063424
1320981409893371904
1321006194807447553
1321007669709316096
1321016254413590534
1321043715486408705
1321079085532094466
1321079124983775232
1321079136144773121
1321079190570020867
1321079235977633792
1321079258312298502
1321079812023267334
1321096189270495232
1321105312221462529
1321105372044763138
1321105392362004483
1321132738246774785
1321139406108041216
1321139432741871620
1321144266719186948
1321144661579354119
1321162187256332290
1321329379973173248
1321329441419759616
1321380344340324352
1321380736998481922
1321393989086547968
1321394371389018113
1321394425667399680
1321394458047451136
1321394510702796800
1321406116497162241
1321406144078819331
1321427146083127298
1321427212185313281
1321427264207204358
1321442354935582721
1321449451475619841
1321456929902940160
1321489404897030145
1321527306645577729
1321532116845420545
1321532178560389120
1321534220121112583
1321536918727872512
1321539120506830849
1321540714384285702
1321540842599927808
1321544315768840192
1321546396860882946
1321548928525963265
1321551151486164997
1321551181961986048
1321552980584386560
1321554857636044800
1321555957290323968
1321560491433578496
1321560527345242113
1321563667901632518
1321571226054238210
