1296346730619899904
1296361608621457408
1296368585640640512
1296369176450342912
1296386713884012545
1296403919812407298
1296403960471924737
1296413267699609601
1296454687714050050
1296486850283143169
1296486867496468485
1296486888363220992
1296486906587381761
1296488111392927762
1296488198999281664
1296492358381572096
1296521347468865537
1296521885090447360
1296523782056706048
1296704365496016896
1296704379370852352
1296704417459298304
1296797693830987778
1296815928307593217
1296815969801838592
1296926912359600131
1297097608343814144
1297809780380180482
1297819539598708736
1297865951426367489
1297890992910204928
1297913239347646472
1297913237934149632
1297913236826853376
1297913242870833152
1297913241742594049
1297913240605908995
1298015962797674503
1298171453163044864
1298177712801173504
1298210804303626241
1298214004972826624
1298231852289986567
1298244479934181380
1298280184739778561
1298287572851056643
1298339378461319168
1298339459587616768
1298524106153963520
1298663470829903873
1298697464615251968
