1296316246988816384
1296337153488756737
1296341445985677314
1296357773173809157
1296386744661626880
1296398414893244417
1296398496250068992
1296398570560671745
1296398634095980545
1296398667277053957
1296398690509361153
1296410370500853760
1296433050243407872
1296454004101316617
1296454025014136835
1296468385694441472
1296468405940359169
1296478096670040064
1296490584270614528
1296490671935807489
1296517564194066438
1296517590374854663
1296525839874560000
1296527869246668802
1296550151029489664
1296550160324014087
1296684472360939521
1296684490660753408
1296684503281303553
1296684517722329090
1296684528866660352
1296684551935270914
1296697816404852736
1296709594962694144
1296750796621713408
1296782107558187008
1296794934444425216
1296845825910415361
1296849483406467075
1296849535910711296
1296868766991736833
1296868838093606912
1296868856489824260
1296868868342906883
1296869151995318282
1296870385296773121
1296892015062519808
1296892031567093766
1296905122790998016
1297068628781735936
1297069006365614080
1297071978789175299
1297072005515284480
1297078752602664961
1297085178486165505
1297085950028214272
1297103128328843269
1297103757944266752
1297112023864549377
1297117702465650688
1297117731372912640
1297124665341685761
1297140036153081856
1297155492066844672
1297155843964702720
1297155927561445377
1297166231393521669
1297166250951548936
1297166289362976768
1297181610631139330
1297181644277850113
1297186509884448768
1297202140495192065
1297217069780475904
1297236790512963585
1297417003213430786
1297465847133462529
1297465975655272449
1297474756166463490
1297480562094084096
1297506825181573121
1297506849177194501
1297512631562047488
1297519710062272513
1297524234210750464
1297549837060145163
1297549853556445188
1297558220299472896
1297565547006251010
1297584086815571968
1297590596740296712
1297592256946470919
1297607664659238914
1297638272806670337
1297647596832514051
1297651146170011649
1297806878047600640
1297810100225179649
1297839044722860032
1297839084690341891
1297877773122502656
1297877837106548740
1297882526065844225
1297887556948959234
1297930287809269765
1297934477105278977
1297934496373907456
1297934509300690948
1297934522047242240
1297934533615063040
1297934598974963713
1297934623343861762
1297934749617528833
1297944006664564736
1297944233819754498
1297946872020000769
1297968445812858881
1297968551391789056
1297968599483768832
1297968640336244737
1297992789217640460
1298150049277501440
1298162818051641344
1298214459329122306
1298226576237170693
1298226697444175872
1298226757087174659
1298226822937808896
1298236500598038534
1298238449795895301
1298247870340947978
1298250644470378498
1298266909444411393
1298267003162001411
1298279035852783619
1298282307393073152
1298282503208345600
1298292925156208642
1298296578793451522
1298329908549230593
1298330171867566080
1298330188539998209
1298330212153860098
1298330488428539904
1298364351456448512
1298501276024614912
1298512610988634112
1298517790740172802
1298530624035336192
1298533503483760646
1298533517136146433
1298534927835762689
1298535021029076992
1298535054889701376
1298537556850728966
1298544348993396737
1298544696264986624
1298548410891608064
1298548447373660167
1298557033470459905
1298567195463749632
1298567863872233472
1298568016062545922
1298577178188079104
1298592830215147525
1298592882660712449
1298600956100136960
1298614270725369862
1298614333979623424
1298614393106767877
1298614530579234817
1298618639076204544
1298623685251805188
1298642111357739008
1298642214248210433
1298642290102149120
1298642608722448384
1298642625977884673
1298642654712954881
1298644580670279686
1298645830929457161
1298655773703188481
1298655874391724032
1298656383458594816
1298656757477146631
1298658966679953408
1298683512938205184
1298700847514255364
1298700859342311426
1298718824154296324
1298719495872159748
1298719512158588931
