1275921438642442240
1275923696885137409
1275923701620518914
1275924898746175495
1275926075554566144
1276012040524648448
1276020703834365952
1276025624994480129
1276030332240879616
1276030337164947456
1276031738020597760
1276032954872074241
1276035734571540480
1276046065138118660
1276046069508472832
1276047066922450944
1276047474822647809
1276047482053672962
1276048879520284673
1276050493689733120
1276052617429504001
1276057655736401925
1276057660211761152
1276058905337122823
1276058913486573568
1276058910907150336
1276060305047654400
1276062562631790592
1276066048249298946
1276066053223854081
1276067167218413572
1276068374372593664
1276069476220444672
1276069480389632000
1276070878812479488
1276070884101500928
1276072084955938820
1276073489301213184
1276073493608701954
1276074769226575874
1276075977471336450
1276075982085120000
1276077215281807361
1276077220377907202
1276077347595268100
1276079948114071555
1276079952761434112
1276079956855001090
1276082151365259266
1276083558994587649
1276084767516131329
1276085849449549827
1276085853631250444
1276087228729606145
1276087231669841920
1276088491064033280
1276089835246292992
1276092294253379585
1276092320149123074
1276095936641540097
1276097361874423815
1276097367306129409
1276100064318980097
1276101301412249600
1276102538060800000
1276102542372614144
1276105264845008902
1276105269827731456
1276106469767892993
1276108984345399296
1276110239289479168
1276111618661855234
1276111622948425728
1276113982928150529
1276115133434118145
1276116353280364544
1276117512665673728
1276117509452808192
1276118943023988741
1276121572521193472
1276122747102531584
1276124052868997121
1276125388041846784
1276126798250676225
1276127989588209665
1276130429725220869
1276130433529413632
1276132761359785984
1276132766384640000
1276136523759521796
1276137914351726593
1276141589933457408
1276144268223172617
1276145504951435266
1276147907536838657
1276153879831461896
1276157680877555718
1276161421655629830
1276165022708838404
1276166141048770564
1276166157452615684
1276167556118831105
1276167560468344834
1276168145624014856
1276172634011717632
1276173815463247872
1276175149289689092
1276175153764995072
1276177459394883584
1276179933975494660
1276181355899035650
1276181360777011200
1276182540341129216
1276182546242510849
1276183585934979074
1276183642562322438
1276184852824494082
1276184856909807621
1276187200884035585
1276188419710992384
1276188424052133888
1276189356252893184
1276189597387628545
1276192171255881728
1276192176100249602
1276192180617580544
1276195446948585474
1276199310452051968
1276199314944073729
1276205398073229312
1276207964165201920
1276210519989465088
1276212856644567048
1276214276672421893
1276214295546810373
1276215604475760642
1276215608976175104
1276221774640943109
1276228080516857860
1276231518646566914
1276231625366519808
1276235215099375616
1276236599525806080
1276236602700947458
1276236606903595011
1276239052241547272
1276240409056903169
1276247896166465536
1276249025629601795
1276252907734798336
1276256616069976065
1276257889141829633
1276259246003363841
1276259254584958978
1276260672536555523
1276260676948852742
1276261870782099458
1276261875936825345
1276261880160489473
1276261884153520128
1276261884153520128
1276266991561703424
1276266996204781569
1276268063948767233
1276270461018681346
1276274020149755905
1276292628540203008
1276326060901257222
1276336142279983106
1276360968365387777
1276386064094167040
1276386069185998848
1276387341100335104
1276387346225733632
1276388694346412032
1276388699077578753
1276396102783303680
1276396105991888896
1276400023660630016
1276401272749527041
1276406279532154881
1276407616210640896
1276409052998905856
1276409057809764353
1276409514363936773
1276413133133877251
1276415067655942144
1276417475194826752
1276418878579580930
1276420018738208768
1276420022542512128
1276422573627256832
1276427407172481025
1276431272546578433
1276432558688022530
1276432563008155648
1276433783642886145
1276437936117030917
1276439629009387521
1276440469522780160
1276440473603911682
1276441806511771648
1276443052844990469
1276444366505160704
1276444371127283712
1276450368835194880
1276450373188935680
1276453972820271107
1276453976884600832
1276456497539670016
1276456501775925248
1276457703163002880
1276460028052926465
1276461116336467970
1276461119821889543
1276462400456159232
1276463728280637441
1276466193197600769
1276470394153730051
1276470400340328450
1276471358482939905
1276471763019366403
1276473176441212932
1276476695676059659
1276476701023895552
1276479356475498497
1276483312211709954
1276483316858970112
1276484534595444747
1276485323493646337
1276486989026648067
1276488293832687617
1276489681413251074
1276489687264366592
1276490963876184064
1276493379136872451
1276493383305961477
1276493387433213953
1276494554804387840
1276495788101820417
1276495792161816576
1276495796557488129
1276497196997894144
1276498437626716161
1276499821663313920
1276499825987551240
1276502298311753729
1276503387790548992
1276504679673925632
1276504687303430144
1276508343541141504
1276510828162887680
1276512199452876801
1276513511678652417
1276521423364853760
1276521427366182912
1276522683417735171
1276523929964892160
1276525333697777665
1276528053762560001
1276530622291419142
1276531959590772736
1276531982575550464
1276534126284279808
1276536629218476033
1276538061384491008
1276539241493913601
1276540675765518339
1276540679783682048
1276542089568890883
1276542094279139329
1276543228305686528
1276544408389894145
1276544412412260358
1276545693910536195
1276545941076611077
1276548212908752896
1276549470365405185
1276549475755085829
1276550602907103233
1276551803082027013
1276551812003311618
1276551816424181761
1276552940115890177
1276553038078107648
1276554128534261762
1276555480278749185
1276556860066316291
1276559346739150848
1276560601729376259
1276560606129262595
1276560610357063680
1276562800677212167
1276562804955381760
1276562809732632576
1276564173372239873
1276566957370880000
1276569465594019844
1276570685230497794
1276573202400055302
1276576923410366464
1276581904519659526
1276584650702454789
1276587152726425601
1276593279719571463
1276593284572381186
1276593288318005250
1276595789662388234
1276597197195395076
1276597202379571212
1276599907793633281
1276604861916774400
1276604864936763394
1276606252311863296
1276609878077865984
1276609883446657025
1276623518290063361
1276623522245328898
1276623531099504641
1276623527500750848
1276623535415463936
1276624783652917249
1276627248267788289
1276627251518464000
1276627257218535425
1276627260859125760
1276627264780861440
1276627268723511299
1276627277414043654
1276627285534261248
1276627290244472838
1276628467472367617
1276633403627012096
1276636049809252358
1276690378133995530
1276758084749332480
1276771155341389825
1276772461682532352
1276775060578152448
1276775772716400640
1276777669116530689
1276781224003059712
1276782412542992385
1276787433535868928
1276790974501605377
1276790978645577728
1276794925175242752
1276801238579830786
1276802392063913986
1276802394848813056
1276802399282184193
1276805042276835328
1276805048333369347
1276805052770873344
1276806300634984448
1276806305630617601
1276806310563020801
1276807549472423936
1276810087714168832
1276815180941459456
1276815180941459456
1276817741866045440
1276819113768345605
1276821500893581314
1276824022274244609
1276824027177377792
1276825243043205120
1276825247866589184
1276827776251842561
1276827780949344261
1276830373041897474
1276833275571580928
1276833926225559552
1276836687570755601
1276840542681391104
1276840547555119107
1276841867469033474
1276844302610698240
1276849163129499651
1276849166342373377
1276850318618374144
1276850323110404103
1276854134533246979
1276855300390256642
1276855305230528513
1276856579032317953
1276856583956451328
1276861582673424384
1276861587618496513
1276861593540796416
1276867044319940610
1276868321032445961
1276869440706134023
1276869445215047682
1276875925142089729
1276877206459998212
1276879533963120640
1276879538316881920
1276883483017850880
1276886067011112961
1276889683260301313
1276892134029885442
1276894591116095492
1276894595364814850
1276896943646654466
1276896942379991040
1276900445622059011
1276900747205136384
1276900752603197440
1276904809682153472
1276906200005840896
1276907495747969024
1276911265613520897
1276912331289657346
1276919799566737408
1276926144529514496
1276928552919871488
1276932529384239104
1276933724140122113
1276938655723069440
1276940922341728256
1276943438949371907
1276953235702587393
1276953241205571584
1276958298747658245
1276959627796779008
1276959632645394433
1276976478404718592
1276976483634987009
1276977698628403200
1276977702935973890
1276977707562262532
1276981425456254976
1276981430707519489
1276982834482294785
1276984219709906949
1276984227964301313
1276984224675958786
1276985475224473601
1276985480152784896
1276985484779098118
1276985487694139393
1276985491905183744
1276985497135570946
1276985500927221760
1276985504697901058
1276985509118607360
1276985513782763521
1276985516999806977
1276985521785405447
1276985526155870208
1276985529658195974
1276987931648032769
1277001091352322049
1277017146879606788
1277017150167879680
1277062150238978049
1277078148589531143
1277113507683729408
1277123601708331009
1277124953503141890
1277128991233671168
1277130387647389697
1277138412227530754
1277140389556899842
1277141825766244354
1277143000347525121
1277144264678481922
1277144269577433088
1277146636339339265
1277146632207962112
1277146640563023872
1277149442181861376
1277149446711791616
1277149450759221249
1277150858040442882
1277154545966211072
1277155861442560000
1277160597159915520
1277162913074200582
1277162917637632000
1277164132836524034
1277165337432252421
1277167928950079488
1277169320271982592
1277170517208977408
1277170520681840640
1277173039415857155
1277173044348403712
1277174382536908801
1277174386919866368
1277177208172351488
1277178573091110912
1277180993401524225
1277180997638008832
1277183738372210688
1277184822616653824
1277185997655232514
1277187427669626883
1277188555396218885
1277189775380922374
1277192408397160448
1277196367354609665
1277199176791703555
1277201645466681345
1277201649820409856
1277201654329364481
1277203063179182081
1277203067985899520
1277203071781781504
1277204172199378944
1277204177664516096
1277205621440417792
1277206767542378496
1277207975740964865
1277207981948645377
1277209147969286145
1277211774471766016
1277213141185814529
1277213145757552640
1277214440585388032
1277214444490240000
1277219394662412289
1277219398944776194
1277220850660454400
1277221924771377152
1277223319050358784
1277224601672613888
1277224606244487170
1277225838942072832
1277227058012327936
1277227063712395265
1277228346405982208
1277229477567881216
1277229482768830468
1277230903555735553
1277232090795343874
1277232095623106561
1277237232131284993
1277238378396778497
1277240978332684288
1277240982766043136
1277242387128102918
1277243476489445376
1277244811070844928
1277247155011551234
1277248442100862982
1277250695868153856
1277254441012510721
1277254445403967489
1277254450286137344
1277256869057363968
1277259468003315712
1277259471933386752
1277260814693683205
1277262101275455488
1277262105113067522
1277264403096915968
1277264406498480130
1277267027393220616
1277267027393220616
1277268118054854656
1277269414325432320
1277269418523885569
1277270636579246081
1277270736969830404
1277270742137294851
1277273018830516224
1277274276396240896
1277274280980512768
1277275550743179266
1277276788318703616
1277278022886928390
1277282655990689794
1277282668707745792
1277283777585262595
1277285185327902721
1277285190054928384
1277286551790260226
1277286554516545536
1277287814175043585
1277290271911395330
1277293019432181761
1277294262238019584
1277294266281267201
1277295453952978946
1277296714559426561
1277296718489489409
1277296990230056960
1277306088925401088
1277308810588303367
1277308819203330049
1277310107697778691
1277310111942430721
1277311409647489031
1277312784846512132
1277314222507069445
1277314227204755457
1277315594094809088
1277315599052480513
1277316666318295040
1277323126150516742
1277324554461941760
1277325802410061824
1277327235435896832
1277330946866511877
1277334571764322313
1277335244652326914
1277336264367386624
1277338203985494018
1277338208804769792
1277339361521082376
1277340587520393216
1277343120590602241
1277344527288881152
1277344530904363008
1277344535727804424
1277345844963016705
1277347109688291339
1277347112557187081
1277347117456150529
1277349668419260416
1277351919774818311
1277354579471056907
1277355973531877376
1277355978229460994
1277355982318899203
1277355988866252800
1277358346606125056
1277358351425339393
1277358356517335040
1277358363895050243
1277381646870810625
1277468456623976453
1277468460591833088
1277468465234948096
1277476219622211584
1277478466686980096
1277483484148310019
1277488221195251712
1277489590421590017
1277489594783727616
1277490670509359107
1277490675408404480
1277495618680864773
1277496916570406912
1277499262142763009
1277501303376183297
1277505150316404738
1277505154930151425
1277506439263727616
1277506443701293057
1277507841226616832
1277507846482116608
1277509042387156993
1277511355776544769
1277511360801374209
1277512717738401792
1277512723237126144
1277512732816834562
1277512737036406785
1277516186176180224
1277517414524207104
1277524745471299584
1277525885738979328
1277525890080165888
1277526838030598144
1277527035884326914
1277527040925851649
1277528277440176129
1277529585274564609
1277529590559318016
1277534656850735104
1277534661842022401
1277536030170796033
1277537276550053890
1277539601431826432
1277540707914448898
1277541824320671744
1277541913277665281
1277542937644204033
1277544199919935488
1277546663490527232
1277547752201900032
1277547755808972800
1277552856963395584
1277554283186176000
1277556726909329408
1277558128473714695
1277559509301571587
1277562094146256897
1277562098948755457
1277566036976508933
1277567193249652737
1277567198756777984
1277572426063327233
1277572462172045317
1277577341833809920
1277581154116341760
1277582359265783808
1277582363686588416
1277582367734071297
1277585080714768384
1277585084963606528
1277586293246038023
1277586297792667648
1277587554477445120
1277587559376474112
1277588969908207616
1277588973750235139
1277590252782342146
1277591509014118402
1277591505427931137
1277594326474936320
1277594329519919105
1277596997206278144
1277599691484561408
1277601106177282050
1277602187938537472
1277603268563173376
1277604519971557376
1277605721174147073
1277611919554359300
1277611923773755392
1277615652346486784
1277619234504400896
1277621722615873536
1277621727325978627
1277621732929568768
1277622927278723080
1277622940302000128
1277624233204617226
1277625360037920768
1277627967947055105
1277627972317597696
1277631681453834240
1277632783683379200
1277635245278363650
1277635253679652865
1277636600789446659
1277637875576778752
1277639159801315328
1277640441714946049
1277640447335133184
1277641822727286785
1277644300847919112
1277644306283737088
1277645477262090242
1277650315190337540
1277650379841376257
1277653104863981571
1277656887153037312
1277659439865237506
1277659445800120320
1277660728401498113
1277660733568933890
1277662099007770624
1277662103734796288
1277663235580231680
1277663239933960193
1277663239933960193
1277664490604068864
1277664495154929665
1277667269896798209
1277668474198818823
1277674659153051649
1277676005491081216
1277680906447261697
1277680910964572160
1277682094349656064
1277684592401580035
1277685850340556804
1277695085640024070
1277695089716924416
1277697614818029570
1277697619649875969
1277697627698737152
1277697631851106304
1277703001835175937
1277706635553771520
1277708022501060610
1277708027324497923
1277710448427761664
1277710452424937472
1277710456162078721
1277710460456968194
1277710464127062018
1277710477389332481
1277710482082861058
1277711854895271938
1277713072908652544
1277714305346162689
1277716761358618624
1277718070799319048
1277720645858742272
1277734167653072896
1277808951334260738
1277815409903886336
1277829656218124289
1277829663134494720
1277830776084627456
1277834802910113793
1277840859522834433
1277844501168640001
1277847115255988224
1277847119710359554
1277849577392091137
1277859001523412994
1277859891802181632
1277864194575085574
1277865572785627136
1277868238601420800
1277870751413153793
1277874528723615744
1277874533245030400
1277876900543827968
1277879544226201602
1277882998118060033
1277883002522087424
1277884123118477312
1277885251868639233
1277886622575603713
1277886627847823364
1277888068083728384
1277889271337308160
1277890813821935616
1277893442505490432
1277894798997958656
1277894802315587584
1277902507423993857
1277903667241406465
1277904306985992192
1277904988786827267
1277907633215811584
1277907637896728579
1277907642355236864
1277909013372579840
1277910330996412416
1277910339431075840
1277912730473771009
1277912736983388163
1277914937206046725
1277914942528774147
1277917414337007616
1277918808368451585
1277919989027266560
1277922387632275465
1277925066345533444
1277931269914009601
1277932516943503360
1277932526103904262
1277934816269393920
1277937192791355393
1277938502764826624
1277939824142450689
1277939827992920064
1277944764504125443
1277944769315049472
1277947418068344833
1277952224879153152
1277953654042042369
1277953659532435456
1277954994579406850
1277954999285420033
1277955003517411328
1277957462474264576
1277958895558942720
1277958904916455424
1277958902219526144
1277960012321652736
1277961366545014784
1277961372001689603
1277963873815941121
1277963878127697925
1277967842839638018
1277967847742820364
1277967858459279363
1277971950317350912
1277971955073708035
1277973088102043651
1277973092690624512
1277977094043996169
1277978175956385796
1277978181216034819
1277978184781193224
1277980651556343808
1277980655679188992
1277983004913217539
1277983008738422786
1277983013264134144
1277983016938344448
1277984172129296384
1277984178110332928
1277986686753017861
1277989407954518016
1277992049455902722
1277992054589546501
1277993149630238721
1277994268888457216
1277995277430018049
1277996989410693121
1277996997472124929
1277996996612296704
1277996994213089280
1277999336337674242
1277999340838060032
1278000575406317569
1278003719242735619
1278004098856607749
1278007910702948353
1278007919838183426
1278007919901061120
1278009198148833282
1278010298146971649
1278013119701430272
1278013124248064000
1278013128178118658
1278014533228007431
1278015609855520776
1278015613395492864
1278016999399084033
1278018241374359554
1278018245233184768
1278020793025339392
1278024681048735747
1278027987045306381
1278029344980586497
1278031790838595585
1278035542983282688
1278041446034157568
1278043968580866054
1278050633791258624
1278052047842095110
1278053255973658624
1278054458065334274
1278059227244908544
1278059232110284800
1278059235922804743
1278060597289136130
1278060601475022851
1278060605887451143
1278060609951719424
1278061788018466817
1278063167579590657
1278063171908009987
1278063175989108737
1278065543166164992
1278066816393400321
1278072019536556034
1278072025135943680
1278072028751249408
1278072037282582534
1278072039916687362
1278072043704066056
1278086050230013954
1278087413697581058
1278093812376764421
1278093816512249856
1278144067940073474
1278147732683853824
1278147732683853824
1278147736618119169
1278147742699831296
1278178359386800130
1278185967229247488
1278195816101031936
1278198267499753473
1278200454195949568
1278209237714427908
1278213083769470976
1278213092929830912
1278220782569742336
1278221421869760512
1278221859339874309
1278224203397947393
1278227085794988032
1278228177744211968
1278230442219646977
1278231637852147712
1278233071335231488
1278236786247053312
1278237896361861120
1278237899746615296
1278239082276143105
1278240284212633601
1278245679975092229
1278245684576169985
1278246918183948289
1278248004881915904
1278250575361126400
1278250580549472256
1278251870407004160
1278251874924269568
1278254221649985537
1278255488174641153
1278258042753212416
1278258047283081220
1278260205348937728
1278261447483691008
1278262550631768064
1278263858436677637
1278265040886521856
1278266257247219712
1278266749201395712
1278268831358738434
1278268840762396672
1278271410956390400
1278272519649333250
1278273960401084417
1278277692576718850
1278278930701651968
1278278934958923776
1278280040854192132
1278282511278395392
1278285171469533190
1278286571289088006
1278287998820515840
1278289229974560771
1278290485422014464
1278290489737908229
1278291747186135045
1278293086506975237
1278294418274029568
1278298277755211777
1278300920753852417
1278302284410171394
1278303603086618624
1278304855375962112
1278307003337773056
1278307262218584064
1278308643063111681
1278308647752384512
1278308653616050176
1278311129689788417
1278311138363670528
1278311135222075395
1278312561025392640
1278312565366566912
1278312570676486145
1278313790161989633
1278315128908386304
1278319737387323393
1278320296131510278
1278320301126885376
1278322558597836801
1278328873126633472
1278335414353494017
1278335418535235589
1278335423333445632
1278336725685800960
1278337917119795200
1278337922048184328
1278337926825480193
1278339147988688896
1278340362315223040
1278340367306219521
1278342937735299072
1278344321461358592
1278344326985195523
1278345589432954881
1278346682154078208
1278349137507991553
1278350282477449216
1278350286847979526
1278355407006765057
1278355411293409281
1278357583057821696
1278357654579052550
1278359889593667584
1278360965172658183
1278360969320816641
1278363424448286720
1278370616933040128
1278370621769101321
1278378735696318470
1278379974765039624
1278379979013849088
1278381344524025865
1278382412058288130
1278382416533602304
1278386347229806592
1278393496307732480
1278395957328166917
1278397087328108544
1278398496580816897
1278398505455964160
1278404048790659074
1278404069837754368
1278404089823596545
1278406207221444610
1278410072163581954
1278412786129866754
1278413927098048512
1278413931330011137
1278416613197348871
1278417995073835008
1278419114248278027
1278420403732561922
1278424409242558466
1278426794383880197
1278426799417044996
1278428133243400198
1278428138347921420
1278428142001160193
1278429228002918400
1278429232604078080
1278431778261385222
1278431781323186177
1278436463764557824
1278438894543998978
1278438899149307905
1278438904258052097
1278438907605069826
1278438912030113792
1278438915876302853
1278438920339034113
1278440040360804357
