1276024829263654912
1276032408358395904
1276032469670780928
1276037320865730561
1276039778237022209
1276048742026805248
1276052514916401152
1276057542301491200
1276062757633372160
1276067608857624576
1276072645071683589
1276077724449341441
1276080955825020934
1276081462945742849
1276083968534855680
1276085246006616065
1276088998813990912
1276097806713982977
1276102840914771969
1276102908564692994
1276107950864715776
1276112918313152512
1276117947602415620
1276123047993409536
1276128005887229952
1276133039786074112
1276143112130355203
1276148144603123715
1276153350317379584
1276158232197763076
1276161980978606083
1276163053269237767
1276163566647808005
1276169542973227012
1276174316657401857
1276175874551885827
1276176766739058690
1276178341113090048
1276184656338137098
1276188404217249794
1276192180521107456
1276195971521806339
1276199770848182273
1276203507792609282
1276207287242231809
1276211055669268487
1276214837903855618
1276218619215650816
1276221118089539584
1276224894766919681
1276229945606406144
1276379678002085888
1276387227233288197
1276390506084302848
1276411182044319745
1276416156920881152
1276421193701240833
1276426224668233729
1276428107822649344
1276431256830476288
1276436297750642688
1276438802437996545
1276441332920262658
1276446352097107970
1276447649076559877
1276456482037358592
1276460199134367749
1276475296263307270
1276491402764070912
1276495425470631937
1276505515720413185
1276510528039510016
1276515690275573761
1276520611989409798
1276524383943753729
1276527937811091459
1276531993765969923
1276534702938218496
1276535693590892544
1276539473208266753
1276545056598622212
1276547076923555846
1276548273646350338
1276550791285936129
1276552551874228226
1276554568298631168
1276555823527985152
1276557092565004291
1276558349950205954
1276562118716899328
1276563373577179139
1276565905263284225
1276569672276561920
1276573440275877891
1276577225354153986
1276580994292875266
1276587281567174662
1276592318678814721
1276597351596077061
1276602386694516742
1276749617665839106
1276757160651886599
1276788650437742592
1276797134285623296
1276797324379828224
1276797700629880833
1276797903420354561
1276803787663962115
1276810091665207296
1276812525598912512
1276818870318309376
1276822591228035079
1276837685429243907
1276842717939720193
1276847868582809600
1276852782025277442
1276857820605042689
1276863004408242182
1276869142935724032
1276879247492218882
1276879956925128705
1276882980296888321
1276886757049544704
1276890533496045571
1276894313159540736
1276898082878349312
1276901858452398087
1276905638321360898
1276909416093188099
1276913186361561089
1276916954411020288
1276920729905311746
1276924506473476096
1276928282701836288
1276932053817327617
1276935830599237632
1276939607972732934
1276943383777423362
1276947936748986370
1277112002029158400
1277119547053670401
1277151085518557185
1277154772219559936
1277161066422829057
1277166097528246272
1277172409787920386
1277174906149638144
1277176170459598848
1277181252953571328
1277184973901123585
1277190009477611521
1277200071319322625
1277205103724965892
1277210188769099777
1277215172172697601
1277220204205015043
1277225279279321090
1277231529928908801
1277236561646583809
1277241681176387584
1277245369995444229
1277249144520835079
1277256695538909185
1277260469712142338
1277263307733336066
1277264244803846145
1277268019329282049
1277271791766028288
1277275568678080512
1277279346177294343
1277283117942951937
1277286910361243657
1277290670798123013
1277294442114887684
1277298219375120385
1277301991811756032
1277305768908394497
1277312060263628800
1277317091293630466
1277322125938954241
1277466847290568705
1277474385713139713
1277478949027749888
1277498286023290883
1277498286023290883
1277502060456484864
1277507096720945152
1277512292989644807
1277517161473486849
1277522195451871232
1277527308065259520
1277531003830009856
1277534794428100612
1277538563291254785
1277545598573522951
1277545620526563328
1277545983208022016
1277546006297686017
1277546052858544128
1277546072546652160
1277546216658817024
1277546249676361729
1277547358876827649
1277552397217345536
1277557644690182145
1277562083194929157
1277562457670799360
1277567496380461056
1277577570603675651
1277582606125719558
1277587836779274242
1277589256412725248
1277592658337300480
1277597689660743686
1277602793394769920
1277607460975542275
1277607757944958976
1277611533489639426
1277615322401562626
1277619106750115841
1277622860387926017
1277626636117184513
1277627511971762176
1277630412655861767
1277633194435710976
1277634211080527873
1277634892814323712
1277637954538803200
1277641732537176066
1277642683813675008
1277644260389670913
1277645512137736193
1277647867583303681
1277649286809948162
1277653058617475073
1277656832035753985
1277660612009566214
1277664382323916801
1277668158808240129
1277674445457494016
1277679490261487617
1277684513729118208
1277689546214432768
1277694588216586242
1277699613500243973
1277704644970647560
1277836779203244033
1277844399062429698
1277860729039851522
1277864447818846208
1277869484435480583
1277873264912732160
1277874599003336705
1277877833378009088
1277877858594160641
1277879546969305088
1277884588518408192
1277888159666384897
1277889616264204289
1277890247993499648
1277890423177072640
1277893407957045248
1277897178728599552
1277900946367004672
1277904770557259777
1277909748873035776
1277914780687314945
1277919812140904452
1277924857175511042
1277929882580811777
1277934980203765760
1277939946079297537
1277944977813909506
1277950191853867008
1277955045510787072
1277960081464836101
1277965115367677954
1277970143356698631
1277973924601458689
1277977708060786692
1277981486092820481
1277984226139418630
1277985246219243520
1277989035433132032
1277992795723227137
1277996568231149568
1278000355234713600
1278004171896246276
1278004174744162305
1278005556591165445
1278007896626905095
1278011693608636416
1278015445652692992
1278015445614891009
1278019222153674755
1278023000026165248
1278025515220246530
1278026770294411264
1278029286621003784
1278030561760751616
1278035574788624384
1278036839295836168
1278040780217737219
1278041866915713024
1278045650102468608
1278050675822415873
1278051947619258369
1278056983430651904
1278061999889494018
1278067050091601920
1278072070086316034
1278077100487041025
1278082135807668225
1278097245943013380
1278187842271936513
1278199161817575425
1278223127315611648
1278224321052397571
1278226837219479558
1278231871751585792
1278232574867931137
1278237080397795328
1278241934939693067
1278246970260369413
1278252086447280129
1278255779242532866
1278259583404957698
1278263334891110402
1278267149388300328
1278269641262014464
1278272135635574785
1278277170905915392
1278282403899899904
1278287234827862017
1278290547392876545
1278292276956012544
1278297429939490819
1278302336855748615
1278307375800291329
1278312611810074625
1278317443660812300
1278322465584881664
1278327684385341446
1278332531025289216
1278336307274579971
1278340081389113349
1278343859060248581
1278347652950867974
1278351407649873921
1278352524836249600
1278354468380213248
1278354523954860032
1278355199082598401
1278356470468415488
1278358966444097537
1278362753405779968
1278366508863967235
1278370293245935616
1278374078643081216
1278377854917623809
1278381606139461633
1278385386922872832
1278389159070220288
1278392945926901761
1278399223986348034
1278404258073915392
1278409287019180035
1278414323187146752
1278419353222995971
1278424388841463813
1278429435641896961
1278434454978076677
