1354565109679484932
1354568128919969800
1354577442212438023
1354587132560457729
1354628902811918339
1354630666411929602
1354632304803471367
1354633816069922818
1354635332088553472
1354638600877428737
1354669045602107394
1354687795957092353
1354689693623799809
1354692200924278789
1354705660726759426
1354707655428870146
1354707760202571777
1354711953801809920
1354712168961290245
1354713089610977280
1354715840604631047
1354718498254020618
1354720065648795648
1354727164206338049
1354728942310100993
1354729568662249473
1354730943689281538
1354730950609891338
1354732465496023044
1354733978595389445
1354736991493976068
1354738502684925953
1354740015746609152
1354741526157348867
1354745051759300613
1354747946659500038
1354749704639180800
1354753589101481989
1354755868475052034
1354757628644139018
1354759152233455625
1354761143277871110
1354764299655233539
1354768690143662082
1354769602883026947
1354772233844006919
1354776239773368320
1354777010480979973
1354785310488498179
1354785317278994433
1354786184745132032
1354788458615562245
1354789969621970948
1354791609284521985
1354791617626951693
1354793239979548679
1354795000966463490
1354795353351057419
1354799657163997188
1354800370665439241
1354800739688751108
1354800929841631235
1354802891937091584
1354804862957940747
1354805249379168260
1354805674971029508
1354807461492838408
1354818378536415240
1354822565861048329
1354823831064481797
1354823837221670920
1354825451349241858
1354825835509731329
1354829705619320843
1354830068116238339
1354830131437694980
1354830188522184704
1354830311385927684
1354830311385927684
1354830607553974274
1354832123299938306
1354834011005231106
1354840803546255361
1354842818422874113
1354844329097916416
1354855531945488384
1354855936943398913
1354865213317607424
1354869351275524096
1354869373589024769
1354870124767965185
1354876789995126786
1354881937282719748
1354886097709404163
1354896039900114945
1354897036483698696
1354900823562620928
1354908623802011652
1354913156695433217
1354914925823463425
1354916045924880384
1354916427149365248
1354917934955544578
1354919317524029440
1354932280695820289
1354937062412042248
1354969904382791682
1354969909462097927
1354995572202033156
1354997207070461956
1354998839854292993
1355000736837296130
1355002245121630208
1355003121118842883
1355003876294856708
1355005514011168769
1355007147960979456
1355026022429671426
1355030554878480384
1355042130037596162
1355046787204009985
1355048172507160577
1355049808604626944
1355050062703808514
1355051803306582018
1355058111711637506
1355059353028464642
1355062890760265736
1355063016920735749
1355063132796973056
1355065394747355137
1355067260767973377
1355070679599751170
1355072578029838337
1355074452577423360
1355075850815766531
1355077361264259076
1355078234174484488
1355079120531517444
1355079125967360000
1355079181495885829
1355079277331570688
1355080759850090496
1355082265970151427
1355083431735140352
1355084156661719040
1355091955735097344
1355093332397965313
1355093982716567552
1355098880497487874
1355100512190750721
1355102785080078336
1355103029498798083
1355105176932151298
1355108310689607680
1355109825961582592
1355112511268401155
1355112518163771392
1355112526233661440
1355112529417162752
1355112535775711233
1355113152732684289
1355113223905665035
1355114857574490112
1355115976459776003
1355117880254185473
1355119440145371137
1355123531525316608
1355125678862028803
1355128950905655297
1355133983646863362
1355142168038371328
1355142299391549442
1355142807426650113
1355143933974564866
1355148578126131205
1355148583733850116
1355148706140491784
1355150362399952899
1355151724437065729
1355153237406437384
1355154874040676353
1355156382522085380
1355159787852365824
1355163081631014912
1355163122437390348
1355164931843387393
1355170356353507334
1355171105535737859
1355171608097214464
1355172619335553024
1355173246765658122
1355175134907121667
1355177404063354884
1355178917917650945
1355185891849990156
1355186892459945984
1355186915084034048
1355191742199291908
1355194761196359691
1355195260884774912
1355196897951051779
1355198106804092933
1355198408399613953
1355199549430620160
1355201679986069504
1355204447853395969
1355204453847031812
1355214640838414338
1355216414362095619
1355219676146454528
1355222820662308866
1355224582035103744
1355226089174388736
1355227730938195968
1355230872102862848
1355237667038920707
1355242323936862208
1355244085246758913
1355261319432204292
1355262831424200707
1355264341973422082
1355270884978610179
1355283596081201157
1355290137685487617
1355295430616043520
1355301719815557121
1355336066245398528
1355336072050343940
1355360099095597056
1355361482632949761
1355363246740389888
1355364886256123906
1355366267201363969
1355368028095954947
1355369671214596098
1355371171571662849
1355377335847948288
1355382368178040838
1355388539131727873
1355390297182621697
1355403006779355138
1355414965163708420
1355422386640699396
1355433081251844100
1355444914520121345
1355448179559333889
1355460886547185665
1355467935796535296
1355472848706445317
1355472854951727107
1355498018519179268
1355504804986908681
1355508995050627072
1355511220690845699
1355516001996050440
1355562185645150214
1355565576211492864
1355570738707611651
1355570745028407298
1355579167333515266
1355582569723568131
1355590240816123906
1355595151339515905
1355600307003162625
1355603577687838721
1355610000824049665
1355621071441940480
1355622583949901825
1355625724837720065
1355628996671676420
1355631991841058822
1355635285829115905
1355636920261378048
1355639943343665158
1355644596974309377
1355653042784231426
1355658059503177729
1355658059503177729
1355659570798944260
1355661081293668353
1355671525160935428
1355714181626912769
1355715816050753537
1355720723252142083
1355722494208950272
1355724121439576064
1355746266815205376
1355758850683535361
1355760742008426496
1355770300969979905
1355773195421274112
1355773446987255810
1355782258519470083
1355783136160870400
1355787917906505728
1355797744410001409
1355800878670696450
1355807548696190976
1355812706436014081
1355817359110406146
1355830446152531973
1355837873358991360
1355847312010960902
1355852470086328320
1355855738732593157
1355869579751219201
1355872976978149376
1355877761710084096
1355879396670722055
1355903553261330434
1355908335568969728
1355916266205106177
1355927968292323331
1355927974134992896
1355939040697085953
1355942564419915776
1355947218721669123
1355956786696650753
1355960058912284674
1355961311348224000
1355965846972076035
1355972004898250754
1355973895493312513
1355985597186236417
1355987231568130050
1355992138450759682
1355993781628067840
1355995280894689282
1355999939717828611
1356004845530931202
1356009500503797762
1356011145685991426
1356012647804596224
1356027370814103555
1356030138941464579
1356038575289028609
1356041335946416134
1356044354784088066
1356052159276544001
1356061477463937034
1356075312765800454
1356080343283994627
1356083366320168961
1356088019372003328
1356091039077916673
1356105886830264322
1356109158068613123
1356110795319377925
1356113940502077443
1356121994308149251
1356126887374807041
1356129544638398467
1356133529579630594
1356141499285573633
1356142126287835137
1356143432012587008
1356149597547212801
1356149680435056640
1356151544715079681
1356156583072428033
1356158431183450112
1356158484090388480
1356163703524249600
1356166662517448706
1356172942988595203
1356173962288394244
1356177736461508609
1356178509346050049
1356178552413151233
1356178586059857920
1356178630288826369
1356179500405407746
1356180377358876678
1356181888285589504
1356182524725088259
1356182855928467458
1356189316318326788
1356195023885361152
1356201378142679040
1356211696591794176
1356213225067405312
1356215360165273604
1356217484383121408
1356217625131560961
1356217622514302980
1356217632173809664
1356217640113594374
1356217643569700866
1356220591343333376
1356221651797458945
1356223285294288906
1356225034075975681
1356234988987981830
1356238133608603649
1356241280334893056
1356253862412206083
1356256882780893185
1356256958425288704
1356257040440680451
1356268086479908866
1356270748256632833
1356270754875191298
1356270753126248449
1356270751100375052
1356274890463084544
1356278776963936259
1356278831406084100
1356278848464297986
1356286457032265748
1356291235896385537
1356299536327606272
1356303065511469056
1356307718814879744
1356310990380363778
1356321945319403521
1356325084529520641
1356339051087818752
1356348611542491136
1356350248801587203
1356359570952605697
1356362717301366785
1356364110674321408
1356365863801159681
1356367501345447936
1356372293404946432
1356380584579264512
1356383600757755905
1356385108496846848
1356391408920223744
1356393048872161280
1356399458108379136
1356407636766281729
1356416071599722496
1356422480731115521
1356428772875005953
1356436700646440960
1356442882484314112
1356448029469888513
1356473440153206785
1356474955739795457
1356476590167715840
1356486286945644544
1356489539120885760
1356490024091549698
1356492560869429249
1356499315322142720
1356506388285952000
1356510302108483584
1356512199334748161
1356513450306932736
1356513938221895681
1356516480184123394
1356516530981376000
1356516571766788098
1356516610761248770
1356517096855724034
1356521487767752705
1356521880971223042
1356524896654823425
1356525046672601089
1356525152427798528
1356527704280076288
1356527781497065473
1356528171869380608
1356534425400524801
1356534539494043649
1356534594074476545
1356537590506283009
1356539625385299970
1356543017750917120
1356544150406012929
1356544657178513410
1356545662750314497
1356546163587960834
1356547296582860800
1356547674103709696
1356549309286608897
1356549309286608897
1356552328627716098
1356552735169122306
1356552761190604800
1356552845668065281
1356553648243953665
1356554092236005380
1356560509957361664
1356560516953436167
1356562264812363777
1356562276740829189
1356563781497757697
1356564087895977984
1356567055353356290
1356567550021292036
1356568799290535938
1356578388664705026
1356580879079006211
1356593098860580864
1356593103998648326
1356594735805124618
1356596369692102656
1356601280018321408
1356602912349163524
1356603539410149378
1356603540538417152
1356603723204726785
1356605173687193600
1356606310935003137
1356612978162900992
1356615998401507328
1356623170367680513
1356630094710599680
1356634620960206849
1356636638646919169
1356638145329078272
1356641671228780544
1356641677075640326
1356644814402408448
1356648091252744195
1356652868271439874
1356654732551598082
1356654801686298625
1356654844761812994
1356654874428071937
1356654937321701376
1356662051700006914
1356662428990246913
1356665323441676288
1356666455677231106
1356667089658937349
1356672491825946624
1356672490894843905
1356678287443955712
1356678293202718725
1356679667399368704
1356681307107942401
1356703704762617861
1356726100878000128
1356727869301350402
1356729126200074241
1356732892097835009
1356736039906287618
1356741074153218051
1356744218731974657
1356763344888205313
1356768249820549121
1356778066568077316
1356784236947148801
1356796437560848384
1356799841859371008
1356804873006669826
1356807764798894082
1356813928920018944
1356841483857317888
1356846144660283393
1356853940785057795
1356854016156852225
1356857951588409345
1356858470838898688
1356859981883002880
1356859987994107908
1356862987672420354
1356863507497586689
1356868775908429825
1356870051039563776
1356872550916251649
1356873444130844673
1356878842275778562
1356879609447387136
1356881628719587330
1356885679519780865
1356886661666201603
1356888171825430532
1356891676804014082
1356896961945722881
1356902506215968768
1356902613707587584
1356904008074612737
1356906049064722434
1356911557851058176
1356911948705660935
1356913840592617472
1356915222611521536
1356916730774179842
1356918619175747586
1356919107539533824
1356920005871325186
1356921647035346944
1356922405503995904
1356923914174099457
1356925413763637250
1356925972747063298
1356931690518642690
1356932080651784193
1356939241171771394
1356940513845211137
1356942147442798593
1356945418257534976
1356946790356971522
1356947818821296129
1356950833045278725
1356953601352994817
1356956743037722629
1356958639970426887
1356958886142480384
1356960393071972353
1356974489850900480
1356976472423084035
1356976565855391744
1356976619534041090
1356976661330358276
1356980017696296962
1356980320952856581
1356980603976097796
1356981264016957441
1356981721955250177
1356981925127274496
1356982050968977409
1356982204316987393
1356982617720172546
1356997513740386304
1357000012044107776
1357000344576868353
1357000601473855488
1357000658453360641
1357002681840099328
1357004307694977024
1357007814963658754
1357007881074315267
1357007918344900610
1357008018978836481
1357014845628030976
1357017643719430144
1357021053176877056
1357022566104264704
1357024064775184389
1357029222590554114
1357030731818487808
1357035638004977664
1357037021768765440
1357043817698918400
1357048600589529088
1357053513352638465
1357061688609017856
1357069485472063488
1357071123372929024
1357072510785777665
1357083958970707970
1357088741119066113
1357093522151677953
1357096542197325824
