1329199448363323394
1329202813298208773
1329209018988969987
1329210377687756808
1329211221497798667
1329216573756891148
1329220379399872526
1329226399157268481
1329231692607983616
1329235480232292353
1329235503242211329
1329243030692433922
1329244362614640642
1329246820049051650
1329250575624663040
1329258276748455937
1329261897573670912
1329265657133867009
1329269466216226816
1329274018852179975
1329276966806155264
1329280793395556353
1329288292110655490
1329292135397531648
1329295883981246464
1329296701576916992
1329299656438902791
1329303427759939586
1329303457170411527
1329303457170411527
1329307245750972418
1329310951783456769
1329310959916216320
1329314719547744256
1329324536479834112
1329327993660076032
1329340700958265345
1329346842371518464
1329349960580665344
1329354162837008386
1329361698470449154
1329366314914373632
1329371191199608832
1329375639238025216
1329382759190716418
1329386438090248196
1329388986176065536
1329394424720330755
1329397093623062529
1329399037901099009
1329401538939211776
1329405338601332741
1329409230487642116
1329412879112663041
1329416671510065158
1329420412200083458
1329425249293791233
1329428020940115971
1329431805427142667
1329435511207804928
1329439346697662465
1329440281838673921
1329446869085417473
1329450628200980492
1329457564560535553
1329459080910544898
1329461975210991619
1329465710494433280
1329469948826161152
1329473292466589700
1329477072130084864
1329480840414367750
1329484676856246274
1329488389385707525
1329493452640448512
1329495909349126156
1329499704573505537
1329506399982903298
1329514071289458689
1329518559219822593
1329527697131888643
1329531060871458817
1329534972718424066
1329540443814719491
1329545046409048068
1329548797727436800
1329548815892877314
1329555120787509250
1329560294939648001
1329565491262873602
1329568078452154374
1329571406695174144
1329575200502009857
1329578956606074888
1329584200886988802
1329587005160902660
1329594056155013122
1329598402552868867
1329607178114707458
1329612085534334977
1329616410398650368
1329619563064012803
1329621213354790915
1329624622422257666
1329639752988028929
1329641413592698886
1329642954483437570
1329643289990090752
1329646985973010432
1329652417877733376
1329658248547495936
1329658262342541318
1329658320723075074
1329662009261109248
1329665836437692418
1329665843358216197
1329669561969414145
1329673348595519489
1329673387577372673
1329677130507177984
1329685272137756673
1329692994761601025
1329697008630849536
1329700960508243968
1329703700894535680
1329707318204899329
1329711133079592963
1329714866794409984
1329718629412159491
1329722418395484160
1329726178366722049
1329731596224753664
1329734013083389954
1329737501104238596
1329745779381182470
1329751064304881664
1329757273686675456
1329759809298690048
1329765454727016448
1329769531351441408
1329772943560339459
1329781205223477250
1329782829639741452
1329790379110117382
1329791882533154818
1329794148535308290
1329797919260676096
1329801726308864000
1329806228193734657
1329809224369467392
1329813037155573763
1329816782002151424
1329820582825893900
1329824325684310022
1329828126386515970
1329831872747212809
1329835648056868865
1329839444095070210
1329844471576616969
1329850767944118274
1329855256012984326
1329862126517805056
1329866841561452545
1329872173759127552
1329877174778781696
1329881001720475651
1329884761754578948
1329888512733286414
1329894356308946947
1329897050947915777
1329900989365809158
1329905077876908033
1329908359831703552
1329911145205886977
1329914920314560514
1329918724091088896
1329922471571697670
1329922515628601344
1329926274723303426
1329933794992746496
1329939996107792384
1329943227047219200
1329945001137205251
1329948910731874304
1329952679083307012
1329956493089775619
1329962999851999232
1329967768683343874
1329971570517958658
1329975325992886272
1329979130809643009
1329982869998084096
1329990453270343680
1329994208854290432
1330002068795502592
1330009317009928192
1330013067153797122
1330016850659446784
1330020636224270343
1330020638875131905
1330024402411524096
1330028207131799552
1330028203809910784
1330031953526075392
1330035735131516930
1330035765192122371
1330039504661573635
1330050406714585092
1330050850639777792
1330059787552350208
1330066456873201667
1330070227732803584
1330078538721062912
1330082171424477186
1330088588227334147
1330092363713294338
1330099898948182019
1330103670831198209
1330107461118939136
1330111213456375809
1330118801531285504
1330122560642703364
1330126334501285889
1330130115800469511
1330137664478191619
1330141414001283072
1330145187797094402
1330148873625538564
1330152757114920966
1330152757114920966
1330165630146895874
1330169645035360256
1330174336603484161
1330187859865776129
1330191243293364225
1330202539439108096
1330206380989558787
1330208330229436426
1330214084332183556
1330218354989277185
1330221599040172033
1330225010460532738
1330228002953842689
1330237352275537922
1330248428312555522
1330249082833694723
1330253014368718851
1330254805617479686
1330258458801745930
1330262242156310530
1330266008213458944
1330269850766282762
1330273575564140546
1330277353193410564
1330281114829807619
1330284885815259136
1330284931570950146
1330288666640576513
1330292458597601281
1330296219193794561
1330300010983022593
1330303766852145153
1330307553771786242
1330311317715103751
1330330190275284992
1330333971998257158
1330345260539547648
1330356725665443840
1330360414077673474
1330367920921333761
1330375457649414145
1330383020122120192
1330386790633627653
1330398118857338880
1330411497378500608
1330419413904928768
1330425079596019712
1330428302742401025
1330433812346646535
1330444032082841600
1330451683210653698
1330456899830091779
1330462306174709764
1330469489918488576
1330473602593021957
1330477185078063106
1330481179137617920
1330487203223498754
1330492479951527936
1330496258650214400
1330500061214740480
1330503837216612352
1330507575356436481
1330511356685135873
1330531222741807110
1330535783116271616
1330539547093061632
1330543713865621508
1330548821848371204
1330555601521418241
1330562644798025732
1330564713814646791
1330572120397590530
1330573982224015361
1330576012221026307
1330584036495007746
1330591141557833733
1330597311836278788
1330597598852501509
1330602903418105868
1330608182272651266
1330612577660006401
1330617415386935296
1330624642621509632
1330628405658841091
1330632201470431232
1330635962217590787
1330636619444080644
1330639738794074113
1330643515529965569
1330647292165152771
1330647310343221250
1330651060445306881
1330654851668307972
1330658612079955969
1330662411867656193
1330666162963746817
1330669945911463936
1330673722483748866
1330677468919902214
1330677479346987010
1330681228090109955
1330685025667469312
1330688777547821066
1330692560046743552
1330692584642121728
1330696331808137216
1330700112998391809
1330703876501221376
1330707643804086272
1330711428492382209
1330718980072419328
1330722801750319104
1330734082318356482
1330737844713734144
1330741634376544257
1330745429399629825
1330752990148489216
1330756737150971904
1330760764337090560
1330764287674114049
1330772240456101888
1330775740921556997
1330779397318717440
1330783183659552769
1330786915809972225
1330790715702595584
1330794484347625474
1330798314678329344
1330802048296685570
1330805790182055936
1330809565378535425
1330813353720221696
1330818687562096640
1330821255612739584
1330824885967482880
1330828451897626625
1330832251827986435
1330836029616631812
1330839386091626502
1330844370883448835
1330847314236370946
1330851140087525379
1330857307207512071
1330859157977706503
1330862413391015941
1330866213489176576
1330872975508332546
1330877512960897026
1330885088712732679
1330888842115653632
1330892865178832896
1330896467180007425
1330900175041273860
1330904156895408135
1330907711907667971
1330915286002831365
1330919072721219584
1330923771339870210
1330927749771522050
1330929592526401539
1330934231174885376
1330937944639672326
1330941687569534977
1330945474422050817
1330949257118052354
1330954466993041409
1330956815249575938
1330960592300089346
1330965869183242242
1330968141787181059
1330971926785892355
1330975689391157248
1330979820860215318
1330983395078311937
1330987026133479426
1330990759122595840
1330994193502703616
1330998340759269376
1331002119437086721
1331005905891172354
1331007317593165827
1331014509297885184
1331014635382861825
1331017439056945159
1331020957889286145
1331024778866659329
1331031253148176386
1331035933324550145
1331039836728266753
1331043774408110081
1331043894272937984
1331053465712422913
1331054956984606723
1331058749210030080
1331071425982197763
1331073569317642253
1331073833739104262
1331079144298455043
1331079144298455043
1331085098771476481
1331088930201100289
1331096488802455552
1331100230360596480
1331104034485317632
1331107819597295622
1331107818158567425
1331111592533090305
1331115369323507714
1331115373186461703
1331119128921448449
1331122907926441989
1331122923235577856
1331126685085863938
1331135860633456641
1331138563442937857
1331145883040296960
1331149613844340736
1331153079035564032
1331160704532045829
1331168178307739648
1331171953013628935
1331175740080058368
1331179535212154881
1331183280243130369
1331187068169543680
1331190831441731584
1331194636891791360
1331198429532401664
1331202670636503042
1331205967577485313
1331211587676495872
1331212332811366402
1331214759610490883
1331217251446374400
1331223419430592514
1331223427496218625
1331223505237667845
1331223543045115905
1331223617347203072
1331223614318931970
1331224851961569280
1331228613660831746
1331228618073251842
1331238796583690249
1331247013460111361
1331255117857890306
1331258791166431234
1331262572209823745
1331266345581895683
1331273874537930760
1331277674535411713
1331281707635535873
1331289001064607745
1331296585624547330
1331298045011476480
1331300336997429249
1331303750904864768
1331307848391790592
1331311624137879555
1331315416883408905
1331319212426620933
1331322947961700352
1331329346192150531
1331330530953072643
1331334305507897345
1331338101034246151
1331341713433092105
1331346070241206273
1331349398316589058
1331353181654315018
1331356928233140226
1331360729212055555
1331364472577949697
1331368246776360960
1331374665625952256
1331378411760218113
1331380295057231874
1331383381159006210
1331390908437245954
1331398473464340480
1331402222568017920
1331404095895252998
1331406010154700800
1331409770402680837
1331409810072461312
1331413111107153922
1331417364215296001
1331426510776000519
1331429273861754881
1331432622476718081
1331436198347337728
1331439996818104320
1331443761545687041
1331448355566870531
1331450846106832897
1331458843356741635
1331465316770193408
1331466419926667264
1331470196012437509
1331470211908825094
1331473972035268608
1331477757633687554
1331477777787314177
1331481527448956929
1331485312527310850
1331485527632191488
1331489072993488896
1331496689472069632
1331500391104720897
1331507958316900353
1331511716581158913
1331515466385416195
1331519267523751936
1331523038983151618
1331526817702883328
1331530894281207808
1331534357425778688
1331538145725308929
1331541902148182018
1331545668008226816
1331549473206640642
1331550784388009985
1331553247727857666
1331557022064668672
1331560808703287296
1331564539826081792
1331568355992592386
1331572113732493313
1331575887746265089
1331579662594691072
1331583879115907072
1331587211674980362
1331591563923894275
1331595464941178886
1331598517522079744
1331601294411374592
1331602334527279106
1331606129756024834
1331618688852692992
1331626957340106752
1331631496919199745
1331632529410023426
1331638557996425217
1331639825120829442
1331641354477318144
1331644949146841091
1331653747890675713
1331665382675976196
1331671104440692737
1331672530814382090
1331674573541154817
1331681586845200386
1331685368148746240
1331692911411548167
1331696689162432514
1331700435304923136
1331704244261560330
1331707276151943171
1331709767061004289
1331711761993658370
1331713918096519170
1331715567179472896
1331720150085668865
1331722809068941314
1331731082773934081
1331733879917514753
