1329355246322159616
1329355245068062720
1329355499473518593
1329356761690558467
1329356760264495106
1329356758691680256
1329357130437070848
1329357129317117952
1329358263675064321
1329358262047625217
1329358265398996992
1329358766895087617
1329358765603262464
1329358769445240832
1329358768098869250
1329360155121598466
1329361535165026304
1329361533894180870
1329361788270362625
1329363674205544448
1329363677036773378
1329363675648442369
1329364804868337667
1329365314526580736
1329366069669097473
1329366438570704896
1329367323057131522
1329367321538744321
1329367573188595712
1329368199976996864
1329368833174368257
1329368959024463872
1329368957720043520
1329368960093937666
1329370719952670720
1329370718740520962
1329371353808470016
1329371352235589634
1329371350494978050
1329371358191513600
1329371356673101824
1329371355293175814
1329371359546249218
1329372351700451328
1329373990876446720
1329373992327598080
1329374493882548224
1329375751775293440
1329375757563359234
1329375756565188610
1329375755340378112
1329375754078072834
1329377389088948225
1329377387507638272
1329378396686585857
1329379159022288898
1329379161379467265
1329379160301572096
1329379901229527042
1329380538885410816
1329380537681596416
1329380537681596416
1329380536654041089
1329380542110855169
1329380541032919041
1329380540051460096
1329381288231325696
1329381287396720646
1329382041520021505
1329382170679382017
1329382545264308224
1329384058426589185
1329385188204318720
1329386700439576578
1329387959137669120
1329387960005869568
1329388969830715393
1329388968186576897
1329388966550802434
1329388972716429314
1329388971319717889
1329389215394656256
1329390604447477760
1329391855725805570
1329392241668890624
1329392240209248263
1329392238867091458
1329392237633933312
1329392244856504320
1329392243438862336
1329392246123163652
1329393239913185281
1329393241058209793
1329393744114642944
1329394879814746115
1329394878577446912
1329395252784885760
1329395256966594560
1329395255628627969
1329395254278062081
1329395261123092487
1329395259588034561
1329395258346545152
1329395380811825152
1329396133643177987
1329396134767259649
1329396894972268544
1329396893760163840
1329397016791695364
1329397771799937027
1329399029831147520
1329399033434054656
1329400541428871169
1329400542565593088
1329400795544965121
1329401797199294465
1329402428714717189
1329402429935284225
1329403066429280256
1329403064755752961
1329403067897323522
1329403938207006721
1329404065969627136
1329404572163395585
1329404575309131776
1329404573686009857
1329405449259548677
1329405451927048194
1329405450656260096
1329406078912581632
1329406204532064256
1329406830951374849
1329407084903813122
1329407083544920064
1329407460138909696
1329407458729631744
1329407707552550917
1329407968538869761
1329408846301777926
1329408844817072129
1329408848998719490
1329408847690166272
1329409474793066498
1329409478819606530
1329409477662056450
1329409476382736384
1329410230925488128
1329410232196366336
1329410733470142465
1329410736259403776
1329410734929821696
1329411375349698560
1329411374053609473
1329411378654769153
1329411377476165632
1329411376494694401
1329411740111568897
1329411744201019392
1329411743018192896
1329411741776637953
1329412494780030976
1329412493450514432
1329412492208918529
1329412998151094272
1329414508180168704
1329415893135224833
1329415897350504448
1329415896142471168
1329415894670266371
1329416144868970496
1329416143375765511
1329416141945458689
1329416147955900417
1329416146311778311
1329416151277858816
1329416149503594503
1329417402648444929
1329417400668676106
1329417405789917185
1329417404259069954
1329417654474403842
1329417652821901314
1329417656038871043
1329418785070014466
1329419042415775745
1329419040981323776
1329419039463022593
1329420419925909504
1329420674415300611
1329420673106669568
1329420671663759360
1329420928334188544
1329421433433247746
1329421804335632384
1329422435544821760
1329422439206457344
1329422437612617730
1329423189085093892
1329424076255817735
1329424075161100295
1329424073613402112
1329424079514783744
1329424078508232704
1329424077275111424
1329424702666784773
1329426336406933517
1329426335291174912
1329427089108262914
1329427970579079174
1329428599015841796
1329430360891944960
1329431948272480261
1329435523941806084
1329436150436671488
1329436276391600129
1329437158873194500
1329438540267130880
1329438666226339849
1329440306710917124
1329440305075064833
1329440426319863811
1329441068191010819
1329444453770276873
1329444959448145924
1329444960857370626
1329448857583890434
1329451752727392257
1329453261418532872
1329454400994205696
1329454399152926722
1329454403972177922
1329454402504155137
1329454520158597124
1329455908095619072
1329457290672533513
1329457287870746626
1329459055832694789
1329459054695989248
1329461064350584832
1329461316814159872
1329461943078293504
1329462575155740672
1329462574123941888
1329462578083373056
1329462576824999936
1329464336117493761
1329464334481702913
1329465225263779842
1329465230817017856
1329465229734920192
1329465228463984640
1329465226983403526
1329465231911702528
1329465976182587393
1329465978594283520
1329466601238773760
1329466604191576064
1329466602958405633
1329466979007090689
1329467860586958853
1329467863216791552
1329467861832634369
1329467861832634369
1329468612252299265
1329469494574546952
1329470508379697152
1329471261244682240
1329471259667701760
1329471265959157760
1329471264327561216
1329471262851100678
1329471267167035392
1329472893743296514
1329473197880844288
1329473897020854278
1329474403202076672
1329474404682588165
1329475408643858433
1329476551436472322
1329476550136274945
1329479314744569858
1329479313490526208
1329479311968006146
1329481071302385664
1329482328263966722
1329482327089561607
1329484628634329088
1329484847606185984
1329486986684481536
1329486985577172993
1329486984075571203
1329486990966890498
1329486989951864833
1329486988886478848
1329486987863068672
1329489125242650624
1329490137525362689
1329492147540639747
1329493027660808193
1329493653895606274
1329494660197191680
1329496045533872128
1329496926379679744
1329496929957412865
1329496928090877953
1329497429771653120
1329501833300119553
1329503224911458305
1329503223346982912
1329504601645584384
1329504599749771264
1329504604451553280
1329504603155488768
1329506112744218624
1329506111171424257
1329507114847404033
1329507747302313984
1329509505885880320
1329509509006454784
1329509507496435715
1329510766639157248
1329511144831152128
1329511146139762690
1329512531937746945
1329512906799542272
1329512908074598400
1329513914250321920
1329513912916602886
1329514546604621825
1329514551335936002
1329514548760510465
1329517056962699264
1329518566140387330
1329521844303478784
1329521842948771840
1329523349324644352
1329524354569236481
1329525485647265793
1329526873710182401
1329531276974456834
1329532280830783489
1329534421997744129
1329534548284116992
1329536180539408385
1329537440852316160
1329543607850737665
1329545250369540096
1329546756774715396
1329548394663088129
1329549901164814337
1329549899830939648
1329549902502760448
1329551029080264704
1329551662827016192
1329551661371559937
1329552669254451200
1329552918500896768
1329553297837985793
1329554054767263745
1329554557840420864
1329554933851377665
1329554932702220288
1329554935101284353
1329555566901952517
1329556191446405120
1329556194147454978
1329556193082183680
1329556824488505345
1329556827600605186
1329556826229096449
1329558450305581057
1329559333332418560
1329559332053078016
1329559334632583169
1329559966114488320
1329559964558319616
1329561853303812096
1329562481119821826
1329564369676427264
1329565628684922883
1329579596476366848
1329579599823421440
1329579598531629056
1329579597478780928
1329587397747560450
1329587396757782528
1329587400050319360
1329587398963957760
1329590292438138880
1329590290554916865
1329591801284497408
1329591804409176064
1329591802844774400
1329593436891017222
1329593435209179136
1329595073361715201
1329595077732155397
1329595075009998850
1329596708183896064
1329596706820767744
1329598471205056513
1329600106832674816
1329600105297506306
1329600108510334978
1329601235163377670
1329601615976796162
1329601614634647552
1329601613061754881
1329603126500892672
1329603124533678081
1329604890306330625
1329615583474638848
1329615582375735297
1329615584468758528
1329618986288381952
1329631563361914881
1329631562208407552
1329631566088130561
1329631564808941570
1329632064895762433
1329634455464464385
1329636972059529223
1329639109510393858
1329639113016758272
1329640370892750848
1329640369114365952
1329640873114497025
1329642132231995392
1329642130747269120
1329644272191111168
1329644271134097408
1329671090281598978
1329673845935009793
1329673844362149889
1329673847491108864
1329674722762625025
1329675351698509824
1329675354999439360
1329675353250414592
1329676234389745664
1329676987401605121
1329676990496919555
1329676989062496256
1329677743793999872
1329677741357113345
1329677747312967687
1329677746214113283
1329677744959963136
1329678120882868224
1329678119595171842
1329678122543771648
1329678623939256320
1329678626745315329
1329678625310871556
1329679886999379969
1329679885623652352
1329679884294053889
1329680137613262848
1329680136279449603
1329680139043577856
1329681394872684545
1329681394872684545
1329681517786742785
1329681515119136774
1329681895970328578
1329681894447796224
1329681897417363456
1329683278912077827
1329683282896719872
1329683281583849473
1329685040339578883
1329687556791758848
1329687555592228864
1329687554577231873
1329687680280535041
1329688187594178562
1329688186096820224
1329688189141876737
1329689067424923654
1329689066409918465
1329689065151627264
1329689449106599938
1329689450679468033
1329689948207808514
1329689946718830593
1329690325720342529
1329690324638212101
1329690327872020482
1329690326928265218
1329690828051079168
1329691582447054851
1329692087558705153
1329692211974344704
1329693475239911426
1329696366604427273
1329696994839826433
1329696993426358272
1329696999294132226
1329696997813620738
1329696996253261838
1329697000749600770
1329697623763107847
1329698761359065088
1329698760041975810
1329698758657904646
1329701906558586882
1329701905283522561
1329701910132125697
1329701908911587328
1329701907632254977
1329703285721243656
1329703789692030976
1329703788240723969
1329704296124870656
1329704543060299778
1329707061018443776
1329707062301868032
1329708819274842112
1329708822248636417
1329708820927447040
1329708827696979969
1329708826614927360
1329708825176281090
1329708823754407937
1329710081819037696
1329710080346865665
1329710206243151872
1329711847549792257
1329711846698360834
1329711845255495682
1329711850150273027
1329711848988426243
1329712974211153920
1329712973003165697
1329713357138509824
1329713355687227392
1329713354219241474
1329713358669451264
1329714229193150474
1329714486354165763
1329716251430592512
1329716249023062016
1329718013252173824
1329718012132245507
1329718011003977729
1329718009926021121
1329718016888619010
1329718015680659456
1329718014564941824
1329718134408835072
1329718132085145600
1329718258417557504
1329719769512067072
1329721028252078086
1329721027098644481
1329721406238597120
1329721409895948289
1329722663317643265
1329722667503550466
1329722666157150209
1329722664882036737
1329722915177127936
1329722916775227395
1329724676633870336
1329724675337777152
1329724678101823489
1329725684466421764
1329725686248923142
1329726568801869825
1329726566314647553
1329727066946768897
1329727445243621376
1329727820998721536
1329728330615033856
1329728329444802560
1329728327444164610
1329729332260999168
1329729337243754496
1329729336119676930
1329729334605533186
1329729836118511617
1329730212146233345
1329731092090298374
1329731974676692992
1329732477062053890
1329732729240395776
1329733736108158978
1329733734854082560
1329733739203547136
1329735499141971968
1329735497489338372
1329735624023183360
1329735622748094467
1329735621565288448
1329735748073865216
1329736131856846848
1329736130724413441
1329736129331953665
1329736134008606720
1329736132913889281
1329737259046764544
1329738900395356160
1329738898361049091
1329738896830185474
1329739150984036353
1329739149641846784
1329740657263403009
1329740655866757127
1329740660694425600
1329740659578658816
1329740658496585728
1329742303125147649
1329742544146632704
1329743297359691780
1329743550267834369
1329743553082232833
1329743803599634437
1329744809045594112
1329745437734027265
1329746444614463488
1329747081720864769
1329747450400174081
1329747955536969728
1329749465645793280
1329749466698575874
1329750351377907714
1329750598799872000
1329750597147389955
1329751855249776640
1329753366042353664
1329753364784054273
1329753370865725448
1329753369582338052
1329753368453992450
1329753367220875264
1329753372992311299
1329753371843076096
1329754494612082690
1329754496105287680
1329755879235670016
1329755880489771011
1329757138361622528
1329758525296320513
1329759913048899584
1329759918551756802
1329759917209649158
1329759915821330433
1329759914491691009
1329759919684210689
1329761922804117506
1329762929789587456
1329765320043577352
1329766327184019464
1329766325980340226
1329766324977844226
1329766704000294915
1329769472891056131
1329769471054028801
1329769474640080898
1329770477137530883
1329771240765079553
1329771240765079553
1329772241286905859
1329772244403306496
1329772242750693379
1329772743567364096
1329772745245171712
1329773622332821505
1329774128430075905
1329774129810030592
1329775264826441729
1329775266277670912
1329775763353047042
1329775761708904448
1329775766951714817
1329775765194371072
1329776521490300929
1329776519913164806
1329777399324577797
1329778029451612161
1329779035539263491
1329779034151026689
1329779037141495808
1329780419034693632
1329780422499176449
1329780421446385665
1329780923374571520
1329780921986269184
1329780919524212736
1329782558054203395
1329782560021508099
1329783691191611392
1329783692454084610
1329784321046056961
1329784319510941696
1329784317623472129
1329785074212950016
1329786089637232640
1329786091197452291
1329786459025408002
1329786961666555905
1329786960483815424
1329788598581747712
1329788597151485954
1329788601341603842
1329788599957561345
1329791114895781889
1329791875788664839
1329792999518179328
1329793383154421765
1329793754459373575
1329794257457090561
1329796651653840896
1329796655957217280
1329796654677987331
1329796652836687872
1329796660315049987
1329796658532532225
1329796657181954049
1329798034503307267
1329798788865687552
1329800422639370241
1329800927436447744
1329802941742592003
1329804452493107201
1329804455227789313
1329804453952643072
1329805583122219014
1329805834889555970
1329805839020949507
1329805838052073473
1329807596446838784
1329808225856753665
1329808602790432771
1329809988349411332
1329810493238775810
1329810496346750976
1329810494996180997
1329810499245010947
1329810497852456960
1329811002817351680
1329811245264826370
1329812257073610754
1329812255655878656
1329813635196063745
1329814015963348997
1329814014285606915
1329815145594331139
1329817036197744642
1329817800911667201
1329819552004272129
1329819555028299776
1329819553681928192
1329819670204067840
1329820432342474754
1329821440951009282
1329822192868102145
1329822191861448704
1329822317698899968
1329823334129811457
1329824081013743616
1329824963818254336
1329824962509557760
1329824965080743936
1329826724205391873
1329826722338938880
1329828113115541504
1329828357807034368
1329828363012165635
1329828361644883971
1329828365851783168
1329829373898235904
1329829617415331840
1329830122224959489
1329830125106466817
1329830123629993985
1329830750431002627
1329831758464892928
1329831756657147904
1329831754815873024
1329832557383397377
1329833266807934976
1329833518529093632
1329834903563763715
1329834905124048896
1329836540533477376
1329836917760815104
1329838049778286593
1329838048780062721
1329838047630770178
1329839436050251776
1329839810614239234
1329839809469194240
1329840817184280576
1329841451568513024
1329841453367840768
1329842210976583680
1329842216789950465
1329842961434112001
1329843712583561217
1329843959774867457
1329844593223819264
1329844591982309377
1329846353350979585
1329846352340152327
1329847360369803264
1329847358885007360
1329848498196418562
1329849253359878145
1329849261425446913
1329849260288876546
1329849259219271680
1329849262469914626
1329849370481623040
1329850380897845248
1329850884201664512
1329850888316354560
1329850887347396608
1329850886168797185
1329850885069934592
1329850890346323969
1329850889473982464
1329851009418420224
1329851008239898624
1329851006910230528
1329851259482820608
1329851512680443905
1329852522069069824
1329853149683752960
1329854656911081472
1329855539895955456
1329856041329192962
1329857297909092352
1329858429943377920
1329859312353566721
1329862754015072260
1329864097790234625
1329864350421590017
1329865983985520640
1329866989024595968
1329867623018815488
1329867621261426689
1329868877841408003
1329868876155293696
1329869255374905345
1329869253495820288
1329869633776611328
1329870513586376704
1329870512235835393
1329870890599759874
1329870889182085120
1329870894462746624
1329870892613058560
1329873786393427969
1329874165810167809
1329874169148764162
1329874167567552513
1329875293121642497
1329875800959578112
1329875799596429313
1329877563037020160
1329877561271148544
1329877561271148544
1329881713283985408
1329883470550614016
1329884733468078081
1329886365509509120
1329888383171137537
1329891778195976192
1329896307750699009
1329897943579521025
1329899580603785217
1329903101919203328
1329907629963894784
1329910654107467776
1329912034054443010
1329912161422852097
1329912159619276800
1329913291712335872
1329913293096435716
1329914555502247936
1329915685984632837
1329915683837132802
1329915687653969920
1329917444056514560
1329917445910380551
1329917448338903042
1329919083328880640
1329920719153623040
1329920722429329409
1329920720894246913
1329922229518254082
1329922227395969024
1329947647080239111
1329954065661325315
1329959850185408513
1329960227983163392
1329961612636090370
1329963248964100103
1329963247433261058
1329963250394431488
1329964885229277192
1329964883928961026
1329964882729394177
1329966395791032321
1329966394658623488
1329966397103820800
1329966775543365633
1329966774121492482
1329976591724683264
1329976589950492672
1329976588104912897
1329998487132413952
1329999868509655041
1329999867536556033
1330001878898249730
1330003010202660865
1330007918905683971
1330007917932601346
1330007916963762177
1330011064742727684
1330011062725275649
1330011069067137025
1330011067729158145
1330011066156216320
1330022133561323520
1330030695943725056
1330032325929873414
1330032328144515076
1330036607676805120
1330036610889605125
1330036609245384704
1330038365442494465
1330038368407851013
1330038366914699265
1330039752758849538
1330040005226590208
1330040003603345409
1330040006958837763
1330040508215930887
1330041766632943619
1330041764883935235
1330041768247750660
1330043275525361672
1330043280130793475
1330043277475766277
1330044787215507458
1330044791174930433
1330044789644005378
1330044792798142465
1330045038408175618
1330045036608753666
1330045035061145602
1330045291861585922
1330045666362593282
1330045670070300672
1330045668501676032
1330046925618499586
1330047303227502592
1330047301667196928
1330047304976445441
1330047678428950529
1330047806598418434
1330047804622991362
1330047810146873349
1330047808288722946
1330048942952812545
1330048941384216577
1330048939802959875
1330049315381927943
1330049313519661056
1330049693183860739
1330050570611281920
1330050568937672704
1330050572498702336
1330050820017065984
1330050833686392832
1330054346151768066
1330054978812194816
1330055354575704064
1330056236289691648
1330056234897199108
1330057744511086592
1330059380851699713
1330060393067245569
1330060394975653888
1330060642825465856
1330065043988377602
1330066306796843008
1330066807386935298
1330066806065811462
1330068317101584387
1330068315704864772
1330069194432532484
1330069951856730112
1330072592997298183
1330074482413801485
1330076117940756480
1330076116456009732
1330077501662621696
1330077499817160704
1330078131051515907
1330078135761702914
1330078134255951874
1330078132825624581
1330078137070329856
1330079513703813122
1330079897553936384
1330079896161357825
1330079898904432641
1330080522236809216
1330080525529255938
1330080524128423936
1330080529929134085
1330080528591106051
1330080527131488258
1330081531939991554
1330081530077700098
1330082154844459008
1330083163507462157
1330083165285838849
1330084549045456900
1330086436536791041
1330086438424154121
1330086814267437057
1330086812581310466
1330087565421056002
1330089080902840322
1330089958850355206
1330089957566918656
1330093108529405954
1330093106880974848
1330093112870506498
1330093111012429824
1330093354663731206
1330095119949848581
1330095997624741888
1330096376475242502
1330097379782119428
1330098011398090753
1330098009967882240
1330099016672169984
1330099899602505734
1330099897861804032
1330100275097559042
1330101158346690562
1330101664930557953
1330102793257033729
1330103171176419328
1330104181609426946
1330104183651971073
1330104430407151619
1330105813780860928
1330105815097872384
1330107198010253316
1330107196852613122
1330108455156396033
1330112230961065988
1330112234442383360
1330112232726933505
1330112237726523397
1330112236157874176
1330112236157874176
1330113863484895235
1330114119152885763
1330114116896366593
1330115752108707842
1330117265015123970
1330117390164750344
1330118013639651329
1330118644781768710
1330118647646461955
1330118646199439360
1330118650368561157
1330118649085095939
1330118771340693517
1330119402830880772
1330120786858930176
1330124314713141249
1330124312892805121
1330126072332103681
1330126325789634560
1330126701184028673
1330127583170736135
1330131235658719237
1330131234182270980
1330131232634646533
1330131238867374082
1330131237399310340
1330131243439108100
1330131241849548801
1330131240566083588
1330131245930598405
1330131244689076226
1330131356622393344
1330132741569060866
1330132739497095172
1330134503684251653
1330135758838128640
1330136386129850386
1330137143562399747
1330137897530503169
1330138653495058434
1330139661147246595
1330139662829105155
1330141044428726273
1330141297760481288
1330141296082685954
1330142934528880647
1330145827596210177
1330147084574609411
1330148218232053763
1330148216504012801
1330148219788144641
1330148972900577284
1330148970455326723
1330148976159567872
1330148974578315273
1330149981525856264
1330150735380705280
1330150738232832009
1330150736773189632
1330150741516963846
1330150739805671424
1330151490246373378
1330152873976532996
1330155264553660416
1330155262838267906
1330155269133832203
1330155267464564739
1330155266021715968
1330155270824194058
1330155391037136896
1330158661189120000
1330159416059039756
1330161303122481154
1330161807709917190
1330161805860155394
1330161812554321920
1330161811145060356
1330161809446285317
1330164701997780994
1330168103758684161
1330168107369975811
1330168105591566336
1330168111853686792
1330168110410772487
1330168108913397760
1330168113137115138
1330168223409561601
1330168855008845830
1330169735460368388
1330169734202003456
1330169984509763584
1330169983167500292
1330172884531163140
1330172882643775490
1330172886271860736
1330174514882367490
1330174513405890565
1330176150547689476
1330176153076834310
1330177914118283273
1330179551117402116
1330181440429039616
1330181438633865220
1330181444958883844
1330181443167932419
1330182318393319428
1330182946486169606
1330182948872740866
1330183579612098560
1330184834313035776
1330184832765349896
1330186341930463235
1330186721049387008
1330186723469488135
1330187601320488961
1330187600049606656
1330188357415165956
1330188358975442947
1330189112381411336
1330189992455442441
1330189990681260037
1330189994162614272
1330190371058495488
1330190751561625603
1330194779523657739
1330195781043818498
1330198424780738560
1330198927015030786
1330198928227184641
1330205093229170689
1330205091668893699
1330205094713962505
1330208239275962368
1330208242329407491
1330208240957870083
1330208247739977731
1330208246431412226
1330208245164761089
1330208243759591424
1330209748541706240
1330209752547270657
1330209751108554754
1330209753801371653
1330211634011385860
1330213020304367616
1330213023051640834
1330213021612978177
1330214402805608450
1330214655118151683
1330216535697350662
1330218050927341573
1330218179579273217
1330218181101834247
1330219311307362306
1330220947534721025
1330225232863485967
1330225980288471043
1330225978719805442
1330226866268024836
1330226864691048462
1330226863172677637
1330228493616091137
1330228497009291264
1330228495251886083
1330228498733133825
1330230261095731200
1330231893833506820
1330231895800557575
1330233534871695360
1330233533152030724
1330233531348488194
1330235168553099271
1330235167085109249
1330235546904489989
1330235550373212160
1330235548716457987
1330236802490314753
1330236799713763331
1330236804197457930
1330238184798777348
1330238183414575106
1330238563783413762
1330238561690509315
1330238565549268994
1330240333045768195
1330241586475773952
1330242842304925699
1330244351054770176
1330249131802157058
1330249129965072394
1330264482745036804
1330264481188995072
1330269642170970112
1330269644368777216
1330271530249572358
1330271532015374345
1330273292993884162
1330273296991055875
1330273295036542976
1330273295036542976
1330274928428527620
1330274926440427521
1330276689801310208
1330276688173871110
1330276691449667592
1330278325047189510
1330278323323351048
1330279959697514498
1330320098452787203
1330346529089937408
1330346527555018756
1330346525734490112
1330346532877389825
1330346531757514752
1330346530432114688
1330346536799236096
1330346535381590016
1330346534118952961
1330346775966851073
1330348285039501313
1330367913270734849
1330370428288712705
1330370432956989440
1330370431233220608
1330370429660250112
1330370437256196096
1330370435708571651
1330370434274123777
1330370438682251265
1330373951642611712
1330379744446205957
1330379742927859715
1330379746065010688
1330382886999109636
1330397234941341697
1330398366006558720
1330398363964092418
1330400129036275712
1330404782868033536
1330407551389872128
1330409815479382016
1330410444415266819
1330411704019283968
1330411705491308544
1330412710652088320
1330412708991098881
1330415225170956288
1330415476233519105
1330416988687007750
1330418762156216321
1330419001302917120
1330419125110386696
1330419695225278474
1330420762675580928
1330420760612114432
1330423155341619201
1330424920501837827
1330424919260323840
1330425321213063168
1330427684288163841
1330428438499512320
1330428814405451776
1330435233913704450
1330435232336551936
1330436874368913408
1330437496124018688
1330438636333133824
1330441901363740672
1330441899870740481
1330443539256381445
1330447440479186945
1330447438033936385
1330447443834572800
1330447442303545345
1330447448184066050
1330447446741188608
1330447445470310401
1330447452030312449
1330447450901909504
1330447449597493254
1330448069071028224
1330448949761642501
1330448952215310336
1330448950999060480
1330449578730999809
1330450585573847042
1330450587083821056
1330452224045051904
1330453856568819713
1330453859504959492
1330453857827123200
1330454608888651777
1330455618369490946
1330455616955944961
1330458763237740548
1330461150945767429
1330461153223450625
1330461151931420673
1330462283881967619
1330462285270196225
1330462663323824130
1330462662053023744
1330464049243566081
1330464047532302338
1330464053865562114
1330464052351442945
1330464050866778113
1330465935812157443
1330465934365044737
1330466691176775680
1330468200723582977
1330468687967522816
1330469582063235073
1330473610113208320
1330474241305690113
1330474239821029376
1330474245659402240
1330474244153761793
1330474242635411466
1330474249383972869
1330474248113033216
1330474246942957568
1330474251875463169
1330474250726096896
1330474865200037888
1330475750990909441
1330475749942452226
1330475753402552320
1330475752140267522
1330476251513982977
1330480662630064129
1330480665435860992
1330480664093675520
1330482042446856192
1330482044938416132
1330482043638214656
1330482420496338948
1330482421872017409
1330483429075509251
1330484307987632128
1330484306465214464
1330484309237653505
1330485941283090438
1330490225965953024
1330490224409931777
1330490222803644419
1330490229845843968
1330490227991998471
1330490234925174785
1330490233545080833
1330490232584564736
1330490231389376512
1330490236321742849
1330491225359597568
1330492113268715523
1330492111901270016
1330492110630514688
1330492117387333632
1330492116196151296
1330492114845782017
1330492122340978694
1330492121061728258
1330492119828619266
1330492118641610753
1330495379318607874
1330499154783584258
1330499153609289733
1330507336499150848
1330507837915754503
1330507836372242435
1330511431842885636
1330512366988001280
1330530611900026880
1330531246355582976
1330531244988272640
1330531250692444162
1330531249442570241
1330531247995506689
1330531254861582336
1330531253670522880
1330531252118708224
1330531257516605440
1330531256145207299
1330531996607655942
1330531998264406018
1330532629737717760
1330532628613660673
1330532627380580354
1330532634515140611
1330532633252679683
1330532632040357888
1330532631063134210
1330532638269067264
1330532636947750912
1330532635815399429
1330533503566397440
1330534140152836105
1330534138764353537
1330534138764353537
1330534137258708995
1330534145085366272
1330534143755755520
1330534142581170177
1330534141457100800
1330534148080095235
1330534146658144260
1330534149455818753
1330535393851281411
1330535645559754752
1330536023835623425
1330537407993810947
1330538793598763008
1330538917167296514
1330538915929882624
1330538914881290240
1330540930089234437
1330542939639046145
1330544705386422272
1330562195072040960
1330565716274159617
1330568361676218368
1330569744169111555
1330570875637121024
1330573518799478788
1330575028744687616
1330576544037629952
1330578300784185344
1330579560006524928
1330579564431433731
1330579562971840512
1330579561717743616
1330579568529313793
1330579567245885440
1330579565857579009
1330579572492881920
1330579571352059905
1330579569892442114
1330579938471071744
1330579936210341888
1330580060835778561
1330580561828560897
1330580940158996480
1330580944147812352
1330580943212449793
1330580942193192968
1330580941148831744
1330580948853788672
1330580947834609666
1330580946748280834
1330580945271812096
1330580949780688897
1330581573335281665
1330581571603034112
1330581570269241349
1330581951611248642
1330582580027015170
1330582578668027905
1330582584166805504
1330582582904328193
1330582581490769922
1330582588872818688
1330582587853611008
1330582586687512576
1330582585353801729
1330582590013669376
1330583205544558592
1330583204458164225
1330583209633927168
1330583208069500929
1330583206593060864
1330584214564085760
1330584592328187905
1330584970276966400
1330584969136115712
1330584967873667073
1330586984885043201
1330586987846279169
1330586986541768705
1330588745372876800
1330588743531601920
1330588746849239040
1330590381977653249
1330590380048359424
1330590378311860224
1330591889796472832
1330593905247600641
1330595666322542594
1330595664695160832
1330595667882909696
1330597428253233152
1330597429763137536
1330599063201320960
1330599061943009280
1330599064640102400
1330600825144545280
1330600824020508673
1330600822745403392
1330611890586857472
1330618061095723008
1330633165619171329
1330633289271427073
1330633288227012609
1330633287157510149
1330633293683802112
1330633292656173058
1330633291464990722
1330633290315821056
1330633295751569408
1330633294728228864
1330634802349830144
1330634800873435136
1330636309224833024
1330636312240549891
1330636310759915520
1330637944986554368
1330637943237537793
1330637946836291585
1330639580521918465
1330639579272003585
1330639577883676673
1330641216359124993
1330641214752780288
1330641213213478913
1330642976511389697
1330644869409193984
1330644868020850689
1330644866716450816
1330647886040682496
1330647887173152768
1330649770008801280
1330658707403751427
1330658711270932480
1330658710331424768
1330658709400272897
1330658708439793664
1330662100998389761
1330667140764946432
1330667139427037187
1330673552983396355
1330676828562833408
1330676827430346753
1330678461904523267
1330678463649353730
1330683619946348544
1330685009619865600
1330685007774380033
1330685013705199616
1330685012467875840
1330685011154980864
1330685015940763655
1330685014850211840
1330688526954897409
1330692935990448128
1330692934732107777
1330722777637253122
1330727285385613313
1330730048991608832
1330744143551729666
1330749803911757825
1330751691034017793
1330751695098286081
1330751693881917441
1330751692493574145
1330751698520793089
1330751697178673153
1330751699934273537
1330756852506710016
1330758244516712448
1330761886552387585
1330762262982782976
1330764780835991553
1330764778046775301
1330765157820104704
1330767670099156993
1330769055561596931
1330769057016991746
1330770195728592896
1330770194612903937
1330770192981401600
1330770200359100416
1330770198836592640
1330770197817434113
1330770196814970880
1330770201470615552
1330770316663033856
1330770443012239360
1330770445516173316
1330770444291436547
1330772083110866948
1330772081739350016
1330772080464257037
1330772084335681536
1330772328582529024
1330773715064221699
1330773713701068801
1330773716108644353
1330775603004329984
1330777110277885960
1330777110277885960
1330778373455446016
1330778371744120835
1330778379239321602
1330778377586761729
1330778375602851842
1330778383702134784
1330778382527696896
1330778380812259329
1330779877327347714
1330780383177162754
1330780381633646592
1330780384682864641
1330781394386046976
1330781393073258502
1330781391668224005
1330781893256564739
1330781897111207939
1330782774668627969
1330782773666140161
1330782775796920320
1330783529173618694
1330783530805182464
1330785166852145158
1330786045563072513
1330786047827927042
1330786046871625728
1330789317749272577
1330789316566556674
1330790572601139201
1330790951145533440
1330792587364507648
1330793344054697984
1330793342985125890
1330795357538721799
1330795356385288192
1330795358780153857
1330795860595130368
1330796239084896262
1330797119263805449
1330797120719228928
1330797243687862274
1330797496113586178
1330797494779879424
1330797497350905857
1330799005761118209
1330799010076999681
1330799008684511232
1330799007145238528
1330799013839269891
1330799012547420160
1330799887420518403
1330799888808853505
1330800267323867136
1330800517002326016
1330800515035262980
1330802277808959495
1330802279956451328
1330803787745804288
1330803792581824515
1330803791168380928
1330803789524127746
1330803788655955968
1330804039592787970
1330804042595926018
1330804041136234497
1330805554072018948
1330805675925020674
1330805674687676416
1330805673311911937
1330807062117240833
1330807311166652416
1330808695089872897
1330809199496896513
1330809574736027648
1330810712986271745
1330810711358926850
1330810709437923328
1330811088502308866
1330811967066390528
1330811970472214529
1330811969398444033
1330811968286978049
1330812470198292486
1330812471242756101
1330813600961753091
1330813980646883330
1330813978746916871
1330813982328774656
1330814355894517760
1330815113436164096
1330816744416370688
1330817251109310465
1330817249834221568
1330818002787340288
1330818003856855040
1330819143851917314
1330819146825646081
1330819145416335360
1330819516826152960
1330819517891497985
1330821026540781568
1330821025458651136
1330821027690016770
1330822157757124609
1330822156234571776
1330822532937568260
1330824169924091904
1330824926689775616
1330824928526954496
1330825807548141568
1330825806025637888
1330828825723191298
1330828824649498624
1330830342387761155
1330830341406289921
1330830340550660097
1330830339153924101
1330831595008258048
1330831981425278980
1330831979793694721
1330833103640694784
1330833605094907907
1330834487932981249
1330834994026057735
1330834992289652736
1330834990863589378
1330835117200207875
1330835873726795777
1330838269693607938
1330838268124958723
1330838266598150144
1330838512644497410
1330839649598668800
1330839648545849344
1330841163570454533
1330841162328883201
1330841160802205698
1330841164820332545
1330842919217946627
1330843803230425089
1330844556170969091
1330844553520107528
1330845566394195968
1330845819143032837
1330846192327036929
1330846197121093632
1330846196001243139
1330846194646491136
1330846193463660545
1330846199415332864
1330846198383611907
1330846820864430082
1330847328186449920
1330848834944081920
1330848832599379968
1330848957233197056
1330850470223433729
1330850468931665922
1330850595431800834
1330852362731196417
1330852361066016768
1330852359359008768
1330852366317285377
1330852364635410434
1330852371010732038
1330852369882497027
1330852368661901312
1330852367562989568
1330852372092833794
1330853488247468033
1330853993472352256
1330853995829551105
1330855633097146368
1330855631402672128
1330855638558146561
1330855636058345472
1330855634493874178
1330857265616719874
1330857264035491840
1330857267004985349
1330857894238060545
1330858271830204416
1330858274057379840
1330858272891367424
1330858909351907331
1330858908080979968
1330859278861668352
1330860157832630273
1330860662101209088
1330860660511580161
1330860659282612225
1330860663447511042
1330861793195954178
1330862046217289729
1330862044875157509
1330862431149592577
1330863430312443906
1330864059646758916
1330864059646758916
1330864058422095875
1330864060892471298
1330864559687495687
1330864561151361024
1330864936214401031
1330865699095420928
1330865702496976897
1330865700940877824
1330867331635892225
1330867330344054784
1330868966454042625
1330868964872765443
1330870727180832770
1330871106949894144
1330871105578418176
1330871111102341122
1330871110108282881
1330871108942274566
1330871107952340992
1330871115082727424
1330871113971159045
1330871113056804865
1330871112092114944
1330871230321225730
1330872744917889024
1330872743345045507
1330872995351445506
1330873620999020545
1330874126546870272
1330874129298321410
1330874128258088964
1330874885262901248
1330874884298211330
1330876390518915073
1330876392943144960
1330878782140416000
1330878784183013376
1330879285117165569
1330879788567805952
1330880541999075329
1330881050684231685
1330885199299657730
1330886833450872832
1330887593488121861
1330887970157514754
1330888470923943942
1330888472433815553
1330890362655674372
1330890361233829888
1330890364174012416
1330890734111604745
1330890733125943296
1330892377662259202
1330893629188018179
1330894384670277633
1330895139821129729
1330895141268189186
1330896268592246784
1330896270689329154
1330896269775028229
1330896524784537603
1330897781507035136
1330897780206829571
1330899165522509824
1330900928518524935
1330901050325299202
1330902190328737793
1330902188789432321
1330902187489124352
1330902948092596224
1330903317984071680
1330903316956516352
1330903822043004928
1330903820847575040
1330903819366985729
1330903826564464641
1330903825427795968
1330903824232431617
1330903823137730561
1330903828879740929
1330903827780812802
1330906841459527680
1330906840067043330
1330906838636797958
1330907979449737217
1330908603646058496
1330908605306916865
1330909484852551680
1330909483510374401
1330910364712615937
1330910363303387146
1330910362095403013
1330912127184379908
1330912125418541056
1330912128392339475
1330913888301248513
1330913886166388745
1330915398036799491
1330915396786896896
1330915399437697036
1330915778753806336
1330915777466142727
1330916151346401280
1330916531706839043
1330917037971914756
1330917039532195848
1330918552178573320
1330918550295330823
1330919219115028484
1330920431402897408
1330920813483106304
1330920812027604992
1330922442982793216
1330923955272646656
1330923958758035457
1330923957793406976
1330923956514144258
1330925461908582402
1330925588899512321
1330926810167644171
1330926846628663296
1330928987288133637
1330928990823956484
1330928989385281536
1330929493247107072
1330929615859118081
1330929742199934976
1330930497808068608
1330930496553975808
1330931126739734533
1330931129201790982
1330933893583626241
1330935279541133313
1330935278182121473
1330935283349536771
1330935282326147073
1330935280954707969
1330935284347768833
1330941822466625537
1330941821384486912
1330942449074638848
1330942575671316480
1330943455221092354
1330945093533007872
1330945096318029824
1330945095030325249
1330945720489164800
1330945723991429121
1330946734562832387
1330946733082218497
1330946735896625153
1330948112328785920
1330948745270157312
1330948992964775937
1330950025728430083
1330950763544145921
1330950761807704067
1330951512000925696
1330952391550586882
1330952389973614593
1330954027756974086
1330954026360324096
1330955789385678849
1330955787179487234
1330956541030121472
1330957550817165312
1330957553841233920
1330957552385892353
1330959568797458434
1330959571670614016
1330959570294894592
1330960320223866880
1330960948610310146
1330960950476775424
1330962584363622400
1330962582799171584
1330962581272416256
1330964220620390400
1330964223548002304
1330964222289670144
1330964625077112833
1330966233110380544
1330969125800144897
1330969124638322689
1330973909085163521
1330973907545776128
1330975041417216000
1330981834730078209
1330982212674568193
1330983220322603008
1330983980930265089
1330986870340087809
1330988760746450944
1330990013371191296
1330990138759888896
1330992656084733954
1330994044437102593
1330996431587479552
1330998446157807616
1330998446157807616
1330998445188866048
1330998447357366272
1331001716251082754
1331004610295652352
1331005492349472768
1331005490898243585
1331007381396807680
1331007384555175937
1331008762409226240
1331008760953798657
1331018951787089920
1331018953045336070
1331027005266042880
1331031788072812544
1331033303835557890
1331033302308847616
1331033550078918656
1331034681987350528
1331039216411635712
1331039214985568258
1331041102112063489
1331041100534988801
1331041103944925186
1331042862696284160
1331042864877379584
1331044373090295808
1331044376491950081
1331044374780600322
1331045881928318976
1331045880460242945
1331045884356911106
1331047771114115074
1331047775069368324
1331047773723009024
1331047772489883650
1331047778420629506
1331047777283964929
1331047776101179392
1331047782321295361
1331047780765241344
1331047779762749441
1331047896687411200
1331047895458451456
1331047894355349504
1331048272534798338
1331049410487222272
1331049413498728448
1331049411988733953
1331051041752682497
1331057710947655680
1331057709651611648
1331057715326578688
1331057713627860994
1331057712285638657
1331081239831347201
1331100622779674625
1331100621596880896
1331100623886897152
1331118107293749249
1331120208547876864
1331121254196154368
1331123268221165568
1331123271488606209
1331123269886373890
1331123770958856194
1331123769792815111
1331123773500661764
1331123772330364928
1331124401035636737
1331124402533007361
1331124903085424640
1331124906134622208
1331124904729591811
1331125028738404353
1331125281562652672
1331125280593780736
1331125279427760128
1331126287868391425
1331126286777892864
1331126285402161152
1331126539505659912
1331126538171891713
1331126541435080704
1331126540508119041
1331126917760577538
1331126921028014082
1331126919220260866
1331126922416308224
1331127924162904064
1331127922468405248
1331127921168117760
1331128682581159942
1331128685634539522
1331128684200161285
1331129685367930881
1331130188814446593
1331130193449160704
1331130191695867906
1331130190232109056
1331131824395882497
1331131826648215552
1331131825637392386
1331132199752454144
1331133586494328832
1331133585001091072
1331133588251627522
1331134717421207554
1331134716133605376
1331134845154574336
1331135096292720640
1331135095005057025
1331135723353718784
1331137990521810949
1331137988818976772
1331137994703527936
1331137993411764224
1331137991926943745
1331138113909846016
1331139751424888833
1331141513284255744
1331141517772156930
1331141516169863173
1331141514798399491
1331142896733495298
1331142895722659841
1331143273998544898
1331143276716408832
1331143275592306688
1331144912650129410
1331144911425470465
1331146041819762688
1331146040565633031
1331148432954703872
1331149813958602752
1331150192687546368
1331150698545758208
1331150697467789313
1331151075789860866
1331152333443481602
1331153593110392832
1331153591717961730
1331154974940618752
1331155228939337730
1331155227676790792
1331155226628218882
1331155608158945282
1331156991587217411
1331157619713605632
1331157742610915328
1331158500676829186
1331159253889863680
1331159252862332929
1331160512801820674
1331160511841398784
1331160515297460224
1331161775648063488
1331161774226251777
1331161772850495489
1331161777002856448
1331162409306791938
1331162411353554946
1331163159734849537
1331163158480789504
1331163914843820034
1331163913308696576
1331164792308989952
1331164791063289857
1331164793504292865
1331165547292020736
1331167437866237952
1331167435232145410
1331167440080781314
1331167811666776064
1331167810563686400
1331167815651377153
1331167814447558656
1331167813235404800
1331167818000154625
1331167816662216704
1331169070067007488
1331169068779413504
1331169067462402054
1331169445759262721
1331170956807524352
1331170959982698500
1331170958598496256
1331172467033870339
1331172471974883328
1331172470397698048
1331172468984143872
1331172475950927873
1331172474759778304
1331172473576980487
1331172719551864832
1331172718071357442
1331172716242628611
1331174236937875457
1331174235369193474
1331174234085683200
1331174239420833795
1331174238242230277
1331174238242230277
1331175738813210624
1331175741568942083
1331175740239343616
1331177373601992705
1331177372259819520
1331177378811285504
1331177377838161921
1331177376563175425
1331177375569125377
1331178883979247619
1331178887666044928
1331178886462283781
1331178885229121536
1331179261131014145
1331180521037070337
1331181523307884545
1331181776438366209
1331182536001691648
1331182534512705536
1331182538623074306
1331183918016458753
1331183921883541504
1331183920721772544
1331183919383728128
1331183925356490755
1331183923372511238
1331184043841384448
1331185553157488641
1331185809865674752
1331185811404976131
1331187067716390913
1331187066000928769
1331187064138657792
1331187069519941633
1331187190076895234
1331187315373326336
1331187317692723200
1331188447516655618
1331188449655758849
1331188448535822336
1331188700860932096
1331190206758752256
1331190716408578050
1331190718954573825
1331190717645955072
1331191465960116224
1331191844915482625
1331191843309060098
1331191841757163522
1331191846211514368
1331192406675492869
1331192851523223552
1331193353501765634
1331193359214419975
1331193357708582912
1331193355816955904
1331194112410746881
1331194110993080320
1331194612015271941
1331197888857214977
1331198261865050115
1331199772179398658
1331199771214712832
1331199769947951104
1331199776088473600
1331199774700158976
1331199773290840065
1331201407408476160
1331201406120857600
1331201408717135877
1331202666395910144
1331202664579825665
1331202663296364544
1331206818807173122
1331207573555462208
1331207572540379137
1331207698239561731
1331208074221088769
1331208454204059652
1331208455529529344
1331208958153900033
1331208959609303041
1331209209967308802
1331210724132102146
1331214745987256321
1331215756122472450
1331215754725904384
1331215760190959616
1331215758823542784
1331215757452054532
1331216380381655040
1331216379266043910
1331217136707014658
1331217135557754882
1331217384909094912
1331219027969024000
1331219026379378688
1331220285102583808
1331220534424608768
1331220532797214720
1331221546287865860
1331222170249306113
1331222168819011585
1331223301851541506
1331223305190162435
1331223303365660681
1331224809477324805
1331225441768673282
1331225440468418560
1331225818865930243
1331225820250062851
1331226574687879175
1331226951109935104
1331226950140977153
1331226949084008448
1331227200842911745
1331228209485017088
1331228211204616194
1331229971369496576
1331229970337722370
1331229969108746243
1331230094585597952
1331230975578103816
1331231606866989056
1331231605386485760
1331231603842969602
1331233364704075777
1331233368323702785
1331233366780243968
1331233372723527682
1331233371217752067
1331233369728794625
1331235129528729605
1331235132821233666
1331235130845712384
1331236210212265986
1331236895884341253
1331236894596681728
1331236899994836993
1331236898652655619
1331236897163677696
1331237903066820612
1331239406066298880
1331239657703555073
1331239913468129287
1331241547166203904
1331243053755944965
1331245701276213249
1331246467558776832
1331246470649974784
1331246469093855232
1331248338746945536
1331249477630365696
1331249475982123020
1331250734046662657
1331255639817875456
1331255643290824705
1331255641625686017
1331256021252145152
1331260045472919554
1331260296502026240
1331262181170561026
1331263946016231429
1331265579295010819
1331265836133216258
1331267852616179713
1331269481260146688
1331269483810308099
1331269482518441986
1331270358570213376
1331271121723801600
1331271119958011905
1331271240074498049
1331271998039752705
1331271999038001158
1331272753215803392
1331272751810711553
1331272755069681666
1331273505443250176
1331274136501456896
1331274766938906624
1331274765378547713
1331274768910229506
1331276653696151552
1331276652295274496
1331276656980361217
1331276655600357377
1331278415857553408
1331278413768736769
1331280051652816897
1331280050566545408
1331280049371136007
1331280052789526537
1331280680647442434
1331280679372353538
1331281686940635136
1331281690904260609
1331281690904260609
1331281689260171264
1331281934681473030
1331281935977435136
1331283196634300416
1331284832232476673
1331284830999384067
1331288354378313729
1331290744703705091
1331292003552804864
1331292002348982272
1331293263471411200
1331293764560719877
1331296155431407617
1331296665311932417
1331296664183738369
1331296668784857088
1331296667715260417
1331296666629021696
1331296671137898496
1331296669908930560
1331298166612709377
1331298169364234240
1331298168080719872
1331298292009877525
1331298796920180742
1331300054880055297
1331301315352301569
1331301318762270727
1331301317201907712
1331303831854989312
1331304462300811265
1331304460870590464
1331304464934813698
1331304463689158656
1331305720558415872
1331307356685168641
1331307358111162368
1331308995643015169
1331308994107871232
1331309369384857600
1331309367438704640
1331310250763329536
1331310251702841344
1331310633699086338
1331312893757833223
1331313648623525888
1331314276703715329
1331315537851269122
1331317178293882880
1331317180474953728
1331318810469548032
1331318809139974144
1331318807600644096
1331320442544549888
1331320446239686656
1331320444138373121
1331321071212003328
1331321073682432000
1331321072608657408
1331322077517733889
1331322076204974080
1331322074585939968
1331322707124781056
1331322710350123009
1331322708726931456
1331323725430411265
1331323723870208007
1331325223631605761
1331325227385581571
1331325225401630720
1331327111747887105
1331327114532978688
1331327113215918080
1331327748090937345
1331327746216062976
1331329375459889153
1331331137310924800
1331332146183557120
1331333652731445249
1331335294918877184
1331336927639859201
1331338182823088128
1331339818899435520
1331341204106006528
1331341205288800257
1331342843504259072
1331344226215313408
1331353784283406337
1331354163070988289
1331360833692082177
1331362469785133057
1331362468111675392
1331362471383162880
1331363727027830784
1331363725668798469
1331364106385772544
1331365491785355264
1331365490304827393
1331365739366739968
1331367124858671105
1331367506905243648
1331367505323909122
1331367508234760192
1331368886336307200
1331368884566257664
1331370395530715137
1331370394217955328
1331372160774938629
1331372159185260545
1331380461264797696
1331388263139999744
1331388261755879425
1331390025771073536
1331390027931107329
1331390026886770689
1331395062568108032
1331395061431508993
1331395066074595329
1331395064795258880
1331403991855427589
1331403995143839744
1331403993692606465
1331404245128466432
1331404243748614147
1331404246223257601
1331405753098268672
1331407266629570562
1331409026647683072
1331409025112571904
1331409028295974914
1331410535888216064
1331410539298258944
1331410537549217794
1331412300729774080
1331412299303645187
1331415066197979136
1331415065115803650
1331415063928860673
1331415070526431232
1331415069494689793
1331415068420915200
1331415067313676290
1331415073693212672
1331415072623640580
1331415071541530624
1331415817834041344
1331417203875459074
1331418462548226048
1331437212156608513
1331437210726400000
1331437215038152704
1331437213813403649
1331437219739930624
1331437218301321217
1331437216787091456
1331439602121392130
1331442873795895299
1331442876480253952
1331442875242987521
1331444635693064193
1331462751999332352
1331463130019287040
1331463136424071169
1331463135266390018
1331463133529968640
1331464641852047360
1331465650405969920
1331469674106691586
1331475969824026625
1331481627252297728
1331483015357325312
1331483139789582336
1331483141203103747
1331485907262730240
1331485909720518657
1331485908445450240
1331486408058433537
1331486914633814018
1331486913572663296
1331487546652590081
1331487544916152320
1331487548615450625
1331488424365178880
1331488423232770048
1331489435066585088
1331489433711874048
1331489432189353984
1331489436387864577
1331489805121638400
1331491065862508544
1331491068903260161
1331491067447840769
1331491190173175808
1331491444427694084
1331491443291029504
1331492576784879617
1331492579804803073
1331492578282278912
1331492581822263297
1331493079950344193
1331493078687834113
1331493077437956096
1331493077437956096
1331493084136304642
1331493082781478913
1331493081317658627
1331493088640974850
1331493087328096256
1331493085566488576
1331493090033496065
1331493205938868229
1331493204781264898
1331493833406726145
1331494087086669825
1331494090534371328
1331494088877568000
1331495093535088641
1331495092331323394
1331495090791956480
1331495970127822850
1331495972745093122
1331495971482570752
1331496481199587329
1331496479836446720
1331496478183804930
1331496484815007744
1331496483510775815
1331496482373996546
1331496603396435968
1331497109292417024
1331497107685949440
1331497857807892480
1331498490229231616
1331498489155522563
1331498491315535873
1331499496656625664
1331499495469711360
1331499497814257665
1331500126351683584
1331501131998978048
1331501760687403008
1331501886222917634
1331503145680216066
1331503144438697984
1331503653258051584
1331503651693608962
1331503650179407872
1331504408228548610
1331504407364550656
1331504405934313473
1331504413534347265
1331504412301303809
1331504411164610560
1331504409541369856
1331504414717222912
1331504782050086918
1331504783534874624
1331505159671668736
1331505158111412225
1331505156895043585
1331505789131866112
1331506177478328320
1331506793793478656
1331506792568786946
1331507297034465280
1331507801630199809
1331507800644624385
1331507799528882176
1331508554570768384
1331509190439755777
1331510440497606658
1331512079505756160
1331512078490771457
1331513082741342208
1331514722206711808
1331515351285153792
1331515350198804480
1331515602314268672
1331516105400098816
1331517109516390407
1331519881322237954
1331520254980157450
1331520257308176386
1331521265505501192
1331521264167518210
1331521514747830272
1331522396491186176
1331522395539050497
1331523529892716544
1331523534040879105
1331523532669415424
1331523531318784004
1331523536893054978
1331523535412420609
1331523657110151168
1331524540111831043
1331525041440190473
1331525162265526273
1331526172262367232
1331526171230552067
1331526423694036992
1331526422662246401
1331526549472874496
1331527808162545669
1331527809731162112
1331528315794989056
1331528314213736448
1331528319922126848
1331528318772944896
1331528317300740098
1331529190080872448
1331529444725428224
1331529442754060295
1331529446050783232
1331531205120983040
1331531204022083586
1331531202835013633
1331533096424857601
1331533094982017024
1331535111095894016
1331535109086875649
1331535115235717121
1331535114229084161
1331535112710680576
1331536363783475201
1331536740767592449
1331536739513507849
1331537749761953799
1331537748252008448
1331538377053675520
1331538379406667778
1331539258767679489
1331539257442201600
1331539261997215747
1331539261007351808
1331539259832995840
1331539892686372865
1331539891188973568
1331539889788051462
1331540769484640256
1331541905088282627
1331541908443725828
1331541906933772291
1331542660478238722
1331542659194707969
1331542657215021062
1331542662038446081
1331542906952318976
1331542905769447431
1331543285953822722
1331543284804505601
1331543913740464130
1331544920562094085
1331544919215800326
1331544922147540992
1331545798161571840
1331546809223630850
1331546808032477184
1331546806631636992
1331546911749312513
1331547564307480578
1331548444209496064
1331548442842185728
1331548445522366465
1331550210133168129
1331550208514146306
1331550206970630144
1331550583602331650
1331550964474552322
1331551461310775297
1331551842627555328
1331551841578979332
1331551840165535747
1331551966401478658
1331553349506793474
1331553729431048192
1331553728197902336
1331553730668285952
1331553981491908608
1331553985107435522
1331553983513600000
1331554737108336641
1331555491193896961
1331555492397686790
1331556120297521154
1331556119072833537
1331556749728382976
1331556748507840512
1331556747299803136
1331558510597865475
1331558511889633282
1331560019838451714
1331561278918180865
1331561529737547776
1331562663097241601
1331563919379374080
1331564549661573122
1331564547631509509
1331566060437323777
1331566065042694146
1331566063755034624
1331566062450614273
1331566062450614273
1331566068993691648
1331566067789881347
1331566066523275265
1331566071376089089
1331566070272966659
1331566689566113793
1331567693133094913
1331568954892984321
1331569336163602432
1331569334649462785
1331570210814324739
1331570209895763971
1331570841931243521
1331571974271684610
1331573111314141184
1331573857505853440
1331573862090194945
1331573860668325895
1331573859221323777
1331573865412128770
1331573863646281728
1331573867140136961
1331575496643997696
1331578770054991872
1331578768868065280
1331578772001153025
1331580410367602689
1331580656506130441
1331580660079751168
1331580658255216642
1331581919453057030
1331581920925282310
1331582422689804290
1331582421171531778
1331582419741278208
1331583172979560451
1331583550794080257
1331584179088228355
1331584176995278850
1331584941184880646
1331585058663145473
1331585816771010561
1331586317524762630
1331587706770518017
1331587711661031428
1331587710436327424
1331587708888645634
1331587712898400256
1331588205813002242
1331589217340669954
1331589215742697473
1331590723070611456
1331591985392541696
1331592359134461954
1331592357624438790
1331592360560508931
1331593241825734656
1331595124812386307
1331595379222011905
1331595382099361792
1331595380526518272
1331597140632559622
1331597139303047168
1331597142230593538
1331598147290755074
1331598150105063425
1331598148905537538
1331598398181449728
1331598902437445634
1331598905037885440
1331598903775432704
1331599535022346243
1331599533537591297
1331599537773789191
1331599536502915074
1331601166904356864
1331601168317902848
1331602047662125057
1331602554451464192
1331602553218375681
1331603806962946050
1331604061188026371
1331604065583710208
1331604064296046594
1331604062614089729
1331605319877763074
1331605696173940737
1331606584053567488
1331607343209934848
1331607341968486401
1331607835122167813
1331607833767337986
1331608086725812225
1331609719639662593
1331610476984188928
1331613332646879232
1331613630110986244
1331615138357551104
1331615136969224194
1331615142551797767
1331615141188620294
1331615139796115457
1331616644016132098
1331617904056434689
1331619283844022274
1331619716515946503
1331621802599092227
1331621801600827397
1331622808665800705
1331622811832520704
1331622810490290183
1331623310816284673
1331623309557972997
1331624444440154113
1331624820962856960
1331626080571068416
1331626081976127489
1331626207301955587
1331627844397453312
1331629101115850757
1331631112813043714
1331631111621906433
1331631237501358082
1331633377003204609
1331634012540915712
1331634010968080385
1331635774790397952
1331635777965412352
1331635776543547394
1331636021285425153
1331637405728735232
1331637409478365191
1331637408383733761
1331637407125442560
1331637531310321665
1331639171677446145
1331639170587004929
1331639169500626946
1331639168380796928
1331640555613212672
1331640554292006915
1331640552991850502
1331640929082478597
1331640927530565635
1331640926066774017
1331642187465908224
1331642312514912257
1331642569030176768
1331642570619768832
1331643193662734336
1331643192630935553
1331644200039813120
1331644198634700800
1331644201423892481
1331644584938520577
1331644583697022977
1331645837391196163
1331647095070048257
1331647097364389888
1331647096227647488
1331648730353729536
1331648729351241730
1331648728407498753
1331649484107878403
1331649609261752320
1331649988946845697
1331650366501318658
1331650365209538560
1331650370204962818
1331650369005314049
1331650367835103233
1331650371719106561
1331651247095508992
1331651997733318656
1331652504510111745
1331653886679998464
1331655147513016320
1331656406127177728
1331656783593496576
1331656782578556935
1331657789429620738
1331659433512894464
1331660556449681409
1331661564722647042
1331661563674050563
1331661562461921280
1331663074638528512
1331666470082801664
1331667224881348609
1331667743297269761
1331667742206816257
1331667741145669632
1331667739916656641
1331667746640207872
1331667745465724928
1331667744329146368
1331667854324682752
1331667853158715392
1331667853158715392
1331668860022374403
1331669368501989376
1331669367411535872
1331670245560356864
1331674100209750023
1331674148343484417
1331674149543051264
1331676039228092417
1331676040771506178
1331677164941426688
1331677168951123970
1331677419531509761
1331677420529750016
1331678425107468288
1331678552857534464
1331679432457609217
1331679810695753729
1331679812251836416
1331681322876563457
1331681321429520384
1331681326139785216
1331682200920621056
1331682201973313538
1331682452104904704
1331682450813063169
1331682829403529216
1331682831089582080
1331683836414078979
1331684591539634176
1331685220613951488
1331685219431182336
1331685602371067904
1331685600999600129
1331685605428711428
1331685603906256897
1331686227913805824
1331686226647162880
1331686477709754369
1331687733626957826
1331687735241830400
1331689245539332096
1331689372328939520
1331689375869005824
1331689373973110785
1331690503859970049
1331693776901865473
1331693775798759425
1331693774553063424
1331693778009157633
1331694659505057797
1331697173575057408
1331697172098686976
1331698810821644288
1331706231463952384
1331708246873104385
1331708248437649408
1331708747723333633
1331709629827403777
1331711267656978432
1331714288784863233
1331714293402726400
1331715923330285568
1331720327387176960
1331720330973364226
1331720332747497472
1331721837001146368
1331721838682992640
1331723472838426625
1331723475178778624
1331723473811456003
1331724731469373445
1331725112723210240
1331725111364239361
1331725109845843969
1331726367180742656
1331726744743677952
1331726747071442944
1331726745972609024
1331728384183832576
1331728387451232258
1331728385903476736
1331730019886854145
1331730018179846146
1331730017064128512
1331730021208137728
1331731652242857986
1331731650821070849
1331731649512439810
1331733286855401472
1331733285068673025
