1253081144792416257
1253083480063344640
1253089084865724417
1253095180162478080
1253095183253745665
1253096523954610176
1253102267848437760
1253102273229721600
1253102278061555714
1253108265728294914
1253108271302483969
1253110122693492737
1253121577945833472
1253121617795985409
1253133098872692736
1253135178010177538
1253146076527210496
1253148458908889088
1253148464613072896
1253148467624644609
1253157842686824448
1253160814946762752
1253167907741319170
1253167913542049792
1253179142750814209
1253180227410374661
1253180233152450560
1253182846983864321
1253191819325771777
1253192910809563137
1253192913229688832
1253194974151262209
1253199205142855680
1253206224272793606
1253208249811243008
1253210983843184640
1253211772607008768
1253213480632664064
1253213485795807232
1253213836565295106
1253214366767480833
1253215713915015168
1253218696312557569
1253220710895493121
1253220717845495814
1253224144604483584
1253228214916460550
1253228222516510721
1253228228795383808
1253228234923261952
1253228241713840128
1253231542723321858
1253232140147240960
1253234028351754240
1253235192690544640
1253235198919147520
1253238807102722049
1253241212800307201
1253241951786340352
1253241956823642113
1253241962863505408
1253243587212513281
1253245696779616259
1253247742362648576
1253248646633619457
1253250909590761472
1253253129593925632
1253254493074001927
1253254498665062402
1253257124731392001
1253258310305882113
1253260436465758208
1253261186617008128
1253261192421879808
1253261198428078080
1253261204174319616
1253262820419960833
1253263624468135936
1253266072985370626
1253268569275719685
1253268698061844481
1253268701459156992
1253268710233604096
1253268707352215552
1253268716218994691
1253270529265598466
1253271028366823424
1253274831174488065
1253274837105115137
1253277312034000897
1253280047017967616
1253285221363003392
1253287703803768832
1253288635614535680
1253288640555495424
1253290249507287042
1253292140224004096
1253292539630645249
1253294269009465344
1253295158906552321
1253296680168022016
1253298768218394625
1253299427974012930
1253300749968330753
1253302314066206720
1253304285648973830
1253305517184888833
1253307327551332360
1253309396811157505
1253311471846674439
1253313322348396544
1253313517941403649
1253313515399655425
1253313523029102594
1253313552892526592
1253313557208408066
1253315325455667202
1253317848471986179
1253320087404077057
1253320678679314435
1253323633277059073
1253326176220614657
1253326257988816896
1253328899297034242
1253331611703107584
1253331754217164816
1253331763331362821
1253331760282136579
1253334190348627975
1253336727009161219
1253345771023409153
1253345774806675457
1253345780058009600
1253345784675946496
1253345789184815105
1253345795228737536
1253345799825698816
1253351384109535232
1253351386919698432
1253351392426758145
1253351389411016706
1253354024843296769
1253356656357974017
1253356957697806337
1253356957697806337
1253356963515248641
1253356968661614592
1253359479619452928
1253361205953138692
1253361211510530056
1253363784204288000
1253365713043144704
1253365718541897731
1253368294054256640
1253369940188463111
1253370326144204801
1253370323094982656
1253372614518726656
1253375189758468098
1253375198906273793
1253375196284833798
1253380193047269377
1253380197946216453
1253380203717562370
1253380208968769537
1253380213427318784
1253382897052106752
1253385676306989057
1253388157745315840
1253390730883727360
1253392048109084673
1253392053326807041
1253395724844306438
1253397195849633797
1253397201763647496
1253397207727968259
1253397204724781058
1253399454906028032
1253402039717109762
1253402045039722508
1253402938329968642
1253404674222424065
1253407196676861952
1253409671387348992
1253411647927934976
1253412914402230272
1253412921079500801
1253412927467483138
1253415166982516738
1253417275756929031
1253419365413777410
1253421454739140608
1253423627392802817
1253424505113833474
1253425516255653888
1253427776830369792
1253430009928093710
1253432251339042817
1253434465189158914
1253437302535323654
1253439595729039360
1253441583661355009
1253441590326108161
1253443816117415939
1253446819532738564
1253448512785833989
1253454475932639241
1253460695527690241
1253467388261122049
1253467395039154177
1253467400273616896
1253467405914968069
1253471270915715075
1253474236091502596
1253474659963744257
1253481427582230528
1253495347474829312
1253501366489812993
1253506752873672704
1253513043440435202
1253527109009637384
1253529993050816515
1253529999178678278
1253543439217631232
1253544497457303553
1253548153065873409
1253556429862178817
1253561616412676096
1253561623366766592
1253564885490958336
1253567023872868361
1253569389653307393
1253573852568969216
1253573858344472576
1253573863847464960
1253573869530681349
1253573875457298434
1253573881052434432
1253580443817050112
1253580449366114305
1253580455158349825
1253580461059854336
1253584004701356032
1253586287140929536
1253586292379656192
1253589476691058689
1253591650020085760
1253594513471348740
1253598390820253702
1253601127951675393
1253601552239071232
1253601981488345088
1253602685921738753
1253602897411092480
1253605754386472962
1253607885814337536
1253611067458105344
1253613223452053505
1253615454905675776
1253615459120881665
1253615464460234752
1253616603457032192
1253617981650804738
1253620511684399109
1253620698024722432
1253621410674757632
1253621416097914880
1253621421789585408
1253621434892595200
1253624986222370819
1253625607684083713
1253626223705669632
1253627639459348481
1253627644568010752
1253630355426377729
1253632770137522180
1253634241822437377
1253634859026825216
1253635927332790273
1253636361086795776
1253638526702403585
1253638636714840064
1253638642708426752
1253638645568827394
1253638651432624129
1253641082992070656
1253641252756742144
1253643581769887746
1253645824996904960
1253645822077677574
1253645830092918784
1253646194552815619
1253649255304134661
1253652242047152128
1253652489007697920
1253653178253524992
1253654766707773441
1253656548884254722
1253656554915717129
1253656560557056000
1253656565325987842
1253656570791178241
1253659121225777153
1253661667449282562
1253662418187755523
1253662424592527361
1253662431060152321
1253665246838956034
1253667716550008833
1253667721272852480
1253670265596391425
1253670879839621125
1253672835165433866
1253673487396474883
1253673492853252099
1253673495726301187
1253673501178900481
1253673503787794433
1253673829454483457
1253675449378537473
1253678077059706880
1253678085263761412
1253678439267254274
1253679128265609216
1253680181413384193
1253681484919160833
1253683196073566209
1253687357007634436
1253689958617026561
1253690804431921153
1253690807623790596
1253690810589229058
1253692672289566722
1253694025258983425
1253696770795810817
1253696775929638913
1253696773476044800
1253699829261271042
1253702674987581441
1253702703349411841
1253705552082894848
1253707014917836801
1253707772404867076
1253709901211275264
1253709901211275264
1253709984438902786
1253710624179314689
1253712447086776323
1253715179369631744
1253717650808676353
1253720141973655553
1253722646384181249
1253723960182800387
1253723969095688193
1253723966532960256
1253723974422462464
1253723981078827010
1253723984434257922
1253726492720332800
1253728899760078848
1253729534005915649
1253729539659792385
1253729544806305798
1253732574884741120
1253733692750524417
1253734922390581250
1253735993183744005
1253735998573469703
1253736004533583875
1253736010359410691
1253736017930174466
1253737287256506370
1253739522048888835
1253741946029342723
1253744407947423745
1253746943261659141
1253748317244264448
1253748322608787458
1253748328510238722
1253748333690204160
1253748553207480322
1253751829420298240
1253754228893417480
1253754767752548352
1253754916310581248
1253754919217233920
1253757343831068676
1253759804713111555
1253761605785079809
1253761611023687690
1253761617097089025
1253764417898061824
1253766158412648449
1253769259542548480
1253772020480905216
1253772615086493696
1253775193669095424
1253775723619323905
1253777685815398400
1253778834689855490
1253778838687043587
1253781448198443008
1253783480720375810
1253785261806411785
1253785268085305345
1253785274125074433
1253787612260827139
1253788799886393345
1253791535864389641
1253794129454206977
1253796611932782592
1253799912665501699
1253802511171018757
1253805685839663105
1253808273247133699
1253811602438213640
1253811608289189888
1253814252806246400
1253818111079452675
1253818116045508611
1253818121116319747
1253818127063932929
1253820851906117632
1253824571704295429
1253829609348632577
1253832309847064577
1253834854791286788
1253837333331415040
1253839804086837255
1253843112683868160
1253845370364362752
1253848215130177538
1253851176149319683
1253859604125093889
1253862580285833216
1253904140733947904
1253921087265669120
1253928369433042944
1253932557726552064
1253932562466168834
1253932567058931712
1253938188751638528
1253940808014798848
1253943301612462081
1253951830410788870
1253959157566365696
1253964015300161536
1253967938803113987
1253970068582674432
1253973122539237376
1253973755417841664
1253973761633763328
1253975787872464902
1253978898125242368
1253979952673951752
1253981462015217664
1253981618684952576
1253983984071184384
1253984334794633217
1253986119672311809
1253989162107260929
1253991636109049862
1253993257291460609
1253996409210232834
1253998658909069312
1253998664810405888
1254001867031482370
1254004333416456192
1254006866453168129
1254007627958439938
1254010073426386944
1254011727315963904
1254011731346628609
1254012092614574081
1254015279262240768
1254018309298814976
1254019600142000128
1254021480062517248
1254024387776385024
1254027664534495232
1254030617307734017
1254031376615120896
1254031382168383488
1254031387780427777
1254031392926846976
1254033294901030913
1254035179246702594
1254037609925525506
1254037607341752321
1254039745895825408
1254041457436037120
1254041462259568640
1254043973104041984
1254046538671718400
1254049007753625600
1254051093488820224
1254051705827790848
1254053600856334336
1254055555087433729
1254056536357380101
1254058746650800128
1254061189438623744
1254061192307408904
1254063321797603335
1254065805135937538
1254067976237654017
1254070461127950340
1254070861847564289
1254070867488882689
1254070872173957123
1254073178604830722
1254080347672924161
1254082087092707329
1254088874613264387
1254093499714211840
1254096053525250048
1254098528659529730
1254099700828995584
1254099706344624130
1254102490351652867
1254105007143649285
1254107293878226944
1254109515299069952
1254112778207584257
1254115583135756288
1254118290793865216
1254118835474567170
1254118855066214400
1254121258318467072
1254123512459079680
1254124800504725505
1254124805902741519
1254127812006592512
1254129809971650561
1254130736510222348
1254133516197146629
1254134113906409472
1254136489811816456
1254138950161240075
1254141174467702792
1254145107353313280
1254145113544183810
1254145119344828419
1254145124981977090
1254145124981977090
1254145130438819842
1254147599701102596
1254150437982425091
1254152661764620289
1254156126184247302
1254160970584330243
1254163350315040768
1254166327691968515
1254166332628746240
1254168631061229568
1254171600699744257
1254176876765097987
1254179059178897408
1254182622194012162
1254183482890354688
1254188881567789057
1254191201240170496
1254193175142576130
1254195903310843911
1254199574782193664
1254212044800364547
1254216806245556234
1254219770485968896
1254224379480887299
1254236723212664835
1254245881467060230
1254258108588752902
1254265348129460224
1254267674164633600
1254275034572603392
1254280218937896960
1254280224214302722
1254282522399248384
1254286678308651008
1254292948436615170
1254296192156082177
1254296197654876160
1254296202876727301
1254296207553368070
1254301535967870981
1254301538836717568
1254313158627426306
1254313195591864320
1254313200352362496
1254313205113016320
1254316590524436480
1254319458971078657
1254325197756301312
1254327285550899200
1254327293150924800
1254327298670628869
1254329152607604738
1254331068674707457
1254332710363021313
1254335598158139392
1254337420742422528
1254339221290172416
1254339227216683009
1254341273105940481
1254342950307475457
1254344710262599685
1254344714993709056
1254347414972108800
1254349894875336704
1254351884971892738
1254351976172830725
1254353620193214465
1254354793289658369
1254355776791097346
1254355782268866561
1254358040595365888
1254358588807688192
1254360270044049408
1254361478695714816
1254361486622941184
1254363776175964160
1254366039590211589
1254366505954934785
1254366513009737730
1254369081140154369
1254371136676265989
1254372605160759296
1254375082950037506
1254377358242590722
1254379580846202881
1254381857715769346
1254383179244470273
1254384496574713866
1254384502601908224
1254387007721213952
1254389489700687872
1254390709823721473
1254390715104231424
1254393195720593414
1254395202514624513
1254397466474143744
1254399744878817282
1254400967531003906
1254402349025513473
1254404911049121792
1254406280086773760
1254406283714854912
1254408381168848900
1254410429994057729
1254412421487308801
1254413186213777408
1254413193386102784
1254413197785907201
1254415389334949889
1254416822029475848
1254416819617763330
1254419361273655299
1254421836579905537
1254423161317269507
1254425052478607367
1254425724028674048
1254425833789325318
1254427112485814279
1254429671879516161
1254432154278297601
1254432295945109504
1254433944575127557
1254436177228132356
1254438217488707584
1254440227134980104
1254442010519445505
1254444888290181121
1254447417367330821
1254447422534803457
1254447427278508035
1254449915889147904
1254452782989488128
1254455454861873154
1254458531669041153
1254461560820555779
1254463259240992772
1254463264118976517
1254463270028795906
1254465734031421442
1254467982794862594
1254469441838100486
1254469447810768898
1254469454450364416
1254469456887189506
1254471864048652289
1254474250909597700
1254474632763228172
1254474639155302402
1254477721352142850
1254480039548260352
1254482168518250496
1254485388409761793
1254486025323319299
1254488848010219525
1254491080508276739
1254498003026694145
1254500231372292097
1254500495592288256
1254502769572163585
1254506800289845253
1254508776788504576
1254512692121022469
1254515595376123904
1254517690036891649
1254520361858850822
1254524040968093700
1254529821700472835
1254531907603386370
1254533777264648199
1254536784974950402
1254538823138250752
1254543187315695617
1254545092146270208
1254554796507439104
1254554804350828546
1254554810457690112
1254554815864147970
1254554821484597250
1254554823980199936
1254554829906677760
1254557065550405633
1254566740329185280
1254570204841074688
1254575399654260737
1254575396810641408
1254579363875631104
1254582085215571968
1254591042071953408
1254596567501340672
1254596569913057280
1254601801770438657
1254605442124255234
1254611392981880833
1254615085928058880
1254627791427026944
1254631635544346630
1254641633284575233
1254642800257388545
1254649085379952641
1254649085379952641
1254654759568642050
1254657743979413504
1254660067871293440
1254660616624787458
1254660801639575552
1254662853136658432
1254664297348726784
1254664294991618048
1254674528472567809
1254674525318414336
1254676698861355009
1254679350080831489
1254684943604744192
1254688939262312450
1254688945767682048
1254693803535085568
1254696105419444224
1254698575377940481
1254699537639321605
1254699545147080705
1254699551220535297
1254702863147769856
1254705688489705473
1254705693891977216
1254708559499210752
1254709596230496257
1254709601330761729
1254711562524413954
1254713331027529728
1254715815917649921
1254717540523270144
1254719711255855104
1254719716813389824
1254719719485198337
1254719722228273153
1254722002591645697
1254723074282397697
1254723756486000641
1254723761653383169
1254726936372355072
1254726987559600129
1254729381458718721
1254729665778003968
1254731854466494464
1254733674484051969
1254733679894695938
1254733686118981632
1254734539215130625
1254735914926067712
1254738130005000192
1254738562219749376
1254738567840043010
1254738574114795521
1254738580351655936
1254740896706371584
1254744258529157120
1254744263629459456
1254745249903267840
1254747132692660224
1254750091056951299
1254750096945799168
1254752270463438855
1254754513707294720
1254755183617245184
1254755186410762240
1254758538943041539
1254760838629556227
1254761029688582145
1254761035770277888
1254761041638100992
1254761355829227520
1254763144888508418
1254765355097964545
1254766919082577926
1254769359836246027
1254771974909222912
1254774376697786369
1254774802809790464
1254778566287388674
1254785126816313344
1254786788628951045
1254787389618155521
1254789130107547653
1254791385636466689
1254793434059214850
1254794539065397249
1254797491415011329
1254799593830854656
1254800045255385089
1254800051139993600
1254800053736288256
1254800059503456257
1254801592932581376
1254803685844140033
1254803691124768768
1254803694278893568
1254805741304676356
1254807468267446272
1254809272011153412
1254809275370819585
1254813505561202689
1254813509868826629
1254813809954308096
1254818109413867524
1254819171143049216
1254821359739273226
1254824847194062849
1254824851396792326
1254827660666077184
1254830934920134661
1254830940477632512
1254830965354106883
1254830970546589703
1254832687015251970
1254835262464700416
1254837116271570946
1254837122651033602
1254837128040787970
1254837133291982848
1254837138480336903
1254839749602414596
1254842535354269701
1254842943472631808
1254842948509995019
1254842954952380417
1254845223907332097
1254847749889110019
1254848238156423169
1254848243802025986
1254848246578585602
1254848249250357248
1254851482236653575
1254852921084252160
1254854729387184129
1254856770238861312
1254858986009980928
1254859132508626944
1254859140184276994
1254859137793523714
1254861474326917128
1254862886184370176
1254864666955706369
1254866471965954048
1254870254704119808
1254874489223106562
1254877843709968384
1254878197159772162
1254881032475639815
1254886242426204162
1254892363052470272
1254898550628134915
1254910024004055040
1254914969939914754
1254914974734077952
1254918551288385536
1254928476244754433
1254937394379440134
1254942491670908930
1254946125062209537
1254953201624920064
1254966152872198145
1254971185869266947
1254973588979023880
1254983363359899650
1254983369907212290
1254989114400784390
1254994934396080128
1255004033946976257
1255004040569786368
1255006142968860672
1255009664200294400
1255012858242498561
1255015544731959296
1255017977478623232
1255019832015302657
1255019834850631680
1255022363147735040
1255024099371483137
1255025476990570497
1255027805693382656
1255031503249117184
1255031510089863170
1255031516419284992
1255037283620786177
1255039547030855681
1255040553843961856
1255043212823212032
1255043217277452288
1255043222302347264
1255043226743996422
1255044078024249346
1255046033412931586
1255049040191946752
1255049046294700032
1255050342355566592
1255054106630279169
1255057337154494464
1255060252049002496
1255061335567749120
1255061335567749120
1255063717655519232
1255065926556418048
1255067368365142016
1255067925901463552
1255070022508130304
1255071377939410944
1255073134413299712
1255083251212980224
1255083257923809280
1255083263217020929
1255083268447354882
1255083273400856578
1255083276403904512
1255083282787635200
1255083287397228546
1255083292879130624
1255083290173857792
1255083298096852992
1255083303889252358
1255083307165003776
1255089378289790978
1255092538832273409
1255093971463876608
1255093977986019330
1255093982360633346
1255093988056535040
1255093990472519680
1255093992888336386
1255096940955656193
1255097033289011200
1255099349652078592
1255099816293675009
1255102474949713920
1255104217393569793
1255104222699360256
1255104228630114304
1255105983413661697
1255107123924684800
1255107223749001216
1255107363490672640
1255107475927416832
1255107588666122240
1255108644179513344
1255108909813153799
1255110182486630406
1255110185171005440
1255110194104860672
1255110191282098179
1255115191290912768
1255117745554890755
1255118403360239626
1255118409014169602
1255118414944878600
1255118419952885761
1255118428303699968
1255118425946497025
1255118441452843008
1255119576792133634
1255121467966197760
1255123194404577280
1255125181565149184
1255126813019213826
1255127796256514048
1255133003157651458
1255132999877718017
1255133006873780226
1255133033306353679
1255133037399965697
1255133046233161728
1255133052814028804
1255133062108549125
1255133059017408513
1255134675086917632
1255135976113856512
1255141662419939329
1255141668585476111
1255145747319668736
1255149773499351041
1255151651750461442
1255151657366614017
1255153442672177160
1255155774835142656
1255157325326737409
1255159472613404672
1255161419160485890
1255161424894136322
1255161430980124675
1255164044618719235
1255165150467850242
1255165628467437571
1255167938212106244
1255169782044921859
1255171477877469184
1255171475453218817
1255173509485117440
1255175259709493250
1255176860780113923
1255178105767018496
1255178110787616768
1255178116890271744
1255180383253155841
1255181707621343232
1255181705188642816
1255181710511214594
1255181713363415042
1255181716882362369
1255183997153554433
1255185768705921024
1255188486484885504
1255189898715435008
1255189906583937024
1255189903970832391
1255189909347930113
1255189914939011072
1255189912145604609
1255189917782728704
1255189923684122625
1255189920802619394
1255192264222978049
1255193678563377153
1255193686192852992
1255193683642716166
1255196067676782595
1255198018359504898
1255198021140258816
1255200220083826689
1255202302392242178
1255203931610853380
1255204263988518916
1255204273077587970
1255204270019919872
1255204279083728897
1255206936955564032
1255209159076823040
1255210139809976320
1255212619926929408
1255214247702921218
1255216642805694466
1255218839756967938
1255219578159988743
1255219581406380036
1255222300347170820
1255224176337707013
1255225273047539713
1255226409750007821
1255226414498004996
1255228737186037762
1255230171713540108
1255232290151714820
1255236003406757895
1255236393841963009
1255238959229214725
1255240373984690176
1255242383433838594
1255244226314620929
1255246464156078085
1255248538671427585
1255250551236943872
1255252748280397826
1255254911966679041
1255254919189270529
1255254924738400258
1255254931461804034
1255254936813809665
1255256971160301568
1255261550878867456
1255266968204120066
1255267919556214784
1255268975748972544
1255278997354790921
1255283356775915527
1255285390749175813
1255287838519812098
1255291404999430144
1255291402449301505
1255291412276445184
1255294815878684673
1255303836123762691
1255305734591516676
1255307345409736706
1255310179551326212
1255314657767763969
1255320277698953216
1255320613356478465
1255331007299031044
1255340714013143041
1255347473712848898
1255349904169467905
1255353086614396930
1255363232619008002
1255367312590491649
1255368533560692736
1255368539575332866
1255368544633708544
1255371215843332098
1255376994856042496
1255379064648544256
1255381453191462912
1255383429761425408
1255383429761425408
1255386387727233026
1255388367744892928
1255389421622505476
1255391580204261378
1255396035435864067
1255396146471714817
1255396152045944832
1255398758742884360
1255401478933680128
1255402016500744192
1255402021827612673
1255402028551069699
1255405453145669636
1255408222560755719
1255408227732328455
1255410915362701313
1255410981938831360
1255411682463158273
1255411731079331843
1255412522045378563
1255413529848537090
1255415437678051329
1255417941631414275
1255417947654324224
1255420112850608135
1255421564339830784
1255422735393619969
1255422815404163073
1255424540336885761
1255424537744814080
1255425447279681538
1255425790566699008
1255427554372182017
1255428651107135488
1255430012158779397
1255432229704081408
1255434692683276289
1255437006261358592
1255437695003828224
1255439333353492481
1255441161042497537
1255441971713323008
1255441976318668804
1255441980945031168
1255444214571126784
1255446584269197315
1255449055905435648
1255449221236391936
1255451418850451461
1255451764871933952
1255453705983397890
1255455260702892032
1255455267493425155
1255455270605672448
1255456467005714437
1255457982361501703
1255460093254078473
1255461593179140096
1255461600053641222
1255461607267852288
1255461613550948357
1255461620408614917
1255463592477982720
1255465822245568521
1255467797217521667
1255469812370878465
1255470638040600578
1255471792711512065
1255473098444419074
1255474834164912128
1255475180744388609
1255476567079374848
1255476589695025153
1255476691994107906
1255477275426000905
1255479108705955843
1255479705421185026
1255479711460921344
1255480686166839296
1255482164445143043
1255483492542156801
1255486006083665922
1255488560968458241
1255490025753587713
1255490035006218253
1255490031864680448
1255492173493161985
1255492346961170436
1255493330328268800
1255493645379174402
1255495721282867200
1255497499906912257
1255497844615794690
1255499561797378049
1255500376964562947
1255500383499280384
1255502370101919745
1255503613591523328
1255504629116407808
1255504635726528514
1255504642664017922
1255504646086557699
1255506818912129025
1255508239975841797
1255508701152251905
1255510718063038464
1255512162971377664
1255514568677363720
1255516403370770432
1255516409565773825
1255516431116107777
1255516436736413696
1255518672287916033
1255520538174390274
1255522016880459779
1255522479528951808
1255523272931803138
1255523278812262402
1255523285426753537
1255523293827936258
1255523299041382403
1255523304695349248
1255525546475298822
1255527280086048769
1255529257826205698
1255531090766430210
1255534393566904327
1255536939501051910
1255539683486060544
1255542986139631616
1255542993039351809
1255543002963103749
1255546135617265665
1255547936160788480
1255548328194060300
1255550678732361733
1255552804439175168
1255552811040989187
1255554928526995461
1255557206231089159
1255559537865744384
1255561568219267075
1255561573957074945
1255561579946524672
1255561586791591936
1255561596518182914
1255561603078066176
1255561609919057921
1255561620010471424
1255564104720429056
1255566203562668040
1255567964985864195
1255569704523005952
1255570035671797765
1255570042198142977
1255570049378770945
1255570060351090700
1255571428415594496
1255572526224281602
1255572563196907522
1255574634046554112
1255576370324832257
1255578597655564290
1255579672529731589
1255579680750669826
1255579686958235648
1255579696479252480
1255579707107614720
1255582571951468545
1255584790704726020
1255586982023094274
1255587662452256768
1255588578232598528
1255588585274839040
1255588591566303232
1255588811725209601
1255590583571222528
1255592310148083713
1255594297195409408
1255596030525083652
1255597095958073346
1255599004055941126
1255600730188271622
1255602760034119680
1255604123573125120
1255606557888389121
1255606563722665986
1255606569875714050
1255606577261883393
1255606583494676480
1255609012357390336
1255611235183271938
1255614454261256193
1255614460498186240
1255614467863384068
1255616557461508098
