1344418256694767617
1344418977242607623
1344421496647786496
1344422119787143169
1344422728456151041
1344423351159287809
1344423955743039492
1344424581373816837
1344425202923540480
1344425854244368386
1344426495452835841
1344444331411824640
1344444923454627840
1344445513807093762
1344467521756299265
1344501976294416384
1344502599484137472
1344503249362157568
1344508948544688128
1344524067467104256
1344531247079555074
1344538801436299265
1344542580701343746
1344543352260329473
1344544092336828416
1344544845738758145
1344546362948546565
1344547133765115904
1344547762575171586
1344548614782251013
1344549028936212480
1344553920585232384
1344554154061148161
1344555152452235264
1344555906441367553
1344556673671827457
1344557676978708482
1344558931977363456
1344560193322024962
1344561470491783168
1344566402712285184
1344568294188187654
1344568999582068736
1344569038668705792
1344570271609577472
1344571517175263232
1344572074812190720
1344572784370987008
1344574024924475394
1344575298411651074
1344576557432627201
1344577805858844673
1344579066721165312
1344580332096544769
1344581582619860992
1344582830215593984
1344584105456001024
1344584160816590848
1344585345720070145
1344585858368856069
1344586626442395652
1344587198067306498
1344587889515122688
1344589079665639424
1344589134942318595
1344589824179650562
1344590384219959296
1344591687750983680
1344592483351728128
1344592913720877056
1344594166249095169
1344595428860432385
1344596020529950721
1344596430942576640
1344597933711384577
1344599206460317696
1344600041273622530
1344600453158465541
1344600457793204225
1344601156690079744
1344601713920106497
1344602969837367296
1344603054012854272
1344604370881683456
1344605480061202433
1344605711519666176
1344605991044833281
1344606760041127938
1344606828232142851
1344607993825009666
1344609269291884546
1344610537766846465
1344610606129831937
1344611420122570753
1344611784901193728
1344612124618797056
1344612123289280514
1344612886916816897
1344612886811914241
1344614403111604224
1344616731906609152
1344617577973227520
1344620434348789760
1344625721394798592
1344626884940861440
1344628131525763078
1344629394170650626
1344629520855420929
1344630283874816000
1344630645264429056
1344631026048499715
1344631927098265602
1344632917264396290
1344633159212822533
1344638219116281856
1344639596529917952
1344640973356326912
1344641901874585600
1344642368818073600
1344642830816448514
1344643117694255105
1344643248061632514
1344644506654793731
1344644634304249859
1344644634274889729
1344650779748085761
1344651831687966725
1344652831345815554
1344656481514360832
1344657116334796805
1344659761816592392
1344660862984974337
1344661646585831425
1344662114510790663
1344663161295798278
1344669189542445060
1344669968772829186
1344670701047992320
1344671083585294339
1344673579544309761
1344674477750308865
1344674618079125512
1344675193848008706
1344675948713701377
1344677124595179523
1344678642954203137
1344684975673716737
1344696994640625665
1344699432810524673
1344701088625262592
1344701661781118980
1344702449752416258
1344708243881422848
1344708499427749888
1344708831453065219
1344709389719105537
1344709956541575170
1344710523254923267
1344731761260044288
1344781762573037569
1344799796587069441
1344800462533439489
1344834337309683713
1344861538587463681
1344868798701170691
1344884881810186243
1344909000274571267
1344909996241391618
1344911016719691776
1344911245271576577
1344913258378092544
1344914022685171713
1344914794214809600
1344915017804734469
1344916036286619648
1344917295265705985
1344918810386640896
1344921565469749248
1344926019669647360
1344926355788541953
1344927864081285123
1344927986487873536
1344930123213135872
1344932893697589248
1344934041691287554
1344934041578037248
1344935544757907458
1344936660727902208
1344936660727902208
1344936917612318720
1344937807995936768
1344940207972507648
1344942711493849092
1344945224578174977
1344946506483306496
1344948442750214144
1344949250812223488
1344956720305610753
1344958985158488065
1344961263231709184
1344961836626681859
1344962361405407232
1344963343136792577
1344964636483985408
1344966124438433792
1344968032578318337
1344968380885962752
1344969948960055297
1344970685895028736
1344971812350922752
1344971825726566400
1344972664163676160
1344973667399303168
1344973919963508736
1344974467727044609
1344976426504777730
1344977486845800448
1344979201389174784
1344982985922248704
1344991086834548737
1344992539338821632
1344993006668165120
1344994306600411136
1344995307650768896
1344999045832519680
1344999356357861379
1345003116715003904
1345004315451256832
1345006990129553411
1345008158431977472
1345009592141549569
1345017514141618177
1345017586698870784
1345018488281329665
1345019733993803777
1345023616765845504
1345023739642187779
1345028886300684289
1345029334063525889
1345031801434202113
1345032315752361985
1345033058869784576
1345033439905525760
1345035694910136320
1345037555092377600
1345040782458302464
1345041300744261633
1345042311026245633
1345043821634191361
1345045304396165123
1345048545041260545
1345051850052136960
1345052711218245633
1345052715584466946
1345055356645376002
1345063674826907649
1345065171899867137
1345069411846254598
1345074998088757252
1345075587744935939
1345076175526375432
1345078023314407430
1345079174554406914
1345080683123920898
1345085962678906882
1345097902599843840
1345103717843009537
1345109360268226560
1345121358485868550
1345130632826015744
1345136975200854019
1345144034902351872
1345144581151711232
1345155865532379136
1345161382589820928
1345178536609513472
1345191937624698880
1345223322255192064
1345223520226258954
1345224482835877888
1345246603137986561
1345258830532382720
1345271200298250242
1345271929255714818
1345273438706032640
1345274215835037697
1345274588415094784
1345274587790143488
1345277138266697728
1345277414948147200
1345277919459999744
1345278703375417345
1345279437135294466
1345279943161356290
1345280679081357313
1345281451223298049
1345282191123734528
1345282954176688128
1345283726608113664
1345284456689635329
1345285228802306048
1345285991708446720
1345286673953861632
1345291212266369024
1345294278982041602
1345295036456570880
1345295749203046402
1345296284534644736
1345297562308399104
1345298813230182400
1345300072054071297
1345300650419216385
1345301333683937280
1345302576028332035
1345303849528156160
1345304056655458304
1345305092833103877
1345306327376154626
1345306371563134976
1345307075451170816
1345307609579053056
1345308885045932033
1345310098386804737
1345310137523834880
1345310857929117697
1345312643901517824
1345315735179059200
1345317690911633408
1345318374092517378
1345319170808885248
1345322601875451904
1345323994078183424
1345338433867292674
1345339099234897927
1345339969729155072
1345340330573492225
1345341483713499136
1345342255356407815
1345345419283488769
1345346175101267969
1345350483817455619
1345353565473275904
1345354439733997568
1345355432483823616
1345356690871476224
1345357938613956608
1345362057722519557
1345362879168606208
1345373458524479491
1345376121026732032
1345380403062964225
1345381855235870722
1345383075094654976
1345384400545046528
1345385623436328962
1345386901331697666
1345387498307006465
1345388158230409220
1345389117639684098
1345389426906714113
1345390675374825473
1345390996708859905
1345396296727851008
1345400980637179905
1345402992950968321
1345407268439916544
1345407629246476288
1345408155166117889
1345408672172802049
1345415556300734466
1345427647095054336
1345428783982141440
1345430399443460097
1345439005412888576
1345439007614922752
1345440111836725248
1345441613447897089
1345442561465458690
1345443516105846784
1345443658917621761
1345445791427653632
1345453507781021696
1345453766821208075
1345454110485700608
1345464838777155591
1345469595981914113
1345477237794086913
1345491143556001797
1345491143556001797
1345510552748126209
1345533832817238017
1345567733103144961
1345601489629306882
1345602621718061056
1345610979552473088
1345610985529339905
1345611698250645504
1345612479381069831
1345629103991488513
1345629837311045632
1345630615614464000
1345634265086779392
1345634773771939840
1345636040288178177
1345639810380259329
1345640421972652035
1345641333055225856
1345641931850833920
1345642314132303872
1345642710787633153
1345643343401902080
1345644329939906560
1345645604165349379
1345647104555888643
1345652499567550464
1345654028127113217
1345655159112822785
1345656664175816704
1345657917186445313
1345669145329885185
1345671008892702725
1345672552677568512
1345673677585731584
1345676324975878144
1345679324297441280
1345679731925143552
1345680324060196864
1345680866022977536
1345681821284102146
1345682325850492930
1345683074865102853
1345683596535877632
1345684262843011072
1345684852058836993
1345685777963999234
1345685846595395584
1345686156919386113
1345686531189710849
1345687288148336640
1345687365201891330
1345690318923038720
1345693710948970496
1345693728149823489
1345695229039570944
1345696670663790595
1345697137447862272
1345697436724056067
1345699450350665743
1345700210127876096
1345700949118111747
1345702038865399812
1345702730929680386
1345704480914993176
1345704989365334016
1345706936961032195
1345707315576647680
1345707488897859584
1345709249813504000
1345710277053046789
1345710349954252800
1345711104115298306
1345713369286901762
1345714045173833729
1345714131748450305
1345715804554321923
1345717157515165696
1345717318035378177
1345718075665084418
1345719024542494722
1345719042372476930
1345719047531483137
1345719769148878856
1345720493404520448
1345721218884894722
1345721932516306944
1345722665701695488
1345726370752692224
1345726967828639745
1345727723214409728
1345728101112827907
1345730153092165634
1345730749924847617
1345730914035367936
1345732170653040642
1345739459246108678
1345740715037487105
1345744004474941441
1345744242119946242
1345746268757389314
1345746621427048449
1345749273032466432
1345750403074371586
1345751808875048964
1345752630379900929
1345753075290697728
1345753424080613377
1345753811474911232
1345754243257561090
1345755082030243840
1345763056052264960
1345764271746142209
1345765080005304322
1345765898704089091
1345768550062022656
1345774322099609601
1345774973600886786
1345775127124992006
1345775916962762752
1345776708641837061
1345776862543417362
1345777537071378435
1345779126033129474
1345780505938161665
1345786109926768641
1345787953398894593
1345791969319153666
1345796507157606404
1345805215480557570
1345807840766787587
1345808227259265024
1345808409376022529
1345809291261968389
1345810494238633991
1345818046527643648
1345820213451902977
1345831621929422849
1345832810452541442
1345836185294426114
1345836958879272960
1345843101693304839
1345843960678330373
1345844503270326272
1345846017741246468
1345850546998149122
1345854730229190660
1345877384717864963
1345900438445563905
1345932588343578625
1345935334404665346
1345960144207835137
1345962410524471303
1345965840169115648
1345966564831600641
1345968075745669120
1345968672465170432
1345971103404093443
1345971883477508097
1345972612057464832
1345980733479915520
1345980865986359297
1345981681237454854
1345982306566234115
1345987729033748480
1345987753322946561
1345992023657082881
1345995125328109573
1346000606448779272
1346002141425577985
1346003236763955201
1346006404746899457
1346007224297140224
1346009280764387328
1346009496922038272
1346012641802805248
1346014213303631873
1346015325591130112
1346016080582602752
1346016648298422272
1346016835876085760
1346017284389810178
1346017926718124040
1346018546749476864
1346019233386409987
1346019478061150208
1346025904879915009
1346026284183396352
1346026907297587200
1346027539240775680
1346028171095912448
1346028818251788289
1346033470548680709
1346036111802560512
1346037558619348992
1346038224330891264
1346039217869238273
1346040650198904832
1346043301296795648
1346044454029959169
1346044454029959169
1346046322344910853
1346048899514044416
1346049343745359872
1346049616689721345
1346049710151368708
1346050274327212032
1346050937585070082
1346051522665328640
1346051613383925760
1346052254999203841
1346056853248159746
1346060363528368130
1346060714260246529
1346061087729479680
1346061106251501569
1346063978401828864
1346064629361995778
1346065279361703936
1346065929042583553
1346070136818720772
1346070893693444096
1346070892263206913
1346072057004625920
1346072796015812610
1346072808980426752
1346073933397811208
1346074663508697088
1346075062219243521
1346078466584752128
1346084504679673857
1346085377858293760
1346088477595738115
1346089030954442756
1346090932089872390
1346092065139122178
1346094349126393857
1346094690458857472
1346095317595336704
1346096561051336704
1346097024568094720
1346097841006125057
1346099087746199552
1346100332468838400
1346101602147561474
1346102280156807168
1346102870949715968
1346103012104826882
1346104114061717507
1346105368775184387
1346106413844733952
1346107882891337728
1346109077945020423
1346109168105746432
1346110403923898370
1346110955235770368
1346111352105017348
1346111663104286721
1346112173874044928
1346112934225784832
1346114173873364996
1346115435167678466
1346115945278935044
1346116626433912833
1346116734344974345
1346117375754711040
1346117962302947328
1346118476289740801
1346119221839802369
1346120468244406273
1346120983615332355
1346121479897939968
1346121741500895235
1346122494953091073
1346124258016157698
1346125702266052609
1346125704619032577
1346126772836954114
1346127266946969606
1346128034802393090
1346129283828371457
1346130487039959041
1346131063597359104
1346131799395721216
1346132849225822219
1346133459912298498
1346140948556820481
1346141662884601862
1346142348883992578
1346143061810819072
1346143759495524353
1346144454877605890
1346152842046959616
1346153556764725249
1346154299185917953
1346155937711722499
1346156652274339842
1346156742187618305
1346157358758715393
1346158580764966914
1346159336972840965
1346164259768700933
1346165783823581184
1346168057253797890
1346177871174377475
1346180127093383178
1346230406643920896
1346232672557928448
1346233406204555265
1346234168083148803
1346234950396293120
1346236072540438529
1346243814944604160
1346244573371244546
1346245344561135618
1346246129428684803
1346246881131847680
1346247571438784515
1346248280846573568
1346266889085984768
1346278113328717824
1346278762372018179
1346279403232362502
1346323516434604032
1346324720803860481
1346326014092324866
1346327930381676544
1346328297412702210
1346329060796981248
1346329474967752704
1346329797480361985
1346330554459893760
1346331332205543424
1346332059137142784
1346332254692401152
1346333619468578817
1346335461116145665
1346336240287821824
1346338431664844800
1346343405748629505
1346346802484797440
1346348693356736512
1346349469533696000
1346355354511286272
1346358150765686784
1346364082174238721
1346368359856795650
1346369399389900801
1346370132151595008
1346370873025028103
1346371386118430720
1346373719980179456
1346374649278582784
1346375152251138048
1346376659910479872
1346377165458255872
1346380532402237442
1346381293454581761
1346381957589053441
1346386497268834305
1346388699660087296
1346389491326582790
1346390297757016064
1346390763899334657
1346391794393767936
1346392015605559296
1346392947059806208
1346393777557143555
1346396035493584896
1346396530681520128
1346397569920987136
1346398319623479296
1346399303288426498
1346399831800082433
1346401630166675462
1346402777023569920
1346406692813156353
1346407679703576576
1346407864634630144
1346416629715005441
1346419784792092673
1346420931506413568
1346427315887157251
1346430352135491585
1346430509371568128
1346431280922177538
1346432058856505344
1346432845498232833
1346432993984966658
1346433627622682625
1346434428629905408
1346435213749084162
1346435262763704320
1346436379585224705
1346438680530055170
1346440569053208577
1346440921588629504
1346442029279096832
1346442180467032064
1346443859597938690
1346443859597938690
1346445621578887169
1346448134688411648
1346450751665672192
1346453021115490306
1346453717479026688
1346454577453928451
1346456417801220097
1346457994473730049
1346458960107331584
1346460201059295232
1346461984884191232
1346462993752719360
1346463999131602945
1346465249508130816
1346466171667632131
1346467106728996868
1346468095037095943
1346469088860639232
1346470424838766595
1346471178446127104
1346471649088946176
1346472690807279618
1346472793739653121
1346474059148611587
1346477382358630400
1346477905719660551
1346478453822955541
1346478984788209664
1346479578613596161
1346480177732227079
1346480761474482178
1346481607281160192
1346482865383624705
1346484009182879745
1346485882161868801
1346487895868264449
1346490427151675392
1346491680300691457
1346492924255756290
1346496712907649024
1346498382802661377
1346499985827913729
1346500592802344960
1346500984118390786
1346501762530861058
1346502307660361731
1346502904224604160
1346502999166885895
1346504087970451463
1346505528416071681
1346513123679870977
1346513245713129472
1346513885638111232
1346514011517554693
1346518432511098882
1346519916355186688
1346528632559251457
1346529363609739264
1346563798103154688
1346570206689288198
1346571355911839753
1346571727233544192
1346574350489628675
1346577413661216768
1346579267065360385
1346579266956369920
1346593107253583878
1346593276271468545
1346593906771824640
1346593997364613120
1346595885170503683
1346603525229465601
1346604354225266688
1346605162622836740
1346605952963915776
1346606756827377665
1346607580806868992
1346608402533904386
1346610047489617920
1346615691370262528
1346625019523313669
1346626429451202561
1346632165778485248
1346644638103429121
1346650687170617350
1346653635162337287
1346662280612741120
1346671855831306241
1346684540748787712
1346685843034038272
1346690794149842945
1346691515368828934
1346692264551198725
1346693775247212545
1346694532377804801
1346694744940949504
1346694879460651009
1346695666119172098
1346696799206170625
1346697677724135426
1346699844971331585
1346700272270192641
1346701051878060038
1346701339439591424
1346702129805799424
1346704305580109825
1346706523817439234
1346711186759421952
1346711701140500480
1346713245659357190
1346714858159484930
1346715410708787206
1346717408745164800
1346720344963506176
1346723521934880769
1346726008448286720
1346729151336755202
1346735517904343041
1346737428397174785
1346738534368096256
1346739559044968450
1346740804757426176
1346741626765504512
1346742454892969986
1346743273134706689
1346745846306648064
1346746429289721856
1346751308909449218
1346752929185882113
1346755850631860224
1346756346331467776
1346757357653680129
1346758112477401089
1346758910070419456
1346767565905932289
1346767935940009986
1346770600140959745
1346773238320427008
1346773537651105792
1346773560275165187
1346774976154775552
1346775804081025024
1346776656703348736
1346777303288848384
1346777907847421952
1346779304986869760
1346785851070697472
1346787642021703681
1346788039553638400
1346788626844286977
1346789871856349184
1346790388577816576
1346791373769494529
1346792919836073986
1346794048917536769
1346794192543080448
1346794401398460418
1346798533865836546
1346799416603193345
1346800093714915331
1346800855077548033
1346801170149486593
1346802094884446211
1346802255266279424
1346803052184010759
1346803276612841472
1346804019713499136
1346805234283241472
1346805314495139842
1346807256457867264
1346807653973032960
1346809373088219136
1346810356690276361
1346810865467727873
1346811467824328704
1346811790194315266
1346814598612213765
1346815815929241602
1346816562632732673
1346817308262600704
1346819453120622593
1346821433557741571
1346821678052081664
1346821998870208518
1346823888366350340
1346823890929143808
1346826150656565248
1346827900239147009
1346828908763770880
1346829138150248448
1346832679367532545
1346833204301455362
1346833927772762112
1346835166338158597
1346836040556945408
1346836592074362886
1346842803670757384
1346845013263716353
1346845420274790400
1346845420274790400
1346845531079921665
1346846524676964353
1346846561637199872
1346846941540478978
1346847336576782340
1346849282339561472
1346850044998246401
1346850748911509505
1346850791840219137
1346851543014912000
1346851880291463169
1346852796516229122
1346854053599440901
1346854146205483009
1346855309025935362
1346856606324187136
1346857148135968768
1346857840783273984
1346859102912323588
1346861614453153792
1346863558978641922
1346863567988023305
1346865838087954433
1346867904449552385
1346872282447294466
1346872932350500864
1346873012067459076
1346874553247608832
1346876909314068483
1346877957164441606
1346877955994234881
1346879250759098369
1346880481598570498
1346880981781913600
1346888898811748354
1346889644995203073
1346890823024205830
1346891926323269635
1346891927627694083
1346900231032549379
1346900643395547138
1346902127994691589
1346903275505913856
1346904997351579649
1346907059049144322
1346907058910720002
1346910892030451715
1346911571746832385
1346920153557057538
1346920155872325636
1346921281887887361
1346921691155472387
1346922822153728008
1346923552189132800
1346923955446296585
1346928485269446659
1346931890943528960
1346932242090754049
1346932622958723073
1346932627371126789
1346932644408393730
1346932644177711105
1346933754800058372
1346933761078820866
1346934892693696514
1346934893884833793
1346935651673903106
1346935656207900673
1346939841708249091
1346940555994030082
1346942093428740098
1346942453832708097
1346943985521143808
1346944356435984384
1346945873826246658
1346946220531576843
1346948113488089092
1346949255110545408
