1331734409050025991
1331749512650448897
1331764610572185602
1331779709550661633
1331794809095397376
1331809910594678791
1331820078598381568
1331820748093206528
1331821694919565312
1331822295757713408
1331823318853423104
1331823951912316929
1331825008369225730
1331826019934883840
1331826253586952192
1331827522623868928
1331830039147540480
1331830127211278336
1331831470231609344
1331831800721780736
1331832556736585729
1331832645450412033
1331835072383758336
1331837177320366080
1331837199969607682
1331837589045739522
1331838479874088964
1331840107029139457
1331840139790852097
1331840398055104513
1331840594751184898
1331841165176475648
1331841381053181953
1331841405233344513
1331841606182461441
1331841827922653184
1331842614912540672
1331842622244196352
1331842869863346176
1331843424308375554
1331843880510234625
1331845138872758272
1331846396933255170
1331847655865995265
1331848913771347969
1331850171873804293
1331850620408623105
1331852688498302978
1331852807771656192
1331853946630119424
1331854588698390528
1331854870652063745
1331855205894287361
1331856463711543298
1331856564446253057
1331856795791454211
1331857721767837698
1331858406395809793
1331858980021415936
1331859112712413185
1331860238270599169
1331861496545107968
1331862311779307521
1331862756224593920
1331863308580818946
1331864013316132864
1331864507757588481
1331865271431290880
1331866017136578560
1331866529688743937
1331867006912651264
1331867080669470720
1331867787942191107
1331867864400326656
1331869046246166528
1331869121450012672
1331870148949659652
1331870307917967363
1331870949482901506
1331871106668630016
1331871563365326850
1331872275411443717
1331872452604022784
1331872821211959298
1331873742428000258
1331874079473758209
1331875337836355584
1331876596098211841
1331877854217334790
1331879067457564672
1331879114064625665
1331879307422158848
1331880008370020352
1331880370913075200
1331880525796143106
1331880900339052544
1331880900339052544
1331881098696159232
1331881308402933763
1331881629099429889
1331882887424172032
1331884145719513088
1331884885599014912
1331885404040155137
1331885658185609216
1331886662754979846
1331887920639258628
1331889179400126464
1331890123022217218
1331890226093035522
1331890437225852928
1331891695500161026
1331892058638979072
1331892265007116288
1331892955854950400
1331893821983117314
1331893883043803139
1331894212242010112
1331895470466105345
1331895738566144001
1331895914311659521
1331896728883257345
1331897794827792384
1331897826230628352
1331897877635928065
1331897987048550404
1331898495008206850
1331898591972122624
1331898992180015106
1331899245285163008
1331900509549072384
1331901762324758528
1331903020196646912
1331904278525460481
1331904828117807104
1331905537085116418
1331906795116216321
1331908053290070016
1331909085214740483
1331909311753162752
1331910323813625858
1331910570170347522
1331911828230729731
1331912510098845696
1331913086605746177
1331914827384676353
1331915099708088322
1331915123846492160
1331915610280771585
1331916364907470848
1331916861840052226
1331918119670059011
1331919377965395970
1331919986298851329
1331920636290228224
1331921894614949888
1331923155347152897
1331923631455264769
1331923868026630145
1331925276385828864
1331925669329059842
1331926106459549699
1331926424643645447
1331926928509558784
1331928186033205248
1331929444215377922
1331930712337838082
1331932040460169217
1331933219202207751
1331934478403395585
1331935498403766274
1331935736069836803
1331936994214240258
1331937277845663744
1331937352432955394
1331938236177018883
1331938252392022021
1331939510947434497
1331939814405500930
1331940418532110336
1331940769075224578
1331942027752218625
1331943285439426563
1331943485944066048
1331944543785263104
1331945804236349441
1331947060874997761
1331948318885232646
1331948347826049024
1331949372846858245
1331949577033793536
1331950835551625216
1331951848174071808
1331952416925822977
1331952674128924672
1331953351802679299
1331954610379034627
1331955868393381890
1331957127208898562
1331958384963284993
1331959317650673666
1331959643321483271
1331959648719691776
1331960902631960576
1331961010090029058
1331961397610242054
1331962161120342016
1331962245333528576
1331963418782273537
1331964677367025665
1331965935406751746
1331966647096266758
1331967978322194437
1331968452467122176
1331970968034693122
1331972226351034370
1331973484877127682
1331974742983667712
1331976012029190144
1331976810490376197
1331977260258258951
1331978517857243143
1331979776865787909
1331981034628415489
1331983552385343493
1331984809418174464
1331986067478687745
1331988584065241088
1331991100500840450
1331992018244018178
1331993617326510080
1331995726038102017
1331998650256351234
1332000467518251008
1332001167015096322
1332002425985589248
1332003683421151233
1332004941754372096
1332006205548478465
1332009907365744643
1332011736749236225
1332013751172624384
1332017452725788674
1332017883904421891
1332018782894776320
1332020553318850564
1332021301200916480
1332022705256886272
1332025074703065092
1332026369035931650
1332028851698937875
1332030854995062786
1332032554870960135
1332032624085266432
1332036407469113344
1332038218078953474
1332039928151158784
1332040174486732800
1332041162614595584
1332044566720110594
1332045084318183424
1332045710330621954
1332047723604832256
1332048707106312197
1332051505851973632
1332053260140638209
1332054363632775168
1332055776760774658
1332057035072999436
1332059049823666176
1332060809992650754
1332062823405342721
1332064584627175425
1332066346301943808
1332068359685464067
1332068794857123842
1332070201635057666
1332081699358871553
1332083335238201347
1332083375176298499
1332083416335052803
1332096801688543232
1332111896510681090
1332126999171584001
1332142096606658562
1332157198839984128
1332172297583509505
1332182882694082560
1332183198156136449
1332183919077322753
1332184725709074433
1332185196318363648
1332186243359248385
1332187397845438466
1332189749998743553
1332189910548291588
1332189910548291588
1332190221383987201
1332191168784855040
1332192426983829504
1332193685388324868
1332194944203669505
1332197282738020352
1332197391278149632
1332197460299575296
1332198223985963008
1332199976743518213
1332200213092687872
1332201603781234689
1332202493338644483
1332202643398291456
1332202861023866880
1332203068923015171
1332203269599465472
1332203636752052225
1332203893963579392
1332205010139172865
1332207526612504576
1332208575821869056
1332210043186335744
1332210302310637571
1332210318680989697
1332212559676461058
1332213954941235201
1332215076292616192
1332215255364145157
1332217596477902849
1332220012883533824
1332220109612408834
1332221748939460608
1332222565398568960
1332222626085933057
1332225143712706561
1332226630694088704
1332226691465351168
1332226967270285312
1332227659338633218
1332229634776293377
1332229701411229697
1332229773423226880
1332230175875096577
1332232696618123264
1332234854486990850
1332234973114458112
1332235209077641216
1332237725794185216
1332237871630135297
1332237960977272834
1332238224576622593
1332240242066198528
1332242758765973504
1332243683824066560
1332244629211713536
1332244810355384323
1332245203403608064
1332245275403055105
1332245366817910787
1332245672918192129
1332247801196019714
1332249564187926528
1332250308542689281
1332251872820912130
1332252825271734273
1332253470846570496
1332253987995865088
1332255344639303680
1332257666341740544
1332257858331828224
1332260374767341574
1332260920857415683
1332262894013038592
1332265408385093633
1332267924766134273
1332270442833354752
1332271362854019072
1332271699945918474
1332272378055888896
1332272957771563009
1332274216150949891
1332274244558987264
1332274345385873408
1332274859511001089
1332275474521841665
1332275712166858752
1332276732687224835
1332277994895798276
1332278660380958720
1332278966472806401
1332280507527168005
1332281868377608196
1332283024235319298
1332284282400768001
1332285202958323712
1332285253810065415
1332285542906544130
1332288057236713472
1332288359763480578
1332290574120960002
1332293092184043520
1332295607080296448
1332295620946767873
1332296647771103233
1332297124822867968
1332298123788619776
1332299290073575425
1332300643550126083
1332300643479023616
1332303156995383303
1332303385752719362
1332305673284182016
1332307715138473984
1332308193226219525
1332308990664060930
1332310706532741121
1332313223161212934
1332315741790609408
1332317971931402251
1332318256242204672
1332320772870823940
1332323291885953027
1332324224946614273
1332325806052429826
1332327357982662656
1332327655123906560
1332328322781462528
1332329581106376704
1332330842119569410
1332333355782770692
1332335872419659778
1332338389815799816
1332340906003894274
1332341647384981505
1332342025857998848
1332343422531801093
1332344680676114432
1332345321683345410
1332345940963946505
1332348455595827203
1332349696367583236
1332349713983492096
1332350972031545344
1332351620466794497
1332352708951597056
1332353489226219521
1332353512441831429
1332356257081151494
1332357715520352257
1332358521661259777
1332361038163898369
1332361184117469186
1332361373934825472
1332363554981371904
1332363700838289408
1332364171669856257
1332368593619709955
1332371104824918016
1332373138982756353
1332373621113724934
1332374876976517120
1332375174843338752
1332378654362333184
1332382023030362112
1332383294768488451
1332383689104388097
1332386204063461376
1332388720608038915
1332390092355358722
1332392780476395521
1332393753768845312
1332395269187657731
1332395412750299137
1332396929251205121
1332398791983566851
1332403820081668098
1332407443326951424
1332408853242077187
1332411369862295553
1332413887417884672
1332416403203350528
1332418919865454592
1332421436846206976
1332423952937984003
1332425092953993216
1332428986572439552
1332444091003662337
1332459188262494211
1332474288876687362
1332489388706697217
1332504485789241347
1332519585266896897
1332534685356806145
1332537198936166400
1332539715594166272
1332542232289705985
1332544748700143618
1332547265114886144
1332547265114886144
1332548523615666176
1332549602013274112
1332549784004145152
1332550876188323840
1332551040353267712
1332552298447446017
1332553556646391808
1332554815075872769
1332556073195094016
1332556902178430976
1332557331415130112
1332558590222110721
1332559848249171969
1332561106531995651
1332562364659482624
1332563623063896064
1332564885939441665
1332565681792032768
1332565837660758016
1332566139864551424
1332567398071685128
1332568656392323072
1332569914520039426
1332571172664446977
1332572431412649984
1332572618982092800
1332572829674590208
1332574947559022592
1332577464216932354
1332579783721496579
1332579981856182273
1332582301935542278
1332582497490665474
1332583084504592384
1332585013959946240
1332585699057557504
1332587530563198976
1332588067899715584
1332590047250378753
1332592247041372160
1332592563744768004
1332595081035935747
1332595742540705792
1332597443888877568
1332597596913856513
1332600113441566721
1332601197866471424
1332602631303401472
1332605146493140992
1332607663293616128
1332610186809315330
1332612419118649345
1332612696253067264
1332614523128311808
1332615213082820610
1332617731577884677
1332617836435546112
1332619656956416000
1332620246083981313
1332622762729373698
1332624650917056512
1332625284298805250
1332627421569409025
1332629192534581248
1332630312497471489
1332630576617185280
1332632829067284480
1332633190671020035
1332635345750347776
1332637862181937152
1332638897684230144
1332640248770293760
1332640379536101378
1332642895518527488
1332645411971010561
1332650445207166977
1332652961760112642
1332653094279241729
1332655484055142405
1332655983550738433
1332660441189933056
1332660511398375430
1332663028165341184
1332665150306971649
1332665544860790784
1332668108855767040
1332670584136683527
1332670851808890880
1332671836539269120
1332673094708760576
1332674353020899329
1332675610997526530
1332676869339148292
1332678128909516800
1332679386051571712
1332680644141473792
1332681902663168001
1332682546019250176
1332683160757235712
1332684418901708801
1332685677864038407
1332686935932821505
1332688194375073792
1332688807557206016
1332690631974641665
1332690710609399817
1332693227124748288
1332695743937830913
1332696635504271366
1332697001939460100
1332698260205563909
1332699951407763457
1332700770001674242
1332700779170435073
1332703293349490692
1332705810087022594
1332706084109381632
1332706644657057793
1332709791895064579
1332710843272876035
1332715880040591363
1332715879830757376
1332716030544764929
1332720753263996929
1332720909405224960
1332721050480676866
1332725942779858947
1332728901576122374
1332730976926117888
1332731386323755010
1332736009168183297
1332741042169327617
1332743667468165120
1332746081646546948
1332746368289533955
1332746779893379075
1332747585547866114
1332750147034484741
1332751023828557828
1332751108582805508
1332753626943557632
1332756141626044418
1332761179480084485
1332766208089755648
1332766730565906436
1332769037630267396
1332771241028030465
1332776274163503105
1332778790750023680
1332780049104310276
1332781307471028225
1332783824208601088
1332785082432708608
1332786340774207491
1332788857071276033
1332791377554497537
1332796406990561282
1332806476088238081
1332821578250293248
1332836672858308611
1332851773397209090
1332866874741116928
1332881976945152001
1332897070794088448
1332902389507092482
1332904619899424770
1332907136452599809
1332909202000519168
1332909653026500608
1332912172205105152
1332914686191349762
1332915348333617157
1332917202807361541
1332918045510152193
1332919720782262273
1332921365368811520
1332922236009779207
1332923156781293570
1332923480657043456
1332923699629068288
1332924203905986564
1332924526812946433
1332924752718020608
1332924948961177600
1332925382660665344
1332925637586284545
1332925923067195392
1332926170619392000
1332926766449569792
1332927052350181376
1332927272706256897
1332927399303012354
1332927826987806721
1332928033162932228
1332929707927539712
1332929785798922241
1332932302255628288
1332933787022487552
1332934819647418372
1332934819647418372
1332935016683364355
1332937335575617536
1332939852183076864
1332942368560078850
1332942597866868737
1332943692253065218
1332944018511171588
1332944885352189952
1332947401854906369
1332949918340640770
1332952434919006211
1332954951559962624
1332955806514487297
1332955925230084097
1332957468893306886
1332959984825495552
1332962501324107777
1332964395450855429
1332965017830920196
1332967534551834624
1332968441704292352
1332970051243163648
1332971185907363840
1332972567561445378
1332973509912489985
1332974554784927745
1332975084198391810
1332977600948432898
1332978213648273409
1332978538992046082
1332979700277391360
1332980118403203073
1332980404618485770
1332981813439066115
1332982633861701636
1332982866729381889
1332984476343873536
1332985150620246016
1332987672495759361
1332988423431458817
1332990183789244416
1332991514167881728
1332992700308627461
1332993500804231169
1332993920435941377
1332994226565615621
1332995218531119105
1332995719947489280
1332997733456760833
1333000250030657536
1333002775052120064
1333004676837625856
1333004745091522561
1333004816981909505
1333005283380129793
1333007799836692481
1333009264655392769
1333009360285556736
1333009481224118272
1333009615072595969
1333010316293181441
1333010780711739392
1333012832980520963
1333015349638393856
1333015370291163136
1333017871409143808
1333020383008546819
1333022438624464898
1333022899465302018
1333023894165463046
1333025416945283075
1333025916151328768
1333027932504272897
1333030449346592769
1333032971322920961
1333034119308201986
1333035482515607552
1333037998791921664
1333039147972501505
1333040515957235712
1333043031944032256
1333045548664819712
1333045651966488582
1333048071387709441
1333050581766778886
1333052319034974214
1333053098474934273
1333054368074108929
1333055615246225408
1333058131539136513
1333060648125698048
1333061429088432128
1333061824892313601
1333063141983465475
1333064093272567808
1333066387452006405
1333070714740436997
1333074489668628481
1333074607956496390
1333078328534839299
1333079992499048452
1333082039071907840
1333084187474137094
1333085814843203588
1333087737193357316
1333090988919844871
1333092581861945349
1333096767391473670
1333097012888211457
1333097614351486979
1333100913712648198
1333101217485033475
1333104688531554304
1333105211662086147
1333106113965928449
1333106197151576067
1333108357465575425
1333109412458803201
1333110416743030787
1333112238417186817
1333114191067144200
1333116013970292738
1333119787841560582
1333123567974637568
1333123585783816197
1333125602677813253
1333128595942862850
1333131112671965185
1333133628901969920
1333133999896662018
1333136145841000448
1333138662058553344
1333141178783576066
1333143695420317696
1333146213655273473
1333146212355219458
1333148728438517761
1333151209587412993
1333151245050253314
1333153510062518272
1333168861374410752
1333183965189070848
1333199061122306048
1333214162021883909
1333229262455721990
1333244364940832768
1333259460576329728
1333267295800537088
1333268108283437058
1333270311463243776
1333271085723381760
1333274559328387073
1333277074195427329
1333277601499058178
1333279590651891712
1333282109063098369
1333284623774740481
1333287140499734531
1333289659187675136
1333292173710782467
1333294585418829826
1333294685985628160
1333294690263728129
1333295173506396161
1333295550817574912
1333295840392335360
1333296174154002432
1333296429050290176
1333296870395944960
1333297049656315904
1333297206812569603
1333297600989171715
1333299541173538824
1333299723411750913
1333302240019300354
1333302708804136960
1333304760548540424
1333304881206136832
1333305065835270145
1333306776436027392
1333307018866724865
1333307273314123779
1333307581524307970
1333309789762248704
1333311958888706049
1333312307334684673
1333313990534062081
1333314822843330561
1333315086757343233
1333315388965261312
1333316285510381568
1333317339350228992
1333319859338420224
1333320646378606592
1333321334546436102
1333321404876468224
1333322372531822593
1333324889210630149
1333325016985956353
1333325016985956353
1333325625562685442
1333326093470867456
1333327407688916993
1333329116469342208
1333329922371235841
1333332220266881024
1333332438945202177
1333333006896001024
1333334628984295426
1333334657736314880
1333334832773017602
1333334959210246145
1333336331913719808
1333336425463427072
1333336676211560448
1333337472193896449
1333339397861863424
1333339989065617409
1333341208215760898
1333342506004733952
1333345021882372096
1333345584321851392
1333347132913430530
1333347538380918784
1333350056028737536
1333352571797348353
1333355088300019712
1333356121608888323
1333356830379159553
1333357605209608192
1333358319424167936
1333358597783359488
1333360121448189954
1333360912703627268
1333362638085001217
1333364474418499585
1333364544685682689
1333365160325632001
1333367671249727490
1333370187815342080
1333371965458034689
1333372705253502980
1333375220862750723
1333377737512333313
1333380264035119108
1333381789704998914
1333382536878321664
1333382771062968321
1333383003712712704
1333384701424394240
1333385287196610562
1333387804093591552
1333388995582177280
1333389736061374464
1333389830504505349
1333390176266153984
1333390320663314434
1333391644159340545
1333392837040361473
1333393344932798469
1333395355065589768
1333397870221946887
1333399721378009088
1333400386854522884
1333401645015834624
1333402404205817857
1333402749896183809
1333404161925234689
1333405419989917696
1333406678193221633
1333407936538767366
1333409194737799169
1333410455805698048
1333411711945236481
1333412969775058949
1333414228171108354
1333414395708313604
1333414462351691778
1333415486562979843
1333417499652542464
1333418599034331137
1333420263887826952
1333421777804922881
1333421922017742851
1333423036033220609
1333424294639104001
1333425554712760322
1333426811397693441
1333427544465530883
1333428069269377026
1333430585793110016
1333431844059090947
1333433104107769860
1333434351065968642
1333435618957930497
1333438135586365441
1333440206867996675
1333445685408980992
1333450718334881798
1333453053031313408
1333454196490854402
1333455122677030913
1333455523467976708
1333457018938601473
1333457256646647813
1333458115757563912
1333458189417930753
1333458597913759747
1333460373794598917
1333460518569455618
1333465818252726275
1333466525383192578
1333467103475736581
1333470860141678593
1333475884624392198
1333477335698386945
1333478532220133378
1333480917386498048
1333485950685519872
1333488467104342018
1333489318153875456
1333490984144023553
1333493501833732096
1333495236379742209
1333496016876699648
1333497125129367556
1333498533601796104
1333500974435078144
1333503566674227200
1333506083265146880
1333510508603957249
1333511583906078724
1333513633079455752
1333515897856806915
1333516056116211717
1333531253992165380
1333546351829762049
1333561449663311874
1333576547345731587
1333591650141138947
1333606748989517827
1333621846072193026
1333625358134947840
1333626879023058947
1333629318543630337
1333629396024954880
1333631912208969734
1333634428925513728
1333634728847609857
1333636946065829889
1333639462044176385
1333640166511144962
1333640241643724801
1333641978601304067
1333644495636803585
1333644534555824133
1333645415116398592
1333647011657117696
1333649528331923456
1333651002973687812
1333652048219308033
1333652879857606656
1333653110963712002
1333653855259799554
1333654561622470656
1333656845131583488
1333657078137806848
1333658563923890177
1333658770078117888
1333659072608997377
1333659337923977216
1333659474507264001
1333659594594414593
1333661156527968257
1333661431221407747
1333661705369481217
1333662111172612096
1333662668817903621
1333662925790253056
1333664627947782146
1333665724087328769
1333666410694897665
1333666594363482113
1333667146564571136
1333667626766266374
1333669661079072769
1333670970998087681
1333672127359311872
1333672177686736897
1333672274537422848
1333672342539689984
1333672673931563008
1333673190053253121
1333674694701060096
1333676475933921280
1333677210683596800
1333679592754868224
1333679727396077568
1333681121884778496
1333681121884778496
1333681894228111361
1333682035152609280
1333682243773009922
1333683803508912128
1333684376543125504
1333684760590290945
1333687277080489985
1333689368033320960
1333689447792185344
1333689794744893444
1333689806816161792
1333690385487564800
1333692310144487425
1333693382019985408
1333693500785737733
1333693583535247360
1333694826970185729
1333697349114183681
1333698432725291008
1333699859887616000
1333702376600072192
1333704894327500801
1333705039190384640
1333707110895456256
1333707409802502144
1333708326182539265
1333708462937812993
1333708646614781955
1333708927092060161
1333709113692446726
1333709926200438791
1333710013718786050
1333711184760086529
1333712253917466626
1333712446767443968
1333712825278140416
1333714959457542144
1333715534093955073
1333717088725241861
1333717476429873152
1333717551042482176
1333719161592279040
1333719994006290433
1333721138019651585
1333721251085488129
1333722509376622592
1333725026130960384
1333725174009651201
1333725476876070912
1333727550716014592
1333727766102073344
1333730059232882692
1333731119158661120
1333732575982981121
1333734036758536192
1333734234993909763
1333735093525876737
1333736451385798656
1333737608686481410
1333740125231206401
1333742649979842564
1333745158735720453
1333747675171233792
1333750194299691013
1333750192730882050
1333750312633573379
1333750378349940745
1333751585743187971
1333752708587810816
1333753858640797696
1333754181639868416
1333755225031761922
1333757744684392448
1333759459378794505
1333760258439737348
1333761516781379586
1333762775215190020
1333764033053278209
1333765292997156864
1333766549824421890
1333766783237578754
1333767807759224834
1333769066369200130
1333770023169617920
1333770324622491649
1333771582704062464
1333772844380037123
1333773573341802501
1333775357615468546
1333776843556720640
1333778603394392064
1333780390981627904
1333781649067290625
1333782907777794050
1333784165595062272
1333785424033054724
1333786682215292928
1333787944746815489
1333788393524715522
1333789199225524227
1333790457021796352
1333792973838974977
1333795493244071944
1333796748595240961
1333798006710280192
1333800523657408514
1333800602736889856
1333802762191007745
1333804202808778753
1333805415658819588
1333807821532499968
1333810591488569350
1333811306521120768
1333811408098775044
1333813106372345856
1333814753597267970
1333816881396977669
1333819398608531458
1333820907630993409
1333823173092024320
1333825690630807555
1333828205782970371
1333830722352713730
1333833244522000384
1333833902746722314
1333835755878232067
1333837975378128896
1333840294618533889
1333841591098888192
1333843305180794881
1333848341126414336
1333848828395614213
1333850855192236032
1333852623217303553
1333855827548131332
1333855890848567303
1333858404968919041
1333860921320509440
1333863444991389696
1333866578144845827
1333868471306788866
1333870283858571266
1333871760735920129
1333873504719155203
1333876020911411208
1333878285776814082
1333881305738559489
1333884073844953089
1333884574280069123
1333885211109691399
1333886842521989123
1333889610401910789
1333891120238002176
1333893637021736961
1333908742924996609
1333923840607408128
1333938935253274626
1333954036844744707
1333969138683809792
1333984235682578433
1333990043518701573
1333991706639953920
1333994300137492482
1333995053589663744
1333996816627503105
1333997636702101505
1333999333172076544
1334000443303866369
1334001849939050498
1334003031164264448
1334003263771975681
1334004366412574720
1334006884550885377
1334007394385473536
1334009399682101250
1334009955268120576
1334011916377755648
1334013985155395585
1334014178907000833
1334014433144819712
1334014505991491585
1334014752725544960
1334014972087701506
1334015503191461888
1334015938925109248
1334016581635072000
1334016949198745600
1334018757593796609
1334019465965490177
1334020724382593026
1334021982766178305
1334023240898015232
1334024499189059584
1334025422233886725
1334025757522227200
1334027016006414336
1334028273974702081
1334029535403266049
1334030790871576577
1334030790871576577
1334031835924459520
1334032048814764052
1334032759132729349
1334033307302989824
1334034565485178880
1334034597009629189
1334034843815055361
1334035823734435841
1334037082843430912
1334038340346134528
1334038584417001473
1334039598578634754
1334040188838961152
1334040856928669698
1334041463127150593
1334041560187539457
1334042115152764929
1334042312528244737
1334043373519384576
1334044066925998086
1334044633316401153
1334044919414054912
1334045890361790467
1334046539128459266
1334046912174059520
1334047148476944389
1334047651747090433
1334048406705217537
1334049664979517440
1334050923237187585
1334051470061301760
1334052182388301826
1334053439882620933
1334054698085724160
1334055499482935296
1334055956481667073
1334057161727602689
1334057214630309888
1334057241427775493
1334057969604956160
1334058472858677251
1334059228005240832
1334059731615268864
1334060989998919681
1334062247916625920
1334063506094764033
1334064764528582657
1334065538461528067
1334066023033577472
1334066808240926720
1334067282654482433
1334067581024657414
1334068539460825088
1334069401478426625
1334069797634523137
1334070590949519361
1334071055804211203
1334072308319870978
1334072314175000578
1334073572533407744
1334074388057104384
1334074831504101376
1334075466462978048
1334076089560272896
1334077347398553600
1334077850689937409
1334078605639487491
1334079864106676226
1334080292114587649
1334081122557333505
1334081721516630016
1334082381616037888
1334083639060131840
1334083644315537411
1334084897183584257
1334085252684374016
1334086155336183810
1334087413694685187
1334088037509304320
1334088168728010752
1334088672023441408
1334089934865657856
1334091188966748160
1334091294738702337
1334092446976921600
1334092499678269440
1334093042614226945
1334093705687363586
1334094963563433985
1334096221590462465
1334097479902629888
1334097559942520833
1334098055407267841
1334098738470588420
1334099262880194560
1334099996434685952
1334101254872707073
1334102513285550082
1334103771618701317
1334104186791866371
1334104540573028352
1334105036360536070
1334105061807558656
1334106288616181760
1334107546538405888
1334108654513995776
1334108734939860994
1334108805018292224
1334109179787808768
1334110063292661760
1334111321219096579
1334112581049577477
1334114572337295360
1334115096025395201
1334115565615656960
1334117612901474305
1334118534318858242
1334120131899711488
1334122645927849985
1334122650034188293
1334125162862526465
1334127681743376384
1334130195607949317
1334131453978841091
1334132424092110848
1334132712190345216
1334133215548878848
1334133970452287489
1334135228739186692
1334136058246815744
1334136487454121984
1334137745669713932
1334137802913681408
1334139003688407043
1334140261920858113
1334141520237105152
1334141882528649217
1334142613205766144
1334143785392025608
1334145275699589121
1334146292256301061
1334146554232512514
1334147162385608705
1334147510923833344
1334149070013624323
1334150338517954566
1334150796561297410
1334151587640406017
1334152593279488000
1334154103614795777
1334155361780183041
1334157878328918016
1334157973158043649
1334160394705747968
1334162911099555843
1334164831734288384
1334167944348266496
1334170461387755521
1334171230476361732
1334172978376962049
1334175494145716225
1334176401872785411
1334180220673388545
1334185560777388032
1334190619623878660
1334194435836534785
1334195635940048896
1334197440644308992
1334200660275892229
1334201918323712000
1334201963857244165
1334203178472984577
1334205547139239940
1334206605219532801
1334206865002131463
1334208713222213632
1334210728279072769
1334213242764337160
1334215004590108672
1334216198582628355
1334218107292962817
1334220792633061376
1334220792498798592
1334221289154863107
1334222780003459073
1334223675944472582
1334225832630337536
1334228342673797120
1334230076335017985
1334233359862669313
1334235892060340225
1334238408617521152
1334240673562845191
1334245458273820672
1334254953146314753
1334256030360989697
1334256426357809155
