1321674560148807680
1321680844440961025
1321681984402444293
1321695160053489664
1321702680629313538
1321709770273861632
1321711293527711745
1321720102610489344
1321736662192394245
1321757999631867906
1321759196291936257
1321761415041060866
1321770592849285121
1321786561474797568
1321797711105056768
1321800613513076736
1321800976685240320
1321829270948323328
1321844625217388545
1321861510625460225
1321876122963947525
1321889540391489536
1321891909804134400
1321897087546654721
1321905983967420416
1321935488031301632
1322042551751364608
1322042794064683008
1322072966457425921
1322073131578761218
1322076329857212416
1322088471935201285
1322089030817927168
1322114728898998278
1322115123222368261
1322124242067034112
1322128682941558786
1322128779221893120
1322137078919028737
1322153294500974592
1322160256730935297
1322160616845574144
1322162129500254210
1322236106172256259
1322251933244039168
1322253933310550021
1322254096171229185
1322267028309250049
1322419229493202945
1322442090614239232
1322444352002686976
1322451163774652417
1322465988118515717
1322467916634296321
1322471798563344385
1322493350965088257
1322516958185725953
1322534896989048832
1322554717373927424
1322570300064751619
1322571490987040770
1322594269102833664
1322595017509273601
1322596481984008193
1322597436808986626
1322614317317980160
1322617101207691269
1322617548211429382
1322636598165590017
1322777376103825408
1322826667216244736
1322850626892648448
1322857069637214210
1322858896659226624
1322870090774302727
1322891894255427586
1322920657118728193
1322922377337020416
1322930287895076865
1322971237564506114
1322976703254269960
1323012054911954950
1323128080001572866
1323158838820937728
1323196962800369664
1323198878850625538
1323201863148339201
1323219755084427264
1323251102951841792
1323251196908490752
1323254714570579968
1323256992773873664
1323267483311218688
1323284171364720641
1323296171813752833
1323299808820580353
1323306602800308235
1323308909084450817
1323321553644380162
1323326165193543680
1323339094026584066
1323354065733144577
1323370042571018240
1323385155898253313
1323492952635809793
1323519435605499906
1323520281823059968
1323530189834489856
1323530369480708097
1323542544215658496
1323569376331792385
1323577501633884162
1323584929414959108
1323589523775889410
1323595862975619072
1323600991833542657
1323610567492460544
1323611010926862338
1323630319677878273
1323642084889415681
1323677163019796481
1323701485125861376
1323715883454341120
1323754328209805312
1323780390432182273
1323782198370160640
1323794163989622786
1323802869225705472
1323844713779257344
1323860913871413249
1323866745724116996
1323867824381665281
1323870205093810178
1323884812978053122
1323904362754777094
1323913839797297152
1323914563012726784
1323923125608849409
1323925517557469185
1323952920744890369
1323972091595661312
1323974786519846913
1323990549863477254
1323998732497620992
1324012259060994048
1324063871640899585
1324065769869709315
1324070442458558466
1324086395787501568
1324098053859692547
1324099130290065408
