1349637393016446976
1349646650256609281
1349646698784714753
1349646934500323330
1349659468678754304
1349662430801100800
1349662471750094848
1349672240439242753
1349672866158141440
1349677283896930304
1349677838706896897
1349688851233697794
1349716031879712768
1349722221258924034
1349725457764282374
1349738640017014785
1349738703514583046
1349741057894985729
1349763562110029825
1349767135711649796
1349767192804536325
1349767210793889795
1349768071230205952
1349773121486802948
1349773135663534087
1349773415071313920
1349776224843935745
1349776967508353026
1349777840095555585
1349805854040711170
1349805875477827591
1349805950119645191
1349805967232409607
1349805987264344064
1349806003383099397
1349806318299869191
1349806349127983106
1349806463435345920
1349806536332365831
1349806588538793984
1350002749870641153
1350006210104274945
1350017038568337409
1350018003073720320
1350018176772419584
1350066127355998209
1350066252715327489
1350066275339407360
1350066363390439424
1350066487453757441
1350066587794104324
1350066641606991872
1350093384107651075
1350098442673135616
1350103665139474435
1350106668806365185
1350108339552858114
1350115815559991297
1350117707203670022
1350122622802157571
1350124019127873536
1350138453812510722
1350230208662663170
1350352089206063110
1350422873756807170
1350451122117480455
1350451138290712583
1350451228505993216
1350451260420403201
1350451320684163072
1350458630374473729
1350487988908613633
1350495508876435456
1350542236891672576
1350763409424457728
1350850376749051907
1350962756917325829
1350962801607643141
1351091583953858570
1351142844925419520
1351143051390033927
1351143131182460931
1351157103994540036
1351160951899303938
1351162197955801098
1351162221737488385
1351182559254757376
1351196575477981189
1351212766288203776
1351217541004275712
1351224973495574534
1351231300234072085
1351232823898857495
1351252535806468107
1351252543603679240
1351252555280637953
1351252615477211149
1351255056021073920
1351260900523651073
1351461789280698369
1351461819253207040
1351500617097875457
1351500678573785090
1351500765827895298
1351500805979967488
1351500971923402752
1351503869340233730
1351522155440320514
1351533973747412993
1351551761685893120
1351551989520465921
1351552174535430144
1351552936820793350
1351563153130328065
1351567402522337283
1351567455215353856
1351583579034288129
1351590247411363840
1351603869965545474
1351603957949485056
1351608181131194369
1351609579361206272
1351609606724866051
1351609614685638700
1351609623653064704
1351609638228275203
1351609643387265032
1351609654170841090
1351609662966214658
1351609668414668800
1351609676140523520
1351609684948561921
1351618053474234373
1351660155268689920
1351856361525682176
1351856435559358464
1351865227625836544
1351865272353902601
1351880605273890822
1351882893669380102
1351882935545307141
1351897983881793541
1351905129100935168
1351930208480350208
1351937863378735110
1351952632106020866
1351996713997897729
1351996912728236033
1351996925155880963
1351996940100259846
1351997014226178049
1351997051287056384
