1308888876228833281
1308903977183072256
1308919078971740163
1308934172489256960
1308949272902004737
1308964371511607296
1308979472889151493
1308988364767539203
1308988906096951308
1308989537360646144
1308992053901012992
1308993083757998081
1308994571343409153
1308997087217037313
1308997113603387393
1308999603648368641
1309001395220221953
1309002120197070848
1309004636779474944
1309004731390586883
1309007153492094977
1309009244629413889
1309009671311818752
1309011073970966528
1309011160017113089
1309011734179524608
1309012186681864192
1309013105863790592
1309014359310577665
1309014703088177152
1309014747485024257
1309014980235350017
1309015151333564417
1309015264944627712
1309015393193922561
1309015492053659649
1309015685536845824
1309015811764428801
1309015827669299200
1309017219750334464
1309018478163103744
1309019736349356032
1309020994774814720
1309022252856303616
1309023511344799744
1309024002044821510
1309024773385588736
1309026028036091904
1309027286155497472
1309028544513630208
1309028797400993799
1309029802733498368
1309030101732995072
1309031061075230723
1309031567961067522
1309032319680876544
1309033577552592896
1309034835965603840
1309036066297479173
1309036094118219776
1309037352464113666
1309038665436409858
1309039873093857280
1309039889988583425
1309041127585013760
1309042385763016704
1309042800596525059
1309043139093696512
1309043643899154435
1309043676862185472
1309044137585410048
1309044902194483203
1309045315480301571
1309046124016209926
1309046160582225920
1309047419489845248
1309048677223153665
1309049935430447104
1309050735573770242
1309050855455444992
1309051759550234624
1309052451929063425
1309052706712178689
1309053710224379904
1309054971669741568
1309056227121311744
1309057485261561856
1309058425951838208
1309058743351402496
1309060001823182848
1309061219127525376
1309061260017717248
1309062429377257473
1309062518682324993
1309063776654757899
1309065034912477185
1309066293601918976
1309067318396411905
1309067532943458306
1309067551566172161
1309068809701961728
1309069271339864069
1309070070614757376
1309071262313000960
1309072584600944642
1309072637784621059
1309073549471166464
1309073843055665153
1309075101250277376
1309075554361016321
1309076122865487872
1309076359403069440
1309077617677488128
1309078322962460672
1309078876220346368
1309080134306144256
1309080328997404672
1309081392530112512
1309082650846490624
1309083909313896448
1309085172109844482
1309086036706951169
1309086426210816000
1309087684200144896
1309088942491414529
1309090200883261442
1309092076785733633
1309092718161915904
1309093975953944582
1309094894892388354
1309095233871687680
1309096492125233152
1309097189247942656
1309100275961966593
1309100417222148097
1309101218439081984
1309102783593771008
1309104043508162560
1309105300352446465
1309105327300845573
1309106295853797377
1309106546698223621
1309107818629230592
1309108334444900353
1309110333462794241
1309111220683911171
1309111282067558400
1309111603351162880
1309111857194598401
1309111921518485507
1309112850233741312
1309115366434467840
1309116031898656769
1309117883369357313
1309118739204444167
1309120027333984256
1309120399989506049
1309120823828066306
1309121363907674134
1309122918224482322
1309123730027708424
1309125085077307396
1309125249263435776
1309125249263435776
1309125433053663233
1309125807437119489
1309127279335870471
1309128033543032832
1309129526673371137
1309130324132212737
1309132094354923520
1309132314744627210
1309132707197321216
1309132780710887427
1309134304589602817
1309135002974781440
1309135213398831107
1309135663875403776
1309137379492532225
1309139274365898754
1309139690583396352
1309139883592691713
1309140532430397440
1309141790679691264
1309141937841205248
1309142482438033410
1309143049033986055
1309143377213087746
1309145565989535744
1309145853119139840
1309148082207105025
1309149340884230146
1309150598873468928
1309153118047866883
1309153935165468676
1309155632226934787
1309156890438447109
1309157478576291840
1309158148540956672
1309160669728534528
1309161923733196800
1309163181680467968
1309164440546312193
1309165382792613889
1309165698246160386
1309166133430431745
1309168217881894912
1309169473094479872
1309170731918520320
1309171989622517762
1309172806979137538
1309173248261722113
1309174638090608647
1309175813296869377
1309175830397030407
1309177505367175168
1309179539923312648
1309180047497064456
1309181301094674432
1309183315648409600
1309185095811641348
1309187349029556225
1309187774961115136
1309189231181520896
1309190865013952512
1309190973759664131
1309191375217401856
1309192589552349186
1309194639216267264
1309194720447528960
1309194938333229056
1309196481853894666
1309197357913866241
1309198413658021890
1309202143321219076
1309202189114630144
1309203127170740227
1309203340191031296
1309204734012784643
1309206657440919553
1309207915061030912
1309209738475982851
1309211500108812289
1309213155923570690
1309214771586105344
1309215042756378626
1309215360013524993
1309215676402487307
1309217288051134464
1309217676338909185
1309218239789047808
1309219468455882755
1309219792918896645
1309220718731767812
1309222824591142914
1309224838490333184
1309228613430964225
1309231196698750979
1309232387658661888
1309234348739063815
1309235910966378497
1309237924270141440
1309239937317974016
1309244721982832640
1309251261917663233
1309266364755050496
1309281462827376641
1309296562460217345
1309311659861655560
1309326762749227010
1309341859756474369
1309348471363842050
1309349079382622213
1309351925264068608
1309352220580876288
1309352317192413184
1309354025398210561
1309355125392146432
1309356959225839617
1309359474998681601
1309360416997486593
1309361991551610881
1309364508041904129
1309367024649490432
1309369541307191296
1309370322907541504
1309370409985421312
1309372061106626561
1309372930208432128
1309373106759311361
1309373206822891520
1309374574748786688
1309376004926959616
1309376149856948224
1309376305394323456
1309376843154325504
1309377091260035072
1309377269786439681
1309377565501599745
1309377784842723329
1309378267959492608
1309378452328452096
1309378779161202688
1309379363956314112
1309379521456549888
1309379607502573570
1309381502204030976
1309382124420562945
1309383634189574149
1309384640881283077
1309385899097030656
1309387158155788288
1309387825553518592
1309388646760546304
1309389674079760386
1309389714441547776
1309392190523805696
1309393190865326081
1309393403646545920
1309394517162954754
1309394707793936384
1309395965510549504
1309396516088537088
1309397223629783040
1309399740296163328
1309401047610335232
1309401750819024896
1309402258048716800
1309403515513700352
1309404773452591110
1309407195835109381
1309407193939283969
1309407290064330752
1309408548523110400
1309409730935357441
1309409808378863616
1309411065076252672
1309411145053335552
1309411210572464130
1309412323124158464
1309412780655730690
1309413558195806209
1309413581541109760
1309414839782117376
1309415028341329920
1309416098035625984
1309417358918905858
1309418615179968517
1309419873043447809
1309422389604675584
1309423049461108736
1309424570798141440
1309424623939878915
1309424906103328770
1309427422908092417
1309429939435966464
1309430688068886528
1309430766196207616
1309430881816379392
1309431118840692736
1309431568910385153
1309432463966515201
1309433481173307392
1309433481173307392
1309434546551771137
1309434972776755206
1309435759745814528
1309435976452800516
1309436880417628160
1309437489291997185
1309438423586009089
1309438896787337217
1309439064387575809
1309440005841002497
1309442522255515649
1309445039005855744
1309446362916888577
1309446792174596096
1309446943425417217
1309447556578107392
1309449589838278656
1309449870592401408
1309450072069779457
1309450726859472897
1309452170790658049
1309452588950130688
1309453846796623874
1309454446880059393
1309455107344351233
1309456305980084224
1309456363697831936
1309457372910440448
1309457622089773061
1309458880112390146
1309460138428755968
1309462665316753408
1309464290093682688
1309464449993060354
1309465171690045440
1309466429800894472
1309467688264114176
1309469392653213696
1309470012651036672
1309470206109126662
1309471463255101441
1309472721198342145
1309473979594231808
1309474046703284224
1309475238145437696
1309475586109255680
1309476496344580103
1309477171224813568
1309477760902070273
1309479013111349248
1309479799728070659
1309480271331250176
1309481529274327040
1309482787624296449
1309484046146179073
1309485305796403201
1309486562800021504
1309487820839350273
1309489079168512002
1309489368646799365
1309490337648316419
1309491370986475521
1309491595532738560
1309492340634136576
1309492855086477314
1309494112937103361
1309494640668807168
1309494699380613121
1309495370787954689
1309496628819226627
1309496855798132736
1309497542607073282
1309499145393188864
1309499473438089217
1309500290610139136
1309500635327455233
1309500765417938944
1309501662495604737
1309502373983907841
1309502921021812741
1309504178792923139
1309505437239308288
1309505928329392129
1309507959743852548
1309508280167944192
1309510470408249346
1309512986642374661
1309513928892993540
1309515504894095361
1309516344568754176
1309519026503266311
1309520536586903555
1309523061436284928
1309525249780789255
1309526576216694784
1309528086161940480
1309530603545485312
1309531396411731969
1309532881811894272
1309533380820774914
1309533994279735296
1309534066430148610
1309534898999431169
1309536181160415234
1309538286948495363
1309538664482041867
1309539411068030976
1309540326726676481
1309541927868657666
1309546457226031104
1309548218762457088
1309549133464776704
1309549579520573441
1309553000264790016
1309553736818327554
1309557027023224834
1309560803033481216
1309563092414730245
1309564576589967360
1309567594874241024
1309568353778896896
1309570112945414145
1309572126144249856
1309575198912516096
1309577159460007936
1309579676411625474
1309583452228841472
1309587225693138950
1309587944647385091
1309588987443646466
1309591001070092288
1309592510453354496
1309594466530062336
1309594775830421504
1309598298680909824
1309613649766514688
1309628752935227393
1309643848738430976
1309658951605248000
1309674050214453249
1309689150551941121
1309704248775634944
1309708021660966913
1309709279931166720
1309710398350938112
1309711796677140480
1309714313108746240
1309716829703753728
1309717472598200320
1309719348047618048
1309721862872559617
1309724379387801600
1309726896645533697
1309729412569534464
1309730749508182016
1309731929218928640
1309732971646078976
1309734445663035392
1309736962392092674
1309739478911799300
1309741311218638849
1309741995867467777
1309744511963328512
1309747028767858689
1309747681200402432
1309749547233693696
1309752061693583360
1309754202772701184
1309754483069669381
1309754578435481602
1309757095772737537
1309759611591852032
1309760488843161600
1309762128119836677
1309764644815372288
1309767029977743360
1309767111745699840
1309767161401966595
1309767161326440448
1309767282420318213
1309768366899507200
1309769677988671488
1309772195560734727
1309773183655047168
1309774711027453952
1309775192244260864
1309775499204403200
1309775678292754432
1309777227748274177
1309779745794437120
1309782260934086660
1309783071563145218
1309784777369595905
1309786768066174976
1309789810597326849
1309792327162949632
1309794845410508801
1309795903142756353
1309797360386617345
1309797360386617345
1309799753476177921
1309799877199704066
1309801420611358722
1309802395115888641
1309803651976671232
1309804910024818689
1309806942102212614
1309807426623987712
1309807901012373504
1309809944246411264
1309811476669124608
1309814417455017987
1309816274722197504
1309817494618738690
1309822526206259201
1309825048132288514
1309825069061992448
1309825846807588864
1309826625874296833
1309827559513665542
1309830075932499968
1309832593479794688
1309835109059551239
1309836074055872513
1309836280243589120
1309837505752162304
1309837625751228417
1309838295124377600
1309839162858758144
1309841335982206976
1309842658970333185
1309842673373720578
1309845175598866434
1309847693057863680
1309848661900308481
1309850208294051842
1309852725132353538
1309855243325251584
1309855348644352000
1309857758452228097
1309859017154539523
1309859331710611459
1309860274908753929
1309861409770143745
1309862793236172800
1309864050034126848
1309865308144820224
1309866566654341120
1309867824756781056
1309868773135060993
1309869083048005632
1309869450833858560
1309870148573159431
1309870322791915521
1309871213427265536
1309872857917214722
1309873519057145858
1309875374466113536
1309877892440969217
1309880407773638659
1309881391690199041
1309882924276133890
1309885890202918913
1309886396375732224
1309889216499691520
1309891798404345856
1309892991788736522
1309894197722390530
1309895716140208131
1309896166704898049
1309896543756054529
1309897775040139265
1309897998164529152
1309900540126482432
1309904315105136643
1309908091580813313
1309910368169480193
1309911109982445569
1309914615569158147
1309915115643338753
1309920673171755012
1309925706055417859
1309928272038420480
1309930743821250563
1309931407330942976
1309935194309361664
1309939335530192904
1309940805436469249
1309942647449161728
1309945841386315776
1309947123471966213
1309948355267624961
1309950872022024193
1309953389338345473
1309955905044185088
1309958421693771776
1309960686508871681
1309976039049670656
1309991141266223105
1310006236666978305
1310021339089195009
1310036439560785925
1310051535439552512
1310066635064127489
1310066804337803273
1310069151298326528
1310071667826323456
1310072926125748225
1310074185482465281
1310074593797955590
1310075442687246336
1310076700898873347
1310077959324094464
1310079217661620225
1310080475822804999
1310081736902979585
1310082296494596096
1310082992610717699
1310083969975812096
1310084250817851392
1310084901627138048
1310085509071343616
1310086199760031749
1310086767307976710
1310088025523789826
1310089283735302149
1310091690670206979
1310091800485519360
1310093058650681344
1310094317021736960
1310095575346368514
1310096340710457345
1310096834359033856
1310098092180615168
1310099350240915457
1310100608494505994
1310101545162289152
1310101866848694274
1310103125026504708
1310103726338777089
1310104135723876353
1310104383766454273
1310104420886163457
1310105641776603136
1310106900004925443
1310107691113684994
1310107805593071616
1310107938888077312
1310108158191382528
1310108204244905984
1310108340631097344
1310108496956977153
1310108693070000128
1310108839228968960
1310109064312086535
1310109210206777344
1310109369774804992
1310109416553938944
1310110674769440768
1310111783479369728
1310111935376101377
1310113191637086214
1310114449798258688
1310115707888250880
1310116456840003584
1310116966284263425
1310118224617324544
1310118449817976833
1310119482753388552
1310120643749466112
1310120741204090881
1310121602940653570
1310121999566422016
1310123257769594880
1310124516077522948
1310124716594786304
1310124919875948545
1310125774293393408
1310125812394471424
1310127036208418816
1310127838490775558
1310128767340347393
1310129549217116160
1310130735056130048
1310132065862516736
1310133324116090880
1310133869904113665
1310134442980265986
1310134583619325954
1310135840761233410
1310137099098624002
1310138357326974979
1310139615483850753
1310139789472038913
1310140873762627585
1310141599091953666
1310142137300779010
1310142896432181256
1310143390739312640
1310143390739312640
1310143912569380865
1310144499272867846
1310144648694956032
1310145152128704512
1310146201682169856
1310146621490032640
1310147165243793408
1310147478533087232
1310147649102852096
1310149682174201861
1310150920861343744
1310150940293505024
1310152198404206592
1310153456762544128
1310154715104239618
1310155973294723075
1310156245861642241
1310157231497924608
1310158490288099333
1310159748143087616
1310159862203064320
1310160164318740483
1310161006618841089
1310162264775770113
1310163523008430081
1310163853657944064
1310164782394171393
1310165184154136578
1310165258791682049
1310166010696212480
1310166039821459459
1310166103323291653
1310167297894555648
1310168556286259201
1310168748851179520
1310169814665576448
1310169865714573312
1310171017927692290
1310171072931729410
1310172331030065152
1310172497032237063
1310174847784439809
1310174901341425664
1310175942967517185
1310176106004111360
1310176908601176064
1310177008597585920
1310177364286926848
1310178622616080386
1310178810516639744
1310179028511477760
1310179881859387392
1310182397397340160
1310183655936008194
1310184914051051523
1310186085981597702
1310186172346519552
1310187433124794368
1310189130635186176
1310189774972616704
1310189947383681025
1310191656537411585
1310192463768727552
1310193722169135104
1310194475004723201
1310194981462630402
1310196238826921986
1310196575000551424
1310197126375317506
1310197496929427456
1310199637224173568
1310200013608419328
1310200233700339712
1310200926783893504
1310202318093201408
1310202525967056896
1310202531281215490
1310202748865064961
1310205046978535424
1310207563418329088
1310209315299569665
1310210082425118720
1310212597870854144
1310212704402116620
1310214364868366337
1310215697050599424
1310216326489792513
1310217632696631298
1310217867774824448
1310220146439409664
1310222663189757955
1310223283959279622
1310225179348365315
1310227696069214211
1310228529657925636
1310229584420499456
1310229681908649985
1310230212496551936
1310231552136278016
1310231614396477440
1310232425495224320
1310232460219867136
1310232736888619008
1310233988087181314
1310234975476813824
1310235245787054080
1310236504162140167
1310237762474311681
1310240279845363712
1310241408272363526
1310241537255641093
1310241700984520705
1310241767028142080
1310242795467075585
1310244053812801538
1310245312133505024
1310247834881458176
1310248228986728448
1310249275994013697
1310250345348562944
1310252134353510401
1310252382937382913
1310252607915556867
1310252696650252289
1310252861775773698
1310255380341993472
1310257894965669888
1310259700655632387
1310260411476762626
1310262422800867328
1310262927966892032
1310265444843106305
1310267961270308864
1310270477856768000
1310272994460139521
1310275510983745537
1310276862535446530
1310278028765941761
1310280405812215809
1310283060756185089
1310283848564051968
1310285578424909824
1310288094164385792
1310288953162035200
1310293126951526401
1310298160456241168
1310299809811660800
1310300127442145283
1310308229620985856
1310310504083189761
1310312246531235841
1310318437445644289
1310338428098080769
1310353525474504709
1310368625728000000
1310383725016788994
1310398825714954240
1310413927180718080
1310429023420518401
1310431539071655936
1310431772920995843
1310432189167939584
1310434055612018688
1310435313957904385
1310435922916380676
1310436572248961025
1310437830645039104
1310439088831463425
1310440347152117760
1310441605434945537
1310442863646453760
1310444124378521602
1310445380371390464
1310446638486355970
1310446886382436352
1310447896777519105
1310449155207200769
1310450413393584129
1310451671747768320
1310452171075391495
1310452930441404421
1310453874931662849
1310454188288208898
1310455227582218241
1310455446675886083
1310456704882995201
1310457209751564290
1310457963149029376
1310458211770785792
1310459222983835648
1310460480071163906
1310460654881591297
1310460785873883136
1310460961699049472
1310461097145774080
1310461223964737537
1310461732335366144
1310461738266091520
1310461838367358976
1310461838367358976
1310461859598868480
1310462264210841600
1310462485460381697
1310462996364193792
1310464254802157568
1310464799281684480
1310465383250505728
1310465512892137473
1310466771661406208
1310467146288369669
1310467426526605312
1310468029684174850
1310469287845466115
1310470546233028608
1310471804562137090
1310471848463867906
1310472029435498497
1310473033715417088
1310474325271535617
1310475486011719685
1310475579741933570
1310476837542395909
1310478095892115456
1310478103240728577
1310479354141372416
1310479603291521024
1310479758346670081
1310481872250482688
1310482791356944385
1310483419630120960
1310484387314761729
1310486140097622017
1310486903905333249
1310487370144284673
1310487435630055424
1310487848903155712
1310488162200944640
1310488531601625088
1310489421632790529
1310489446333255680
1310491937095335938
1310492250456104966
1310492679470538752
1310493930354618368
1310494453594021898
1310495711935574017
1310496622749548545
1310496970503385089
1310497065361911808
1310497899961253888
1310498228702457860
1310499155907940352
1310499486939009025
1310499866028761088
1310502003395624960
1310504521420935170
1310505778588119040
1310505880023166977
1310505916190556160
1310507036698869760
1310508103276933121
1310508295044632576
1310509553591566336
1310510811484319744
1310510996935651329
1310512070866108417
1310512447586004993
1310512527906873344
1310513328209321987
1310514586290806785
1310514746337173506
1310515210743173122
1310515844586242050
1310517102969675776
1310518258831949824
1310518361281818625
1310519623490711552
1310520878187163648
1310521133830209537
1310521888028983297
1310522136218480640
1310522828450603009
1310523394471804929
1310523525992722432
1310525910878052353
1310526690326720512
1310527171178278918
1310528552530579457
1310529413197582337
1310529685730873346
1310531473536102400
1310532202439028736
1310534722897014784
1310536491353874432
1310537161247199233
1310537235716960258
1310538494444355586
1310539214270930945
1310539752144162817
1310540150821224448
1310540884174426113
1310541010473234434
1310541656828137472
1310542271172038656
1310543046824652801
1310543333282979841
1310543666126217218
1310544785438986241
1310544804250517504
1310547301941809153
1310548376027570176
1310548543866834944
1310551077272518658
1310551383649726466
1310552335005884416
1310552850938892288
1310553003758432259
1310553438531530757
1310553943966130176
1310554851630252032
1310555650540400640
1310556109963370501
1310557368585986051
1310558626965151744
1310559885004857346
1310561143161675777
1310561919846227970
1310562401436266496
1310562884846596097
1310563122994966530
1310564213925052421
1310564926520520704
1310566938502889476
1310567434680758272
1310567577391894529
1310569240123052032
1310569951447535616
1310572070816935937
1310572355547271170
1310572467748962308
1310572786348429312
1310574534320369664
1310574984570351616
1310575104288608261
1310577500997652481
1310577893190365185
1310579637307813892
1310580018452467712
1310581276223496192
1310582534321745920
1310583181603532800
1310583868861353985
1310583991058214912
1310585050807840776
1310587568396709888
1310588059528855553
1310588825698066432
1310589651078578177
1310590083876044803
1310590499590483971
1310592600701677568
1310595121767833600
1310597633631813634
1310598342649565186
1310600150172147714
1310602124699602945
1310602667127840768
1310602854781136898
1310605183353720832
1310607213489278978
1310607393068331009
1310607699982258177
1310609961542733829
1310610218321993728
1310612733033734144
1310615249700126724
1310617499407396866
1310617766991257600
1310620282940518402
1310622799497588736
1310623271478493185
1310625323931893762
1310627832717025281
1310628056533475339
1310630349584695297
1310635382669742081
1310640415406608384
1310640893926559744
1310647034676994049
1310650605191520256
1310655517228822529
1310656434137427973
1310656538156072961
1310663065881452545
1310669004395237382
1310670614785531906
1310673130965233664
1310674088688603136
1310678165392564224
1310678165392564224
1310680680750219265
1310683197370298370
1310685718281359360
1310690747428020226
1310695780597092354
1310700819054866432
1310705846712774656
1310715916645273605
1310731014864433154
1310746114551930881
1310761212930449408
1310776314568167424
1310791410770206720
1310800149057241088
1310801867295862784
1310802244850327552
1310803993342308352
1310804805011599361
1310806116801155072
1310806510843256832
1310809026511269888
1310811543102054400
1310811764024578048
1310812697328586753
1310813885990154240
1310814059562897409
1310816576090681345
1310819092937416704
1310819829914521606
1310820382102949889
1310821396797419521
1310821610094559234
1310823571942506497
1310824125988970498
1310825689768177664
1310826642609233920
1310826729171283969
1310827048588521473
1310827057258131456
1310827342361702402
1310827558993362944
1310827937193693184
1310828240341262337
1310828560735760384
1310828636887543808
1310828810460450817
1310829091625598976
1310829158998708224
1310829395062468609
1310829601522933760
1310829907770048512
1310830179560968192
1310830851303841799
1310831675761258496
1310832068784463873
1310833955135016960
1310834016296337408
1310834192335413248
1310836710180179968
1310837294551707649
1310837713965379585
1310839225475125249
1310841589535780864
1310841741986148352
1310843232260108289
1310843540776288256
1310843871421583361
1310844068285550593
1310844259344375808
1310846775171846144
1310849291867496449
1310851681039642624
1310851809452470272
1310853039662792704
1310854324944166912
1310854359039782912
1310854587419627521
1310854969554333696
1310855296349335552
1310856841547710465
1310856952524791808
1310857135702650880
1310857538586505216
1310857605678587906
1310858681752354818
1310858774140391427
1310859136096231425
1310859356188160001
1310859359417753601
1310859531933626369
1310859757486473218
1310861068521136128
1310861875001716736
1310863492182876160
1310864391353450496
1310866153468764160
1310866908997193728
1310869173694869505
1310869414926053376
1310869424597942273
1310869820334919680
1310871124759150598
1310871941025165313
1310872719962132481
1310873501478289411
1310873795075416065
1310874079277338626
1310874459373404162
1310874904091340800
1310876974160650240
1310877378969825281
1310879490889793544
1310879496954957825
1310882011494715393
1310882544599158784
1310883299640958976
1310884076916744193
1310884524012843009
1310886689452314627
1310886787213033476
1310887040804958208
1310887649465561090
1310889558867873792
1310892073831276544
1310893459440644097
1310894590342303746
1310895186856288256
1310896169564938240
1310897113400832000
1310898482044170241
1310899621267410944
1310899623460913153
1310902140030930946
1310902376061116417
1310903840108052480
1310904657376665603
1310904868132057093
1310905240003186690
1310906268303925248
1310906328655814656
1310907173216550913
1310908431625150465
1310909690037952517
1310911683259437056
1310911991456956416
1310912206389739520
1310914160276930562
1310914723198562304
1310917239705542656
1310918167179427846
1310918828696756225
1310919756061446145
1310920150426804225
1310921319089926146
1310922272664776706
1310922764799401985
1310922888187465728
1310923428417994753
1310924789532495872
1310926020992790529
1310926446060351490
1310927313849257986
1310927685590360066
1310929130066776064
1310929676622278657
1310929822739095552
1310932339258785793
1310933063396929536
1310933669087973376
1310934104649674752
1310934858043019264
1310937372398440450
1310937554351517698
1310939662995914752
1310940577370955784
1310941056578588674
1310942411003060224
1310943263331880961
1310944879363665933
1310944922791489542
1310946180235317248
1310947439164174336
1310948697036009472
1310949955016613888
1310950338392977409
1310950841155813377
1310952471611625472
1310953730452455428
1310953761578377222
1310954332611903488
1310954988290490368
1310957504814219264
1310958396770836486
1310960021564542979
1310961886364565511
1310963381772443660
1310963722689671174
1310965057136795656
1310967571206885378
1310967571206885378
1310968608445657088
1310970087940132867
1310971165859631109
1310972007434125312
1310974673807605765
1310977637653729280
1310979557177073665
1310981331711651847
1310982053198954506
1310984776761958403
1310987703782010880
1310988891399352320
1310990124541452289
1310992737609674752
1310994484738617349
1310997770233417734
1310999525256048640
1311002806497603584
1311004950567227394
1311007222743400449
1311009314778341376
1311012869673230336
1311013570805739520
1311015386423279616
1311017906721914880
1311020419525169153
1311020436541583361
1311021610237865984
1311022632087814150
1311025453210116097
1311025932296163335
1311026711056715776
1311027969276735488
1311030485829611522
1311033008057532416
1311034260447465474
1311035518847655936
1311038035535036419
1311040552406863882
1311041729450127361
1311043068955512833
1311045585198342146
1311045792619278336
1311047850139283456
1311063203703480320
1311078305190178816
1311093400825810944
1311108503017226245
1311123600099799041
1311138703578812416
1311153799352942592
1311156221190303747
1311158831515226113
1311159859107311617
1311161347896471553
1311162812979441666
1311163864558350340
1311164168779821059
1311164334823952384
1311164360291758080
1311166381061144577
1311168898385866755
1311169333532426240
1311169489648709635
1311170783968931841
1311170954547134465
1311171414234411008
1311173931009597441
1311175416145735680
1311176448229564417
1311178964090593280
1311181480626847744
1311182188155633664
1311182378669404161
1311182585016602624
1311182869835001859
1311183136701714432
1311183998375215104
1311184523326042112
1311186513993097218
1311186713990045696
1311186981129457665
1311189030508220416
1311191546885222401
1311191902407086080
1311192239981371392
1311194063538925571
1311195021895438337
1311195123963834374
1311195956688367617
1311196580054138880
1311199048943243264
1311199099358568448
1311201613340532737
1311202820515913729
1311202866011484161
1311204129998594049
1311206647319027718
1311206812788699136
1311207448649359360
1311207501380169729
1311209163071139841
1311209670611275776
1311209977185435648
1311210008663728129
1311211224915378176
1311211679716433921
1311211933597601792
1311212176192012288
1311214197112369152
1311214449026629632
1311215454849888256
1311215981927292929
1311216050181087233
1311216529304887297
1311216712948224001
1311217928956710912
1311218169806233600
1311218268888276992
1311219229350391808
1311220823483715585
1311221074621796352
1311221157325148160
1311221227344846848
1311221747555938304
1311222262075359232
1311223735299510272
1311224262607413248
1311224289144823810
1311225170963689475
1311225270901395457
1311226779122663424
1311227077509734400
1311227180131778560
1311229113940705280
1311229297399660544
1311231812341989376
1311232763580776460
1311233371394244608
1311233574041862144
1311234069825548288
1311234328844578817
1311235240128634882
1311236847511760896
1311238721782657024
1311238761477537792
1311239362097668097
1311240298836746240
1311241878604361729
1311242206209073152
1311244211325472768
1311244397170896896
1311244736175517697
1311245392105922560
1311246173714419712
1311246911849009154
1311247484518305792
1311247932423888896
1311249271484809216
1311249428691529738
1311249736557568000
1311249827708231680
1311251091456176129
1311251946238439429
1311253054902149120
1311254461654933505
1311255681278844928
1311255749016858624
1311256598166360064
1311256978136723458
1311259504831414277
1311261621432528897
1311262011309740033
1311262824799371266
1311264528059871234
1311264985759338497
1311267046194372609
1311267080017149953
1311267503964934146
1311268367400140806
1311269561094660097
1311271069752401920
1311271114837032961
1311272077857419265
1311274600739856384
1311276065344626691
1311276196920021001
1311276596901416961
1311277110900805632
1311278172252536832
1311278369200250883
1311278794536292353
1311279627843891200
1311280139821633536
1311280885883428864
1311281874380247040
1311282146829430784
1311282858011635712
1311283402427871233
1311283402427871233
1311284384423645184
1311284660681334786
1311285919169773570
1311285981685874688
1311286840029335552
1311287177217671171
1311288435429322759
1311289693800202241
1311289762460905472
1311290952745537538
1311292210525220864
1311292744736878593
1311293181405868033
1311293449132552194
1311294727321518080
1311295459999322114
1311297170683949056
1311297246739288065
1311298502245232642
1311299760142286848
1311301018907324418
1311301738842992641
1311302948790702080
1311303222297063427
1311303952709890051
1311304798508122113
1311305679303577602
1311305756994678784
1311306487281733636
1311306625047764999
1311308568721670146
1311309826727661568
1311311084817580033
1311312344526606338
1311313601714679813
1311314859582136320
1311316117827194880
1311317376688816131
1311318415307689989
1311318634732679168
1311319893116035073
1311321060835561474
1311322409388007424
1311324036081868808
1311325429316247554
1311327442473082882
1311329959143706624
1311331217875169280
1311332476065775616
1311334383018799108
1311335679826243585
1311337508790247424
1311340025510989824
1311342542978510854
1311345058885464065
1311347575144853507
1311347612575031301
1311348528040431617
1311348841715773440
1311349990543982592
1311350881636487170
1311352193849712641
1311352982190133250
1311353489294012416
1311354490176655367
1311356471028994050
1311357268588457986
1311360158510055424
1311363250894835714
1311365199597694976
1311366591381155842
1311370224566808577
1311373777926852611
1311375257643687937
1311377227871932416
1311380298614083588
1311382807474651136
1311385324380196867
1311386944899870720
1311390357037420550
1311392873695248386
1311393912658034689
1311395200233885696
1311396648904466432
1311400423958421504
1311402013394178050
1311403695142100992
1311405456640937987
1311407973261086722
1311408211870789644
1311408687165190144
1311410238029881344
