1354565234069966849
1354670010774466563
1354674469609103360
1354674620549500929
1354674826233827329
1354676333490663426
1354677858396901377
1354678121044307971
1354678268847337474
1354678488536670209
1354678612331532290
1354678736185151490
1354678909716066304
1354679026464468992
1354679227522691072
1354679895767605248
1354682334017179653
1354682887132622853
1354682983345745920
1354683099054034946
1354683212816146432
1354683428910878721
1354683533248364544
1354683666623049729
1354683752887234562
1354683980113711105
1354686695497736192
1354692631192875009
1354694359288078336
1354694371577311232
1354697700739047424
1354702136240529408
1354705065098018816
1354705623775141890
1354705897507971079
1354710161311592448
1354711388468506625
1354718628680245250
1354720620198711296
1354727669859045380
1354727968355061760
1354730385998012418
1354731242898534400
1354734134531403779
1354738259771813889
1354739227133685761
1354741268950130689
1354743037474131969
1354743911416164356
1354748572407746562
1354754482471530505
1354756380507312128
1354763038486712323
1354766490453610500
1354768159585275907
1354768716895051782
1354768839230312452
1354768907228344320
1354769189173653509
1354769414332280832
1354770232842317825
1354771037527957505
1354771476050677764
1354771974925545478
1354774088322048000
1354774112300744708
1354774141342261251
1354774466451091458
1354775525156388864
1354778848370556928
1354780656174125056
1354782628700954625
1354782893831303169
1354785163855753218
1354785356659490822
1354785630446825474
1354785686340005893
1354785705684324352
1354788537682583554
1354790203974672388
1354792106959671298
1354794674880442371
1354795642015543296
1354797179425222657
1354798554871566347
1354800030272483333
1354800663192981510
1354804222051532800
1354804714534125579
1354806201507168265
1354806966795681796
1354810800645390337
1354811122214309890
1354811496803405831
1354816754963292162
1354817581618618374
1354822479999451143
1354835717030109186
1354836384205291520
1354842939877322752
1354844448652292099
1354848477721862146
1354849607457509378
1354851987175530498
1354852648189636609
1354872509691092994
1354875918007767043
1354883954340335617
1354887607671373824
1354890880390336513
1354892768049467396
1354896037014462466
1354927004726910976
1354940580413861892
1355036303419711489
1355044373294174208
1355044951751593989
1355045899555069952
1355049172844441600
1355059028699848705
1355060878333284352
1355064481622208512
1355064822048706565
1355065046066462726
1355068716829073411
1355069043150094336
1355069272125546497
1355069272125546497
1355069932485177347
1355079468147224576
1355079717439877121
1355082390838734848
1355082409729994752
1355083966966091778
1355085855057174528
1355087177613516800
1355089315018104839
1355090842491494402
1355091282889240582
1355094086244511745
1355094384472186882
1355094534389174279
1355095842806521857
1355096140119732224
1355099082583371777
1355100635289448450
1355100737630597125
1355102526207475719
1355103168984719361
1355104539519553544
1355108787225550852
1355108812877946883
1355113318588018693
1355118007350124545
1355124294922035215
1355127314745417730
1355130557441724423
1355133658567503875
1355141911195996161
1355142098157248515
1355142173721821189
1355142606980837376
1355142743958446083
1355143519057424390
1355145428728070148
1355146249851297797
1355146534833123328
1355147198376280068
1355147239174397958
1355149657186447366
1355150588976263168
1355151723896049665
1355154870265806851
1355156381678981124
1355157852403478528
1355157948675338246
1355163016367665152
1355167015753965570
1355167735320346624
1355168845221097474
1355172447918710786
1355173243443761158
1355173709422714886
1355175383969181705
1355183444267945985
1355184679452897282
1355185332552130563
1355190557409214468
1355192001096892417
1355194882034335744
1355196519385731072
1355201936153174016
1355211881971994625
1355213390055006215
1355215016484433923
1355226265956065280
1355227312107761664
1355227712521170944
1355238421690630146
1355239931413577728
1355243330586599433
1355246083601965057
1355250125971410945
1355266232790839297
1355427797401960448
1355431190073774080
1355432701638049793
1355434207816818688
1355440880493109249
1355441435689021440
1355442179813027842
1355442734904041472
1355445338962845696
1355447718810890241
1355447797894418435
1355449294631952384
1355450227122188288
1355450736675614720
1355451100074299396
1355451604451909639
1355451794156085254
1355452249900777474
1355452328359325698
1355452673835851777
1355452812008763397
1355453252024864768
1355455697757069312
1355456313300496386
1355457012864311299
1355457150668177409
1355457496261959681
1355457786126209024
1355457917873434626
1355458828737908736
1355459305290526720
1355459459519283200
1355459612938559491
1355459720514048005
1355460005605072896
1355461739127726083
1355463907679170561
1355466963510849536
1355467110579843072
1355471661450067969
1355473231541624833
1355473526598344705
1355473615727292416
1355476375831015425
1355478360495972353
1355481979534405634
1355486105433464842
1355492385862594561
1355492451142815751
1355493719164772352
1355493942339497984
1355494139534696449
1355497331169308674
1355498772256579586
1355499052943736832
1355499194203713537
1355506724447387650
1355508322296717313
1355512011371773955
1355515293456625666
1355518010770001921
1355524218335731714
1355524431578234894
1355527125705625608
1355531856473518083
1355532286331150342
1355532362285723650
1355532792453615617
1355533016991457282
1355534113701318656
1355535354091204609
1355535654009131015
1355537499574202369
1355538784519999494
1355539794487631872
1355541190846918665
1355541227312193536
1355544139090292752
1355544717388296196
1355547147593265153
1355548773796225024
1355548844579295234
1355548896085348354
1355554047143641089
1355554515521589263
1355554851086868485
1355555140762128388
1355559785798709249
1355563439909793802
1355565208035500034
1355566963024519175
1355572118981734401
1355601817078386688
1355606713932652547
1355610485387743232
1355614259804160002
1355614399256358912
1355618034510082050
1355621305958027264
1355621814093950977
1355629359093059584
1355636908651466753
1355781499170131968
1355803496407248900
1355805319251816448
1355806000859779074
1355806070405558273
1355806110830235649
1355806123442524161
1355806134553223169
1355806150076362758
1355806161170280450
1355806189217579010
1355806205176901633
1355806244020350979
1355806276312326144
1355807050643746820
1355807211939835904
1355807343284547584
1355807811591143425
1355808141078908930
1355808449150517248
1355808781750431748
1355808781750431748
1355809023371702274
1355809267329216598
1355809441661202439
1355809690450591746
1355810161315762178
1355810395173355521
1355811208109182977
1355811447998189568
1355811697676660737
1355811854430466055
1355811977759756289
1355812077701656581
1355812180684394496
1355812294240972802
1355820072447709187
1355820222318579712
1355820324374409216
1355820593321562112
1355822072778399744
1355822132303900672
1355824154574905348
1355827321891119106
1355835351663669252
1355835600948109315
1355835854464364547
1355838759787487232
1355841012732715011
1355841025890283520
1355844296952459265
1355844758925668355
1355846115099340800
1355846411657609216
1355852095342055427
1355853457165590529
1355853724632027141
1355856715628089345
1355857683467927552
1355858013408686081
1355858299837685760
1355859890091159555
1355860943218085889
1355867029094457347
1355867061784879104
1355867255263866882
1355867605375053828
1355867754197360643
1355868319761408000
1355869958270406658
1355869988335333377
1355870100050620416
1355874645946347522
1355874739978338306
1355877157784977410
1355877759248027649
1355879539197571073
1355881157452132355
1355881284057387008
1355892877646319621
1355893594079559683
1355895991975747591
1355898379667185666
1355898452945858562
1355898550102720512
1355902970827780098
1355903447908937731
1355904923767103491
1355907208349937665
1355908711600939015
1355908944418496513
1355909979740516359
1355910453499748354
1355913319518007296
1355913406705004546
1355913494760206350
1355914342403870724
1355914878964396041
1355925172973412353
1355931864624582657
1355944215578984453
1355945956399697922
1355946449478017027
1355949228439179264
1355950736899670017
1355953883625865216
1355953999871176704
1355961547961626628
1355966717566930946
1355969102569820160
1355976280232009728
1355976647720243203
1355984201221332993
1355986223190302720
1355991747478777856
1356013655419088902
1356023227160555521
1356036176759545859
1356117094878724104
1356126424097292288
1356127159870492672
1356128421970141187
1356129542407036928
1356150015547371520
1356150798711926784
1356151941722558464
1356158984655237164
1356160817780174848
1356162777463873536
1356162974453530626
1356175223310061568
1356178489683050500
1356180995519614980
1356183282598088704
1356185728640757760
1356191816454975490
1356192584033390595
1356197498365370373
1356206135045459969
1356207179745792001
1356209084731691010
1356210325582872577
1356210683835273217
1356214482008211458
1356215827993866242
1356215877562224641
1356216234430373898
1356221211848683525
1356225047514337285
1356236580550307841
1356236841704419328
1356238643606679552
1356240165077876738
1356243436169555973
1356244084063694851
1356246561525653511
1356255391844282371
1356255454855393282
1356256510029004805
1356256881178628099
1356259653244473346
1356259934506274819
1356270024500121600
1356271843007746051
1356272144435601412
1356272487588192257
1356274370901991424
1356274841750556682
1356275534850879488
1356281172565770255
1356282111871823873
1356284170063015936
1356284317027229699
1356285973634707458
1356288300030570498
1356297400747347968
1356299120806408195
1356300284243410945
1356300793431826432
1356301425433858048
1356302694806388736
1356303244469923842
1356305313125838852
1356306602891104256
1356311676367364098
1356311873356877824
1356315393493590016
1356316018658963458
1356317260743385088
1356321419467120640
1356330243762446339
1356334774617399300
1356465505423421440
1356477214548586497
1356488500774920193
1356493001711837185
1356501472700223489
1356501699368804353
1356501902687678465
1356505397264216064
1356507162004975617
1356534058344468485
1356542233391030272
1356543061338243073
1356546452227506176
1356551450080477185
1356551553214218240
1356551669211951105
1356554489814282242
1356555138773774336
1356561109264846851
1356565685003051011
1356565710407929856
1356565845883949056
1356566223895613441
1356568490044489729
1356570564631085056
1356571587877752832
1356572699519307776
1356574972966297601
1356576236307324928
1356576236307324928
1356582715789877248
1356583593406046210
1356583840622460929
1356584726048473089
1356586128619487233
1356589083267657730
1356593439450800128
1356594253661626369
1356594452022906880
1356594617936990209
1356595225775456259
1356595554093051905
1356602262483787776
1356602282629099520
1356603363786452993
1356607003368583169
1356607173720072192
1356607260617805835
1356607408756449287
1356611438123638787
1356614288601985024
1356614385075187712
1356616266296000529
1356616889967939588
1356616992770433031
1356617331322085378
1356617364020875264
1356619682443321344
1356626388959322114
1356627056184934400
1356627508549079041
1356627826527506432
1356631476054282242
1356635761194360833
1356640145290756100
1356640850256814090
1356641174610657281
1356641503276376065
1356641714526683136
1356641805534711810
1356641904193138688
1356643735526907907
1356645606094209024
1356645688147386371
1356645804182749186
1356646197658755073
1356648800505507848
1356648817249165313
1356652418445021185
1356652614478348292
1356652780962856965
1356652858893078533
1356654416586289152
1356654577995628547
1356655560364601344
1356657620380246016
1356657646955155457
1356660407415558150
1356661168375390208
1356661975200235525
1356662555171717121
1356662904548909056
1356663797600157698
1356664314288037888
1356664864547168268
1356669284039147525
1356669430089068545
1356670604967989250
1356670662270722063
1356672116083417089
1356678104488493058
1356678288228274177
1356678424979525632
1356692629140869120
1356698151646855168
1356730753120264193
1356739055665377286
1356761589106397185
1356773409284190208
1356827643681722368
1356842236844023812
1356846901878878209
1356854393950384132
1356856654218821634
1356856767255298048
1356863252177825795
1356865923848802306
1356872703660220419
1356872944706707456
1356882618206232577
1356884643757268993
1356897389668429828
1356897885003071488
1356900563070439424
1356902344680747010
1356904523508248582
1356905744923262978
1356917737470087172
1356920355605078016
1356923149963591680
1356924780687941633
1356924830231244800
1356924939245416448
1356924971705118720
1356926796999098369
1356926952028983297
1356927064566292482
1356928156817571842
1356929685066768385
1356929694067646464
1356929784052342787
1356930986156687362
1356931201336893446
1356933571831861249
1356933796315222016
1356933990914097154
1356934771176259586
1356934848833867778
1356937160046354434
1356937502775414786
1356942919689732097
1356945655311331336
1356947546413944834
1356950363270754307
1356952409407451139
1356953221626011652
1356953976227254272
1356956502523805700
1356961653170991113
1356961910739075075
1356962006742491136
1356967269562281987
1356967436004843523
1356969533119074305
1356969891178373122
1356973625912483843
1356973847296290818
1356974464542588930
1356976582544531457
1356978150706716672
1356978258659729408
1356979181242974210
1356981112497709056
1356990596137635842
1356990638449963008
1356995498675036164
1356995555617030145
1356995685099462658
1356997097590054912
1356997583214886912
1357001779242627072
1357001950169071618
1357002148869988355
1357007242697068545
1357009747510231040
1357009847787651073
1357009966477897728
1357010048535437313
1357011020867375105
1357011239881347072
1357020996826447878
1357021217878851584
1357021319922151424
1357022215489880070
1357022362634444808
1357022395215851525
1357022404653035526
1357023831534231552
1357025358432894985
1357026452189839361
1357029924528414721
1357030980490579972
1357035184781164544
1357036651235577856
1357040165747904517
1357046950131032064
1357063812290084865
1357072116240146439
1357094532219686912
1357097801046364160
