1296205940606238721
1296206673930080261
1296206680271867909
1296207959039578119
1296209411250290689
1296209414811275270
1296209418925768706
1296209549565857792
1296211175936491521
1296212429697884161
1296213664421359620
1296214107042066443
1296215557826543619
1296216316840423425
1296216623972524034
1296218421630308355
1296219419031605251
1296220776069312512
1296221329557991425
1296221897752031232
1296223429968965633
1296224820833800192
1296226849438289928
1296227090635935752
1296227088782041089
1296229664130830336
1296233608349388803
1296234823506305024
1296235312977530883
1296237466890964992
1296237470682685442
1296238747730796544
1296239495365496832
1296240534864957444
1296241081076649986
1296242069028188160
1296242568003493890
1296243113485373441
1296243539932839938
1296249381130244096
1296253356692971520
1296255848050827267
1296256869976231936
1296258483520786432
1296260723677507585
1296262021965635586
1296268050937913345
1296270107472285696
1296271296058335233
1296272043860729867
1296273305519960064
1296273791002333184
1296274536204308481
1296274536204308481
1296277386036641794
1296279086491475969
1296281259690385408
1296281710221561856
1296282700123377665
1296283413834543105
1296284768011722759
1296286226153185281
1296286254993219585
1296290394775457792
1296292387795480578
1296297072510021632
1296301853362343936
1296306595484307467
1296309649688473600
1296314812482359297
1296319309824884736
1296320887730438144
1296325591382265859
1296326352191315969
1296327353333776385
1296332297172647944
1296333456209784832
1296334902804258818
1296336452914118656
1296341687804071936
1296341736126582785
1296341807035494400
1296341837771411461
1296341911805005824
1296342452731748352
1296342685729660929
1296343459201028096
1296344812392677378
1296344853060751360
1296345579031875584
1296346397613133826
1296347160158638080
1296347364614119425
1296348744909168642
1296349310356004866
1296350002453704705
1296350631830212613
1296351387039784961
1296351791068700673
1296352134338940929
1296353410783105025
1296353567012532224
1296353831262003202
1296354035105234945
1296354116831268864
1296355666274156544
1296356354249183232
1296357552251457536
1296359017879678976
1296359247287066624
1296359427721900034
1296361119662186498
1296362501312057344
1296362660901126144
1296362684263407617
1296363579914977280
1296363612106260487
1296363918118588416
1296364109378846721
1296364311141646337
1296364409783296001
1296364493237256194
1296364899317288960
1296365101767897089
1296365403741003777
1296365542400577537
1296365620011896837
1296365682213388288
1296367473466527744
1296367618291429377
1296368976340058112
1296368988126052352
1296368985433309184
1296369074696593408
1296369557381222401
1296369709265362944
1296370477229903873
1296370653923287040
1296370732772007936
1296371645632909313
1296372651900854275
1296373676921815040
1296373902214660097
1296373953758363655
1296375888142008321
1296377418920480768
1296377430379200513
1296378744807067649
1296378944061607936
1296380201413165056
1296380223399825420
1296380523904929889
1296380762846093312
1296380828306550786
1296382336980979712
1296382718226255873
1296384174589456385
1296386137699897344
1296386594086191105
1296388340837687297
1296388418201702400
1296389139324076032
1296389325496758274
1296390466368405504
1296391934651633664
1296391956017418240
1296392033268043776
1296392300541743104
1296392388336910336
1296393373662601216
1296394043337977856
1296394259172597763
1296394434964226049
1296394593286725632
1296394974221795328
1296396376457216002
1296397150595747840
1296397387292966913
1296397429517029376
1296397817468948482
1296397942102921218
1296399060421812231
1296399219926994945
1296400489668644864
1296400533004136449
1296400929563058176
1296401287056105472
1296403229333508097
1296403277370851336
1296403777403211777
1296404585096019968
1296405776932667394
1296406581047898112
1296406971969609728
1296407318016532481
1296407725086310400
1296408212862795778
1296408842511818754
1296408901764755460
1296409240383492097
1296409766265344000
1296410558204436482
1296410695601393666
1296411507073392641
1296412751917723650
1296412917106188289
1296413451682820096
1296414175175028738
1296415403321827328
1296416747222904836
1296417021811404800
1296418273349820417
1296418553311170561
1296419679930638342
1296419711631142912
1296421089539756034
1296422135129309184
1296423582411771904
1296423974046400512
1296424241936523264
1296426527240925184
1296428002214055937
1296429275042766850
1296430665186054144
1296430662132600833
1296431943849058309
1296433720031875077
1296435200780533762
1296436367258517504
1296436926753517570
1296437325820502016
1296437460818427904
1296438134952071173
1296438142078263296
1296438390175535106
1296438817839292421
1296440302362865666
1296440429697736704
1296440911971389440
1296441518639788032
1296441876728381440
1296442451176099842
1296442945219055617
1296443115943780353
1296444455982071808
1296444480464343040
1296444986238664704
1296446732134473729
1296448280218537988
1296450224647483392
1296450297112526848
1296450341165293569
1296450964887605249
1296450964887605249
1296451001801748482
1296453540471283714
1296453796915302403
1296454692034281472
1296455165646712833
1296455478663405569
1296456522889924612
1296457322970177536
1296458215740276737
1296458863001174018
1296459749186314240
1296461053971386369
1296461993759649796
1296463031094910976
1296463524735090690
1296463697469149184
1296464057147564033
1296464731130269700
1296465265430089730
1296465667227557889
1296465949734965253
1296466557648896000
1296467144734060546
1296467290519724033
1296468003270336515
1296468707175272449
1296469085522362368
1296469140379762689
1296469842745319427
1296471825535336451
1296472963844374528
1296473683662430214
1296474178833518592
1296474293702885376
1296474670338842624
1296475527411269632
1296475981390241795
1296476157043408897
1296476415857172483
1296476986085453824
1296476992901087243
1296477150514733058
1296477405553594369
1296478095952748545
1296478603690074112
1296478620219854848
1296478660770365441
1296479187801452546
1296479765902262273
1296480526568652801
1296480655870767104
1296481071308197888
1296481176312586242
1296481719902711808
1296481952892170241
1296482284976189443
1296482450445676545
1296483178283139074
1296483533029027840
1296484244999602183
1296484963802587137
1296485898079608833
1296486955887230976
1296487115228946433
1296487749210570752
1296487747050446848
1296487751311925251
1296487817426632710
1296488665271721985
1296489324993814531
1296489335437524992
1296489672588181505
1296489875538157568
1296490610401193984
1296491180448976902
1296492542482055169
1296493447751168007
1296493614273630210
1296494499779280897
1296495017553534976
1296496232333008897
1296496642632318977
1296497172230348800
1296497222968901632
1296498112631050241
1296499554330841090
1296499739110838272
1296500997502537728
1296501099390787590
1296501622307258372
1296502375713308672
1296502931534077952
1296503694784176128
1296504320087793665
1296504772296495104
1296506182551638017
1296506989774872577
1296508245771722752
1296508547476393984
1296508814343241728
1296508863445970947
1296510149532819459
1296510719614222336
1296512321980977153
1296512588596092933
1296513185089048581
1296514664990416901
1296514839968448512
1296516096858628096
1296516211824525315
1296516383090581504
1296517352616595458
1296518368330162181
1296518613491359744
1296519871753158656
1296521709399543810
1296523013740003328
1296523646769328128
1296523764360982530
1296524241257607168
1296524295120838656
1296526059412889606
1296527187001200643
1296527421513117696
1296528192233246720
1296531196508282882
1296531208696979457
1296531958592352256
1296532550610030595
1296533713153662977
1296534971067150336
1296534971050364928
1296535356217733121
1296538746326781952
1296540839724949505
1296541934044020736
1296542508621717505
1296542521166893056
1296543173448282113
1296543279505444867
1296543917287116807
1296544425812922371
1296545038479040515
1296545168448000014
1296546295772057622
1296548202913701888
1296548812413050880
1296548952456732672
1296550070599340033
1296551242525794305
1296552684552687624
1296553845841997825
1296556380212649984
1296556911807074305
1296557620376096770
1296557891655290880
1296559463592275969
1296561239930404866
1296561395316559872
1296562982256812037
1296563912146472960
1296565091345797120
1296565170190217216
1296565443617083393
1296565740464746499
1296566190240935939
1296566930984308736
1296567409155944448
1296568674204233736
1296568945219186688
1296569901663035398
1296571509293682688
1296572719891439616
1296574807258038273
1296576344072114177
1296576494823604225
1296577678464737280
1296579011364102146
1296579142306193408
1296579879983624198
1296580642344402946
1296581079965589513
1296581385495490562
1296583559537360897
1296585376912506880
1296585575592534017
1296585670350327808
1296586678019203073
1296586963995303936
1296587705002987521
1296588696939110400
1296589439746088960
1296590184541192192
1296591417494708224
1296592386089455619
1296594159734849544
1296595189306462208
1296599167062679553
1296609596811943936
1296609596811943936
1296610728313577473
1296611223769952256
1296611960222515200
1296612954511728640
1296615069313306625
1296616614612344833
1296617712249196544
1296620979259572225
1296622884165767168
1296624098945241088
1296626333280276485
1296626441422082048
1296631225327771649
1296637986390646784
1296641342060269575
1296642282041610242
1296643273579266049
1296645890330054659
1296647064277983233
1296653505114120198
1296654568420519936
1296654712805175297
1296661012977012742
1296663506050260993
1296664758595321856
1296665220325289986
1296666081344487425
1296671805491408897
1296673318637121536
1296681060827373569
1296681739956477955
1296681850191187969
1296681939647082497
1296682442728910848
1296682477893951489
1296687297220554752
1296689079279595521
1296692681708654593
1296693571899330560
1296696301023899648
1296696540371857408
1296698047901163521
1296698250410561536
1296698619458985984
1296699198906273792
1296700088417505280
1296700582242258944
1296700589259333632
1296700965261803522
1296701029254340609
1296701324613091329
1296701927145779200
1296702508249878530
1296702559844007936
1296703057716281345
1296703800737173504
1296704116266344448
1296704128027156480
1296704565782417412
1296704806556491782
1296705003118301184
1296705063298240512
1296705349177741313
1296705467163574272
1296705814699413504
1296705821255098368
1296706217348341761
1296706320729550848
1296706552330502144
1296706812046082048
1296707795656507392
1296708024053178369
1296708041421852673
1296708118907412486
1296708291888734208
1296708615387004928
1296708785059307520
1296709035035635713
1296709530617892864
1296710172748984320
1296710955888517120
1296711132061696000
1296711546245197824
1296712560616644608
1296713800549380096
1296714293338083329
1296714536800722945
1296714790203686912
1296715039022428160
1296716100458156032
1296716865000046598
1296717113638490112
1296717268609622016
1296717363354763265
1296718355920048128
1296718862738771968
1296719758910468097
1296719965630816256
1296720781939023873
1296721278016131072
1296721791264739328
1296722784920506368
1296723144548528129
1296723486640091136
1296723536913092609
1296724019199315969
1296724023242625026
1296725089006821376
1296725772837814274
1296725824167698432
1296726842351718401
1296727450966269952
1296727823214956550
1296728822725967873
1296729216101351424
1296729824992604164
1296730006194778112
1296730221366976512
1296730521125490690
1296730828584648704
1296731847414747136
1296732863568764928
1296732893176307712
1296733777301995520
1296733873745924096
1296733877990567936
1296734191426646016
1296735865293676545
1296735936383012865
1296736915014680577
1296736936103682048
1296737449197146112
1296738433243783168
1296738923805388800
1296739412437598212
1296739994086920192
1296740138291212288
1296740790098690048
1296741318450917379
1296741332753379329
1296741582310445057
1296742623621914624
1296742882511147008
1296743361005707265
1296743364805693446
1296743508892684293
1296743881774596097
1296744063698382849
1296744321857794048
1296745105718566912
1296745242553659392
1296745806591152129
1296746298213883904
1296746727823810560
1296746917498703872
1296747318671269890
1296747349344227328
1296747478231011328
1296747876253667330
1296747880347316225
1296748306333347840
1296748392006258689
1296749149761798145
1296749384093368320
1296749500959162371
1296750005630513153
1296750234475913216
1296750614098202624
1296750946253508608
1296750949390786561
1296751529597325312
1296753243154980864
1296753308259037186
1296753981826400257
1296754447985582080
1296755468874981376
1296755475975995394
1296755641655209984
1296756432268918784
1296756505774034945
1296758031418523654
1296758280820334592
1296758639613681664
1296759145404805121
1296760205238124545
1296760240457777153
1296760257285369858
1296761728383033344
1296762720516268032
1296764130515390465
1296764175432265729
1296765268253970432
1296765818282356738
1296765879879860224
1296765888906039297
1296765955146735616
1296766124349165570
1296766898282078208
1296767129916715011
1296767129916715011
1296767374784421889
1296767427922079747
1296768270566150144
1296769043505045505
1296769347856326657
1296769371206037504
1296770915276029952
1296771242385649664
1296771587237203968
1296772169033289732
1296772176947957760
1296773166950473728
1296774184035549184
1296774286934499329
1296775029208866819
1296775040294420480
1296775292623749126
1296775304871063552
1296776366151667712
1296776563074011137
1296777249270767616
1296777852097105920
1296778391849447425
1296779247336534018
1296780288622723072
1296781340822712326
1296781749784055809
1296782381303697409
1296783336397045761
1296784397849579522
1296785584057397250
1296785906263891968
1296786560394960896
1296786630393712642
1296786653399461894
1296789072111951872
1296789240811065344
1296790737468653570
1296791662535094285
1296792437378240512
1296794285715718147
1296794528444276736
1296795834747629569
1296797615296831492
1296799485117566976
1296799807386812416
1296801623960956928
1296803182744567813
1296803186905362433
1296803188683792385
1296803917607698434
1296804682371928070
1296805503973101569
1296805920987664391
1296806613953716227
1296806715023908864
1296807003088728064
1296807668590534656
1296807732234850305
1296808433971331081
1296808440501882881
1296808812935024641
1296808981529341952
1296809506408665088
1296810093758095360
1296811593028775937
1296811612884668417
1296812161193463813
1296812259793145856
1296812536629727240
1296813530541428736
1296814610809528321
1296815930878693376
1296816317480271873
1296816606228680707
1296817030641917953
1296817492220948480
1296818356855742470
1296818785740115970
1296819665608613888
1296819901206757376
1296820338878287872
1296820603358285824
1296820727606390786
1296821407997976579
1296821984995807232
1296823290951012353
1296823593712717824
1296824252537151488
1296825054123237382
1296825824973185026
1296827824968523776
1296827835299041280
1296828881052344321
1296828884948865025
1296828889667383296
1296831660575674368
1296833379984343045
1296833668900630534
1296834769993465856
1296835079407382529
1296835332370030592
1296835337247952896
1296835844712673281
1296835850878308352
1296836243708411905
1296836546583306246
1296836817044602882
1296837297506324484
1296837302925262852
1296837785836494848
1296838370736443392
1296838374012137472
1296838964486316037
1296839790890033158
1296840034209931264
1296840256994631684
1296840998266560514
1296841012372033538
1296841542896885760
1296842166040440832
1296842827121528837
1296843251681501184
1296843457827348483
1296843927929204739
1296845491905474561
1296847880276385797
1296848268194983938
1296849758586380288
1296851976760766466
1296852222425391104
1296854110390693889
1296854326288187393
1296855460822360064
1296855458314162177
1296855462667866112
1296855968668618752
1296856924105965568
1296858450388033538
1296859933229690881
1296862126787579909
1296862217581875203
1296862555344904192
1296862724400590848
1296863559985631233
1296865267218350080
1296865638980427776
1296866186454609921
1296866753755205632
1296868276920897539
1296869671463985154
1296869833531891712
1296871178573946881
1296872224574656513
1296873276841644033
1296874900603494401
1296874906924339201
1296876131078086661
1296876135331045380
1296876973780762625
1296877226311352320
1296877469103001603
1296879062300921857
1296879736556322817
1296880330725568515
1296881139509010432
1296881286368419842
1296882061391863810
1296882259450982401
1296883078682619905
1296883193107427328
1296883261063467010
1296883757870350337
1296884021037797376
1296884242719350784
1296884524240891904
1296885001510883328
1296885279618342912
1296885815507812353
1296886200888954885
1296886690339061762
1296887511508291585
1296887573940502529
1296887753813241857
1296888550739320834
1296889995945541632
1296892723690184709
1296893657740480514
1296894294536716290
1296894725484576769
1296896100968869891
1296897359142694913
1296897599644012545
1296897610532261888
1296899554500018176
1296901134146080768
1296902392257142786
1296902750031220738
1296903767921762309
1296903767921762309
1296904256147148800
1296904995972026371
1296905741706633221
1296906235720208391
1296906754379386880
1296906855428628487
1296907426881351681
1296908482592071682
1296908629950574593
1296909734902222849
1296910505588723713
1296911200442343426
1296911242267897856
1296913968263561221
1296913991038652417
1296914112501489664
1296914553243144193
1296914729353584641
1296914979392835586
1296914996669157379
1296915058690347009
1296915478602907648
1296916806196695041
1296917771159248902
1296918750202142720
1296921481742557185
1296922776603746305
1296924958560530435
1296925218921906176
1296926299626156032
1296926487552110592
1296928983288885249
1296930827306070023
1296931897336102912
1296933615155187712
1296936836330332161
1296937624272162816
1296939492293726212
1296941399334674444
1296943982635888642
1296945182919647232
1296946451323531264
1296948831473602561
1296950871717224448
1296951777816989698
1296951775895920640
1296958849635823618
1296958847861567488
1296967824271749120
1296979266912096257
1296986484931727367
1296990044377538560
1297001180044959745
1297012692151160832
1297024129850388480
1297035853907271682
1297044179001004033
1297051726932041728
1297062635167526912
1297064952910553088
1297067228450390016
1297068503091097600
1297068634515345408
1297069342442520576
1297069775156318208
1297069891292409856
1297071534213861376
1297071955447775232
1297072408596275202
1297072901036924929
1297073253236736000
1297074026804924416
1297074142445961222
1297074778050899968
1297074936490622976
1297075428935573504
1297075957036191746
1297076195662626816
1297077159048159233
1297078455717298181
1297078695136501760
1297079438526550016
1297079642298421249
1297081402685628422
1297081730340401152
1297082327923863554
1297082579514871809
1297083989778464768
1297083992823468032
1297084795898519552
1297085268030304256
1297085376914497537
1297086930509869057
1297087163868352512
1297087187897528320
1297088620289982465
1297089877532725248
1297090441041633280
1297090928285548552
1297091310592065536
1297092327786373120
1297092394303680513
1297093439557861377
1297093723248046082
1297094470312370176
1297095917326106624
1297096030945763328
1297096172306300928
1297097342705950721
1297097427632050178
1297097678917009409
1297098394721288193
1297099135959609344
1297099631625740288
1297100210682957824
1297101360672968705
1297101849531752448
1297102411874676736
1297102660475199488
1297103408923648002
1297103973913104384
1297104977043873794
1297105281382588416
1297105523435806720
1297106078514253824
1297106570292207616
1297107066558046208
1297107562282790913
1297108059232317441
1297108801276043265
1297109591948505088
1297110146716446720
1297110725186531329
1297111223528574982
1297111230382067712
1297111780095930371
1297111786303479808
1297112117796012032
1297112194753212416
1297112275396907008
1297112526958874624
1297112734019072005
1297113378415140864
1297114308829216769
1297114835533078530
1297115433112346628
1297115438032322560
1297115561705578496
1297116727843659776
1297116909608022016
1297117246909816832
1297117249468342272
1297117485418909696
1297117742227697664
1297117985719582722
1297118065310814208
1297118230193090561
1297118726953799682
1297118819513581568
1297118974178742279
1297119104827117568
1297119270753710085
1297119765568380928
1297120076609359872
1297120263574872064
1297120922403590144
1297121245721440257
1297121744344494081
1297122450568863751
1297122484970573824
1297122487537414146
1297123279661129728
1297123525732511744
1297124024347242497
1297124521904951299
1297125507717312512
1297126116336041984
1297127207979163649
1297127626612539392
1297127701808066560
1297129073894989824
1297130473332846592
1297132737200099329
1297132986262007808
1297133036157505536
1297134058720432129
1297135154000015360
1297135176107962369
1297135451732684800
1297136650993184771
1297136958972530689
1297138259999494144
1297138714188054528
1297138998381551618
1297140398381502464
1297140630561456129
1297141993068519425
1297142726144729088
1297142881048723459
1297142881048723459
1297143246108479488
1297144249343971328
1297144955111124993
1297146249888649216
1297146812818550785
1297147011779702784
1297148265692114945
1297149060722434048
1297151200027172864
1297152017245310976
1297152981821992962
1297154731253682181
1297156220147695616
1297157747197251584
1297157825479815171
1297157907260334081
1297159245033607169
1297161947624935429
1297164080181125120
1297164335891062785
1297166394572800000
1297167891645816840
1297172022649393153
1297172925066276864
1297173165978914818
1297176177115901954
1297176175215771649
1297177706279219201
1297178698806972417
1297179474128248836
1297181310658715649
1297181809692876801
1297184124206288905
1297185024555483138
1297186948893814784
1297187058616762376
1297187251026374656
1297187253379387392
1297188024678309888
1297188276160299009
1297190540849500160
1297192883099967488
1297193328904146946
1297195574173798400
1297197681824223232
1297198090940809217
1297199540068593665
1297199538160246784
1297199543801589760
1297199541842845698
1297201617876516872
1297203124097224706
1297206395348058114
1297209632855908354
1297210673684811776
1297213094675054596
1297215071303667712
1297217050071445509
1297218223515947008
1297218879379447808
1297220899079368705
1297223377078431747
1297224514577735682
1297224616679792641
1297224882464456705
1297225773129113600
1297227376074600450
1297229105579069441
1297231371799339008
1297233323186692099
1297235679076913153
1297237690161782785
1297239677561430020
1297240872673611776
1297243356171513857
1297243389000159233
1297245842911395842
1297248422471192576
1297249330726920195
1297249332752715781
1297250138407280641
1297251113670979592
1297251119585009665
1297251869102878722
1297252346213343233
1297253159291822083
1297253624322678786
1297255587051339777
1297255960738758656
1297256140590460928
1297256149310492672
1297256845296492550
1297257155654037512
1297257377541087235
1297258370949357569
1297258488704446466
1297258614088970248
1297259863291187205
1297261098232676352
1297261840364339201
1297262083487170560
1297263166309707776
1297263521965604865
1297263773313638402
1297264780055662592
1297265054488961025
1297266198665662465
1297267253948407808
1297267563328679936
1297269019846868993
1297270753411452928
1297271071566114818
1297271510919458818
1297272031373926406
1297272484996296704
1297273587988979713
1297274857600753666
1297274959350439937
1297276637323694080
1297278187970473986
1297278621346926592
1297278998951727109
1297280224028168192
1297280965430181895
1297282227181686784
1297283431295062017
1297284974417256448
1297285424247902210
1297286170951311361
1297287676089991175
1297288664737882113
1297288882032173057
1297290182367092737
1297290918127636481
1297291238069207041
1297292486809923588
1297292720973783041
1297293227637329920
1297293720912457728
1297295280061153280
1297295529358098432
1297296029998616577
1297296522485342222
1297297014099718144
1297297760195153922
1297298257681551360
1297298993588973568
1297301003205836802
1297302987908546560
1297310409985265666
1297313659216166912
1297318820231643138
1297319311959359492
1297323790397997057
1297326302412890114
1297333570571317249
1297339097409826824
1297341465425784833
1297346851709034498
1297351122143924230
1297355732279533569
1297369656127303681
1297423566884020225
1297424258038214656
1297425145494220800
1297425785406607362
1297429616378834951
1297429743432871936
1297431010045505537
1297433489478955013
1297434098441637888
1297434989718577152
1297435507593535488
1297435681950699521
1297436293002076160
1297436366553391106
1297437165882880000
1297437669136506880
1297439659149205505
1297439958836314114
1297441806657953792
1297443674805207040
1297444715881566209
1297445429076987904
1297447711931805697
1297448056548470784
1297448370789920768
1297450755389964289
1297450943320076292
1297451007119523841
1297452265502961667
1297452479815221248
1297453376284786688
1297455020783349760
1297457278061289472
1297459340056637440
1297459815426461696
1297460175767515137
1297462565409157122
1297462565409157122
1297463794000592896
1297465028807991296
1297466333131616256
1297467665980760066
1297467950723731456
1297470010907074561
1297470111968886787
1297471343349424128
1297471922146549766
1297472141336686593
1297473280438415360
1297473737751777281
1297474915096915968
1297475370288066565
1297475505646698502
1297475614065266688
1297476210193240064
1297476356314284033
1297476643754323968
1297477083418034177
1297477539775107074
1297477667831324672
1297477919669985281
1297478403491274754
1297478740201615360
1297478908393267200
1297479650575360004
1297480289023860736
1297480390177959938
1297480886364012549
1297481414393430016
1297482464399634433
1297482652677746694
1297483095181066240
1297485012267401217
1297486035891429376
1297487100254748674
1297488066265911296
1297488818485055488
1297490383799296000
1297491372556062721
1297491535139831808
1297492185487638529
1297493180301152256
1297493935619747840
1297495173027573763
1297496406375182344
1297497088838828032
1297497563948552193
1297497657892626432
1297499985999781888
1297500174483427329
1297501732872818694
1297501768209833985
1297503633978925056
1297505113892884480
1297505242427404289
1297505845761245186
1297507772528033792
1297507862743339008
1297508250158596096
1297509101967155203
1297510392462221317
1297511457152815106
1297511656210272257
1297512273184018432
1297512453996249088
1297513688409268225
1297514187846033409
1297515425660641282
1297516481320714240
1297518025726398469
1297518155183599618
1297519705020870657
1297520213299257344
1297520412952272896
1297521650334826496
1297523173051772929
1297523376559464449
1297523785248256001
1297524455976075265
1297525906802712576
1297527559937241088
1297527763092439042
1297529050018336769
1297530297551138818
1297531578692894722
1297531808020660225
1297532572210270210
1297532574215045126
1297533067393990656
1297534266272874496
1297535312831213568
1297537517093355520
1297539339220656129
1297541379145564162
1297542630679678977
1297542862414819329
1297543762525278214
1297545069113860102
1297545252115554306
1297546103655628800
1297546738379698178
1297547462371151872
1297549213547601921
1297550412757774340
1297551750979817472
1297552171567853568
1297552862696873984
1297553370622853120
1297553834340909058
1297555917089669123
1297557325654499329
1297557962068832261
1297558671619227649
1297558940918722571
1297560143614414848
1297561396276793344
1297564939633270784
1297564937779388423
1297564941457805315
1297565512004775939
1297567776689786880
1297570273131147264
1297570271310872576
1297573061588406272
1297576829058977793
1297580611461246976
1297581940061671426
1297583965759578115
1297585484558983169
1297587214419988482
1297588161032400897
1297590497452724226
1297591982911631360
1297593235842506752
1297594495882723331
1297595711102623746
1297597272579022849
1297598515229622273
1297598517071024131
1297599713399779328
1297600786453745667
1297600791147159552
1297602029297205248
1297602885103095809
1297603260656820225
1297603559308091394
1297603911730307073
1297604157080207360
1297604823152549888
1297605777117466624
1297606095398219778
1297606325422129154
1297606783641382912
1297607199573893122
1297608293368516608
1297608796680798208
1297609332859822082
1297611171458166785
1297612563874820097
1297613019179110401
1297613119599116288
1297613578250248192
1297614654521384961
1297615893783031820
1297616273602490369
1297617250367807488
1297618359899611136
1297620121389797378
1297620917212848129
1297621928270630913
1297623330678353926
1297624830532091904
1297626096272375808
1297626896767819776
1297628076453572613
1297629799993745411
1297631294151630849
1297632318203531264
1297633322705854466
1297633459352018944
1297634349702094848
1297635147190280197
1297637230714945539
1297638474535841793
1297638708527726594
1297639507794235394
1297639997424705549
1297641238875779075
1297642493937364992
1297643234043269120
1297644225689944071
1297645226467655683
1297646489087488009
1297646734252879873
1297647301414891521
1297647504536862722
1297648558951161856
1297648558951161856
1297650071396286466
1297650273301733379
1297652541602267139
1297653037356507136
1297654518411415558
1297655062689439745
1297656304530608131
1297657541460140034
1297658033556914177
1297658774774218752
1297660010982445057
1297661254413279233
1297662794469343233
1297663658500198400
1297665373093994497
1297666675681239042
1297667974959108097
1297668927498194944
1297670770336903180
1297672006746480641
1297677047750328320
1297680693678485504
1297680695498870784
1297682200884912129
1297687039949918211
1297691458129088513
1297691947793080321
1297691951320518657
1297691949533724677
1297691953094692866
1297697032036061184
1297699631971868676
1297703927283154944
1297709541870768129
1297712680158089223
1297715346816761857
1297720392170299392
1297726787603005440
1297731115512410114
1297774088350502913
1297774501896302593
1297774671870468097
1297775305046872065
1297775629853696000
1297775745155162113
1297778300199342081
1297779317125062659
1297780773802651648
1297781685656997888
1297782270640750592
1297784482431406080
1297784982304423936
1297785721059774464
1297785727124738048
1297787702071504896
1297788199167762432
1297788732469202944
1297789825538457601
1297791592212893696
1297792979466321921
1297793123029057537
1297794389926981633
1297794630252146688
1297795310811521026
1297795853722230784
1297796773755355136
1297797149523169280
1297797683453796353
1297797936621989888
1297798447484080128
1297798798878470144
1297799014230962176
1297799507116273665
1297800002237079552
1297800908374446080
1297801029094912000
1297801883936055300
1297802384626913282
1297803041807249409
1297803901115281408
1297804426925744128
1297804930695168000
1297805862099132416
1297805945976782849
1297806600388911104
1297807549421498369
1297808196283883520
1297808613579218950
1297809897141174272
1297810332405108736
1297810933809582080
1297811101766352899
1297811962257190913
1297812071950831616
1297812904549462016
1297813141728964610
1297813960276705280
1297814401672609792
1297814433155239936
1297814964388999168
1297816030178312192
1297816033554825219
1297816618144280576
1297816615342530560
1297816930536034304
1297817104285077504
1297817157795971072
1297817604330070018
1297818099987750912
1297818598417801218
1297818603476193280
1297819098617917440
1297819406878347264
1297819670523723776
1297819673988403200
1297820237157617665
1297820472793587717
1297820724695044098
1297821300245790720
1297821297293000704
1297821618966802432
1297821639409836040
1297821643260256256
1297821831647449090
1297821835652988929
1297822345155969026
1297822598030663683
1297823118132686848
1297824216281219073
1297824343410565121
1297824719505424385
1297824722848223236
1297825272293728257
1297826271574011910
1297827529097728000
1297827534629933056
1297827991125336064
1297828275927097345
1297828494424961024
1297828812428914688
1297829138951221248
1297829658541654016
1297829837097271296
1297830649580134401
1297831720432078848
1297832184141828096
1297832802831015936
1297833290787885057
1297833801712795648
1297834376416432128
1297834379348250624
1297834930668474369
1297835453383610369
1297836326042181633
1297836462990397440
1297836547388182528
1297836669429862402
1297836674001637377
1297837152726913024
1297837215628877824
1297838105572016128
1297838145191510016
1297838634268274688
1297839138583072769
1297839684433989633
1297840180313960448
1297840783484215296
1297841806923759616
1297842179361198083
1297842513873698816
1297843408183140352
1297843593936113665
1297844192216068096
1297844697419874305
1297845286342144002
1297846514476363777
1297847527706898432
1297848495836143618
1297849500044795909
1297849506906681345
1297849754181918721
1297850320534614020
1297850598633754624
1297851707267993600
1297852608196096001
1297852613476720673
1297853123206221826
1297853508377550850
1297853618834608128
1297853819007709185
1297854111581437952
1297854279894654980
1297854650725683200
1297855671946420224
1297856804861415428
1297857600122478598
1297857636898156544
1297858209403764736
1297858706399547392
1297858706399547392
1297859335888961536
1297859343350747136
1297859710373199872
1297860608411541504
1297861549642723328
1297862434707865602
1297862468421554177
1297862840485924864
1297863409967476736
1297863726729699328
1297863848075112455
1297864410275418112
1297865382997499904
1297865472151556097
1297865623536652291
1297866365525794816
1297867216516456448
1297867328177283078
1297868353516843010
1297868738398740481
1297868935832973315
1297869411651661826
1297870450589130758
1297871468357980166
1297871504122810368
1297872940181094402
1297873794263113729
1297874032746999811
1297875130400604160
1297875492725456896
1297876504311992323
1297876672482545671
1297876802669555714
1297878826136084480
1297878900413026304
1297879520763154433
1297880252593700864
1297881469524815872
1297881717538041856
1297882262076260353
1297882550241767424
1297883160169062400
1297883955425943552
1297884523833839616
1297885084759068672
1297885947124686848
1297886553189097472
1297886665000783874
1297887111614472194
1297888005190029314
1297888392483610624
1297889049655599105
1297889309295607808
1297890029436579842
1297891244971098113
1297892173204127745
1297892623106166784
1297892667381211139
1297893562659614722
1297894196599230465
1297894922411036673
1297895079835836417
1297895883867074561
1297896199240941570
1297896617929056259
1297896725466800129
1297896902843944965
1297897904653434882
1297898354681290753
1297899612519280640
1297899652369580032
1297902276175114241
1297903065132040192
1297903600543432707
1297903907805552641
1297905310213054470
1297905519840157697
1297906651488563201
1297907325089521664
1297907403552428035
1297907767362166785
1297908290656108546
1297908964689141761
1297909192490209282
1297909937302118402
1297910443596566528
1297911142803812352
1297912035431374849
1297912034231832577
1297912043052445698
1297912242818736128
1297912387983605760
1297912710303305728
1297913482189385731
1297913649718272000
1297915977972277248
1297916707537850385
1297917314248179717
1297917833976918017
1297918818933772288
1297919224413925378
1297919703889981446
1297920853154332672
1297920872066555905
1297921756976603137
1297922297945300994
1297923308323831809
1297924298976432128
1297925472748273664
1297926508984532992
1297927568348381189
1297928091419979776
1297928473357488129
1297929506221707264
1297930541438840832
1297931613406461954
1297931815303380992
1297931818793144322
1297932687081181185
1297933032717012999
1297934384062963714
1297935693075939328
1297935718556348417
1297936435467747329
1297938382287450112
1297939266773962752
1297940815982059520
1297941925966774272
1297943283272908800
1297944903704629254
1297945888753684486
1297946919197712388
1297948119208992768
1297949291152105475
1297950261558861826
1297952012789784579
1297953248607907840
1297953888990105601
1297955155233701890
1297955379402473479
1297955447203418112
1297955657556070400
1297956875426770953
1297958723818840072
1297960279955972098
1297961578961211393
1297962892986376193
1297964073922027520
1297964391850110977
1297966682191929347
1297968104480399361
1297968164874010624
1297968192099418112
1297970725396123651
1297971611434459136
1297972142487764993
1297972445006225408
1297974717903777793
1297975950236418049
1297976548562210817
1297978511349743624
1297979780483239937
1297980866279477248
1297980870964453388
1297981828922593286
1297983264246788096
1297984522764640257
1297986256090148864
1297987437227134976
1297988742590926849
1297990028895883264
1297991222385168387
1297992118640824326
1297992934525145090
1297993812531388417
1297993904323792899
1297994589572194304
1297995320912220162
1297995790091202561
1297996078185418752
1297996424341336068
1297997067571298304
1297997680824786944
1297998199957991425
1297999112051339264
1297999622082707456
1298001197459214337
1298001433405591557
1298001711043416064
1298002209670602758
1298002903874113537
1298003576262987776
1298004801096220673
1298006035156946944
1298007355771232259
1298008791976497152
1298009055026384896
1298009108193382408
1298009804770869249
1298009804770869249
1298010275183034368
1298011016111022082
1298011573445955584
1298012619471716353
1298013463319461888
1298015837853495296
1298016611429998592
1298017732059947008
1298018991651401728
1298019796894855169
1298021488541523973
1298022720765034497
1298024097268609024
1298025290342506498
1298026692213116928
1298027967264718849
1298028562742534145
1298028610553556992
1298029997802823680
1298030469481558016
1298031300184506370
1298031650773835776
1298032928929255425
1298034183324012544
1298035494241083393
1298037125405978624
1298038776791535616
1298039004999364608
1298043897973805057
1298045401757622272
1298045403737325569
1298048084115677184
1298049296206528512
1298050571950333952
1298051840391684096
1298053106526236675
1298053835869564931
1298054386103574528
1298054702291181568
1298055609657556992
1298056944683495424
1298058129020792833
1298058610413625344
1298059333897465857
1298063082812579840
1298063549324038146
1298068125875867648
1298072023097384970
1298074819754364929
1298077014830833664
1298080420844711936
1298083371483045888
1298085369120874496
1298087861464506368
1298089095600779272
1298089287242612742
1298090608997933057
1298091881792970752
1298092791831175169
1298096542126084096
1298099206570246144
1298101611974275077
1298106783488192513
1298109267053027329
1298110322075676672
1298113765427355650
1298116830528180225
1298117441084522496
1298119910829293568
1298121820755898369
1298126877723373570
1298128892960616448
1298129269349142530
1298130603401977856
1298131823407529986
1298133372544352256
1298134744526356482
1298137929815138304
1298138020063973377
1298138610718384134
1298139189905678336
1298143755699191810
1298144597659529218
1298144990670061568
1298145220887011328
1298145415452405760
1298146109378920448
1298146472450568193
1298146632274456581
1298147304692690944
1298147973717798912
1298148218497372161
1298148693133205505
1298148915531911169
1298149518618374145
1298149870382059521
1298150418917330944
1298150748593836032
1298150884279562241
1298151464938938369
1298153037010292736
1298153376362921986
1298153774276648960
1298155111039021057
1298156608153882625
1298156963533074434
1298157329683288070
1298158443572977665
1298158798633349120
1298160279906377728
1298160684425912320
1298161657684938758
1298161727067107328
1298161941660094465
1298162166806257664
1298163397427593216
1298163406197919745
1298164432615415808
1298164578900152320
1298164987492544513
1298165799853666305
1298167827657089027
1298168433121677315
1298168716727902209
1298169491646550017
1298169920451215361
1298170045076471814
1298170691636920320
1298170857223786496
1298171281045585920
1298171413841534978
1298173178431373317
1298173257884086273
1298173527309377538
1298175035757166592
1298175903139274752
1298176421697933312
1298176737742917633
1298176817157857285
1298177674427469825
1298177794212597762
1298177988853465088
1298178386276352005
1298179324609277952
1298179332909801472
1298179494302429189
1298179557632225280
1298181968765616130
1298182306851631109
1298183472713007104
1298183500454076417
1298183538915844098
1298184723479568385
1298185735615451136
1298185755764940800
1298186102721871875
1298187219463741441
1298188053085855745
1298189433980751872
1298189904078397441
1298190022387138560
1298190882760355840
1298191060003364869
1298191334843518978
1298191741024075778
1298192161620594688
1298192356664115202
1298192739536969728
1298193079481110528
1298193355143352320
1298193706709913601
1298194657134944257
1298194757773070337
1298197833661788161
1298198673755602944
1298198705548533761
1298199370064633856
1298199484753739776
1298201050332225538
1298202262385438721
1298202408842080257
1298202694897864708
1298202725289807873
1298203762914451456
1298203773811265537
1298204049918119936
1298204748542246917
1298205982292496386
1298208618710536193
1298209757048664065
1298209902083612675
1298209937026363393
1298210165733445633
1298210172788191233
1298210331366391808
1298211181187014656
1298212398818615296
1298213125297254401
1298213662038069248
1298213662038069248
1298214471987535872
1298214751068139521
1298214897872928769
1298217415403347969
1298219027291164674
1298219591169179649
1298220096092024833
1298220639053139969
1298221111394672640
1298221205363851265
1298221209583259648
1298222027065753601
1298222501005336576
1298223230650654720
1298223679860613122
1298223974036406278
1298224475352244224
1298224740759412737
1298224856400527361
1298225070150578179
1298225085799702528
1298225175192838145
1298226114540654595
1298226303347363840
1298226358892584960
1298227806569148416
1298228102427009024
1298229165209116673
1298230746071601154
1298232044129062917
1298236182111744000
1298236465500114945
1298237222983012352
1298240015693225985
1298240279330394112
1298240398750556161
1298241037459173382
1298241214139912192
1298241223841517568
1298241267550363649
1298241289742356480
1298241294775525377
1298241843851919361
1298242196500512770
1298242736043196417
1298243377893343233
1298243384725983232
1298243654960766978
1298244440558055429
1298244898714464257
1298244926170370048
1298245108291207169
1298245505609326597
1298245959953141762
1298246058473132032
1298246457200451584
1298246486103384065
1298246949431279616
1298247017311993859
1298247461962686464
1298247598357262337
1298249114879172610
1298250485900681217
1298251486338510859
1298252198124466178
1298252326558289924
1298252428559527947
1298253437780422658
1298253739304693762
1298255056261668866
1298255457077751816
1298255504003612678
1298256189201895428
1298257967049928709
1298259597807910914
1298260916857786369
1298260992921493504
1298261544275386373
1298262242274603008
1298262801098502144
1298262807620640778
1298263030531162123
1298263589027889157
1298263814815719425
1298264111868833792
1298264179296460800
1298265199149895681
1298266681752481793
1298267146674253826
1298268561304035329
1298270155114307585
1298270997611606016
1298271852461096960
1298271996216668163
1298272952295686144
1298273807325466624
1298274724980563971
1298279057382047744
1298281053069729793
1298283090205433856
1298284344986009602
1298285298900783104
1298286629833056257
1298286746132766720
1298286982108454912
1298287369536364545
1298287409331871747
1298287915907321857
1298288076247248896
1298290746353766402
1298292729101914116
1298292851772620800
1298295077564043265
1298295102532734976
1298296062512422912
1298296854908731393
1298297679609561090
1298299211721646085
1298299207774867459
1298300834674028545
1298302400286121984
1298303383749758976
1298305368691539972
1298305387137863680
1298306948253863943
1298308639229464579
1298309161776607233
1298311509991477260
1298311680129003520
1298312937006743552
1298314769049563137
1298316268467036164
1298317520491905024
1298317621306302464
1298317744971165697
1298317784301133827
1298319161085526016
1298319294724481025
1298319303809302528
1298320376775180289
1298320486871347200
1298321865576837120
1298321870681518082
1298323218156212232
1298324716864888833
1298326431743827969
1298326778512060420
1298327138429542401
1298328036262080512
1298328125290446849
1298329353353342976
1298330552693481473
1298331772636233728
1298333087865147400
1298334980792344583
1298335586152054784
1298336820397314051
1298337530522345474
1298338288131072000
1298338580645937159
1298339394538090496
1298339895589711877
1298340654901276672
1298341173111783425
1298341237418852352
1298341733818916864
1298342218357510144
1298342706268315650
1298343135714582529
1298343319110549510
1298344073623932935
1298344857216462849
1298345588849889280
1298345652301131776
1298345652284305408
1298347075944488962
1298348076558688257
1298348317034897408
1298348807948820482
1298349338272423936
1298349595211202560
1298350656474972161
1298350685579145216
1298352098124468230
1298353094275858437
1298353829445013504
1298354056683978752
1298355117603815424
1298355843977695233
1298356816116625409
1298356958806839297
1298357029954826241
1298358235280232448
1298358328058421248
1298358684070838273
1298359144907407361
1298360673836118019
1298360751875334145
1298362223652483081
1298362223652483081
1298362227779604482
1298363725905383426
1298365785161826305
1298365947334598656
1298367421682769923
1298368900141375488
1298370389899448320
1298370630711156739
1298372117348659200
1298373334745440258
1298374132988555276
1298374659403120640
1298375163352879105
1298376693812539392
1298378470544814081
1298379334999257088
1298380884740059136
1298381000767143937
1298382216221917185
1298382214305140742
1298383476077539331
1298384958088712192
1298386222210060288
1298387464994861056
1298388434256646148
1298390252877492228
1298391986395852802
1298393218351071232
1298393780152926208
1298394442597007360
1298394446875299842
1298395402232897540
1298396255668834304
1298397508037730304
1298398734057865216
1298401704312963073
1298402943897657344
1298403683328294914
1298404182567903237
1298404926318686210
1298405420248244224
1298406161616719873
1298406691390849025
1298407441772810240
1298407928349818880
1298408684427661314
1298409176398548992
1298410497281318914
1298412994607620096
1298412998323834880
1298412996511830016
1298413001855455233
1298413000114700294
1298414974684078080
1298418476860743681
1298420065478627329
1298420877646794753
1298422370353516545
1298422548368175104
1298424793860104192
1298424798918443013
1298426909727035393
1298427095568220160
1298428899089616896
1298430481155989504
1298431875988574208
1298434378704605184
1298438074263908353
1298438972046270464
1298441119416582145
1298447046324740099
1298452763651842049
1298457077598298112
1298464248717365248
1298465118477594625
1298465514470211585
1298465516277899265
1298467786386268160
1298469248600346626
1298471251288129537
1298475508133507073
1298476826226909184
1298485452220051459
1298486058963918859
1298486062482894849
1298486060767379458
1298486580974411782
1298491812177498114
1298494130700431361
1298494895594897408
1298499281310154752
1298500657360642049
1298501680510595072
1298506402495954944
1298506494086909954
1298508796445306880
1298509341419606017
1298510078241312768
1298510321787850758
1298510579796258819
1298510822172495872
1298511575297425413
1298511817027788802
1298511986809024512
1298512593750040578
1298513046592266240
1298513083313397761
1298513302948110338
1298513370568687616
1298514366413918209
1298514493543260160
1298515308169371650
1298515658481836033
1298516925195132928
1298516987824558080
1298517031516545025
1298517055856156672
1298517686360707072
1298518037008658433
1298518837797814274
1298519232771239936
1298519445145628672
1298519699416907776
1298519799685877762
1298520107531014147
1298520434292469760
1298520516878368768
1298520967556235264
1298521534772981760
1298522010713292800
1298522756108222469
1298522811296882688
1298523071960109058
1298523078541025280
1298524249196560385
1298525082936016901
1298525336003649536
1298525593286389761
1298526076235284481
1298527097821036544
1298527797728731137
1298527939336777729
1298528917213589504
1298528930501210112
1298529093923856385
1298529362539507712
1298530065635057666
1298530559497469954
1298531087874957313
1298531456499802112
1298531663119515649
1298532458137296896
1298532576026595328
1298532681320366080
1298533271026966528
1298533620676726785
1298534541527842817
1298535109377826816
1298535598844780546
1298536152601972736
1298536645386539008
1298537135553810439
1298537560596197376
1298537630766895104
1298538708031934464
1298539185188605952
1298539723305164800
1298539845640433664
1298540447414050816
1298540493060673536
1298541825628790784
1298541945824976897
1298542600308305920
1298543012205735937
1298543638969028608
1298543813535899649
1298544310552535041
1298544344018952192
1298544929778610177
1298545909463166982
1298546441531658240
1298546945787666434
1298547392506138626
1298547441042706432
1298548083043774464
1298548251877093376
1298548596460212225
1298548808444530688
1298548839096483840
1298549150930403328
1298549311685500929
1298549602132664322
1298549982593724417
1298550959581409280
1298551028313358338
1298551237902819329
1298551740837572608
1298551990365171713
1298552509473202176
1298552509473202176
1298552859257184256
1298552999518834688
1298553271292792834
1298553655013117953
1298553746427981824
1298553988472872961
1298554723293958145
1298554986515767296
1298555222923644929
1298555226312650753
1298555745680728065
1298555985468878850
1298555992632963072
1298556258295963649
1298556273697460224
1298556643957977089
1298556969368813568
1298557185602052096
1298557202794520576
1298557673034702850
1298557818144948225
1298558193812025344
1298559194346512385
1298559200390451201
1298559546554748928
1298559758899777536
1298559810410024962
1298560054459850752
1298560348753207301
1298560353463422976
1298560593075539969
1298560960429527040
1298560977487761408
1298561341071007745
1298561344795553793
1298561575721345027
1298561900926717954
1298561903350947840
1298562504990380032
1298562886231625730
1298562890530795522
1298563399677284353
1298563404668506112
1298563693823827970
1298563973240029184
1298564216283168768
1298564538497982464
1298564776776404992
1298564872343556096
1298564880019197954
1298565118456934409
1298565539871195138
1298565543713288193
1298565874404687879
1298566178600820736
1298566682517147648
1298566694328250374
1298567211385331714
1298567488335224832
1298567819995615233
1298568108844756997
1298568371521429504
1298568646487310336
1298568802674892800
1298569537512771587
1298570610113744897
1298570614974947328
1298570986296676353
1298571748993048577
1298572144654221312
1298572291593383936
1298572787620220930
1298573120857612288
1298573482482163717
1298573952885956608
1298574214610464768
1298574232457273345
1298574269518090240
1298575320799485952
1298576127238254592
1298576467685711873
1298577284002193409
1298578426157203457
1298579506815541248
1298580516887764992
1298581010255355904
1298581061279125504
1298581473251987456
1298582023477633025
1298582289400713216
1298582847968747521
1298583322340347904
1298583350681231360
1298583347229270016
1298584492878307328
1298585371132014603
1298586660926619651
1298587244043702273
1298587449690595331
1298587580460654592
1298588403139780615
1298588502334902273
1298589023359950849
1298589339602096128
1298590454729056256
1298591670955585542
1298591756917919744
1298592153036369921
1298592562039709697
1298592867989020674
1298593190166044673
1298593604026466304
1298593804073787392
1298593973829869568
1298594375262494723
1298594546377469954
1298594557056122880
1298595426317275136
1298596192235003906
1298596461286916097
1298596984501264384
1298597494016880642
1298597568331632641
1298598467376500737
1298598571311271937
1298598628630638597
1298599533237207040
1298601534113091586
1298602762503102465
1298603504500645888
1298603601992880128
1298603713720983553
1298604551734525954
1298604681221025794
1298604946036797441
1298605606232829954
1298607019654557696
1298607328355405824
1298609127275601920
1298609193562275841
1298609205356756994
1298609618009063425
1298610277110427648
1298611022832504832
1298611376009682946
1298611861236088832
1298612141755432961
1298612280997937156
1298612791201366016
1298613250683285504
1298614128760823812
1298615107522572288
1298615127739170826
1298615854913986562
1298616199610273793
1298616430250856451
1298617348170145797
1298617443162755074
1298618347827986434
1298619298425036802
1298620406463713291
1298621131533025280
1298622864032256005
1298623906023182343
1298624719755902978
1298625738845847552
1298626404955955200
1298626477920063488
1298627517423800320
1298627521207054336
1298628411393540098
1298629250120114178
1298629655365287937
1298630254085505026
1298630427683565568
1298630596869140485
1298631601136504834
1298632011746344962
1298632542657171459
1298632823415463936
1298632920387719168
1298634123049828352
1298634635291885568
1298635276714213377
1298636032963944449
1298636722616635395
1298636836231946240
1298637417499500545
1298637942915768323
1298638748905885696
1298639781014970371
1298641298438729728
1298641819258028034
1298641951483363328
1298642213820338180
1298642413175615488
1298643909741092875
1298645090538266626
1298646416881905664
1298646416881905664
1298647751153131520
1298648845300244480
1298649422759428096
1298650033093586944
1298650654622265345
1298651134484271104
1298651699716988930
1298652557850611712
1298652675702173705
1298653081853362184
1298653608070782976
1298654632382738432
1298655386980036608
1298655638021722112
1298656703442046976
1298657735806988289
1298658575695466496
1298659822506827778
1298660225189175296
1298660629125922825
1298661394301288448
1298661440505745411
1298661754763960321
1298662762302906374
1298663012845395973
1298664698670452738
1298665566086082560
1298666794996072456
1298667775196639234
1298669421205041152
1298670256064430081
1298670548914970624
1298671943156203521
1298672706670465027
1298672788799197184
1298673951250550785
1298674066761625600
1298675324713160705
1298675564975403013
1298675976159862786
1298676215306432514
1298676773111177218
1298678073332772870
1298678076730159105
1298679436297084930
1298680437208907779
1298680911073030144
1298681063384981504
1298682050204110851
1298682073960648705
1298682874615361537
1298683178639663107
1298683934558031872
1298684021824782336
1298684172094132225
1298684372200169473
1298685629912547328
1298686379212312576
1298686490671751170
1298687183289819137
1298687533770055680
1298688046016102400
1298688782703693827
1298688981169733634
1298689306605871104
1298690424077340672
1298692194266689536
1298692940567465984
1298694211517272064
1298694972363935745
1298695706832785409
1298695716982984706
1298696219569598465
1298696778636722176
1298697362756567045
1298697973937786882
1298698116468809730
1298698621274206208
1298699752461262861
1298700318000263169
1298700582098743296
1298701058471067649
1298701237353881601
1298701836405407745
1298702329760428032
1298703080490508289
1298703574558560256
1298704329461948416
1298705523676602368
1298705571084996609
1298707092035887104
1298708047716585473
1298709930673762304
1298710250363576322
1298712393938214913
1298713073352503302
1298714891419697161
1298715999953227779
1298717396631396355
1298718879976366082
1298719365622366208
1298720135033655297
1298720138095546374
1298720623125028865
1298722611036213255
1298723410378289153
1298723654428024833
1298724928498229248
1298726188177698817
1298726192070250503
1298726925079392256
1298727419331870721
1298727417519931397
1298727421655605250
1298727686882447361
1298728172955947008
1298728918883631106
1298730462207266817
1298731716127973378
1298732705522253824
1298732703601262595
1298732708328243200
1298734434888421376
1298735671486578688
1298735722485166081
1298737650623541248
1298738238929199105
1298738402494480384
1298739376990625794
1298740128400236545
1298740618253004800
1298741896337125379
