1336970290555924480
1336995643492102144
1337014457885712384
1337034754898726912
1337036510026207233
1337037074751434753
1337037703515430919
1337038291573624834
1337042773334224896
1337045815660077066
1337057945377443840
1337079954299883523
1337097503515226118
1337297502446432256
1337298004244656129
1337326568071450626
1337326593052717056
1337326625151717377
1337338131155214337
1337368019627085824
1337400781444681728
1337405164593016832
1337413868944027656
1337417108326666246
1337452089933434883
1337684373353672704
1337742002218291200
1337801640745836544
1338074991968063488
1338416981331111936
1338420555343605762
1338449089399283717
1338449757543538688
1338449986309263361
1338450716130742272
1338514971928514561
1338589024630550528
1338746644288954368
1338759457958977542
1338782487007424512
1338784559165476864
1338801734551007237
1338806406921773057
1338841724169445376
1338841777118318595
1338863904496107521
1338892081478176769
1338935116844896258
1339115550694387712
1339130914404765697
1339151064013090817
1339178973796966400
1339205759486324737
1339225783437561859
1339244499978113024
1339284678470144001
