1336955663105273856
1336987020007268352
1337008175703334913
1337017514543427591
1337037603313491974
1337090234652233728
1337093248159002626
1337098253016285185
1337131471811665922
1337320970458001410
1337360480705404928
1337378986813517827
1337409050867208200
1337439753315250182
1337465483344416768
1337487820273963009
1337690656299429888
1337694473556471808
1337729663767109633
1337803399635611648
1337850711107760129
1338054805961531392
1338096078084689923
1338168303785824258
1338210330569134080
1338407630671282182
1338443617929752576
1338461825470509056
1338483379818409990
1338538815720464387
1338540625684287498
1338546294386659329
1338579261880406016
1338770490886922241
1338791912950513666
1338823965209452551
1338829411173339136
1338854718303432705
1338865735137853442
1338886179824017414
1338907676043046912
1338909476317966336
1338939887953694720
1339132909668675584
1339167638614786049
1339203122447659012
1339221831732092928
1339246263271874563
1339264326893522947
1339265938353512448
1339276963324723200
1339302275731222529
