1296205301482389505
1296205574623952901
1296207029795774465
1296208469662539777
1296209445085679616
1296209901451173888
1296211335680843778
1296212794380111877
1296214055275900928
1296214229712809985
1296215688684675072
1296217123354796032
1296218578484711424
1296219755800662016
1296220037892767751
1296221451989725184
1296222890325610496
1296224345120018432
1296224345120018432
1296225739893874690
1296227065289637891
1296227113662644226
1296228525465370625
1296229961074958341
1296231354267570176
1296232809053528064
1296233026742034434
1296234183094927366
1296236397771325440
1296238590855389185
1296240804848177152
1296242832563482626
1296244170097655809
1296245005573599232
1296247224746283008
1296249418879033344
1296250337465163776
1296251595987050496
1296253623815540736
1296255651556012033
1296257867704668161
1296259134283755521
1296260017444851717
1296262166920790016
1296264189917503488
1296266402920267777
1296268574621827072
1296270769987739653
1296271273799168001
1296272942624432128
1296280806592323585
1296290764151050243
1296293530697183232
1296295702994341889
1296298306126192641
1296308693831753729
1296310889134657537
1296312927109120000
1296314995513466882
1296317042165940224
1296319122071064576
1296321170950717440
1296323262679580672
1296325294098468869
1296327435919724546
1296329491963351040
1296332623711817728
1296333584702279680
1296335743426666496
1296337885587746822
1296340045801168896
1296346281384775681
1296348457515528192
1296351725209694209
1296353907304796162
1296358880000315392
1296361048614883328
1296363180982251520
1296365347369562116
1296367466298449921
1296371587248271362
1296373805334528004
1296375945654345728
1296378143209660416
1296380271244333056
1296382436587253760
1296384559353942017
1296386669751541765
1296388864282710016
1296391012311588864
1296393121916477440
1296395319756959744
1296397459783143424
1296399653517262849
1296401783749775361
1296403976267669505
1296406173604818944
1296408368450600960
1296410581117870081
1296412752416837632
1296414921442430978
1296417083534778371
1296419265516646403
1296421444197527552
1296423602112335872
1296425809293594625
1296427865286811649
1296427994475630595
1296430161060077569
1296432323202822144
1296434495122440194
1296436650961244163
1296438834121580545
1296441019945320448
1296443277277900805
1296445464112443394
1296447611847741441
1296451953619357696
1296454117297139716
1296456291783716866
1296458480812003331
1296460665549447176
1296462867915472898
1296465031928991744
1296467237587615746
1296469402628620290
1296469655771582464
1296471566700744705
1296473719272071169
1296475881767133191
1296478064579432448
1296480255062966274
1296482400910938116
1296484583874207748
1296486789453172741
1296487423812214784
1296488981018927105
1296491147355979776
1296493271557058561
1296495499831386112
1296497663001624577
1296499859449688068
1296502062210068485
1296504195089145861
1296506346448224257
1296508494980485121
1296510677495021568
1296512848538021889
1296515020709343235
1296517133753556993
1296519279848890368
1296519643901964290
1296521427252842496
1296523594164510726
1296524842787909632
1296525695347240961
1296527696416190464
1296527811566608384
1296530002457047041
1296532164125904900
1296534302197514240
1296536495705268225
1296538638344491020
1296540778995617793
1296542856790904846
1296544972129406982
1296547071311450112
1296549232640491522
1296551349815881728
1296552588440154113
1296552586867351553
1296554125476409345
1296555567465615360
1296560599556657156
1296563689072582656
1296563911781752836
1296566269609680898
1296567705496158208
1296573616918859776
1296578593611546627
1296584271461785601
1296584406816235521
1296585708610760707
1296589190600286209
1296592745541382146
1296598366059732996
1296598942323441664
1296601011554004992
1296603210174562304
1296605280311140353
1296606840789307393
1296607452390187016
1296609497214001154
1296611520701501440
1296614327710097413
1296616771131265026
1296619197364084740
1296622305171378176
1296624351207358467
1296626760256290818
1296632103950524420
1296635099438604288
1296637255063404545
1296639426970476545
1296644614619828227
1296652493720621057
1296654518789300226
1296657070100553728
1296662095631654912
1296674709266997248
1296676742850125824
1296678788240158721
1296678956997976066
1296680814722383872
1296682884858818560
1296685099849789440
1296687123853185025
1296692208276578305
1296692208276578305
1296694344414564353
1296696447350562817
1296698609128202240
1296700735858647045
1296702794808856576
1296704930020032515
1296707047631867906
1296709969329389569
1296712116406296577
1296715065668837382
1296722400302837760
1296724586684452864
1296726733228572672
1296728896319168515
1296731059397197824
1296733230188703746
1296735378481840128
1296737521305518086
1296739670508933120
1296741861663674370
1296744031100207106
1296746221177102337
1296748357520691200
1296750528635043840
1296752634263724038
1296754802798600192
1296756981143920640
1296759152962928642
1296761306381455360
1296763479794372609
1296765628355944449
1296767778700099586
1296769898379649025
1296772078583021571
1296774220907720704
1296776405448097792
1296778558770208768
1296780768048545792
1296782972683681794
1296785179550326786
1296785602482966528
1296787277247664130
1296789451600023552
1296791613449080836
1296793835327152128
1296796005334212608
1296798176540798976
1296800308945985536
1296802483721981952
1296804631570534400
1296806799094566914
1296808945852600320
1296811131496017930
1296813299586170884
1296815486261493760
1296817632428077061
1296819792624721921
1296819793534869506
1296821976879771650
1296824114431373315
1296826239949447172
1296828387038760965
1296830575903481857
1296832743653990400
1296834879343202304
1296835832016515072
1296837020602572801
1296839153976594432
1296841323081867264
1296843491926999042
1296845686080778244
1296847911662374913
1296850124333883395
1296850764128813059
1296852844386160640
1296855017513799680
1296857032553791489
1296859225671467009
1296861444428922880
1296863596228550656
1296865809034248204
1296867998704246784
1296870213317795841
1296872377146585096
1296874560462229505
1296875918963679232
1296876749846974469
1296878919266766850
1296881064862986242
1296883228129873920
1296885381858758657
1296887013828943873
1296887606236655617
1296889753061687303
1296891911010226176
1296894031226712066
1296896222502977537
1296898359039533056
1296900552954187779
1296902672856100864
1296904789641625600
1296906143801970688
1296906931416825856
1296909071195549697
1296911186710200320
1296913308793135104
1296915196678754304
1296916658037182470
1296918146587275265
1296919610760089601
1296920916904075264
1296922378732294147
1296923839813779462
1296925113737248769
1296926302272999425
1296926384636534784
1296927843901935619
1296929136343158786
1296930076798455808
1296930596174864385
1296944798935515139
1296954958911242240
1296956248773070849
1296957704376930305
1296975126181945344
1296977218011365381
1296979269307052033
1296981338055204866
1296983415309336576
1296985476855930880
1296990373143810051
1296995252184797185
1297005417235718145
1297023040644157440
1297025536468951040
1297041137853779968
1297053382633492480
1297055455886401537
1297059750937493504
1297065973212680193
1297075932629524480
1297078136971108352
1297085958135914496
1297088123558596608
1297090283935543296
1297096206020214786
1297098411527856128
1297101229181612032
1297103389650804736
1297111462461280256
1297113697526132736
1297115840312156160
1297124075865808896
1297126239518498817
1297126619803463680
1297129232624234497
1297136737106432000
1297138880634814464
1297141053989048321
1297143208489693185
1297146596367446016
1297149227278249986
1297151321775251457
1297166941770186752
1297172066937049089
1297174461746159618
1297182048399097862
1297184170582712321
1297186312659894273
1297186765527293952
1297188407236612096
1297191800122347520
1297192198761517057
1297196833987592192
1297199783401201664
1297201865634066432
1297201905492471808
1297204026568835073
1297206099305783297
1297206898677121025
1297208208973594624
1297210285175058433
1297211934975111168
1297212384365481984
1297213534624002050
1297214459036028931
1297216562999504896
1297216964474155008
1297218685883621376
1297221998750375941
1297225189651099649
1297227032200450048
1297227262203432960
1297229385339109378
1297232064895483906
1297237099536670720
1297237723258990594
1297245193704550400
1297247163748175874
1297247163748175874
1297255408915165184
1297257231952629760
1297257477449355269
1297259590950813696
1297261660848246785
1297262264555274241
1297263778061529090
1297265822692446212
1297282745379565573
1297283040956370949
1297283656055128064
1297288391118159873
1297295610543038465
1297297045947060225
1297300139695120386
1297302381139570691
1297309222716276738
1297310978258935808
1297312393069039616
1297318490450386946
1297331103540359169
1297339772571090944
1297346217693913091
1297348451475300352
1297357519401164806
1297358717583798274
1297363964775616512
1297366013772734466
1297389916050071552
1297392051097673728
1297404996359790592
1297417688738922496
1297420294878105601
1297422451551473665
1297424585504235520
1297426737568063494
1297432872735973376
1297435032508862464
1297447738104217602
1297449897352990720
1297452101518462976
1297454214692704257
1297456394199801856
1297458514344972288
1297460702987399168
1297462795362074624
1297464934226329601
1297467095438053378
1297469254456008706
1297471375528124417
1297475873780764673
1297477997449158656
1297483032077701122
1297485805863264256
1297487921113698306
1297490033436491777
1297492170375561216
1297494310775136256
1297496434711973889
1297501716456321024
1297503836320432128
1297505997381087232
1297508323445612545
1297513214880743425
1297515331297173507
1297518958178979842
1297521214492114948
1297523753115627520
1297548738567778304
1297550884055003136
1297553565427408897
1297555684704366594
1297557783395684354
1297559223115624450
1297561401758756866
1297563496427773952
1297564255785488385
1297569286127603715
1297571047173173255
1297573184594751495
1297574321389555716
1297575297798279169
1297577412092473345
1297579353564483587
1297579551585980418
1297581668589613058
1297583785224146944
1297584386242748417
1297585893402910720
1297588846868168708
1297589420347076609
1297594084119519239
1297594454694662146
1297596176162840576
1297599487976919040
1297604521598779393
1297606375032356864
1297608484037566469
1297609553832484864
1297611636618952705
1297613708773011457
1297614587160932353
1297615798995955712
1297617916586790914
1297619621747531777
1297620029844983809
1297624653855326209
1297629685753556992
1297634268005519361
1297634718746316800
1297639753739898881
1297644785948295171
1297649369160863747
1297649817968168960
1297653592019607552
1297658087684399106
1297664615116091394
1297664633956904961
1297665903451136003
1297667341094879232
1297668795356643328
1297670061235351555
1297671407359451137
1297671537168912387
1297677038141284352
1297677576614404097
1297678493774487552
1297679926481518593
1297681359297806337
1297682812682866689
1297685944808726528
1297691419721826304
1297697510501294080
1297698232122798080
1297699554377244673
1297704842358591492
1297706416816435201
1297712361500016647
1297713487519653888
1297717457155760128
1297725102344343553
1297729764741001216
1297733934818697217
1297740203617144832
1297746186120712197
1297748766381006848
1297772978072178688
1297775451444842496
1297777589688438784
1297782806349783042
1297784945428111360
1297787035302989826
1297789130223562752
1297791237483827201
1297793375119331329
1297795487085604866
1297797607314657281
1297799746086752257
1297801880781959168
1297804014596366336
1297806157097193476
1297808336746942465
1297810464211165184
1297812587632037888
1297813522521427968
1297814731043020801
1297816849594421248
1297818941679640576
1297821065935282176
1297823188559319040
1297825283924516867
1297827398025715712
1297829537934434304
1297831638076919809
1297833799754166272
1297835897283633153
1297838082381828097
1297840179026198528
1297842316170993664
1297842337276715008
1297844476048822272
1297846258179219460
1297846598567944192
1297848713776422917
1297850865261436935
1297853027148333057
1297855237877911554
1297857385516670976
1297859568547115009
1297861694417440776
1297863157331955713
1297863879599546371
1297866005331533824
1297868151028408320
1297870315930947585
1297872512303484928
1297874642204528641
1297876766028111872
1297878903999156226
1297878903999156226
1297881064564809732
1297883220143464448
1297884348344147968
1297885359024611330
1297886141295845377
1297887516666855430
1297889690251595776
1297891891468554247
1297894071608934402
1297896255591415808
1297898433467093003
1297900580795539456
1297902723384463360
1297904862466899968
1297907085741522950
1297909242553401344
1297911368482521088
1297913515886379016
1297915620558884864
1297915979704545280
1297917798421794817
1297919928054538243
1297922025584046081
1297924181951209475
1297925452447842307
1297926359201742848
1297928528479084546
1297930669755162625
1297932791515156483
1297934896963493892
1297936972359532549
1297939097324052480
1297941245055115265
1297943383751745537
1297945524310544385
1297947667004358657
1297949807806423047
1297951966400847872
1297952735640326145
1297954114052263936
1297956231311765505
1297958370964635650
1297958856241356802
1297960493395705864
1297962650895294465
1297964790929924097
1297966905916096512
1297969049213771777
1297970108174917634
1297971178133491718
1297973309531987968
1297975428745957376
1297977518511857665
1297979659670499338
1297981797746319361
1297983914183663623
1297986025650823172
1297988143111643137
1297990300867198978
1297992415744331776
1297994532588589064
1297996727472005120
1297998864675418113
1298000996740861952
1298002460859080704
1298003771734269955
1298005224611880960
1298006490910011395
1298007776757768193
1298009255023443971
1298010713668149249
1298012143527366659
1298013435192586244
1298014890851020800
1298016159380516864
1298017626090803207
1298018889830412293
1298020179851595776
1298021633194692608
1298021769303994368
1298022898532319233
1298024184346562570
1298025662503161856
1298028054275674112
1298031693073391616
1298032962840207365
1298033519797637122
1298037374442786816
1298038189756682241
1298044824445022208
1298047749494112260
1298050045313462274
1298054069186113539
1298057508121128961
1298061636641738754
1298067638686568449
1298069682449154050
1298069980592971783
1298071748093583361
1298075266921697281
1298082451953274885
1298082499743158275
1298085150811619328
1298090247260119040
1298100983453683717
1298103679384530944
1298111142536126464
1298126343947911168
1298128433483067397
1298141394096345089
1298143506091966466
1298146388216291331
1298156525329027073
1298158682774147075
1298160849551491072
1298164144273858560
1298166343737409537
1298171516585156609
1298173704074072064
1298175831429324800
1298175914744971264
1298178096240238592
1298178744209805319
1298180025708142592
1298180258588491776
1298182423797272577
1298184604592025605
1298186729933938689
1298188896749133829
1298191096032514048
1298193278341390336
1298195548072300544
1298197704212971520
1298199933426765831
1298202104943738891
1298204287953248256
1298206471038144513
1298208654299144192
1298210859257405440
1298216192025518082
1298220307975725057
1298220453694263296
1298222669939318784
1298224815606837256
1298226959596560389
1298229165112664074
1298231367420059650
1298233530141609986
1298235719497011200
1298237911280898049
1298240061524279301
1298242198958477313
1298243502145495040
1298245696320143360
1298247839638724608
1298249980571004928
1298252178033786880
1298254317443407872
1298256524523917312
1298258692396052485
1298260916190842884
1298263098566905860
1298265284793364482
1298267451960864768
1298269609498300416
1298271767014731776
1298273888128733188
1298276029979594752
1298278215723753473
1298280394220089350
1298281669242257408
1298283817229266944
1298284834901696513
1298285980563247106
1298288091006996484
1298290209801547776
1298292335252508674
1298294473005445120
1298296629284478976
1298298788201758723
1298300885429358592
1298302995055218689
1298305073160900610
1298307216395636749
1298309311341514754
1298311408468340736
1298312025056129024
1298313526134689799
1298314540552159232
1298315686859735043
1298315710272344064
1298317848092315648
1298318008960651264
1298320001888378880
1298322139062435840
1298322511646597120
1298324271555649539
1298325309813555200
1298326397233004545
1298326397233004545
1298328516761657344
1298330635900264454
1298332812991442950
1298334937314197504
1298337055483846657
1298339152413548544
1298341295287672832
1298343430955966471
1298345567786012672
1298347684626137090
1298349799436148737
1298351982961451008
1298354100338331652
1298356200363393025
1298358327148150792
1298360483393798145
1298362638687232006
1298364712581844995
1298365999658434563
1298367287863529472
1298368555227000833
1298369560391946241
1298369822619848706
1298371112737349635
1298372380834836480
1298373645417484288
1298375121644789760
1298376410323656712
1298377675829108737
1298379131189628935
1298384349293940737
1298384649010413574
1298385825961521152
1298387281833795586
1298388573666910208
1298389184147795980
1298393043079495681
1298393358243684357
1298395824595046401
1298401161700155392
1298403330461401093
1298404765890760706
1298410622955204608
1298419281273794561
1298419763836858374
1298423431009009666
1298425095120211969
1298426069490511872
1298428500538535936
1298430522293616640
1298433484495740931
1298438656802402304
1298440725361823745
1298446184625983489
1298446657403617281
1298453413160800257
1298455500007313408
1298457588682633216
1298463591880896517
1298471029250101251
1298476425012535296
1298478746530467840
1298494026090504195
1298496115038466048
1298498190199664640
1298500280233766913
1298509046497124352
1298511202923012099
1298514037206994944
1298523834727923712
1298531608983724032
1298534192121356288
1298536759698034688
1298541324405280768
1298543487244283905
1298545614473637888
1298547801740255232
1298549945117609986
1298552126990356480
1298554317931192320
1298556538831896576
1298558677905965056
1298560854565310470
1298564375012401152
1298566557258457088
1298568767732097024
1298570906114064384
1298573073927610368
1298575222501715970
1298577389266579456
1298579533629718531
1298581046846423040
1298581706740506629
1298583864009469953
1298586059446550530
1298586820184244225
1298589056738177024
1298591193035673602
1298593399084384256
1298595589291114497
1298597761550553090
1298599368522633216
1298601446884233216
1298603648914722816
1298605773422043136
1298607934650408960
1298610074953408512
1298612153411416065
1298614301075345417
1298616420515885057
1298618557178302464
1298620702443143168
1298622868717219842
1298625048509648896
1298627168541519872
1298629295871594496
1298631439970336770
1298633606034853889
1298635689349783554
1298637849517056000
1298639955242160128
1298642093464838144
1298644201895321601
1298646327363096578
1298648434203918336
1298650553417904130
1298652515253321728
1298652658576785412
1298653847171342337
1298654237161852928
1298654787295236096
1298656935579979776
1298659083134865409
1298660823586549763
1298661207063367680
1298663327904739330
1298665463895990278
1298667638982402048
1298669731906560001
1298669754237034498
1298671921253548033
1298674064412807169
1298676190581067776
1298678328937914368
1298680470989942784
1298682557375164417
1298684703390797824
1298685897223921664
1298686780842090502
1298688875469185024
1298690171974688769
1298690959245488130
1298693026102091779
1298695121689620480
1298697247690022913
1298697975854706691
1298699342912643072
1298701460939603968
1298703588059996162
1298705699741081602
1298707814156652544
1298709929885229060
1298712070767034370
1298714209446846466
1298716283291090945
1298718361019269121
1298720453628895234
1298722533428977664
1298724602961510403
1298726686951907328
1298728144086675456
1298734612055756802
1298736093936914432
1298737551726047236
1298739011847155714
1298740677854072834
