1316625615861161984
1316629265853472770
1316633291693330433
1316637453080354816
1316645001183420418
1316656525654528001
1316656637403443200
1316657057643331584
1316661770182852608
1316667282991599616
1316670372117446656
1316674048902995968
1316677846388150272
1316679343578386434
1316683120444280832
1316684007929794561
1316685555187568641
1316685559578931200
1316687522483765248
1316689021628682241
1316691687188631553
1316700346543005698
1316704820380790784
1316705645828042753
1316707584200634368
1316708301787328514
1316710452878082050
1316711126042914818
1316718352543277058
1316724280038617088
1316725998608580610
1316726288804057088
1316727699092787202
1316742687375200256
1316743020528754688
1316748052653277186
1316754337104719874
1316769570284212224
1316777117024022528
1316778361906253824
1316784790566100993
1316784795993608192
1316800015696687105
1316807564143673344
1316810965648695297
1316819270911758336
1316830466939383808
1316841917015973888
1316925213557379072
1316933267564748801
1316937175011819521
1316948242601566208
1316994298710126592
1316994307144904706
1317024569635573761
1317037293136449536
1317040084634554368
1317040223038054400
1317043095217766400
1317046124386029569
1317047787469635584
1317048777895669762
1317049172814663682
1317051546744483840
1317056070909677569
1317059094901977088
1317059653608624129
1317070551270109187
1317080570749386755
1317082874223448066
1317084931135340544
1317090178826072065
1317093065480425474
1317094027179794432
1317097983100346370
1317098608865411072
1317121873956798468
1317136412353859586
1317136418020339712
1317143902239870976
1317143907621195778
1317144774495723520
1317147934157197312
1317151706954702848
1317153716613476352
1317167198184513536
1317170965390921728
1317189851528114176
1317189862919872512
1317228588676960256
1317297297626025985
1317324472827850752
1317332273440509953
1317336174273253378
1317362720983805954
1317362720983805954
1317364357458620416
1317374791821578247
1317397075403833344
1317404372762992640
1317427015184572419
1317454085423984640
1317454082735448067
1317462008124510210
1317484785275604992
1317496357985210369
1317500004903178243
1317507552813273088
1317511461225181184
1317526559222239233
1317560906201530368
1317693526570774529
1317697429093847041
1317704977670758400
1317746510621155328
1317765636043415552
1317776955530358784
1317780725668536320
1317780731959996417
1317799856396664832
1317826910072709120
1317834586001342466
1317850311390760960
1317868805511507969
1317892217072013313
1317903795041398784
1317930467887230976
1317938136136130560
1317942168598638593
1318068627694780417
1318083978050502656
1318088332283359232
1318095180356972547
1318114049930899456
1318114428202577920
1318114543126630400
1318115017967980544
1318121842390016001
1318125989830905856
1318127569250766855
1318129233760309249
1318129643418013696
1318130936282828800
1318140377732386816
1318142989542121472
1318144426993213440
1318151302539628545
1318163846742364160
1318166526994821120
1318166647371231232
1318167006399635463
1318176735528144896
1318179570198192132
1318181453356847112
1318182504294191106
1318189427282247687
1318205286922944512
1318216350968414211
1318216355452080134
1318220251817889793
1318227801686732806
1318227913741926400
1318239373209399297
1318241111987597312
1318243013483638784
1318250579580211200
1318280760843853825
1318304431234973696
1318308330989789184
1318430131786928128
1318434283715915776
1318434291404034048
1318438184280190976
1318461111012904960
1318462829461184513
1318468383294156800
1318468569571774464
1318469755158908928
1318487387886899201
1318496230977212417
1318502086817026048
1318504042524532738
1318522353207275522
1318527858604675072
1318528783822053377
1318529035098492931
1318532938825310210
1318532945926213632
1318536754509611008
1318538466116816896
1318544269120999425
1318544392865677315
1318550943575822344
1318552074808926208
1318553539380170753
1318554054839144449
1318554666578419727
1318555485440794624
1318558276934664203
1318563386230071296
1318566529101778949
1318570811129688064
1318570816460632064
1318590339842678785
1318600753397682176
1318604402890977281
1318604402026967041
1318607680273960960
1318608555642028033
1318611070806749189
1318616245571256320
1318616251195740170
1318642782311911424
1318666191745921024
1318668954303307776
1318674115952144384
1318698146860445696
1318704062397706240
1318740842853650434
1318744795972571138
1318745848247844866
1318752078303473664
1318787873605177347
1318791637347135488
1318795540570591233
1318798939735289856
1318811256200040450
1318814416540901376
1318821089288450049
1318824978712854528
1318828272105476096
1318828415336779776
1318829765416034304
1318830659515916290
1318837190319747073
1318842234586976257
1318842316816322560
1318842355462623236
1318842724104073216
1318846992672460803
1318851426458763264
1318852798436446209
1318852803444396032
1318853637297348608
1318859573990744065
1318864606857777153
1318864833069146113
1318870560726798336
1318876075066380289
1318877190658826242
1318882356539904000
1318885756140613633
1318889181490401282
1318898597497327623
1318899839384604678
1318900529460891650
1318908844374937600
1318909578277421056
1318909759194615808
1318913089530679298
1318914206247178243
1318914705231024128
1318914944574885890
1318922491855777792
1318930042710233090
1318930097081122818
1318932654771884042
1318933790899752960
1318933813922127872
1318938336967393280
1318941126926106624
1318950552911360002
1318957858667470849
1318961740709793793
1318967527226134529
1318968424194768896
1318971322743934976
1318973150235889665
1318973931009826816
1318976686634029058
1318979858031104001
1318984007086899202
1318988168105021442
1318994352413134848
1319009701388926976
1319019638722686976
1319019637523148801
