1316502372315787265
1316508201496580098
1316512783282905089
1316514120267714567
1316584583241109511
1316585841653932039
1316588268570451968
1316589489784008704
1316590860532842496
1316594896346767361
1316597536946368512
1316598984182583296
1316600048944381953
1316600294990581760
1316601743883501568
1316602518835732480
1316603856386764801
1316604931286106113
1316604933853118464
1316606056458575872
1316606653047943174
1316607578735095808
1316609983597944833
1316610953442664451
1316611930849763330
1316614505435201536
1316616162881527808
1316616649320136706
1316617078334464000
1316619245690785795
1316619583764271105
1316620244841115648
1316621930745810945
1316622099734319105
1316622539423191040
1316623354204508160
1316624005718310912
1316626223603372032
1316628108519366656
1316629360162598913
1316631304239304704
1316633156238401536
1316640653745553408
1316641358799613954
1316645415492648961
1316646239367098368
1316651272800538625
1316654740755935232
1316655042624212992
1316655047535742978
1316656054126604288
1316656459489447938
1316657123867136000
1316657662185164801
1316658973530116096
1316660126238085125
1316660717639086083
1316660717639086083
1316661795592048640
1316662345914085376
1316663075563503617
1316664317253758976
1316664368722042880
1316664802824069127
1316665365884100608
1316666615593918464
1316667630414163968
1316667896601489408
1316671297775185920
1316671318591524864
1316676915361656838
1316679316999208960
1316680409913196545
1316681595923959808
1316681612755701760
1316683095903539200
1316683836244348928
1316685078118961152
1316685378980663301
1316685739267108866
1316686039109570561
1316689499448115200
1316690735463309312
1316693263621988352
1316696489360584704
1316697154170294272
1316697389177221126
1316698320392331264
1316699087689994242
1316699228689756169
1316700792930349057
1316701397161836547
1316702339370233857
1316705025129930752
1316705049276493825
1316705411211440130
1316705722009300993
1316705734680367104
1316705776333926401
1316709217026428928
1316710242806358017
1316712107078037504
1316712678233169921
1316712695064858625
1316713382003777536
1316713784573153282
1316714087234101251
1316715357235818496
1316716282058858496
1316716884415451143
1316717523417673729
1316718329038606337
1316718647373692929
1316718949262917633
1316719413433962498
1316719778606833667
1316720129665904640
1316721737644425216
1316721963935633413
1316722204307054592
1316722565847678983
1316723036788330496
1316723165054332928
1316724531059396608
1316724911331737601
1316724974036680704
1316724989517869058
1316725463155380224
1316726141886050307
1316728113401868291
1316728274341572609
1316728841780559872
1316730905701027840
1316732520722038785
1316732745201184773
1316732962684243968
1316735705234669570
1316736127349522438
1316736764770422785
1316739455471026178
1316739856291299329
1316743821603020802
1316744486270259202
1316745235515482113
1316746961165455360
1316747864253640705
1316749259874750466
1316749468121927680
1316751095906041857
1316752934684721153
1316753821142593538
1316759027079094272
1316760115568091136
1316761439609196544
1316763775777869824
1316763864172843014
1316764990884413441
1316766243114885123
1316767557744025601
1316768319551213568
1316768427000958978
1316769731156865026
1316771678618296320
1316771758540816386
1316772557207539717
1316775189796073472
1316776421906436099
1316781024945360896
1316783495675547649
1316786135625076739
1316787304682455042
1316788115663663106
1316790060143063040
1316790747992072194
1316791433077166083
1316792167105474561
1316795694292795400
1316796262499442691
1316796777987743744
1316797924911861766
1316798573133131776
1316799168208343040
1316800395545636870
1316800504039649287
1316804849368006660
1316807341514403840
1316809835552346113
1316812334531305472
1316814858965463040
1316816494794342405
1316818718811475968
1316819197620563968
1316820983450402817
1316825196398080000
1316826677373276160
1316836629139591180
1316840704249921536
1316842348408647692
1316844536681893895
1316848627088797701
1316965714922700800
1316969032256454657
1316970786918436870
1316970987074748416
1316972739882848257
1316973232701014016
1316978624759762944
1316982787048693761
1316986451909771265
1316986733494333440
1316987280444317696
1316988333017485313
1316993176163463169
1316999241781358592
1317008877527928832
1317008974475108352
1317008985552281600
1317009216348016640
1317010283567656960
1317010703178469377
1317011126320857094
1317011144842924033
1317011982118256641
1317012436029968384
1317013808393670656
1317015020581146624
1317015042991247361
1317015822448185344
1317016897595072512
1317017418875719680
1317017435304792075
1317017476740358146
1317017727765254144
1317020049492901889
1317021030704123905
1317021510624858112
1317021587326013440
1317022007402336256
1317023007030808577
1317023726815371272
1317025268947705856
1317025690169069568
1317029191808913410
1317030018430754818
1317031326596452352
1317033697300914178
1317034262890151936
1317039519342956544
1317039973250498561
1317042680405348352
1317042994118348800
1317044329366671360
1317044621118242817
1317044643683590144
1317044682543800321
1317046010082885632
1317046376287666178
1317046376287666178
1317047208374685698
1317047752606568448
1317049114849312768
1317050122480603137
1317050222191792128
1317051326539403265
1317052667504422915
1317053809999417345
1317054945837879296
1317058959648448512
1317059568074170368
1317061253802622976
1317063865981685760
1317064128960339968
1317065272604360710
1317065370990202882
1317066036559097856
1317066452793348096
1317068214745038850
1317069788364111872
1317072572782084097
1317080352616218632
1317082295602499585
1317082501622489089
1317085060961652738
1317091955977965568
1317092771866566656
1317093028851568641
1317093126679547904
1317093418871521280
1317095678326329344
1317098680655237121
1317101983547916291
1317105138834747398
1317108590046564353
1317110988496379904
1317111045362769920
1317111064622993411
1317111106880606209
1317111121002827779
1317111130599395328
1317111912774193152
1317112683204874240
1317113416969080833
1317113757995356160
1317114418929541121
1317115716089352193
1317116002593873920
1317116326880706560
1317116639641538568
1317117381257383939
1317118469301829632
1317119294912778243
1317120386207723523
1317121755211796489
1317122895341101058
1317124188784775168
1317125301441318914
1317125318675697666
1317128836279140352
1317132649304043520
1317133106097381378
1317133469097623552
1317135375538769920
1317137219610677248
1317138699398893569
1317140138502311937
1317140789424803840
1317141289733967872
1317141610170376193
1317142682733522944
1317143788100386817
1317144444865531906
1317144669676048386
1317146209094651904
1317147042054111233
1317149073263218689
1317149744175730691
1317150094823772161
1317151402641285120
1317151796561838083
1317152072563740672
1317152598215086081
1317154491720994822
1317154731492507649
1317155372403249153
1317158296923607041
1317158585525207040
1317159143791316993
1317161216025001984
1317163404629401600
1317163506144247811
1317164307239620611
1317167139615350784
1317168676932669443
1317169004893569031
1317170676848001031
1317170694736793600
1317171134379495425
1317171352529522688
1317174033830510594
1317174288655523846
1317175800844746752
1317175858835169280
1317177741381455873
1317178497698271233
1317178671615148033
1317180287210688514
1317180575158067203
1317182964086808581
1317183230160809985
1317185210866421760
1317185643873783808
1317186429957644290
1317187897070682114
1317188075097829377
1317191602230775809
1317191891889389569
1317193547175596033
1317194265550835720
1317195266102071299
1317197044772208642
1317198810284740609
1317203692899225604
1317204698609389568
1317206766342594561
1317208516449456128
1317210052030308353
1317211547454836738
1317212304329592832
1317212837673115648
1317213540198027265
1317214822455480320
1317216876041281537
1317217275485822977
1317217288215474177
1317217327142895616
1317219790747013122
1317220843190190080
1317221459878727683
1317222319736094722
1317225133111537664
1317228842105425920
1317232729302405122
1317243898943635456
1317331181277487105
1317332571970220032
1317333017875152897
1317334191063924736
1317335323706380288
1317340373119864833
1317342271470174208
1317345676381048832
1317347300646203392
1317352574870298624
1317353956981563392
1317354370816770048
1317355537122627584
1317357928853229568
1317358951827165184
1317360033106169857
1317362960256389122
1317365721756803072
1317367386060763136
1317368602841014274
1317371042478907392
1317372446266281984
1317373369927520256
1317373531697524736
1317373566283927554
1317376809009336320
1317377614391160832
1317377688538152960
1317379164446523392
1317380961982681088
1317381575399624704
1317383348491345920
1317386376413937666
1317386771995496449
1317386789938749441
1317386815725330432
1317388041577811968
1317388359782772737
1317388584924684291
1317388803452133376
1317390041962905600
1317390910238449664
1317395857155772417
1317396649476579328
1317396941932724226
1317398445817270272
1317398570727768064
1317399452429111299
1317400843268902912
1317402322285244417
1317402799995486208
1317402819897577473
1317403730673885184
1317404033179619329
1317404033179619329
1317404753404493824
1317405403890749440
1317405845706125313
1317407226156453888
1317408757337423873
1317409066860355584
1317410839692005381
1317412834804961281
1317413545437396993
1317414145734725632
1317416313787092992
1317416329020923904
1317417137514872833
1317417987780071425
1317418326818246656
1317420338905550848
1317420637946843136
1317424224986931200
1317424602692390913
1317425014493335552
1317430807401738240
1317431331412901889
1317435855636660227
1317437519336775680
1317439027788865536
1317442989690658816
1317443739070140416
1317445881159974912
1317448527547494400
1317450880812306433
1317454062502150144
1317462902790623233
1317462929625710592
1317463687570096133
1317469916853903361
1317473987979522049
1317480281130098692
1317482928331542529
1317483732513804289
1317487950171615234
1317487971189358592
1317495912848068610
1317497529731342338
1317497544470106112
1317498028803149824
1317498497864769536
1317498579670437888
1317500834846998530
1317501807267110918
1317503477015367680
1317506019904409603
1317507528889192449
1317509230308544513
1317512128073531394
1317515083241619456
1317515116783505408
1317515215404228618
1317521531573063681
1317528248214048771
1317528895814590465
1317529283905097729
1317530564891758599
1317532073440251904
1317533999401676800
1317535680717869056
1317545738981806087
1317548751624523777
1317549992261963777
1317550335108538368
1317550606844788736
1317550887229935618
1317551951006081033
1317552812797157377
1317554439583092740
1317554469152952328
1317556890801475584
1317557179533099013
1317559056069021697
1317560497647079424
1317562527019094018
1317562920214155272
1317562949876224000
1317563301908414464
1317571471842168834
1317579639980687361
1317594362772115456
1317621136923021312
1317685336215113728
1317692886088093697
1317696157733298176
1317697811555778560
1317697829930926082
1317697845147951107
1317700054862471169
1317702409729302529
1317703030884675585
1317704044698370050
1317705306932203521
1317708488768778241
1317709069923323904
1317710885868154881
1317712993153581056
1317715317108461568
1317716669620432897
1317721574880018432
1317724497781379075
1317728909702606850
1317729119539441664
1317729157195980800
1317729990780346368
1317730556432494593
1317732023012831232
1317735558165254145
1317736971134001153
1317741044302315520
1317743807572725760
1317748251072765957
1317748418119348225
1317748469407322113
1317753218550685696
1317753234233171968
1317755548851318786
1317757952074416128
1317757962971172871
1317759828291444737
1317764905416667136
1317765363568869383
1317765615302725635
1317768801644171264
1317769390272598016
1317771009316048898
1317771348022788096
1317772181745639429
1317772224787513344
1317774674814586886
1317775381324234758
1317775421673512960
1317779269465133068
1317781264267661312
1317783483255681027
1317785681096331264
1317787308754599941
1317787939615768578
1317788506673000448
1317793549241507840
1317794206136602624
1317795310899515398
1317797072452476929
1317797543024132098
1317799015002611714
1317799667435012098
1317800344278032384
1317801328823984136
1317802904452026368
1317803687553662976
1317804732254244864
1317805353564852226
1317808411711467520
1317811417081286658
1317812995645444096
1317813158514429952
1317813196208656391
1317813216127451136
1317813256895987712
1317816450313117697
1317821557025218561
1317823218921754626
1317825300433195009
1317828367165607938
1317828806485430272
1317829498776244224
1317832053908525056
1317832107809529856
1317832739186409473
1317833648079589376
1317836672395055104
1317840793063903232
1317844005611315202
1317844068404166656
1317848218391240705
1317849077703413760
1317850025037352961
1317850673296408577
1317856067079065601
1317858876025438212
1317859937284927489
1317869319506825217
1317872570146934786
1317875075199238144
1317875088348295178
1317875832220733440
1317879371647098880
1317879869548728320
1317881179480203265
1317881629956804608
1317883828258615301
1317884272062177281
1317886439770775552
1317888395503435776
1317888395503435776
1317889894241456129
1317891892902830081
1317892600628740096
1317892661106323456
1317893699293110279
1317896888415326214
1317897883727921152
1317899980921856002
1317901306615468032
1317902871434756096
1317904741343612930
1317905515935158272
1317909658229669889
1317912037578674178
1317914452071768064
1317914462913966081
1317914548012187651
1317914569642250240
1317914653406732288
1317916665997307908
1317916686943686663
1317922514979459074
1317923939943878656
1317929622605103104
1317932242904166400
1317936003529715713
1317943904365383680
1317944796099584007
1317946936541011972
1317952004107440128
1318046635440676864
1318050594960084992
1318054928103985154
1318057268462653440
1318058103947001857
1318058261384470528
1318060964873383936
1318061468403761152
1318064466668511232
1318065531392610304
1318065616633401344
1318068628357603328
1318069989170139138
1318073270550335489
1318074517521158144
1318079410755559424
1318079943121752066
1318082020287877120
1318083872182198273
1318086751399890944
1318087255643357186
1318087636658147328
1318091458390478848
1318092630295707650
1318094314765979648
1318094690781192192
1318095354668195841
1318096542084009984
1318098485015662593
1318100111327637504
1318102082369449984
1318102260971413511
1318104229706371073
1318108373947015168
1318108399930847232
1318108505820332035
1318109127881723904
1318109204314468354
1318109238070226945
1318109369813401600
1318110055200362496
1318110577558999041
1318112688082505733
1318112913597542402
1318113406818332673
1318114974200463361
1318116350737473541
1318118440142594050
1318122090092990464
1318125203495505921
1318129081498697731
1318133539888455680
1318135709501394944
1318135922618212353
1318137315491868672
1318140573388242944
1318142583911157760
1318142589896359936
1318143090436308993
1318143539172249602
1318143605932912642
1318143905926422535
1318144467296260099
1318144546291765250
1318147380873551875
1318149355422011394
1318149399915253760
1318150191753678848
1318150478824427531
1318150774359281665
1318151155843801095
1318151373150654464
1318152793484570624
1318153288446054400
1318157447157194752
1318158630127046656
1318158962412425221
1318159063037976576
1318160104236195841
1318160290647662593
1318161825591066624
1318162293226639360
1318162889417592832
1318166342902681600
1318166748873543680
1318166756066791424
1318167624778481669
1318168547948900352
1318170852802912256
1318172689350168584
1318173397944274944
1318173632296898564
1318174147655159810
1318180660109070341
1318184613597073409
1318185880948006913
1318187696381198336
1318188190931574788
1318189398761050113
1318190222014894085
1318194859061219333
1318195789844414464
1318195985395441666
1318196754324619266
1318199431259443203
1318200564572971010
1318201401869217797
1318201854816374790
1318204993523109888
1318206525534556161
1318206595323580419
1318210899191222277
1318211588801908737
1318211760277565443
1318213740106567680
1318215457288167426
1318217209265741825
1318220129122004994
1318221749943762947
1318224247161016322
1318226746815238144
1318227442557964289
1318228283826339840
1318229227674750978
1318231952051310592
1318231971261272064
1318232962664726529
1318233904961277952
1318237054946496516
1318240086706835464
1318242624407568385
1318243598387863554
1318244933468360705
1318245802058407942
1318246653581795338
1318247244278206465
1318250666347855872
1318253111505539072
1318254830800994309
1318257305083936768
1318258887791943683
1318259716728946688
1318264396058140673
1318266942269128704
1318267597834670080
1318269863283068928
1318270595444989952
1318271836057178118
1318274662623838216
1318276069049421824
1318277912940957700
1318279132308975620
1318280510314057739
1318284508735639559
1318285771724541952
1318287184315691008
1318287220055412737
1318288601608761349
1318291172561981440
1318296481170935814
1318299200141086720
1318299262569058305
1318299323726266368
1318299382161281024
1318299438260097025
1318302933780410370
1318305363213619206
1318306698373795841
1318307990370385924
1318307990370385924
1318318004447416324
1318403483897389056
1318404937819316224
1318407990358278150
1318408868171517952
1318409543504846848
1318410150928146434
1318410422081540102
1318411409852669952
1318411983448920064
1318412517757026304
1318413109212696576
1318413580849582080
1318413774483787776
1318413819719409666
1318413825343967232
1318414825505042432
1318415002030772224
1318416295243747329
1318416733015822336
1318417975641243654
1318420162735898630
1318420561610104833
1318424452892413953
1318424600070492161
1318428223072620544
1318429239524380673
1318430171779784705
1318430290210160640
1318433913862225921
1318434572976128000
1318436788906708992
1318437909154926596
1318438046283476992
1318439110223200256
1318445232879534080
1318447064272044033
1318447415662358528
1318448730530582529
1318452375791828992
1318452435715837952
1318452894333624320
1318453145609986048
1318453823074172929
1318456488235585536
1318457590309916674
1318458009857699840
1318458178623934464
1318458954419261440
1318462006421237760
1318463212665204736
1318467526976802816
1318467803691864064
1318468219926085634
1318469000100282368
1318469641740713984
1318470761825341440
1318470909569748992
1318472020066070529
1318473256052162561
1318474328380477441
1318474363088347136
1318475696612794374
1318476329927532550
1318477443083141122
1318478311836712961
1318479066513645568
1318479569737961478
1318480073071079424
1318480803152744449
1318482412775612417
1318484173930270720
1318484833715294208
1318485707086843905
1318485756529250304
1318486460186697728
1318486659873312768
1318488377738625027
1318489172869582850
1318489333435932679
1318490408926744579
1318491277642682370
1318491949846974470
1318494669211340801
1318494934077419521
1318494998183186432
1318495913111920641
1318496430885990400
1318497102100652033
1318497172065783809
1318497425246572547
1318497872980172802
1318498192397201408
1318498822251839491
1318499775600300032
1318500253000138753
1318500783932006402
1318501491821465600
1318501528408363009
1318505263289257985
1318508510821449728
1318509550698401793
1318511027378675716
1318511276339863554
1318511530221084673
1318512578797182977
1318513543797497858
1318514533221212160
1318516712061493249
1318516871730221057
1318517213511507969
1318517318419439616
1318517362174414848
1318518159993864192
1318519528909869057
1318519570437726209
1318519835014344705
1318521408075476992
1318522413697716225
1318522777817784321
1318522789285023744
1318523610353471488
1318525371525025792
1318526795227013122
1318527385138917380
1318527442223509504
1318527821392846849
1318527963953090566
1318531159937175553
1318532325928480768
1318534934764482560
1318536748796960768
1318538709969481734
1318539503074672642
1318541108767608832
1318541253970219008
1318541272630595584
1318542508444557312
1318543043566370816
1318543142250053632
1318543380914315264
1318544063734386690
1318544229468176390
1318544679378583554
1318544892197568524
1318545633989591041
1318545738637447172
1318546276137521154
1318546694326394880
1318546743433285633
1318547267750629376
1318547729023459337
1318548760952250369
1318548908570796035
1318549365447921667
1318549900729212935
1318550624452202499
1318551189902983169
1318551932731117569
1318551993317806080
1318555613329301504
1318558921502740480
1318558957267542020
1318559401276559362
1318559983836037123
1318560684012163072
1318561496528490497
1318562032392744961
1318562850915426304
1318563460352008193
1318564381223997441
1318565707148386310
1318569331500998657
1318569525332291590
1318569635462193153
1318569688171974658
1318571425696014338
1318572497273487370
1318575005953904641
1318575744612794368
1318576888600793088
1318578684136214529
1318578747734429696
1318578974730145795
1318579099112267777
1318579532383817737
1318580283369717761
1318581032694829062
1318581411390029825
1318582750941605888
1318582835268157440
1318584423248527360
1318587945348202497
1318588723911626756
1318589471009406978
1318591268872650756
1318591306516541443
1318591734725697538
1318592419491942402
1318592419491942402
1318594074555916289
1318594074128109568
1318594108349423616
1318594158853001224
1318595875313229826
1318596518522269696
1318597700389163008
1318597857557966849
1318598699812007937
1318598817844002817
1318599315514970113
1318599321516953601
1318599353020407808
1318599373530562563
1318602882862714880
1318603637258559489
1318604229808951297
1318606344795136001
1318606601897508880
1318607647046832130
1318609795998515200
1318609857306656769
1318610180339236864
1318610677666402305
1318611037684379648
1318611223575920643
1318611332300668944
1318611843775188993
1318611865837162497
1318612302216777732
1318612956955910144
1318613260820688901
1318616723793170432
1318617730354917377
1318619534056693763
1318620498197016576
1318620591960842246
1318623789232566275
1318623986847285251
1318624978577821697
1318628527336554497
1318629159481053187
1318629462540472325
1318629691473989638
1318631807366082562
1318633697084669954
1318634777537318913
1318639884635152384
1318641660121808897
1318641870759743489
1318642532994134025
1318642996351479809
1318644197721853956
1318645179805564928
1318646044331311106
1318647941960290311
1318647991134289926
1318649187303567362
1318649297026560003
1318651704003514369
1318651866226577409
1318651881590263809
1318652993743577092
1318655161993203715
1318656108391731202
1318656665533714437
1318657153389989889
1318657256133742598
1318657559356637185
1318658253497257984
1318661948926472197
1318663531772874753
1318665454450335745
1318668499233968128
1318671284985843712
1318671836616531970
1318672246668464130
1318677064422141964
1318767654111531009
1318767682259460096
1318768322813505536
1318770498424262659
1318770604133306368
1318771042521853952
1318771843961098242
1318772645450612736
1318772708998565889
1318773162226700288
1318773706970353664
1318773760653107202
1318776393023574021
1318778103515258882
1318778700729622529
1318780590804656128
1318782550962282498
1318783021697421312
1318783675136430081
1318784063570927622
1318784568862932997
1318786500788654080
1318786682553073664
1318788683915530241
1318790185887424512
1318790226052026368
1318791014321192960
1318791308148940801
1318791626878308353
1318792888508162059
1318794174196580352
1318794198536114176
1318794415520055296
1318795083098054656
1318796417771671553
1318798018049495041
1318799064167817221
1318799232476844033
1318799668202143746
1318799911123587075
1318800295594524672
1318800635509186560
1318800690161111045
1318801846652276736
1318802711261958144
1318804891440119808
1318805170701193216
1318806719112294401
1318807351055495168
1318807464515653633
1318810935738437636
1318812287038296065
1318813586203049987
1318816401205899265
1318819661992103936
1318820566577577984
1318820605563645952
1318821202400608257
1318821362191007744
1318821687081816064
1318822136207859717
1318822285114023937
1318822844466343936
1318823924877217793
1318824343082831873
1318827700241551360
1318827727940616192
1318828623399428096
1318829656695578624
1318830376320667648
1318830450031341572
1318830496047091713
1318830510983028742
1318830552720474119
1318830645234311168
1318830713282625538
1318830830400176128
1318830866219532288
1318830907760005125
1318831900069404675
1318837356812697603
1318839444217204736
1318841352893988865
1318844882547605504
1318850499223998465
1318852865474088961
1318853388768059392
1318853392643620865
1318853473350410241
1318853499862589440
1318853528413229056
1318854543413686273
1318855123112759302
1318858655329095680
1318858983705366529
1318860400897773569
1318861078068121600
1318861083478683649
1318862070717272065
1318862643013296128
1318862768309751808
1318862845174493184
1318863066298200066
1318863156194824199
1318863601764077568
1318863951187349504
1318864020733034498
1318864283007127553
1318864537895030784
1318865567802183680
1318870098271211523
1318876786252500992
1318877518762594304
1318877913018662914
1318878702592196608
1318878835832741888
1318878871639461894
1318879245440065538
1318879639243313153
1318879683702829058
1318879789814566918
1318879789814566918
1318880271131922438
1318880429433290752
1318880603576651776
1318882363703689216
1318882387590320133
1318882978135683073
1318883362816360448
1318884239241338881
1318884977845690368
1318888106788048897
1318888684192780288
1318889591139696647
1318893188543844353
1318894610878500865
1318895674092589057
1318896732365852674
1318896791912329216
1318901768387022848
1318903226935160834
1318903413418184704
1318906737928425475
1318906908405846021
1318909097237008390
1318909634133041154
1318909822788665345
1318910576995827717
1318911991214428160
1318913374454009859
1318914570791145472
1318915211949187079
1318916459494518784
1318918093234708481
1318918478972276742
1318918959064907776
1318919797946593282
1318921630454845440
1318922038669705216
1318923399318675456
1318924732713046018
1318925592037888002
1318926266817544193
1318926635480088580
1318928550028890115
1318932092332462082
1318932154873712645
1318932768093622275
1318933085250093056
1318933870633504774
1318933901230964736
1318934446054277126
1318937950974074883
1318938084659126272
1318940178828898304
1318940281560072192
1318940845207396358
1318941652589924355
1318942438011056128
1318943351157231616
1318943544338452483
1318943608884596742
1318944536836669441
1318945920537460736
1318946375854444548
1318946789597339649
1318946809889411072
1318947374761390080
1318948320857960448
1318951176503726083
1318952183904178176
1318952188677443584
1318953088020062210
1318954868120453127
1318957024726667266
1318957204691685376
1318958223735451648
1318958822870876163
1318959213297733640
1318959985322119168
1318961244049727488
1318962906927665153
1318964264296763396
1318964766900162564
1318965022576545803
1318965451150544898
1318966775111929856
1318967642317852672
1318970229284868098
1318970809797541893
1318970884581883905
1318971909242081281
1318972153409249280
1318972562735570945
1318973754744209408
1318973896121552896
1318974605554573312
1318974745329676290
1318975501998956544
1318976858529144835
1318977396209602560
1318977749302841344
1318978608275156992
1318981879417032705
1318982344179650560
1318985677720211456
1318986661045227521
1318988055353675777
1318988085334626311
1318989334629044224
1318990184310992897
1318990184231231488
1318990786512474112
1318991063206473729
1318992349826060290
1318992364388712452
1318993179903991808
1318994207659511810
1318994704298627073
1318995269875388420
1318996505760587778
1318996719967834118
1318997230766891008
1318998741085343746
1319000976410411014
1319002706007236612
1319004023484284930
1319007292944240640
1319009584145666048
1319010758840193029
1319011059953471491
1319011078270033921
1319012037507284992
1319014304927154180
1319014594975707136
1319015853359181824
1319016083530092544
1319017258736406529
1319020163040186368
1319021452004368389
1319021895371624450
1319027095012593671
1319027964458225666
1319029768617185287
1319031386511200259
1319034491969613833
