1341883550673620992
1341884983925997570
1341896581994393606
1341909310973091845
1341951322803855360
1341964195231903745
1341992857910042625
1341995296797163521
1342004256455479297
1342006940927483906
1342011925807427584
1342015834227671040
1342016983093665793
1342018248695541762
1342018256723439616
1342021914051698688
1342021914051698688
1342024134394585088
1342025250234621953
1342026334659346435
1342028906342264832
1342035354459758592
1342036461890232321
1342037882463285250
1342037892491845632
1342039310447628289
1342040684405153793
1342040700964261889
1342044316798246912
1342048271838171136
1342049349010911233
1342050632702824449
1342050637299798017
1342056938809524224
1342056947592421380
1342059428191870976
1342060667289939969
1342061998163578880
1342065488445247489
1342066839829016578
1342066844455366657
1342070323764748288
1342076727271575554
1342076732908699650
1342079296987398144
1342082862582034436
1342087816315097088
1342089099231064065
1342092930325090304
1342102444625571841
1342102448694034434
1342105064383590402
1342110191769288704
1342117435860791297
1342117440428400642
1342121200491884549
1342121205256638471
1342123723533512705
1342125040788242436
1342127371311341572
1342127375706968064
1342129815567147008
1342131181148643331
1342138582446845954
1342138587404509190
1342139748878581769
1342143521436938241
1342148015495270402
1342150537526050817
1342159173493121025
1342159178006220803
1342161879372865537
1342176921715666945
1342176926086148098
1342178017183993856
1342178021793554435
1342181670166941699
1342222577373224966
1342228499319443464
1342253739080622080
1342256425884655619
1342262854972559365
1342284941409792005
1342284945599983616
1342322778238812160
1342364371482247170
1342372891485229056
1342372904550318081
1342375447158525953
1342381950607253504
1342390560699658241
1342395264812900352
1342396589550280704
1342400147066658816
1342402631726227457
1342402636428013569
1342403718776549376
1342403723126038532
1342405035507015681
1342406424413003776
1342407799075188741
1342410120295297026
1342411506282090496
1342412575041073152
1342415171369771008
1342416461520896000
1342417802125316096
1342418992091299840
1342418997778804736
1342421639015886848
1342421642866286592
1342424263064694784
1342426550512328705
1342427990622400514
1342429118013599749
1342429123029983234
1342433960949936128
1342433966419226624
1342436195196940288
1342439510399979520
1342439514787217408
1342439520055283712
1342441968190836738
1342443157611540480
1342445664496742401
1342448377695494144
1342449493518782466
1342449498992357376
1342449502716882944
1342449932272357376
1342450831992434690
1342452140380446720
1342452144939667457
1342461000969314306
1342462443608485889
1342465020492447744
1342465025219375107
1342465030114185218
1342465033633230851
1342465038506991616
1342471242486579209
1342478237788680197
1342478242901602304
1342478246856847361
1342484082861764608
1342489083000614913
1342491529873674244
1342495479234441216
1342498029987880965
1342501862411554816
1342506795886112773
1342509410598465536
1342509419272220672
1342512160031854593
1342523310203166721
1342524499745505280
1342538739306946562
1342542767436820485
1342544148507877380
1342544158133809153
1342544165360590849
1342545280021966850
1342550128045993986
1342627524526804993
1342649800957845504
1342724330753552384
1342735434305122304
1342747157040918528
1342747162065702913
1342748413536960512
1342753181969895424
1342754427392978945
1342756785514536960
1342756789524291584
1342759427439534080
1342759431935844354
1342760609025306624
1342761705215062016
1342764031782879233
1342764036572782593
1342765342947483648
1342768188694659072
1342773031240945664
1342774380020035584
1342775585114906625
1342776768705519616
1342779392074854402
1342780735481139202
1342783414555045890
1342783423073628162
1342786739677650950
1342789224802742272
1342790634680307712
1342790638870396928
1342790642636906496
1342792057690185729
1342793132732256258
1342793137471827968
1342797935248080897
1342799024152334337
1342800256438775809
1342801585529880576
1342801591183749121
1342802784060661760
1342809332623278080
1342809337132179456
1342814388865085441
1342819150813667328
1342820466524901378
1342824395698565121
1342825795606237184
1342825800429690880
1342831041954902016
1342832361357107206
1342832365605949443
1342833686534881282
1342833686534881282
1342833690926317568
1342838962419859457
1342846489094221824
1342855429353824262
1342856569566814216
1342857938277425157
1342866638794858499
1342866644641705984
1342866647376392193
1342867869927952389
1342869237002547200
1342871728469520385
1342873968974430216
1342885495894896641
1342887897880473600
1342906261541695488
1342908771979423745
1342915123044823041
1342936809538514951
1342937948338184193
1342953561651601409
1342953570086301697
1342953569390096384
1342953574238736384
1342954725327708161
1342954729551376391
1342954737751252992
1342954742503395330
1342954746609623040
1342954752167047169
1342954755296022528
1342954758831800335
1342954766876422156
1342954764762537989
1342954770961735680
1342954775780982785
1342954780344414210
1342954783896952832
1342954788602871809
1342956050539048973
1342956055836430337
1342966043170500614
1342969749903470593
1342969754500427776
1342971118454509568
1342977884391174145
1342999597350871041
1343079626344718336
1343086175645528064
1343087612265975811
1343087617227812867
1343091493247078402
1343095879440457728
1343100945425686528
1343102156749086721
1343105901373366273
1343105906435878914
1343105910474993664
1343107303281745920
1343107308470022150
1343108523371220992
1343108528198848512
1343111183256137730
1343117969107394560
1343120445688729600
1343121621909970944
1343125307172265984
1343127792179884034
1343130268840960000
1343130273236578305
1343131576176148480
1343132836631617536
1343137647406018560
1343137655043842049
1343139105115353090
1343140452359397377
1343141827264860160
1343141832109252609
1343144608100982785
1343144612353994753
1343145723651649537
1343145732455456768
1343149662396690432
1343150856569499654
1343154553928241158
1343159081691983872
1343161352458825732
1343166529647607809
1343169212139905024
1343171502942859264
1343172801541365760
1343176470294888449
1343177851311452161
1343177857946816514
1343181620640153600
1343181626868690944
1343191946563641346
1343194501360324610
1343195779142397959
1343198242226528256
1343198246517305344
1343198251554660352
1343202205478879234
1343202209958424576
1343203652283080704
1343207487332364292
1343211117896720385
1343213767086264321
1343215047372402688
1343219940921397251
1343224849729249281
1343226002533740544
1343227338641825792
1343227343805014017
1343227346959163392
1343233605343072258
1343234787847385092
1343238645503963136
1343238650524540933
1343239992043298816
1343241205249961984
1343243769710186497
1343244875895107584
1343244880777269249
1343245972214870016
1343247351595593728
1343247355773132800
1343249704159739905
1343250985569890306
1343250991244828672
1343250994466058244
1343254868040036355
1343256230203170819
1343257370537979904
1343257374988107776
1343258790205009923
1343258794114097153
1343258799516299269
1343260210668990465
1343264036021039105
1343264041356156933
1343269136210735107
1343272046978072576
1343272051742822401
1343276621680275462
1343276628273725441
1343277993817477122
1343280665593335811
1343287939007209473
1343291582754279425
1343295367299936256
1343296836187119619
1343298222421405699
1343299411452030977
1343302087925526529
1343302095563345921
1343303088090861568
1343304748884226055
1343305270374649857
1343305413215858688
1343306917670760448
1343307535093288962
1343308029215862785
1343308107175354375
1343308789609619461
1343308856013819904
1343310202020491267
1343310748387340288
1343314015968243715
1343314020061868032
1343314022515568642
1343315218718449665
1343318980757483522
1343318985471877123
1343318989318053888
1343318993541734401
1343318998205816832
1343319002341400576
1343319006804135937
1343319019445694465
1343320248729161738
1343329335894298626
1343353215610462209
1343354432885547009
1343361863862669313
1343380896267857920
1343430849946120192
1343437034195714049
1343442795512672257
1343445655646330881
1343446742944120834
1343449158548672512
1343450106293575680
1343450201265238018
1343451523389513733
1343451527718055936
1343452875989647362
1343454255731113985
1343454260416098305
1343454260416098305
1343455620247281664
1343456989821755392
1343457857698725888
1343457862492844034
1343457866229952512
1343462769329401856
1343466494311718912
1343466502771650560
1343467729882382339
1343467961735114753
1343467965451264000
1343470503101689856
1343471616236412928
1343472783519588352
1343473178534883328
1343476810013683713
1343478184327704576
1343479447962472448
1343482037005660160
1343483137783955460
1343483446484725760
1343484696467025921
1343484701122715648
1343484705560264704
1343487126218944512
1343487130488745984
1343488571337043970
1343491265271312384
1343495046931349504
1343495052199342081
1343496402530422784
1343497538796736512
1343498836342407168
1343498840989716482
1343500096000954370
1343500101596160000
1343500104985178113
1343502394378870787
1343502399277826048
1343503708588552193
1343503713063882752
1343503718860337157
1343504897577275393
1343504902090326017
1343507536704630784
1343510126611881986
1343512610520653824
1343512614484275211
1343512618896654337
1343513843021062151
1343513848402370560
1343516424447397888
1343517838989004800
1343519222828310528
1343521926225031168
1343523111581474816
1343525628113526785
1343525632723054593
1343525636825083905
1343526811318317056
1343526815453876224
1343530948382642177
1343532278421532678
1343532283211489280
1343534786472771584
1343534794496487427
1343538623132667905
1343544952115126272
1343544958679011329
1343546119792570369
1343546124385349632
1343549840928747521
1343552312997007360
1343553654251544578
1343554979605467145
1343557706871926784
1343557712299364357
1343561501781741568
1343561506349346821
1343562633501413376
1343563902655877121
1343566456194297857
1343566460497620993
1343566465862139905
1343567823466074112
1343568969505116160
1343570351771545608
1343571807950008323
1343578327353798659
1343581259239448576
1343581268290756611
1343583729105690624
1343583734675755011
1343583737490137091
1343585080887939072
1343586337065209867
1343586341628555269
1343587620899729411
1343588968915488770
1343591376735399971
1343593663960592388
1343595053520973825
1343596428308975619
1343596435615461378
1343599226647941120
1343599231395754001
1343600455813894146
1343600464672264192
1343603080504483841
1343604270982115328
1343604270684319744
1343606990912823302
1343608099572211712
1343608103800086531
1343612886179078149
1343614137138556928
1343616827952427013
1343618224273969153
1343618229411975168
1343619342752219145
1343620584723267584
1343621881916743683
1343621886186545153
1343621890452160514
1343623191776911361
1343624518842118146
1343624523690762242
1343626896593068035
1343626905480814592
1343629279104557056
1343629283454050306
1343630430935916544
1343630437047013376
1343631754024910848
1343634195218919432
1343635307602845698
1343637914572496897
1343640410653151235
1343640414402842628
1343642778794921984
1343646532168515585
1343647692589838338
1343650502580563970
1343651654684602368
1343653015224524801
1343653019070693378
1343655307776577543
1343659459462258690
1343665067183779845
1343671913835622400
1343673138106785797
1343673146356998153
1343673142552748033
1343674654913867778
1343674659108245506
1343679989586264065
1343679993436635136
1343679998100725767
1343680002185953283
1343681386201423872
1343681390546706433
1343682708292194311
1343682712234827786
1343682716273934340
1343682737769738241
1343682742073044992
1343699354591367169
1343709640211759104
1343725867726479364
1343741666239377408
1343778240255684608
1343802786912284673
1343802791790342145
1343802795741339648
1343807977107677184
1343809058218926081
1343812871889805313
1343812876897816576
1343814266156146688
1343814264730091520
1343815328850190336
1343816656884281346
1343816660894035968
1343821963576356864
1343821969268088834
1343823402444992513
1343825964518830080
1343828359814508544
1343829779372531712
1343832279064473601
1343834924604928000
1343834929608720385
1343836182065672194
1343836186012495873
1343836190722682881
1343837451794739200
1343837456987271168
1343838562630987776
1343838567592833027
1343838567592833027
1343838571405451264
1343838575104811011
1343839784742121472
1343841184989519873
1343845100250664961
1343845104746954752
1343846489911681024
1343846494160515073
1343846735832035328
1343847741823328258
1343848870867050497
1343849970470957057
1343849974824660992
1343853756870520843
1343853761060597761
1343855189904785408
1343856344907059203
1343857767463923712
1343859192864641024
1343861391581708289
1343861396530991109
1343862599469969413
1343862604016574466
1343863739930521603
1343865069034209280
1343866346988253185
1343868914514735104
1343871451162677250
1343875046541053957
1343875051498696704
1343876314118414336
1343876318325317632
1343877589451075584
1343877594282864640
1343878996510044162
1343879000855351297
1343879005716545538
1343880360111779842
1343882553854464006
1343882558602424320
1343885058994790400
1343888641035268096
1343889941135290368
1343889956717133824
1343891122108694529
1343892311319703555
1343892315761422336
1343893623277035525
1343893627836260352
1343894855370625024
1343894859535495168
1343896105667452931
1343897346791374849
1343897351639937026
1343904592187240448
1343907117154127874
1343907121054834690
1343909852498841603
1343909857498435584
1343912603731550208
1343913978926428160
1343913984085340160
1343915129826660352
1343917690675720194
1343917692663836672
1343918885867806721
1343922716479541249
1343922725815988225
1343922725153353728
1343925510351581187
1343926621389131776
1343926626673979392
1343927890841366530
1343929019096567809
1343931651160735745
1343936613404073985
1343937681210953728
1343937689838641153
1343938786997252098
1343942539557138433
1343942543843745794
1343943961023545344
1343949769895501830
1343951048822693890
1343952295713779713
1343953421754376197
1343953427102134283
1343954554442960896
1343954558544998408
1343955859739734018
1343957046853562369
1343959580389289987
1343959584315236353
1343960741628567564
1343964806336946179
1343966106621517832
1343967314329399297
1343968451354890241
1343968456320954372
1343969818119172100
1343971219868164096
1343971224897073153
1343971228361568258
1343973777521176576
1343973786203418627
1343973790527717379
1343977771027099648
1343977776265756679
1343981233290752002
1343982334152990720
1343982339567837191
1343983702817304578
1343983707770777602
1343983711814086660
1343988399678611456
1343989737116332035
1343989741075771394
1343992380932947968
1343996156280528896
1343997450709827590
1343998812570972160
1344002551872630791
1344002556608057344
1344003818707673096
1344007680223031299
1344007685696610307
1344010071064391680
1344011468094791681
1344012875946405889
1344012881516494849
1344018465007525895
1344029375994466305
1344029466868256769
1344030664232992769
1344033298079756293
1344035774635847680
1344035777857146881
1344037143484764161
1344038591631130630
1344041196772085763
1344043541039902720
1344043549386485761
1344043546299551744
1344043554084171776
1344043559004078080
1344043566100836352
1344043562724372482
1344043571670888448
1344043579082203142
1344049282811367424
1344056733069701121
1344082201089101825
1344125501959450626
1344146086244601856
1344165113276866561
1344165118192582656
1344174247099457536
1344174251637682181
1344175387442630656
1344175401665507328
1344178083851591681
1344180875244744705
1344182087797116928
1344182093300047873
1344183437352165376
1344184678551613445
1344185931415375873
1344187344501530625
1344189723762429953
1344189729202384896
1344190880060735489
1344190888839360513
1344195854979239936
1344198204510916613
1344199599192465409
1344199603458027522
1344199607715311618
1344199611892826112
1344200730224295936
1344203181715292163
1344204405005029386
1344205724331741184
1344205728890974208
1344209353222594562
1344210617180311552
1344213140557471744
1344214579526643712
1344216006722539526
1344218731875020800
1344218736174247937
1344218740536311810
1344218979779411968
1344219869647167488
1344221073882181632
1344226345308532736
1344227569068085249
1344230133381668864
1344232655454429184
1344234012865421312
1344234012865421312
1344238178912374784
1344238184155275264
1344239258408787968
1344240383010754560
1344244322200387584
1344245598267060224
1344246843908235265
1344248136873762817
1344253602370609152
1344253606577508353
1344254942236831747
1344254938705240064
1344254946296930304
1344256157871988736
1344257413357182977
1344259901292486656
1344261050556952576
1344267546434920448
1344268691609890817
1344268696609558531
1344271213447802887
1344272444333449224
1344273552661499904
1344274930087710726
1344274938484711425
1344276347603083267
1344278886549479424
1344281565375954945
1344281569838690311
1344281574913748994
1344282778108616704
1344284064866578432
1344287851828158464
1344294140075499520
1344294145297416194
1344301034085240842
1344302368175894529
1344303572209561600
1344306027764867072
1344308487594139649
1344308491855548420
1344309898310524928
1344309904115437572
1344309906871087106
1344311279805206530
1344311284477657088
1344315190393843714
1344315194542088192
1344316559175651331
1344317756783656961
1344319008095563777
1344320083208904705
1344320086597890048
1344321339407134723
1344321344633262080
1344321347896418304
1344322766858821632
1344322770935681025
1344324142552805376
1344325237442301952
1344325241082961927
1344325245461815297
1344326683638247426
1344327448792621061
1344329493641621519
1344329497793990657
1344333491283128320
1344336039939362818
1344336045341552646
1344338589874847746
1344338594287259648
1344339904856272898
1344343485252579331
1344343490910683144
1344345763426529280
1344345768333815808
1344345772268146695
1344347060665987072
1344348145908674563
1344350658057670660
1344352022582206472
1344352027657302016
1344353290553851904
1344354649894236169
1344354654327549958
1344354659062996992
1344357335330861064
1344359831822626816
1344361012749864961
1344363787181318152
1344366485863616514
1344366490892562438
1344369060067368961
1344369066090369024
1344370182639276033
1344372844503949312
1344376641036972044
1344377862493786112
1344377865320722435
1344380406653714432
1344381817214918657
1344384544556929024
1344385880467918849
1344387161458696193
1344387169897623552
1344387167959867393
1344388421280804865
1344388429958819846
1344388426385207296
1344389494682902528
1344389499246309376
1344392062314147840
1344393427518152705
1344394847139078145
1344394851207565320
1344396229841727488
1344397591023394817
1344401515080003585
1344403673036812288
1344404947115323392
1344406173651496960
1344406178126823428
1344407247447797761
1344407252292263936
1344408475623960577
1344409566918881280
1344409572795158529
1344409576330964996
1344409581724839940
1344413267872116736
