1341881280120557569
1341889457918681089
1341899024463323137
1341908461261475843
1342014407597944833
1342015875206033408
1342020383680163841
1342024450875805696
1342024854455812099
1342028332997742593
1342028917000048640
1342033261397233666
1342034920877641729
1342038230976372737
1342039080788496386
1342039576873820160
1342041213570928640
1342048446862262273
1342051536101367808
1342051678246346753
1342053909901303808
1342054548202909696
1342057944167301121
1342058180520652800
1342059581040521216
1342061345189982209
1342062984642715648
1342069145798512640
1342072409550155776
1342072543637688321
1342073488429953024
1342076041741950977
1342138347498528769
1342148545055318017
1342164402275975168
1342174338032627712
1342179500142985216
1342234606175600642
1342242661986566144
1342356660061237250
1342378935095463937
1342391770332553218
1342398313635618821
1342425242342313984
1342471797942304771
1342493943083110401
1342533707123441665
1342581142302515201
1342587561328295936
1342717038649720832
1342730123955474432
1342738677991030786
1342775299746885633
1342787503632183297
1342789396429381632
1342828526269915141
1342833385211912192
1342833559724179456
1342834154640125952
1342834477488361472
1342834702575693825
1342834798985928705
1342834965306875906
1342835110698242048
1342835457483288576
1342835943322099713
1342836056694120450
1342836180447068162
1342836326878613509
1342836452263153664
1342837749464915978
1342837980587831298
1342838124053991424
1342838317835046918
1342838553034817543
1342838712015745025
1342838906446893056
1342839121602093057
1342839322849009664
1342844881438351361
1342846647106080768
1342848155650408448
1342849911419592705
1342851930721153025
1342853437491310605
1342855071105617920
1342858094439616514
1342860105402830850
1342864192286695424
1342868161947860994
1342871049851994112
1342872943181746177
1342873919771054083
1342882628773367810
1342885524298551298
1342887033551785985
1342888670634811402
1342897228566839297
1342900499553513472
1342910188567719936
1342918369998036992
1342952085088714752
1342963409663365120
1343083578637238273
1343086723526393856
1343096412884516864
1343171534781706247
1343176440892837891
1343191538835189760
1343196433290326016
1343196486134358017
1343196518875062272
1343196541113278464
1343196564387409920
1343209574392852485
1343209574392852485
1343211294074175488
1343213182546919429
1343232810639708161
1343237593836613633
1343239355788271616
1343265529423749121
1343282135486984192
1343329452248338432
1343376257967222785
1343420549595164672
1343423567333998595
1343441567495778304
1343454396886130688
1343454407111954433
1343456030877872130
1343460813953146883
1343461425973501953
1343475565387534336
1343478172956950529
1343484244711120896
1343484851639386117
1343494662942683136
1343501668378406913
1343507624482856961
1343509011375812608
1343510766129827845
1343517568544296962
1343542465782042625
1343548012346310656
1343549916480745474
1343573419904946176
1343575710334480384
1343601995182043138
1343603638288015361
1343608536731766784
1343610301275508736
1343611557909938176
1343618466524393474
1343628292687982592
1343630056896176128
1343636474017640450
1343640879253180416
1343642511948955648
1343644151103909888
1343664285424046080
1343667807540531200
1343747453158211584
1343807600073175043
1343820429656526849
1343821569634627584
1343833728896872450
1343840440944975872
1343840765210996737
1343843715878547457
1343845255809032194
1343846606995480578
1343848603757010944
1343849373164134401
1343856168918126592
1343859569781395456
1343869135160188928
1343872729783656448
1343886656332562432
1343886954849513477
1343888657359532032
1343888834208083969
1343889105814491142
1343889935598813184
1343890623808630785
1343890887533879296
1343891026251980801
1343891848100773889
1343894043089055748
1343895659389267968
1343907382368284677
1343909863726968832
1343913423264907265
1343917210079780866
1343917313104478208
1343918581705105409
1343921025298427906
1343921319822446593
1343924317084676097
1343928523438792706
1343931034249928705
1343931279922835457
1343932743835660288
1343932838836658181
1343933415381463040
1343938186389712897
1343938275610927105
1343939259548446723
1343939270944423938
1343940149529477120
1343943239053803520
1343943309274832896
1343945686149181440
1343946105457930243
1343954945272213505
1343961672910860289
1343962747197825029
1343963056469114880
1343967714054967297
1343969869465845761
1343970999956606979
1343973567633842181
1343975230914625536
1343975334903861248
1343976712799887360
1343976731540148225
1343982829680680962
1343983150247124993
1343988187815956487
1343988442204680193
1343988828026114048
1343989793512939521
1343990428064858113
1343990452584919043
1343993235467874304
1344002760438476802
1344014465952481280
1344047301346521089
1344134376162873344
1344135506070630401
1344165834403409920
1344174014613213191
1344177284832395269
1344180407072395271
1344185840784666625
1344187497157447683
1344201721787146241
1344201794231164929
1344204018776756224
1344208098928570370
1344218682054987776
1344223391507738626
1344224349323100162
1344225156772880385
1344225740422868993
1344225814758502400
1344225856340652032
1344232495332655104
1344235668780716032
1344238897858039809
1344240875753373696
1344249207721512962
1344249502618832898
1344251406543417344
1344254104491749376
1344257389592272896
1344260217073123329
1344262021081161728
1344262801192349697
1344263853174120451
1344264281269932035
1344264996079816706
1344271532567105536
1344275182270119936
1344277282697916418
1344284584234676227
1344290440900726786
1344292043917410305
1344293848583954432
1344295743213940736
1344299101907787780
1344302628256296962
1344303302952046595
1344306828616863746
1344314735177699333
1344319474954952705
1344324190896336903
1344328783348658176
1344329564667977729
1344330659200970752
1344333550057873447
1344337220015017984
1344339296917008390
1344340144573321216
1344343344378474496
1344345851435560963
1344352555858595842
1344352701300281344
1344354232682618881
1344381004266389504
1344389433861181440
1344399252538097665
1344408937810956288
