1341989175155961856
1341991939441360896
1341992264567058433
1341997802939953153
1341999296971943937
1341999328047603712
1342016409958662151
1342032266034171904
1342047368515088385
1342049014267731970
1342058345931354113
1342064979814580224
1342081338241810435
1342096437115547648
1342131528357335042
1342345099334836225
1342363817146257408
1342388644636667904
1342396250071724032
1342410143187795970
1342439269294608388
1342451288563458049
1342462582481948673
1342478543486406658
1342493058605199360
1342504438733414400
1342523933938094082
1342543535707455489
1342566901495590918
1342724465239732224
1342738363976192001
1342749229123596290
1342761183229702144
1342763418579836928
1342774529739919361
1342802869163085824
1342806036269441024
1342815049530953730
1342834386694262785
1342838828936130560
1342857352823898112
1342865946613059590
1342876687722283011
1342893988785876998
1342897420993228802
1342908538558017537
1342913559471271938
1342919088256016384
1342925650986999808
1342946629356298242
1343052762049818624
1343085205326852096
1343108188091117568
1343138218829631490
1343185501222809601
1343214579975921665
1343217965139943426
1343220465150652416
1343221235564638213
1343221904459624448
1343242238969733126
1343250447767842818
1343276229143785473
1343277602530861057
1343279742607368193
1343284043186655233
1343289620927229955
1343298868155396098
1343413567601733633
1343464313781161988
1343482277796458498
1343492775078191110
1343493402072121344
1343504659143663618
1343508063232417798
1343510107754278913
1343510942437535744
1343513865770967042
1343516359242752001
1343520802407239681
1343524074748784641
1343533406316064770
1343534781464784896
1343535473420087298
1343548251002302465
1343565508336103427
1343578239017627649
1343587406147153922
1343611918100135937
1343614740434743298
1343617218513428480
1343655085449093121
1343801843655319553
1343806115872727040
1343810164516933632
1343824329549754369
1343835792268025858
1343863897208614912
1343877001510322176
1343879174956732417
1343892657970536450
1343898239901302792
1343900680432529408
1343909629756104705
1343910927951917057
1343915043088441344
1343915101246652419
1343919478573330432
1343921550135873536
1343923819623407616
1343967082459910145
1343967334835363845
1343972390712303619
1343999227207290882
1344151711787704322
1344159954224222208
1344161493982601216
1344165910232367104
1344167022113017856
1344173852654514176
1344180699398606848
1344217133052526592
1344219088403521538
1344219452569772032
1344223936154894336
1344231275696164869
1344242130219368449
1344252730047660034
1344267176962904065
1344272584188309506
1344274085396828161
1344280819117002754
1344286327307694081
1344301507336941569
1344308572075810816
1344361437980983298
1344381966863523843
