1341908405099896835
1341915909389230085
1341930476718731271
1341939735124733953
1341976747710017539
1341979707336781826
1341986952636211201
1341987515503423488
1341989525321621505
1341990012871733248
1341991762911518721
1341998478327750657
1342003576705593345
1342012843651162112
1342018856026574853
1342022819878735874
1342024650008784896
1342027723334709250
1342030601810018306
1342031714558869504
1342032201047805954
1342033367890591744
1342036698037972993
1342038446278369283
1342043862089535488
1342049383941099522
1342051549036605440
1342055657504169984
1342061173999607809
1342062442558447617
1342069217596731392
1342084972665044993
1342087307822845952
1342088736142716933
1342091937172623361
1342099332590428163
1342099811663831040
1342120765349650433
1342144548290629632
1342162125385555974
1342168731653443590
1342173398869413893
1342173989167312896
1342179236832899072
1342182627772608514
1342187471661133836
1342190762386141184
1342192271622549511
1342245875419123712
1342269035082358785
1342285196863959042
1342285196863959042
1342315835457724416
1342330783932018689
1342339346523947008
1342352149804675073
1342355000463421441
1342355297013276673
1342364884626006018
1342369497349558272
1342370292673474560
1342371639883931648
1342376471227199488
1342379610751819776
1342386540035584005
1342392165515866113
1342394679661359104
1342397489316581376
1342402809099124737
1342403644055040000
1342408934561345536
1342413922293321728
1342415095629041665
1342419189437521920
1342422478858104832
1342427416048893952
1342444902781767680
1342445189059780608
1342469539754356737
1342478376318218241
1342494345786757125
1342523790836772864
1342533381268058115
1342552087872331783
1342575821316358148
1342613475537858561
1342627407308664832
1342642344663932928
1342679606906781696
1342692517528145921
1342696808183640066
1342704906625572864
1342706848135323649
1342715600083288064
1342731973580742665
1342742819576934401
1342750192064475137
1342752219351945216
1342755668021964800
1342755922410696708
1342765533817688064
1342770968532557826
1342776455772704768
1342781607124619269
1342782267580690432
1342783787680337920
1342787095367200769
1342792715931676672
1342795142244274179
1342798012297445377
1342809276654432268
1342810758015578114
1342811350024785921
1342812030097641473
1342813656736788481
1342815807542333442
1342826796450983937
1342831645217480705
1342832925482627072
1342833849512980482
1342835593542299651
1342857659817590791
1342864399766327297
1342865614302543872
1342866994866118659
1342874643175190529
1342879617749823493
1342883899836420100
1342892895716708353
1342896098206232576
1342897282262429702
1342899705106329600
1342908258936303623
1342919544034242561
1342935039936442369
1342942659388829698
1342978173374521346
1342986520198852608
1343006324775415811
1343015740392271872
1343054084228702210
1343060726697619457
1343075125684543488
1343083417215393794
1343084904557514752
1343086029721513984
1343110911746318336
1343116058027302913
1343117566374510592
1343120860597661696
1343121434860806144
1343126918531584002
1343132376852013056
1343136782574120960
1343147199451029505
1343162335888867328
1343162758083342338
1343189661276114945
1343194104373645314
1343194205452197890
1343194381097050114
1343194618117165056
1343196387543044098
1343196525669851137
1343197765048934407
1343212158730039304
1343212414788104192
1343219177000210432
1343220750803738629
1343232672928247809
1343236621433450498
1343238890329665539
1343251392971091969
1343252145060139009
1343254959161225216
1343255256902332417
1343260053923651591
1343260370979340288
1343277728229957634
1343278125078208514
1343282027873796096
1343282993251700744
1343289822752989186
1343297646962814976
1343298924753395718
1343339147113730050
1343345412523098113
1343351343382224904
1343372473186873344
1343393949797515266
1343423798599671808
1343438495453487105
1343447256159105025
1343448705115025410
1343448829547442177
1343451588023775233
1343457742107893760
1343463247060590592
1343464995066150913
1343466475106037762
1343471704190943232
1343477105569501186
1343486874938175488
1343492088143499264
1343497169911881728
1343502699296337920
1343508093016150016
1343513461205164033
1343522729455218689
1343528068099530755
1343531892155494400
1343533508740919296
1343544637567459329
1343550257637031937
1343555330924572674
1343560335895232512
1343560706424250368
1343561292901216257
1343566413324292116
1343571530530353160
1343578819203117058
1343584403000320000
1343586313812008960
1343586440312221702
1343587418767822849
1343590444333195264
1343594842107109379
1343595598096855043
1343601392175489025
1343601870011588608
1343603414962475017
1343608022178922503
1343609237600153600
1343610664053600257
1343610913182650377
1343612276562079747
1343613008858251266
1343613511881158658
1343614058071810049
1343615468905639938
1343620332205301771
1343636693249884160
1343639907978371074
1343648661847334915
1343688170311995393
1343702226150293508
1343713563618271232
1343730572682735617
1343751380020977670
1343781754558181376
1343791454498529282
1343791454498529282
1343799363223646208
1343799792011501568
1343800973802799109
1343803772993208325
1343807711104917506
1343813048163848193
1343818425089609731
1343819335249375233
1343823834810621952
1343828910715375616
1343834233954045953
1343839514662477825
1343844854246334465
1343850227195928576
1343865147958456321
1343866455121682432
1343867215972544512
1343872850390872067
1343876208136740866
1343877976224620545
1343878217808175104
1343883333755928578
1343888874595115008
1343894185603198982
1343899461785964544
1343904762052431885
1343909743308505090
1343911911738527744
1343917346851794944
1343923528849096710
1343929021495734273
1343934347137732608
1343937587619241984
1343942725620666372
1343945801693851655
1343946072956293120
1343948710124941312
1343949369847013376
1343951854850420737
1343952370263334912
1343954301480218626
1343955183898947584
1343960392469504000
1343961275517313026
1343963939344945153
1343964957713588226
1343965461554339841
1343968512679813120
1343971511493922818
1343977754170191877
1343983797226897412
1343985356367126531
1343988990811271169
1343992681639391235
1343994939902984194
1343995536735612929
1343996523219197952
1344000165267570688
1344000231558492166
1344001929551208448
1344002583434817540
1344004084962123779
1344005386727264256
1344012509595000833
1344014980220391430
1344017943244505092
1344021175933022208
1344025604228870146
1344027245833297921
1344037211541536769
1344071567249178624
1344100785248989187
1344123401049432065
1344133514627833859
1344152688196509696
1344155237788110848
1344161991833890816
1344165015998386177
1344167559092961280
1344169687622549512
1344171438413115394
1344172906071388160
1344176047055642624
1344178603156713472
1344181587357921280
1344184925759680513
1344187137411977216
1344187183129911297
1344192940281909248
1344193564339822592
1344193769386737667
1344198961972830208
1344201322715820034
1344201575024254976
1344201652711153664
1344209141271830528
1344214289683505153
1344214407795109889
1344214773571973121
1344220378328166400
1344221639744086017
1344222410564919296
1344224020573650946
1344225943464849410
1344228439482642432
1344228776994099200
1344234200279429120
1344237856416542720
1344243479115952128
1344246194109820928
1344250562284548097
1344250599236374528
1344251159675072515
1344251356501172226
1344251688299986944
1344265190473347073
1344265281091330049
1344265454366449664
1344270546238922752
1344271544219017216
1344276706975240192
1344282507156594688
1344283123895382021
1344287132777664512
1344287246980173824
1344288355824107520
1344294355172003840
1344299438769135618
1344299958250385410
1344305701750005761
1344310364654215168
1344310384732368896
1344310449215561729
1344310824882597888
1344314588398055425
1344320944697970688
1344324027389771778
1344324098059595776
1344325691102404608
1344327280089321475
1344329078258733059
1344330272276434949
1344331684855087106
1344335532151738370
1344340801720082433
1344341476159971329
1344347639446446083
1344350848751644672
1344357973892726785
1344358225353834496
1344360588907073537
1344362665666347010
1344364227763589120
1344367621010030595
1344368586773721089
1344369765859659777
1344372478722895875
1344374925398827008
1344409008669601797
