1331735677193641987
1331741971426254849
1331741971417796608
1331741971413688326
1331741971413676040
1331741971409465344
1331741971401072642
1331828793284186112
1331828793271607300
1331828793263222787
1331828793250619393
1331828793246441474
1331828793225437184
1331836342519689218
1331836348110688258
1331837596650135554
1331838862260400128
1331840118248919040
1331841372945575938
1331842632243425281
1331842636324491264
1331843891084058624
1331843891063091201
1331845153171050496
1331846407263821824
1331847671796047874
1331847671628357632
1331848937884487682
1331851440898314240
1331852695754436608
1331853955895324674
1331853955886878721
1331853967282884609
1331856471022309376
1331856471018115072
1331856470997135360
1331858991480246272
1331858996156899328
1331858996135944193
1331914202227896321
1331925682629320711
1331926416204722179
1331926565492568065
1331926703543816194
1331928205339586563
1331929318797307904
1331929478759665671
1331929598796443649
1331930727458463747
1331932619500564482
1331932779832111109
1331932935432318977
1331933495153844224
1331934137972908033
1331934304721641474
1331934441153961985
1331935756286300167
1331937136044634113
1331937336788127746
1331937499602702338
1331938275611865097
1331939685694910465
1331939870462402560
1331940010053017600
1331942044726665216
1331943663551787009
1331943788634320897
1331943933438529562
1331944568066027520
1331947616876306432
1331947771667034114
1331947909168959492
1331948339185790978
1331949915040264192
1331950079612243973
1331950336504983554
1331950859123568642
1331950859123568642
1331951758109708288
1331951899352965126
1331952112578736128
1331953370379259904
1331957144527233024
1331957499134611456
1331957650502938627
1331957791834185728
1331959658756665347
1331960096918790146
1331960252682612736
1331960397063200769
1331962179940196353
1331962712692314115
1331962856368123904
1331963037062926339
1331964700280680451
1331964886654578688
1331965032113070080
1331965173419094019
1331967215776751621
1331967237444546561
1331967403119546374
1331967583701045248
1331969724868128769
1331972236618702850
1331976048448253959
1331979794276356097
1331983575084888065
1331983948734488576
1331984068314066947
1331984186547245065
1331987352118583298
1332062836332367884
1332063600152866821
1332063782097580032
1332063916822827022
1332066622845161477
1332066744089911300
1332066930451238917
1332067064870264839
1332070386515718147
1332070887730929666
1332071019302023169
1332074160005271556
1332074159988477956
1332074159984308224
1332074159980093443
1332074159975919617
1332074159959105538
1332074159954927620
1332074159942340616
1332074159938166785
1332074159938146304
1332074159938088960
1332074159933960193
1332074159933956097
1332074159925579776
1332074159921377281
1332074159921303554
1332074159908810754
1332074159908794373
1332074159908794369
1332074166187679752
1332074166187593731
1332074166183481344
1332074166179291143
1332074166170824704
1332074166166704132
1332074166166687744
1332074166162497538
1332074166162493442
1332074166158323714
1332074166158307332
1332074166158299140
1332074166145724419
1332074166145720324
1332074166145716234
1332074166141546500
1332074166141538304
1332074166137262083
1332074166133141506
1332074166133137411
1332074166128873478
1332074166124736516
1332074166124736515
1332074166120550404
1332074166116364292
1332074166112149504
1332074166107992064
1332074166107971589
1332074166107971587
1332074166095327234
1332074166091124743
1332074166087004161
1332074166086938627
1332074166086930438
1332074166082736129
1332074166066012161
1332074169547284482
1332076674746343424
1332080449154375694
1332082965724205061
1332082965694844929
1332098063205273602
1332098063196884996
1332098063184384000
1332098063163396097
1332188663720144896
1332188668841381895
1332189934757834754
1332189934749421577
1332189934736855041
1332189934736830468
1332189934724243456
1332191176565420032
1332194952818855938
1332194957126459392
1332194957113823234
1332194957109637121
1332201244014866432
1332206292501487623
1332206968329605120
1332207115591675907
1332207245082451968
1332210061695995904
1332210765273640961
1332210924615323649
1332211087119425536
1332213916131336193
1332214139528351745
1332214274392002560
1332214409322754051
1332217621647855618
1332219510355599361
1332219653502930944
1332219796293881858
1332221390624354305
1332222010672488449
1332225168022892544
1332225383186493440
1332225528665870337
1332225654264385539
1332228938693812225
1332229020067491843
1332229173658652672
1332232727177916417
1332250821246021632
1332253208698351618
1332253505403424769
1332253790490210304
1332257378067210240
1332258359333052416
1332258398344257537
1332258535216963584
1332262918361141248
1332311987058057217
1332315760752988164
1332320196816760832
1332320332674260994
1332320451591286786
1332323323326459904
1332324199000657924
1332324320731930626
1332324456258220036
1332327083855519744
1332330866878636035
1332331323931942912
1332331457595969537
1332331588819038215
1332334631027429380
1332334978122788864
1332335155512537088
1332335265503973381
1332338419515744258
1332338602232209410
1332338736689000454
1332338852552445958
1332342181764411393
1332342290308804608
1332342413495586822
1332342525928099843
1332345961163747330
1332413901565259783
1332414364746473474
1332414538784903171
1332414749036990467
1332417674551455752
1332425226718744576
1332425341370064896
1332425506587897856
1332425700830306307
1332689478415159299
1332692489816444936
1332697030473486336
1332697575728754689
1332697746369867779
1332697914842492929
1332700816210333701
1332700816210333701
1332701945455403009
1332702298456330242
1332702462524989441
1332712158111657990
1332712252915511306
1332712405126832131
1332712564971753473
1332715898986237953
1332717014184583172
1332717208741535746
1332717380569624582
1332719689093541888
1332719970317455360
1332720147749089280
1332723439078150144
1332727213624528906
1332785097863532544
1332785097859330057
1332785097855078400
1332785097846747140
1332785097842552832
1332785097842548737
1332785097838309378
1332785097834188802
1332785097834188800
1332785097834176515
1332785097834160128
1332785097830002690
1332785097829994498
1332785097821597705
1332785097813217281
1332785097804800000
1332785097800638466
1332785097800626176
1332785097779654656
1332785097762861058
1332785102775087106
1332785102758285312
1332785102707957761
1332785102699569153
1332785102695370754
1332785102686973954
1332785102686969861
1332785102678581250
1332785102678536202
1332785102670225410
1332785102670209033
1332785102657556481
1332785102653362177
1332785102649241611
1332785102645039116
1332785102644973582
1332785102636675073
1332785102636593158
1332785102632472577
1332785102628286464
1332785102611488776
1332785102607224835
1332785102603116551
1332785102598905858
1332785102594727938
1332785102590533640
1332864361350782980
1332912187761975297
1332915956411211778
1332915960861351939
1332915960861298700
1332915960848797697
1332915960848781313
1332915960832004097
1332915960764882949
1332918468497313794
1332922244360773632
1332933572135673857
1332936096183955456
1332936096171380742
1332939861939146752
1332939861888823302
1332944403430846466
1332945095855894528
1332946925725880320
1332950181831188480
1332953629431652355
1332954471123611653
1332958680858439681
1332963011468939264
1332966138645458948
1332966801307742208
1332970822609330176
1332974346546110466
1332982403997036544
1332983448882077697
1332984658317938697
1332985324855848960
1332987439581962240
1332988109743591424
1332989687401680898
1332991509399003138
1332993463164547073
1332995987565125632
1333000772951429120
1333005557284958209
1333006776883695618
1333012849644482562
1333016375690997760
1333017066086002696
1333017891134910464
1333022414876405762
1333041032204791809
1333054873890414592
1333055118556672000
1333059406137790464
1333063180235534336
1333066949769768960
1333070736643284992
1333074506919895040
1333078286419845123
1333085833113559046
1333089607928356864
1333093395552743425
1333097160330579968
1333100928019406848
1333104704767881222
1333108471663824902
1333112247422504962
1333116037030694920
1333119807827439623
1333123588333989889
1333127356828053505
1333131130212651015
1333134907594436612
1333138678282121223
1333146224027955201
1333146224027951105
1333146224023789570
1333146224023760897
1333146224011202562
1333146224011202560
1333146224011128836
1333146224002813952
1333146223990206465
1333146223990202371
1333146223990157312
1333146223986044928
1333146223986028550
1333146223981768706
1333146223969230848
1333146223956684803
1333146223952400386
1333146223952400384
1333146230197800960
1333146230181007364
1333146230180909058
1333146230164250626
1333146230160035841
1333146230147444738
1333146230139084802
1333146230139006980
1333146230138998786
1333146230138998784
1333146230134870017
1333146230130618370
1333146230118113280
1333146230118096898
1333146230113923074
1333146230113886213
1333146230105513990
1333146230105513989
1333146230105452545
1333146230097141765
1333146230092926984
1333146230076149765
1333146230076141572
1333146230063566855
1333146230059397121
1333146230042615808
1333157544626413571
1333165096290365440
1333170135599865857
1333189003412115456
1333191520703434754
1333277085503197184
1333277085490683904
1333277085473918976
1333277085465530370
1333277085461323780
1333279603780149249
1333283375633805312
1333284632826089472
1333285892245630977
1333300998887059456
1333301430552244226
1333301590145556481
1333301760618868741
1333304781188837379
1333305200342425602
1333305352322998272
1333305493834633216
1333308551784239106
1333308551784239106
1333312329119830018
1333314454902206464
1333314599475699713
1333314737124347904
1333316108007448576
1333316597289775106
1333316750222516225
1333316868581560320
1333323660137033730
1333324036202500097
1333324191064596482
1333324334648082432
1333327422155059202
1333328665355177985
1333328816589180932
1333328953080156161
1333331207094984704
1333334998112489474
1333384034861322242
1333384869293023237
1333385005440098304
1333385132057767937
1333386563137495041
1333387608563609603
1333387753397084163
1333389082710433796
1333389757506785284
1333389959110201344
1333390203441049601
1333395381187698693
1333396776578068485
1333396967679025156
1333397145928540161
1333399143528730624
1333402925922734085
1333404193122627584
1333404399817912320
1333404565656440833
1333406693494054912
1333407396421627907
1333407552277721088
1333407716740624386
1333410499162206208
1333411348739477505
1333411534601596931
1333411795353153536
1333414253009776640
1333415892726788098
1333416055683878917
1333416222722052097
1333418029938593792
1333418187279507459
1333418381345697795
1333418523411034119
1333421799879667716
1333422293251465216
1333422544888737792
1333424164498272257
1333424814925746178
1333429351812116482
1333429430740512771
1333429601293492228
1333429771129204744
1333433120167776257
1333434383777329153
1333434743703171072
1333434980186394627
1333435132443815942
1333436890519887873
1333438580551798784
1333438730502365192
1333438886152900608
1333439400609542144
1333446954769129474
1333449592109748233
1333449860209631233
1333449999859003393
1333450735971872769
1333451288953106440
1333451475973009412
1333451657196281859
1333453261437882379
1333453546893807620
1333453688946520066
1333453835147358208
1333455766506844160
1333456684577067011
1333456840412307458
1333457049934585856
1333462065168723968
1333463256342679554
1333463416573456388
1333463564095524867
1333464582996848644
1333465943729725441
1333466143139491840
1333466297057898496
1333467082793619464
1333468096070299651
1333468719671078917
1333468886499471361
1333469613200433153
1333473136298373120
1333473357917020164
1333473519330529280
1333474648961462273
1333474954210381829
1333475154295402499
1333475304208216065
1333477153770450944
1333477495656603650
1333478178539663361
1333478309846528003
1333480682413285378
1333482511037575170
1333482689425444869
1333482826960949249
1333483452067360781
1333487222188814337
1333489522684928004
1333490084469936135
1333490269103267842
1333490998132023304
1333491951572758529
1333492194758586368
1333492351398973441
1333493506585866242
1333494933618094081
1333495391799664648
1333496576954822661
1333497295015452676
1333498460071399425
1333498700396638211
1333498847893590016
1333501068475559938
1333506098226208776
1333510127069093889
1333510306358767617
1333510479663263746
1333511132510826498
1333511729620213760
1333511874621665284
1333512077986689036
1333514906868576256
1333515257051025418
1333515405776785408
1333515573494476807
1333517421584461825
1333520925225070592
1333521106259636224
1333521306956906496
1333522451142238208
1333526224233230336
1333526224040325121
1333526223981588482
1333526223981588480
1333526223973208073
1333526223973183490
1333526223973134337
1333526223964790787
1333526223960629250
1333526223956357125
1333526223943774211
1333526223943766017
1333526223935447042
1333526223927062539
1333526223922851841
1333526223918690305
1333526223885103104
1333526223880851459
1333526228817440768
1333526228742049793
1333526228733714439
1333526228733714438
1333526228729536518
1333526228716965889
1333526228716883975
1333526228712763397
1333526228712763397
1333526228704391185
1333526228704374790
1333526228704354305
1333526228700192773
1333526228695912448
1333526228691791880
1333526228687613955
1333526228687605760
1333526228687593473
1333526228683415553
1333526228683386880
1333526228683329538
1333526228679217152
1333526228679204869
1333526228674949120
1333526228670820358
1333526228666626048
1333526228666609671
1333526228666560513
1333526228662415361
1333526228662358017
1333526228658237440
1333526228658229252
1333526228649844742
1333526228641439752
1333526228633079813
1333526228624662528
1333526228616306688
1333527483472285699
1333527483463970818
1333563971471806467
1333571528676569088
1333572788020514821
1333639476346834944
1333639476313280513
1333639476292313089
1333639476288098312
1333639476267147268
1333644512078553088
1333645763822366721
1333647026215587840
1333649535491600387
1333650797360521216
1333653311531184131
1333763988094660611
1333791722229309442
1333795508301688832
1333799277869420545
1333803064310960128
1333806838039633922
1333810607037042689
1333814380694212609
1333818155681148929
1333821944421101575
1333825712738988035
1333829480071229440
1333833263366934528
1333886095466094592
1333886095428374528
1333886095415779328
1333886095415717889
1333886095415709707
1333886095407378432
1333886095399014401
1333886095399006209
1333886095399002116
1333886095398998020
1333886095394791431
1333886095394746369
1333886095386419202
1333886095382155267
1333886095373856771
1333886095373848577
1333886095373840393
1333886095369580553
1333886095365464065
1333886095352795136
1333886103808565249
1333886103707742208
1333886103665971200
1333886103657586691
1333886103649218568
1333886103645003779
1333886103640813569
1333886103636627459
1333886103636615168
1333886103632433154
1333886103628230664
1333886103628214280
1333886103619821572
1333886103607267331
1333886103607267330
1333886103607099392
1333886103603073030
1333886103598886916
1333886103598862340
1333886103594659848
1333886103586295808
1333886103586283525
1333886103582101506
1333886103573721089
1333886103569526792
1333886103565316103
1333886103565250561
1333886103561134081
1333886103552724993
1333886103552667652
1333886103548555270
1333886103540142081
1333886103531773955
1333886103531741185
1333886103502385157
1333887353774108679
1333888612472037376
1333888611650035714
1333888611616501760
1333888611595456515
1333889871925145603
1333889871874826241
1333892387773538305
1333897427720531969
1333993052805980161
1334003122247708674
1334003122231005184
1334003122226794496
1334003122205810691
1334003122205757443
1334005637051805697
1334009409895358464
1334011924749676550
1334145309929304064
1334148075116441600
1334148223498383361
1334148363768524800
1334150600095899650
1334154368946479104
1334158140976271360
1334158811209355264
1334158851369742336
1334158972803190789
1334166197580009473
1334173496344145921
1334178272377188352
1334184067215077376
1334191108155379713
1334191291597467652
1334191361134891014
1334191473567346689
1334191795778031617
1334191924648026120
1334192073415806976
1334194881691082754
1334199928588013581
1334218037436755973
1334218247852482560
1334218436189286417
1334218636383358984
1334220564886675460
1334220690589954054
1334220735146057730
1334220860366917637
1334223837794332673
1334223985584824322
1334224029012602880
1334224145740140555
1334226350832570377
1334230368220831745
1334232898459873284
1334258549153816577
1334258549116051461
1334258549116039169
1334258549107593218
1334258549103407106
1334258549099204613
1334258549095092224
1334258549095084038
1334258549095084037
1334258549095075848
1334258549095063557
1334258549090897920
1334258549090885637
1334258549082497024
1334258549069934594
1334258549044678664
1334258549002825730
1334258548985958400
1334258548981833735
1334258548893773829
1334258554690297859
1334258554581213184
1334258554577039361
1334258554568642564
1334258554564448257
1334258554560262150
1334258554556080129
1334258554543493120
1334258554543484928
1334258554543476741
1334258554543468546
1334258554535108612
1334258554535096323
1334258554526642178
1334258554522525702
1334258554522521601
1334258554522497026
1334258554518335496
1334258554518327301
1334258554514120706
1334258554509946880
1334258554509856777
1334258554501550082
1334258554501468165
1334258554493087744
1334258554484748290
1334258554476355585
1334258554467983366
1334258554467983362
1334259809097576449
1334266101740548096
