1331736524652744709
1331819890882306048
1331820978687631361
1331821316207501314
1331826876113956864
1331827223511396354
1331827787888545793
1331828098552246272
1331829763548340225
1331831548010770434
1331832099549171714
1331837936669745152
1331843819181117440
1331848441861955584
1331849239186583554
1331849270669037569
1331853917630631936
1331854005526523904
1331854036816027649
1331855205953122304
1331857272344088577
1331859189883416577
1331860817097220096
1331860838257397760
1331863989740048385
1331868820735217666
1331873398746705921
1331879484883136512
1331894136509779968
1331895229641842693
1331895229641842693
1331897069515235328
1331899994916462596
1331906678493765636
1331907587437162497
1331907727254237187
1331911638044332032
1331911787588022273
1331919157110116352
1331919541207752704
1331927781530365952
1331928494566207489
1331929150643269633
1331934793483890689
1331935991377096705
1331939593126612992
1331939652463423488
1331943645919006721
1331946009837113344
1331946248836968449
1331947272754651137
1331947656697032705
1331947895143206914
1331948002815205379
1331948976736755713
1331950447821774851
1331951688228495361
1331954621963771905
1331955707160236035
1331956472037728257
1331958038517968896
1331958109712101376
1331958291459698688
1331958533340995586
1331962955609608192
1331963129564196864
1331963367335071745
1331964499541307393
1331964743968575492
1331967169094164483
1331969701128364034
1331970688819884035
1331975692674797570
1331984181308612609
1331985800695836672
1331986912488415232
1331987587087601665
1331988142690332673
1331990380397662208
1331990915750170624
1331991868654149636
1331992163241046017
1331994355519922177
1331994448759320580
1331997956237631491
1331998289756106756
1332000013178843137
1332004432167510016
1332004765568528386
1332007238630854656
1332007895664373760
1332007943638802432
1332008017513111552
1332008592661209089
1332013928537333764
1332013947814293504
1332016479944970240
1332021852370309124
1332022504043503621
1332025171096514561
1332026026923331591
1332026263163330560
1332026880678105088
1332031939235209220
1332033758401351680
1332034105513562126
1332038494361948160
1332040634472009728
1332042482679500801
1332046659732332551
1332056802322735108
1332058600131399686
1332059659348439040
1332067332689195018
1332176154560749568
1332179795292139520
1332188370949300224
1332188739171446789
1332189443076317190
1332189831091417088
1332200705378148353
1332201547695054848
1332212015146938368
1332218292606529536
1332221023958282240
1332221761035923462
1332222811990093826
1332225959039283201
1332226365521874944
1332230816097832961
1332233920914591746
1332238223217713152
1332238348556111873
1332238897498099712
1332240840199184385
1332241451745505280
1332241485501181952
1332242032199409667
1332243105278545922
1332243208135462912
1332247349574381569
1332254467132182529
1332260822857486336
1332264487643205634
1332266057663442944
1332267606397636608
1332270660987604992
1332270699042512897
1332270725353385984
1332273325272424450
1332274520070254593
1332285337729642497
1332285900714340352
1332291833196634116
1332294622870122497
1332304603216568320
1332304637857325056
1332305222178312192
1332305448461078536
1332306870455844864
1332307965320318977
1332308593706733576
1332310331847225344
1332318563886112769
1332324474675470336
1332335793826836480
1332337179482345472
1332338870256545792
1332339097084506118
1332339171587993602
1332339857411158017
1332343956038971393
1332344220330364928
1332350007605948416
1332351028264656896
1332351504062291968
1332354483821670401
1332356180006621189
1332359176916439040
1332365944413429762
1332365946200207360
1332366003234332672
1332366342608084993
1332367592221253638
1332369056775745545
1332369330252767235
1332372649461354496
1332375639010193412
1332376750660214785
1332382105666547715
1332387603144904705
1332393027193724929
1332394999795867649
1332395541259489280
1332397950044090375
1332398560835489794
1332398591680327687
1332399449172287491
1332403893691703298
1332405012073472001
1332407571769077761
1332410969885171714
1332413263309639681
1332414218646204417
1332418186617171968
1332419368916054016
1332423201419374594
1332424481218899981
1332424570150776833
1332428235968311299
1332428781626257413
1332447388460605443
1332452000202715136
1332585054141362177
1332585744800624643
1332587458706464769
1332595739382456320
1332597203651661825
1332599374011052032
1332599408366596099
1332610066952937472
1332610119868231680
1332610995957723138
1332611668740886530
1332613038214701056
1332615013698318336
1332619018373640202
1332625426779414533
1332626179120111617
1332628113004572674
1332628113004572674
1332632068635897857
1332633424516026368
1332638360800796675
1332639154539286528
1332650167573622785
1332651005868126213
1332651667611930624
1332660357547118594
1332660917662855168
1332674770786201602
1332675131026632704
1332679643699220485
1332685075721445378
1332691408596197377
1332694723652423688
1332695236993294337
1332698956418195457
1332700068214956037
1332700918807207936
1332701793076322304
1332702513875865602
1332708487038717954
1332714658155913230
1332716534821744643
1332719117523095552
1332719904424927232
1332726100825415680
1332730629943943169
1332732482144366592
1332734410899283970
1332747532125036548
1332751809207808000
1332752214293622784
1332756160697479169
1332761869958995972
1332762477004808196
1332785163172974598
1332786212915073024
1332786558454411264
1332787100610129921
1332787912962957318
1332806874434039811
1332933052130086913
1332935607434293250
1332941898898690049
1332942187835912192
1332942336528101376
1332948385771479041
1332951265341566977
1332953116162076672
1332954554049191936
1332959697557712899
1332960886647103489
1332967224534061056
1332969315419746304
1332970826547810305
1332971444150685703
1332974180262961152
1332979713401376768
1332980967653433344
1332982530824400897
1332982795896049664
1332985137928298498
1332986713048756230
1332989833413865472
1332994775369338880
1332995553727307778
1333001830603911168
1333005520953806849
1333011828104859648
1333012679867453444
1333013751197556738
1333014786532052995
1333015667574976512
1333019247925227521
1333020746793234432
1333020774127587333
1333020837079883777
1333033075853438979
1333034335268728836
1333035651487424513
1333036612935159809
1333041536112726018
1333041740299857922
1333043574900977667
1333046877378531328
1333062800109948928
1333062907572129793
1333070201785552899
1333070726367244289
1333075873709355010
1333076677988061190
1333077135628627973
1333077799872159749
1333080509371609093
1333085179162791938
1333087665042972673
1333095844032208896
1333111446926979074
1333112902811865090
1333113097805045761
1333113207058288640
1333113240147136513
1333114627492876291
1333118339758034946
1333119543988936704
1333120717232238592
1333127995666608128
1333139704854814726
1333148814119751681
1333154423971909634
1333157470076870659
1333164372894560260
1333167174039572480
1333280360835256326
1333286458145316865
1333293378721738753
1333293810760212483
1333295721102118915
1333297555678040065
1333299927796092928
1333304325192429568
1333308145784004609
1333315555810562048
1333315910103392256
1333316401596149761
1333318742093258754
1333319330197594113
1333319730732654597
1333322639331483649
1333327958451302401
1333328320805658625
1333334143833399298
1333342759193874434
1333348347340611584
1333348934790606856
1333349605438853121
1333356560404402177
1333362372258504707
1333362602697756672
1333364704375431201
1333366696644648960
1333367949319696384
1333368643724439553
1333369578131509248
1333374299256856576
1333376808780181505
1333377706411630593
1333379349559578625
1333380499906158592
1333380566054559748
1333381419419230210
1333382904706199558
1333389409052450816
1333389596231659522
1333391763327885313
1333393377874882562
1333396467315335169
1333398608452972546
1333399128479461376
1333411286823088129
1333412327375450113
1333412384304672768
1333419516060200963
1333420075530002432
1333421219354382336
1333423057134907392
1333423210327642117
1333423278321508352
1333424431432085504
1333425574958796808
1333426072927473664
1333430023861268487
1333432576141385730
1333434967150522370
1333436134538563585
1333441497237254147
1333442378015928321
1333444960755077121
1333446588652523527
1333450281510723584
1333454799245889538
1333455223633768450
1333457856495054855
1333459467787251719
1333459520559964167
1333461866467700749
1333467383906902016
1333467870240661509
1333468363599847426
1333468741502464009
1333470308695674880
1333470333345599489
1333470700758323210
1333471302519238656
1333478941915570176
1333480592739012608
1333489002679308292
1333489706420596736
1333489706420596736
1333493551704006656
1333494061303537664
1333506235208003587
1333509212719226885
1333509238925234177
1333509292557791234
1333515411900477443
1333517889194897409
1333523615753658372
1333526755609632768
1333530365529640962
1333531752959270912
1333532787475886089
1333533858084626434
1333542072129818633
1333631304949260288
1333632356670967814
1333634972662587392
1333646217436418048
1333646587214622722
1333649843156381696
1333656931991515137
1333659697438666754
1333660079762132992
1333671249617227776
1333671350167351300
1333672631132966913
1333674216500162560
1333679822535602176
1333682067838816256
1333684213762183168
1333685210907631616
1333688983314976770
1333699430441246720
1333700388487311360
1333700706071666688
1333711293631651841
1333711746536779776
1333721238775205890
1333723535915823104
1333726837713801216
1333731045720600577
1333737249217757184
1333740603503484928
1333742863511941120
1333746779804856321
1333750426659934213
1333750767270977538
1333756930486112256
1333763153734344705
1333763969933258756
1333764596063232001
1333766872458727429
1333767444385722369
1333770192648867840
1333778429079064576
1333784127728885762
1333785401388007424
1333788532238811138
1333803105788432395
1333803516574519296
1333804544883445761
1333804578366779393
1333804601447915523
1333804756418981889
1333805401729536012
1333805685411344389
1333807749608710145
1333807854093021192
1333808036796882944
1333810767603396609
1333817164546125825
1333817616411074561
1333819145763385346
1333819569488728065
1333822766169153540
1333826548860936196
1333827353416445955
1333830830234460164
1333834746590351360
1333839941114146819
1333843355764219904
1333847193413947393
1333849598197190659
1333853211430686720
1333853494172762112
1333855102755622916
1333856080858902530
1333856228859064321
1333856310266302464
1333856351282401294
1333856374795669505
1333856433272729600
1333856470698516481
1333859279917506561
1333864764804653056
1333865071441833984
1333868124828028933
1333871708105793538
1333872807927820301
1333882672603607041
1333883018717655040
1333883907188658178
1333890864863698944
1333893237107544066
1333903063267090432
1333993699618021380
1333996444110499842
1333996934227521537
1333997637318680576
1334000663232212992
1334006086622466053
1334008070624718850
1334012279491321856
1334012362496610304
1334013482497437696
1334016915182919681
1334025528240697344
1334025580250066944
1334025624806174720
1334025831501410304
1334038012674641921
1334039473110331393
1334042180772622336
1334042369956737025
1334043684535463936
1334047283504160769
1334047504481067008
1334055690172817409
1334055701132533760
1334056040636293120
1334056329019846656
1334061937143984128
1334062643951362048
1334065000302993408
1334071541936631810
1334071836104151044
1334074987930673154
1334075745002541056
1334079310106402817
1334079762218831873
1334087480304414724
1334089427413569536
1334093235061465088
1334094836320886785
1334105713069727744
1334109257428504576
1334115055114268677
1334122510758146048
1334123021137743874
1334123144194498561
1334125548818345984
1334125710009626631
1334126528561618945
1334127613166690305
1334128126696239104
1334130078045892608
1334133360906661890
1334134265387356160
1334136820959993857
1334144530543685633
1334144815890575360
1334150169194082304
1334151860249382913
1334157354020057092
1334160292876521474
1334166036875276289
1334170325551112196
1334175220589072387
1334175259684204546
1334184068360130562
1334187073104998404
1334187423341928452
1334187651709214721
1334187806785155075
1334189891740192772
1334194158127476736
1334194239744462852
1334195565492654083
1334202023940657153
1334202037014310913
1334202106979487749
1334202248566542338
1334204444100210693
1334206413560832004
1334207639518138368
1334209615073042433
1334215881426165761
1334218032571441154
1334218309152215041
1334226359170818050
1334226538045255684
1334239500537573378
1334254274625359874
1334259670089932800
1334259899770003463
1334260120767881216
1334264094984114182
1334265383029706752
