1250676548241199104
1250687873529065472
1250699197625622530
1250713038719791105
1250718466597847040
1250729396639588353
1250748271242301441
1250763372636721159
1250782047095922690
1250793569805197312
1250794475338838016
1250797344288841730
1250817333754572801
1250843749774700549
1250844786971545605
1250846565570412545
1250850808519954432
1250853968479047682
1250861681229680644
1250861880991789058
1250862032674590722
1250865177756606469
1250868140520718341
1250868156547174402
1250868240881942539
1250868341121716228
1250869067579179008
1250884166637346816
1251031386430992384
1251050260757204992
1251069135242489857
1251074527423062016
1251088012173246464
1251099638603677702
1251099640314855424
1251125758430330880
1251134956555907072
1251153282401095680
1251155958946021376
1251155958946021376
1251163627505086469
1251163629883293696
1251170423175294977
1251178382706040836
1251193185323429894
1251205030830411777
1251216357183479808
1251223909552328710
1251233971431669761
1251244037757165572
1251247697610321921
1251412648832446467
1251420198286090240
1251431523129024512
1251442847582228482
1251457947064045569
1251465496823828480
1251480599316979712
1251496859606167552
1251518346111016963
1251526297794338822
1251539343640006658
1251563644296417280
1251571195629064192
1251578743962742786
1251597617466761220
1251605167172055040
1251775037067137024
1251793910994661377
1251805235430879232
1251820335789494274
1251835435426299910
1251842985073016832
1251844724333428736
1251861744273809409
1251880732982558722
1251888159790698498
1251909297019248640
1251914688218234882
1251941131178426376
1251954702453018625
1251956231079694337
1251968962524520454
1251973635411247105
1251976879218872329
1252118550111817728
1252137424316030978
1252139802910232579
1252156298747092992
1252167623267106817
1252214656875323393
1252216897195724801
1252224195683135489
1252243607744065537
1252257328205836288
1252258220325793792
1252260736954273792
1252265645120655360
1252273016656072704
1252299744187166720
1252311071131439104
1252318618953621506
1252329943041626112
1252342364644929536
1252342469577981952
1252342616558985222
1252342733487788033
1252342916388806659
1252343005387739138
1252343175605129226
1252343246988034048
1252343298959659008
1252343406396764164
1252343483462901761
1252343556909355008
1252343622730539009
1252343695162044419
1252343779924664322
1252343838846271495
1252343893204467712
1252343948539867139
1252343998515081216
1252344051216420865
1252344095676051456
1252344150650839047
1252344219470987265
1252344285992648713
1252344348806545414
1252344395698847747
1252344482244116490
1252344562850263040
1252344617724305415
1252344677241458694
1252344722233782272
1252344803762638849
1252344842346086404
1252344908800602116
1252345029474967565
1252345106301988865
1252345141748092929
1252345195594563590
1252345244407881729
1252345291476307969
1252345348363743241
1252345403279724544
1252345455775592451
1252345545563058185
1252345598650445825
1252345752489037827
1252345891563769859
1252346028168118275
1252346230266421248
1252347895140872198
1252348261450387457
1252348432414502915
1252480937830449153
1252499812521476099
1252518686532833282
1252526035964477441
1252530011887845377
1252541335833382913
1252552663889096706
1252571535677640704
1252592542979325953
1252592817324675073
1252601734041604096
1252612850696294400
1252615087304687618
1252618091978162176
1252618105127346176
1252618209255198723
1252619575792893953
1252623125080088576
1252628089718398976
1252631322964738049
1252642862338015239
1252658357464231936
1252665907459100672
1252667492763406337
1252673457973854210
1252676315116945410
1252686377382264832
1252686387834388482
1252687981535690755
1252687996958257152
1252688558101430272
1252698696036343808
1252698710125019136
1252703659311456258
1252711054829916167
1252711072898965504
1252713694238330881
1252713996098121733
1252720025808625676
1252720041956651008
1252722207601590273
1252722249808961540
1252722297900806144
1252843325704503296
1252854651185254400
1252869752881471488
1252872168855072768
1252891938895867915
1252892400386813953
1252893067675414529
1252903807379480580
1252913297978019840
1252915050509025280
1252915915026501632
1252924537030815744
1252941313567268864
1252941371343765505
1252941428113768448
1252957313524215809
1252971285858172928
1252980479709646848
1252980932828696576
1252981497264553984
1252992450832019456
1253013195159207937
1253013884199452672
1253024520299900929
1253027108420497410
1253033826986659841
1253039652304556032
1253043394374438912
1253043410438459392
1253052413961011202
1253052423624626176
1253054499733876736
1253054581761851392
1253055977340854272
1253058765320081413
1253058805451153410
1253066356586614792
1253066403420286980
1253072423769059329
