1250705439030943744
1250714099048210432
1250716917494624256
1250718235391152132
1250720193254428672
1250726560543453184
1250729962803531777
1250733303315009539
1250743360685576192
1250748310404694016
1250753001393999874
1250753738316398594
1250783482923581440
1250807426892398594
1250827603348422658
1250836113381560320
1250839581483819008
1250875971001102339
1250890961284149254
1250893295611494412
1251023407317204994
1251054045923598339
1251072048392294400
1251081981192015873
1251081979984044032
1251081982307643392
1251082857910611970
1251102181106778112
1251114867861446656
1251120597221990400
1251139824045617153
1251152217727328261
1251186652527165441
1251186863131570180
1251187262458671105
1251189051547430913
1251189509624074242
1251189861857603587
1251190591179886594
1251190783400718340
1251201264517550081
1251208808816394245
1251278991455117315
1251412872472801280
1251416246249312257
1251460876642799616
1251475834877161473
1251480473844494336
1251480759329787904
1251481016851709952
1251481044227850240
1251512894560362496
1251797024976056322
1251808358417432578
1251833422282141696
1251833556663484416
1251849888490500096
1251852587281809410
1251857884457185280
1251858694331138049
1251905316406661121
1251915189529849858
1251918414911803393
1251919119076769792
1251933329840132098
1252139941011886081
1252148471865491462
1252174242986315782
1252179703533887489
1252193496318050304
1252204917533655040
1252206569581948935
1252274890318675970
1252274888515125250
1252295219053199361
1252295970097893378
1252303255507546122
1252306584543408128
1252489769390661633
1252512894400552960
1252524531929034753
1252531660740059142
1252557542623973378
1252558803255595009
1252571300255739909
1252600502392586240
1252657220413726720
1252657853908877314
1252669083558043649
1252680391481192448
1252688804722421767
1252866524408188928
1252866673259888641
1252883504481927168
1252888718479933440
1252901309537288192
1252919594014117888
1252936995887820801
1252962774835216385
1252967921514659840
1252984920999432193
1253008747116584962
1253010844998385666
1253020749293641729
