1316644004000391170
1316654689321181185
1316686154515861505
1316693354156089349
1316749411968602112
1316749660820733952
1316749806656606208
1316767066712543233
1316793325492592640
1316814626672250881
1316823750692794369
1316828211783913473
1317026025226854400
1317083288994021381
1317131912192950272
1317149326754353153
1317195113072832512
1317199750911954944
1317205476875141121
1317346441426292736
1317382719781937152
1317433981550329856
1317447155045584901
1317479569864220677
1317519719444942849
1317526475311091714
1317819197091680256
1317879665785176064
1317900133414166528
1317923054715064320
1318206738496106496
1318237977877897219
1318283049667227649
1318542374772088836
1318549162636529666
1318580480367878144
1318596761020137475
1318618021733273600
1318622588864790531
1318848130083938304
1318869893656334336
1318887130022764547
1318890654227963906
1318950143706746881
1318999817079672832
