1316500529392959490
1316514622438993920
1316521669603753984
1316524185196343296
1316529625451954179
1316530225224716291
1316536769836441601
1316544821276807169
1316549854445760518
1316559920855044096
1316566967315099648
1316569484048527361
1316575276609032192
1316578291961278467
1316590626587193344
1316593387479408640
1316600940846215170
1316608490677456896
1316616040491540481
1316616346516545536
1316634915765547009
1316650014773370880
1316651430011441152
1316653789806383104
1316665121746239488
1316673315050860557
1316674040044621827
1316680304103436289
1316687763274526722
1316690044468498433
1316692257924419584
1316695344084910080
1316698584486567937
1316700725137862657
1316708650619027457
1316717963278454789
1316721736994435072
1316723716542341121
1316725579035574274
1316727420951683072
1316729790179745795
1316732476337815552
1316734839463305217
1316736836564258817
1316738597886754817
1316738849578643456
1316739290160934917
1316741056881459200
1316744386294636544
1316751432800903171
1316753932446826496
1316757226762141701
1316759486388822016
1316767035599187968
1316770917075357701
1316776061376573440
1316776353715359768
1316786176863490048
1316789684807237632
1316793794709327872
1316802218922835968
1316802777885048834
1316810320799694850
1316814095497265154
1316814925596065794
1316816301562777602
1316817870383460352
1316819883682861056
1316821645185687559
1316823660041125888
1316825911677853698
1316831460171620353
1316832969911271424
1316844294473314304
1316846593396613120
1316851256351219712
1316853857331359746
1316884056907403265
1316885174710403072
1316887185711300609
1316892109677314049
1316907209121501185
1316909222228037633
1316912249236295680
1316916016996339712
1316922560416657408
1316929863224381447
1316932954006999042
1316952507625705474
1316955778943799297
1316959555037769728
1316974653311770629
1316978722239614982
1316998269889818624
1317011170721714176
1317012406095073283
1317015986479005698
1317024488349892609
1317027509725089792
1317035052270710786
1317038826733424640
1317047543491080193
1317057100275716097
1317062147357216769
1317065251532251139
1317073354994651136
1317073555411079173
1317077833865326593
1317080350900760576
1317080350900760576
1317087651317559298
1317088906802831361
1317096204790976512
1317103037136228352
1317106774009413640
1317108538108497920
1317118890309259264
1317119726515093508
1317120615338242055
1317124568713134082
1317130236610465792
1317131033163202562
1317133961081008128
1317134959870681089
1317136973287415808
1317147670948040706
1317148483783188480
1317152073167769600
1317153834184052736
1317155849542856704
1317159622294360066
1317163900828344322
1317168933716205568
1317174721746665472
1317178627264577537
1317182271955308545
1317186046283681794
1317189821371097089
1317194099628204032
1317197371592175618
1317199136589041670
1317202912683167751
1317212470495178752
1317223335609176064
1317224046950572032
1317234791515885568
1317245440673353731
1317254499313082370
1317259164134088706
1317261545366294530
1317264574610067456
1317269848955772929
1317271372192714753
1317279649089683461
1317284696481361923
1317291744212471809
1317309496214114312
1317315151411007488
1317318167165759494
1317321942031077382
1317325736743677952
1317329996113915905
1317353320122601472
1317355682992107522
1317355915507544064
1317363465309343744
1317365000583974912
1317367240086360064
1317371014989418497
1317380527536640002
1317380713633677317
1317381985422237696
1317382341397041152
1317383849681170435
1317386114877960192
1317387109993500673
1317388127997104128
1317399940520435718
1317405495666290689
1317412284583432193
1317416483887239170
1317420336674123777
1317422473323925510
1317422536095911937
1317430154889658369
1317449029089898498
1317454062414000129
1317457729250856960
1317459756307648513
1317467903633944577
1317472937289699328
1317474632715350016
1317475453267922944
1317479001431134208
1317480228348960769
1317483003216457728
1317488037786365955
1317491811175325697
1317498102664761345
1317499867556610048
1317506910887809025
1317513202024861696
1317514460639023105
1317515409134964736
1317520751822426112
1317528301544505344
1317529056464621568
1317537403171672072
1317540691011055616
1317543402716733445
1317545917617106944
1317547176113917954
1317551359219109888
1317555987323129856
1317557493908865025
1317559759030145024
1317565033925300226
1317573603706155010
1317576116618563588
1317582868848279553
1317586185305300992
1317591216066736128
1317603804578258944
1317612606987751424
1317627706406662144
1317634002753327104
1317635256435068928
1317642935190650885
1317646583073173507
1317654130547073024
1317661686921273344
1317664202648059904
1317669640332578817
1317671946264449025
1317673005107933184
1317691879547269120
1317694399283908608
1317695654232166400
1317705333540880384
1317710753747460096
1317723418431791104
1317725976797859840
1317729629143240704
1317737778273263617
1317740953092780032
1317744727530250243
1317746961932574720
1317747235250208769
1317752280532148226
1317754546609917953
1317771151712530434
1317778701925363719
1317785457258889217
1317790028660150272
1317792542751137792
1317793801562333184
1317801550841061377
1317806635574792193
1317824000467234822
1317830291600396288
1317831549937659905
1317842879511818240
1317852940833488896
1317865523590299648
1317869298761764872
1317869334094544896
1317872561343074310
1317873075224891394
1317885656161398785
1317890693713547266
1317893206122561539
1317895722570637312
1317899497540702208
1317903274255609858
1317907047132753921
1317910822648164352
1317914431607754755
1317920891934736385
1317928441120018436
1317931983402565634
1317933473819144196
1317951091972210688
1317959895795273731
1317963671906131968
1317979910493904896
1317981289564307458
1317993870550994944
1318001419899686914
1318008968573169665
1318011486904733696
1318012743472025600
1318024071410581506
1318041688623951873
1318042942599172097
1318046717368061953
1318046802961141766
1318054268725768193
1318061817709563904
1318077267772362753
1318087989352804352
1318091512668827649
1318102334044479488
1318107116612308993
1318113406948319232
1318114871129657344
1318117979989696512
1318133503045849090
1318133539829878786
1318133672269197313
1318133672269197313
1318138110534950912
1318141089337933824
1318145619580641285
1318152748760731648
1318160719137878018
1318163739099697154
1318177307178262529
1318178838535307265
1318188149890318347
1318193942912008193
1318199137511395328
1318200732349198336
1318201487344820229
1318209332002115587
1318212813249077251
1318216640421572616
1318220636515454977
1318229673004785665
1318234002894049281
1318235509672628225
1318239642748096515
1318241875095097344
1318246785983283201
1318248547364401154
1318250618029486169
1318252573938176000
1318254335956971520
1318256097300344833
1318258113129054208
1318261886001971200
1318263646787575809
1318265715955204097
1318273210262065153
1318280761284329472
1318282527988191239
1318285212573458432
1318294969870934025
1318295949819727873
1318297620792696833
1318301874416734208
1318311210622668801
1318314733607428096
1318327065062514690
1318333609317597185
1318341273481322496
1318341661236162562
1318352482276413441
1318356509034713090
1318371356921135104
1318373873088299008
1318375131593338880
1318383303062421504
1318386961103622144
1318402059167698944
1318405553295679488
1318412880182726658
1318417163464675328
1318420429846007809
1318442508419039233
1318449266948530178
1318452138876538880
1318467238383550466
1318476298218504193
1318477099586506756
1318480827962085376
1318484603250900993
1318485396158820356
1318493336316088320
1318510050940493824
1318518147624914944
1318518576798552066
1318526132875153408
1318529904326004736
1318536355148894210
1318536630307852290
1318538206787194885
1318545748728958976
1318548776466796544
1318550766349672450
1318552722262626306
1318559598203326469
1318564635491094528
1318565124844769280
1318573186670362626
1318584008364654594
1318586525035204608
1318588288345792513
1318588291298566145
1318594075247865856
1318599107934564353
1318600514918023168
1318605417988182019
1318609173853110272
1318610935758639109
1318612949645234178
1318614712305713153
1318616723650539521
1318618485136650246
1318620498947756033
1318624273947217920
1318628300219088897
1318629695458594818
1318629809732296704
1318631822994145285
1318633584878518272
1318636856284573696
1318643902895718401
1318650892749590528
1318661524312018946
1318675364848242691
1318680897944682498
1318695255898718210
1318696671149252612
1318703545584177158
1318704552422469633
1318704634832343041
1318719148663345152
1318724183891771392
1318729969644802048
1318734248023531521
1318737519454846977
1318739281402195969
1318740049366835201
1318745069126438913
1318748844637696001
1318749349401296898
1318764955567591424
1318771494227341312
1318775267985362945
1318779548708818945
1318782817845735425
1318788458433945600
1318801740314050560
1318805467422883842
1318815721657335809
1318824471856283654
1318825897533853697
1318832142839894018
1318847210860253185
1318854230699114497
1318854600255066113
1318863348591742976
1318866095399383040
1318866368402395137
1318869648083832833
1318873415185555463
1318882222880022528
1318890533704577024
1318893530782236672
1318905380903227392
1318905438633590784
1318907506001838080
1318916200429211648
1318918747311296514
1318930039849865220
1318933813737578499
1318937591039762434
1318943124341747717
1318945145111400448
1318956462656323584
1318960740930256897
1318961773089820672
1318962016015572994
1318965773663043587
1318973323137646593
1318975391818780673
1318980873056886784
1318982889007173632
1318984144504844288
1318986662077083648
1318990557079867394
1318994526736949252
1318998446381170689
1319008386806054915
1319011071949197320
