1270838149783015424
1270838153125888000
1270841952846655488
1270845702332186625
1270849474768838656
1270853250091286528
1270853287596773377
1270857024709017601
1270862064714764289
1270864575160778754
1270868350198001664
1270868352626577410
1270872563225329666
1270875900851167232
1270879689339527173
1270883479404924928
1270887222062002178
1270898550017265664
1270898598151098369
1270902328372211712
1270913646017671173
1270928804542853120
1270932523393191938
1270940071294795776
1270943846730366976
1270951426404032512
1270951425435152384
1270958946384252930
1270966493937676288
1270977546688086016
1270979159477702657
1270981610314387460
1270985385380888576
1270989179376238592
1270992918011150343
1270997186780725249
1271000482211934208
1271004667267465218
1271008506603241472
1271011792647409664
1271015567282102274
1271019347188699142
1271023136369250309
1271026929139888128
1271030667145392129
1271037795591770112
1271042019553615872
1271042019486564353
1271046005476245506
1271049563340750849
1271055913965760517
1271057685027397638
1271060892327841793
1271066263457091585
1271070466875195400
1271088331066138625
1271097878031880192
1271101936637542400
1271106578733830145
1271114718053310472
1271119617793101830
1271121780095299584
1271129659435073547
1271133213503651847
1271139741069717511
1271146304593371137
1271150919338647552
1271155219997605888
1271163188491571203
1271167232454864896
1271176845527076871
1271179628951015424
1271183155177930759
1271186334816878598
1271189266106908672
1271193050027569154
1271196763295305732
1271200539292790789
1271200537300668419
1271204317408768000
1271208152441159682
1271211868535873542
1271215638472806400
1271215684970852357
1271219443612495872
1271223188144390148
1271226961164152834
1271230736604049418
1271230738965422080
1271234517546778625
1271238286825213952
1271242065737891842
1271245838015238147
1271245866469412870
1271249612645584897
1271253388391481345
1271257163252580353
1271260936649805825
1271261008091320331
1271276034768416771
1271276037003862016
1271279812053778432
1271291136934440969
1271291171151556610
1271306234734563331
1271313792001925120
1271317558960943104
1271321334971326464
1271321333570269186
1271328882935787521
1271328908596531200
1271339144451678208
1271340206419931138
1271344015531745280
1271347786739527681
1271351557884465153
1271355305843200009
1271359095275167744
1271362855841886208
1271366692250189827
1271373523257298944
1271373521441165312
1271373528588333056
1271373526931509248
1271373525128003586
1271373530295341056
1271381733082980352
1271385504857145344
1271389309933936642
1271393072409124864
1271393842273701888
1271396845936357376
1271400627369914369
1271404424875970561
1271409342714195969
1271411988690882560
1271417093678944259
1271419484536999936
1271423282865229824
1271425933635960832
1271438353833943042
1271443367273136132
1271450663164182529
1271461677595271168
1271472094413500416
1271476731996766208
1271484227465490437
1271486183575617536
1271491522471636996
1271498751773794304
1271505158296436744
1271513636071145472
1271522554163990528
1271524494696493060
1271528164905361409
1271533418711584770
1271537200572833793
1271541165255536640
1271546387776311296
1271551684834189314
1271555380766793729
1271555380766793729
1271559191182876675
1271562925803626497
1271562929494777857
1271566796060049415
1271570474774990848
1271574289385426946
1271578035695820801
1271578075868868616
1271581815460028416
1271585574755934220
1271589357166755841
1271593123446001665
1271593146766499842
1271596900819623938
1271600669468831745
1271604451502100485
1271608267932938241
1271609999278706689
1271612001438097410
1271623372896718855
1271638422227222528
1271653582690037761
1271668620293296128
1271672423285510144
1271676191217348609
1271679973217230850
1271691299343695874
1271703384383422465
1271709578204504065
1271716995977838592
1271720737859084288
1271721611444486145
1271721911266017282
1271722505414291457
1271722795584704512
1271723253753577472
1271732575271297025
1271748436933718016
1271759315645448192
1271761752724815872
1271779826186301440
1271789025205116928
1271795607284453377
1271798924744052739
1271807620979011584
1271808980642381826
1271818013805891584
1271827631659462656
1271828120115560457
1271837753186103298
1271842265250619392
1271854908971651072
1271870411446390784
1271875595836817409
1271879264061751296
1271882551246893056
1271891780619952128
1271893954297020419
1271897148725002243
1271905681252200448
1271906686534668290
1271910417632235520
1271913989740601349
1271917707257098240
1271917762781347846
1271917805391282176
1271921538598658050
1271925313749090305
1271925312444608513
1271929088236716032
1271932727487578115
1271936640215388160
1271940412199120897
1271940433854201856
1271944188070973440
1271947962487394304
1271955512611962881
1271959287535939585
1271970643819597824
1271974389270155264
1271985747730608129
1271993260853133314
1272000812038991872
1272015952956268544
1272027234967203841
1272031008913850368
1272038578005127168
1272042334767714304
1272046110203404288
1272053677331791874
1272064938119397376
1272071104786567168
1272071174361677830
1272082413628403712
1272088007382794240
1272091723355820032
1272094996045475843
1272098955879419906
1272110639343964161
1272114718547771393
1272115979863175168
1272122331171880960
1272132843997708289
1272138245845942278
1272141738140991488
1272144572983005184
1272146771100102656
1272152355384045569
1272156415042428928
1272164197565071367
1272171822151356416
1272182064595513352
1272185802282467333
1272189562710822915
1272197104761540609
1272206190118871041
1272209606765432833
1272217532615843845
1272221679301857281
1272225165489909766
1272231125310746624
1272234572101685249
1272242924986736642
1272249290187051009
1272253725935992833
1272257109640523777
1272261312798752768
1272268998948896768
1272276376809283591
1272279810421731330
1272280150030389249
1272283927479300096
1272287700826062850
1272287714918924291
1272291476467261441
1272295251374374912
1272302827659038723
1272314126207983617
1272317899630231553
1272333036105928704
1272333046600130561
1272344328745205760
1272348131104116737
1272359425093898241
1272363197035507712
1272378329639931904
1272400945901682688
1272408498240843776
1272416065331617792
1272423644896075781
1272425381765746689
1272428465833357312
1272436435115814912
1272438735616069633
1272442480361902081
1272443805418086400
1272446289909776384
1272450019275296777
1272453853980635137
1272455050573623298
1272455238990147584
1272455407374606336
1272455568331018240
1272455737097228290
1272462373673205761
1272466535496527874
1272469338101035009
1272472674170789893
1272476483265626113
1272480218532376578
1272484011848466434
1272491544055029760
1272497961658974208
1272499096369147906
1272502867782438913
1272506672645394435
1272514196438204419
1272534092945506305
1272535703050752001
1272539316485529600
1272541032878669824
1272541818677272583
1272544438053675010
1272547070877065218
1272548182254407687
1272556517774876672
1272574515080544257
1272576953757896706
1272581042055131140
1272585887809974272
1272591032669143041
1272596940543442944
1272598609918193664
1272601284345028613
1272607348830453762
1272610690369544192
1272618239336595457
1272624240865525760
1272627489844723715
1272627489844723715
1272631256224796673
1272636387574059016
1272637834768375809
1272638769263411203
1272642539728797701
1272644684880515079
1272646318045839360
1272650088318291968
1272650093863284741
1272653868061655046
1272657638988316672
1272661419029340161
1272664966999543812
1272666169514827779
1272668964137689088
1272672743180230656
1272676544507457536
1272680287416184833
1272680292684357633
1272684063921442817
1272687840963559430
1272691614276780034
1272695423363420160
1272710491299774467
1272710547230818309
1272725585920430081
1272736910977490949
1272740685288964097
1272740704930971651
1272755784896729088
1272759560424611846
1272763358119329792
1272770886177718272
1272778451934740480
1272782209997582339
1272790282342477826
1272793120783192064
1272794256193839104
1272801830678999044
1272808188530827264
1272809023667089408
1272815337856290816
1272816210305069056
1272820650411884544
1272823760698163202
1272832612239839232
1272838879326896128
1272842623137517573
1272847269356883968
1272850084242370560
1272859975539400704
1272861482498359303
1272869043876376577
1272878320334639105
1272880355339497472
1272889342256652293
1272894768423538689
1272899231812956160
1272903293979758592
1272917950752870400
1272917953802051591
1272917956054441987
1272919397057859584
1272925192361324544
1272926979424124928
1272932972048588802
1272944270572388359
1272944801827225601
1272949406988488704
1272952650485694469
1272958462079766530
1272965295255281664
1272966614397353984
1272973003308052480
1272978080613707777
1272984371780300806
1272986769965883400
1272994260174934021
1272996936019316738
1273001183842643971
1273004973211758593
1273006201647882241
1273008734097281026
1273009561063100426
1273012764353728515
1273016255075803137
1273018082060091392
1273020126565187584
1273023803514335233
1273027355603320832
1273028155100598273
1273031355698425856
1273035128365875202
1273038901423288320
1273042677035122688
1273042676296933376
1273046450918895616
1273050229235998723
1273054001693687808
1273057776995127298
1273057803167502343
1273061553638604802
1273065326264102912
1273069101389357056
1273072874719502341
1273072939190140928
1273076714013417472
1273087976403156992
1273091750387646465
1273103074358292481
1273106849806659585
1273118173181722624
1273133274446118913
1273133271333961728
1273140847228399616
1273148372451577858
1273152816132108290
1273154627026984960
1273162455984885762
1273168354296160261
1273172653445087240
1273174813390131205
1273178575403974662
1273190385880309761
1273193670288818176
1273197480038064128
1273197573071912961
1273197700171915264
1273197829436170241
1273197926613954561
1273197991491493889
1273198107182993408
1273206129099710465
1273212552475037697
1273216344163528706
1273220118571634688
1273222383004979202
1273228013258375173
1273230054470926336
1273231429716062209
1273238968977494016
1273242772099694593
1273246517617360903
1273250685862252545
1273258966013837312
1273264132968665088
1273271593238749185
1273280714461663234
1273282956715491328
1273291369780580352
1273293957901045760
1273297253248249862
1273301918090174465
1273305215677206528
1273306811127513088
1273310800027975687
1273314466466107392
1273318264828026881
1273321580924407808
1273325806199209984
1273328448912723969
1273333369988952065
1273336599053586434
1273340889725726720
1273344666067300353
1273345335214161928
1273349928425795587
1273351576443211776
1273356021633822722
1273359184755666945
1273363552703741953
1273367318907817986
1273368334415925248
1273371105898758145
1273374864863375364
