1354572489465024514
1354587616994226178
1354761331023339523
1354776521928413188
1354791379315036161
1354875829147336706
1354915193889800193
1354919704654041088
1354925058356080645
1354925062499966978
1354925060432093185
1354925066744692742
1354925065373155329
1354925063963873280
1354925070951600129
1354925069588459523
1354925068133036033
1354925072260227072
1354942506547306497
1355108494970523648
1355123659535355906
1355139101981241347
1355168870290477057
1355179200001552387
1355186367173701633
1355186372248825858
1355186370663370758
1355186369056940033
1355186375302197248
1355186373779664899
1355186380012474371
1355259495400673280
1355276364312506368
1355282170810523650
1355304572701429762
1355320031043743744
1355485938353270785
1355516279885418501
1355576556110811138
1355644586790535169
1355848555609526276
1355878683475550209
1355919136879243271
1355930647500623877
1355938917178986496
1355977920922193927
1356007085645783041
1356210790114553858
1356240935437299713
1356317562196217856
1356349350113210368
1356368300150673414
1356369404351533057
1356384503216803840
1356399532041404417
1356558089793671169
1356573212377681926
1356586094775648256
1356610451765870594
1356656507614425088
1356689671229591552
1356689684886261760
1356709953570934784
1356725210985058305
1356725417466454019
1356731837079412736
1356746807578030081
1356761104119193600
1356761928031330306
1356777927313027075
1356935602843779073
1356950772953407490
1356974210145468421
1356976929560215552
1356978796671492097
1357071437593382912
1357093399090913280
1357094094191824897
