1296206227551199234
1296211493608984579
1296217301507809281
1296221929981042688
1296222992922546176
1296228585490075648
1296233633469038594
1296238960864301056
1296244726828535808
1296250235380011008
1296251539644981254
1296256830046449671
1296262354167046145
1296264128194064385
1296266502849679360
1296270979853963265
1296274571415388160
1296276084007276545
1296278050909442048
1296280531865423874
1296280660429111296
1296284685912473603
1296286904460234755
1296291000978157569
1296402023160610819
1296406551884947456
1296407230418477056
1296407230418477056
1296412290267451400
1296417749049147393
1296422992482914304
1296428522450366464
1296429819148873728
1296432663121866753
1296438179130736640
1296438316271915008
1296443358001405953
1296448867664375809
1296454247089934337
1296459907521183745
1296465651628900353
1296470999240777728
1296476320659058698
1296482028242849792
1296487746522021888
1296490912843997186
1296495956322656258
1296496493294161921
1296496683359113218
1296501664279666696
1296507011937566728
1296512340796624897
1296513426752262151
1296518154693283841
1296524576474705920
1296532834706915330
1296533645428166656
1296541821963833349
1296547746959298565
1296553709221171202
1296558920262127616
1296564822444736512
1296568965184053248
1296569990829748226
1296575774389149696
1296581385570979844
1296586643269455873
1296591894881894402
1296597320663007232
1296600620447805440
1296602687111299074
1296607940917551106
1296613452967022593
1296618686158123015
1296624179459117056
1296625347631419392
1296630003959058435
1296633432907419649
1296638300581769216
1296644030386843660
1296649142329118723
1296654364090695680
1296764460783329280
1296769707517804544
1296774879228956673
1296780322227593216
1296785713166536706
1296791098132779009
1296796685419655169
1296802244965408768
1296807448125284354
1296812548231135232
1296817860833095685
1296823052320346113
1296828441120186368
1296833498511179779
1296838951509135362
1296844552544935937
1296850106688442373
1296855146039857153
1296859671110852609
1296865263305011200
1296870868447100929
1296876107581579264
1296881448130154499
1296886303842340866
1296891959609626624
1296897432412917761
1296899308504190979
1296902371881234432
1296902384665473029
1296902828921946112
1296908486673039365
1296914177399951369
1296919819414110208
1296925604152049664
1296936352030875649
1296936749466296323
1296938383361675264
1296942057815146496
1296947828233850883
1296967992023154696
1296973391350693889
1296978136794574850
1296983639549411329
1296989146062426112
1296994393392648193
1296999712566976512
1297005213811957760
1297010720261931010
1297016263806529538
1297126881658011649
1297132270113914880
1297137652236517384
1297143022656925696
1297148555908587520
1297154196622516225
1297159255481552897
1297164645455859712
1297169988726525953
1297175428717858831
1297181000670294016
1297186457896001538
1297191922642157569
1297197215551823872
1297202820555341825
1297207911614160903
1297213488495054853
1297218821158305797
1297224270871965697
1297229398572138498
1297234904783228929
1297239981413539840
1297245269487165441
1297250734828859394
1297256398687023104
1297262099371106313
1297267212378611713
1297272369149509632
1297278009548976128
1297283316278792192
1297288474597482498
1297294019769389057
1297299346573201416
1297304821125570560
1297309912763113472
1297314993583652864
1297320245879803906
1297325498683531265
1297331097055965185
1297336660661800961
1297341520043966465
1297341839431868419
1297346971259277312
1297352483119992837
1297357750696136704
1297363127298920453
1297368681962516481
1297374057504137223
1297379458350043137
1297488883031080960
1297516607451865088
1297522053835350016
1297527135456854016
1297532657639788545
1297537733594886145
1297541090300526598
1297543281732210690
1297548321037443072
1297553597161443328
1297559302232838146
1297564673609433090
1297569969161605121
1297575179267313665
1297580356175114246
1297586439299960833
1297593860135309312
1297599089060782092
1297604206908583937
1297609372940591105
1297614773744537601
1297620154445176833
1297627306664570881
1297640339352825857
1297645913511526402
1297650742384361473
1297656133440733184
1297661434353070080
1297666804274405376
1297671947879317505
1297677137453948931
1297682645418205187
1297687853128974337
1297692978270609409
1297698558972436484
1297703949517062147
1297709332587479045
1297714458379169797
1297720051768983552
1297725373241851906
1297730860951666690
1297735938706214915
1297741134106710021
1297851572765024256
1297856861774008320
1297862294626541569
1297867655655895040
1297867655655895040
1297869216687816704
1297872979049709568
1297877137505034241
1297878100378890241
1297883380172951553
1297888743068700674
1297894314014539776
1297899655586631680
1297904675845529600
1297909998207598592
1297915155775356929
1297920290194849795
1297925683809865734
1297931336708227072
1297936808865669121
1297942550003818497
1297947691578785792
1297952826723794945
1297958164428664835
1297963267684478976
1297968910059352066
1297974720709701632
1297975408315510786
1297975517346508800
1297979881045860354
1297985244851834882
1297990675473014784
1297995869036392448
1298000533337374720
1298005779316903936
1298009219854106634
1298009255786708995
1298011251956752386
1298017000204259330
1298022646496604162
1298028298707120130
1298032113468481537
1298033791387291648
1298039495267430400
1298044953449332736
1298048477759496192
1298053520650833920
1298058622308671496
1298063954690936834
1298069158358331397
1298069633598201857
1298070228010766340
1298071560323043328
1298072163145199616
1298073936413032448
1298074886477316097
1298077500833136640
1298079937111490563
1298080123703500800
1298083679311409154
1298083840724959240
1298084349628354566
1298085156012675073
1298086677622280192
1298088655786049536
1298088774451236871
1298090055840542720
1298091285920780293
1298092941437698051
1298094800135217152
1298098940940890114
1298099076429492224
1298100411254091779
1298105535435280385
1298107562643070977
1298107688447025152
1298213539354759168
1298218868826157057
1298224165355433989
1298229518323404801
1298234941692665857
1298240322678542336
1298240874137235458
1298246334319861763
1298251489513791489
1298256870449192960
1298262392220966914
1298267497431314439
1298272880132648970
1298277978082807815
1298283492149780480
1298289140388200454
1298294659928797187
1298299887990312961
1298305353143246848
1298311039625449473
1298311353451651072
1298311525858516994
1298316508754583553
1298320805319905282
1298320989558837248
1298326479852445696
1298331755515195393
1298337364746670080
1298342898891657217
1298348569318117377
1298354141786509315
1298360894582398983
1298365946558652424
1298371533073788928
1298377042644393985
1298382401866014720
1298386790303358982
1298387264171659264
1298387961776570370
1298393468423802882
1298396262761365504
1298399057870807041
1298404408846356481
1298409695179411456
1298415227655073792
1298418149008846849
1298418294177882113
1298423548546088961
1298429321074409481
1298432144805638144
1298435056546062337
1298437614324916224
1298438713681293312
1298442073683763200
1298442262196768769
1298443008157913089
1298443469657198592
1298443517950402560
1298448406164234241
1298451299650985984
1298452699571261440
1298453395150442497
1298455800571138048
1298461568141754368
1298462066693623809
1298467849145548806
1298484628647534594
1298484667734261760
1298576024293257219
1298581425642524672
1298586865679904773
1298591977915777025
1298597250046754818
1298602513751474183
1298607930330222593
1298613432850292738
1298619318612238338
1298625288755191811
1298630767971569667
1298636088177827840
1298641770272653313
1298647246486081536
1298652914668511233
1298658582817394695
1298659110347579395
1298663608906395649
1298669097128001538
1298674782951690242
1298674899163197440
1298674918020780032
1298680451901673473
1298685272461381633
1298690651534622720
1298695702214828033
1298701309693112320
1298706441461731328
1298707174743592962
1298714867038224392
1298719969199263744
1298725197118238721
1298730874071023617
1298736462402289664
1298741676882657280
