1258156090275086336
1258160029775073280
1258163035128152064
1258166890662440967
1258171208912310272
1258174954249519106
1258177631763214339
1258180456262008832
1258182222399627264
1258183275106926593
1258184808460627978
1258184835589439491
1258188997052051458
1258192696050700289
1258192841051975681
1258194364695797760
1258197396351320070
1258200813366841347
1258203413214572545
1258206227701682177
1258207707955412992
1258209712451059712
1258209714946670592
1258212213900394497
1258215244947750913
1258216253640105984
1258218003939954689
1258220280851451907
1258220782439878657
1258223286426763272
1258223297214504963
1258225819866083333
1258229910151331840
1258231585532514304
1258232103063433216
1258232845509840901
1258234362266558464
1258236386873933825
1258241412044402688
1258242666330030080
1258243923820101633
1258244433889431552
1258244688630464514
1258245451612069888
1258246688260657152
1258248465953546240
1258248725530640384
1258248966443020288
1258250986767953921
1258252222250582021
1258252993117519873
1258252997508857856
1258253744631930880
1258255264341471232
1258256522200649729
1258258032049389568
1258258520975314944
1258259031426314240
1258260553446850560
1258261534922477568
1258262553530118145
1258264075315879936
1258267852227960832
1258271798594019328
1258275986262708231
1258280169309122561
1258283184954933248
1258286096452067331
1258290233373843456
1258294216289116160
1258298181630283781
1258302030701092867
1258305320771821569
1258308243027365889
1258311375186792448
1258313383612502016
1258315653070704645
1258317928388333571
1258319179465326593
1258324712825987072
1258328886502440961
1258331251343339523
1258334276329918464
1258335815056404483
1258338041766305792
1258342581290835969
1258345842186096641
1258347076439748609
1258349680330752000
1258351924748914688
1258354673356091395
1258358448917536770
1258362218334294021
1258363613443690497
1258365988896194562
1258369765116194816
1258371612077948932
1258373523480948736
1258377286421708800
1258379018400944128
1258381159542784003
1258383612585619457
1258386129906270208
1258388638473297923
1258391151545069570
1258393669138362369
1258396188770000899
1258398708720336896
1258398708720336896
1258401234853285888
1258403838006038529
1258406258333319168
1258409113199022080
1258410273817460736
1258411907419197443
1258415055005200384
1258418269679161348
1258419900240060416
1258421358243074048
1258423867732889602
1258426389356740609
1258428880567795713
1258431418197311494
1258433937690562561
1258436458643406849
1258438969420918784
1258441520438546436
1258443998177513472
1258445536291667969
1258449041416953857
1258451695375470592
1258455682535362560
1258457768379416576
1258459098007384067
1258461608638132225
1258464139590144000
1258466650313183232
1258469176953446401
1258470438382026753
1258471705305067524
1258474490486566924
1258475513762516992
1258479588629516289
1258483750519934976
1258486824315617283
1258488222923010048
1258488566835011585
1258488687861456896
1258488902240751616
1258489048877789185
1258489278654365697
1258489310506110982
1258491809703120906
1258494348808814598
1258496832914829312
1258500276576796673
1258500380729761794
1258500768526712836
1258504556964691968
1258507352598122496
1258507673986674688
1258507933739958272
1258508197184200705
1258508623845584897
1258509656676118528
1258510829928005633
1258512391756582913
1258517024415731714
1258519430977314819
1258523030386429952
1258523030105382912
1258523035373461505
1258523033565712394
1258523033389563904
1258524542424608778
1258524539702489089
1258524553766072321
1258528002419249152
1258530870555668481
1258532882881982465
1258533347019505666
1258533447150104581
1258533847567724545
1258537029081522176
1258539658704588801
1258542054113546240
1258544400767959040
1258546677993988096
1258547196984619008
1258548009123475456
1258548245363437571
1258548802018930688
1258551527347597313
1258551972807901184
1258554751857438720
1258557250857324544
1258558626362527748
1258558998858682369
1258559516645437451
1258559624552288263
1258560007781715969
1258562419791716353
1258564546375159808
1258564803846639617
1258564806854008840
1258566077312892929
1258567573525991425
1258568580108607490
1258569219190321152
1258569542793453568
1258569805159739392
1258570270605897728
1258570711293022208
1258571753296744448
1258573098967797760
1258573776985489408
1258573855397945344
1258576500091228160
1258577480300068869
1258580665815183360
1258581155562917888
1258581176551444483
1258582244874227712
1258584952695906311
1258585176998907905
1258588959187316738
1258591819291557897
1258592722698584064
1258594726158258176
1258596264469573633
1258596512566784007
1258597119847432192
1258600290074472448
1258600471897550848
1258601207783780352
1258603291166019584
1258603547018645507
1258604058937565184
1258605193073057792
1258605694476890113
1258607825183485952
1258611357840224257
1258615120298676231
1258617639854837767
1258620461900083202
1258620907754532866
1258622935675342848
1258626463668076544
1258630482704695296
1258631716815675392
1258632053320331268
1258633244095901696
1258633369258057729
1258633462543613952
1258633525395247105
1258634233397956609
1258634245293125632
1258636429652946944
1258636749997314048
1258637080307122176
1258637533103165440
1258638534140985345
1258639266629861376
1258639532611850245
1258640040277745664
1258641548918620161
1258641783170445312
1258644299710775296
1258645588998074368
1258646816364662784
1258649099022237698
1258649332900864005
1258650853084475393
1258651849831284736
1258653141052129280
1258654366170578944
1258656642679390208
1258656882782281728
1258659232653737985
1258660336812597248
1258664200290873345
1258668224301932545
1258671033944625157
1258675279763030016
1258679406534557696
1258681116040613889
1258682060862115840
1258689606620516353
1258693386598563842
1258696404123467777
1258699188470263810
1258700693415886848
1258703205732581376
1258706224113213440
1258707503262679040
1258709504532926465
1258713289305067520
1258717069861928961
1258720804197601280
1258724614315835392
1258728389525090304
1258732160929980417
1258738019789615109
1258740120771051522
1258740803750563840
1258743471407607808
1258748165630681093
1258749759298449410
1258749759298449410
1258751534512422913
1258755615356268545
1258757314670137344
1258761514561015813
1258763082639106049
1258766431174475777
1258769007609556993
1258770653815111680
1258772423698255877
1258775160791973888
1258777435572711432
1258779539947360257
1258781733668954118
1258783744430878721
1258786266365267968
1258789204038991874
1258791306601603072
1258793799620403202
1258798849377918978
1258800060923551745
1258801359152963586
1258803857221541888
1258806368099725313
1258808914780528640
1258811420814249984
1258813926600474625
1258816448740327424
1258819007072874501
1258821138882453505
1258821141147324421
1258821140010741763
1258821147505893376
1258821145702400001
1258821144620273671
1258821143483604992
1258821151024914436
1258821148978094082
1258824008717475840
1258826524096114689
1258829302596067336
1258831542815805441
1258834083121180672
1258836238884392960
1258836583421292545
1258839104546123776
1258841219657949184
1258841637284990977
1258843109800046593
1258844196741558279
1258846665877970945
1258849183500578820
1258851686631845894
1258854200034852864
1258854729016201217
1258854947241840645
1258855692829470721
1258856738515804163
1258858720945156097
1258859238924980224
1258861746527363072
1258864528990916615
1258867041794240512
1258869546288644100
1258871798831239169
1258873643389591552
1258877111223357445
1258878269182611469
1258879403347623936
1258879619836542979
1258882129804570624
1258882169579192320
1258884653756248064
1258887154371039234
1258888170567077889
1258889694512906240
1258892195509264384
1258894735202299905
1258897236873936896
1258899751451459591
1258902282013458433
1258902545977745411
1258904783710281734
1258907306739326976
1258909816539537408
1258912343397990401
1258914849809104901
1258917362373406721
1258919890905432070
1258922407844331521
1258924915861925892
1258925740080410624
1258927188398784513
1258929945314840581
1258930995295739905
1258931205203877888
1258931295746285568
1258931370459459584
1258932463382007809
1258932986218758149
1258934994745122818
1258937500137148421
1258939382813192192
1258939581035982848
1258939686023643137
1258939799710261249
1258940039830155264
1258940369829597184
1258941898393366533
1258943795942625280
1258947578487595009
1258950851332321282
1258951346209898497
1258955114368425984
1258958898087768064
1258958903473246209
1258962680481820672
1258965293235232768
1258965351393456128
1258966445586886656
1258968710565507072
1258970222616346624
1258973201704640513
1258977758711070721
1258981822807097344
1258985329303961601
1258987172146941953
1258987830694612992
1258992846620602368
1258996641283129344
1259000396330045440
1259002931950608385
1259007970135998467
1259015511968538624
1259019288729526272
1259023071350083585
1259026853148323846
1259030390259531777
1259034384772055043
1259038174849966080
1259041933789364226
1259045714744745984
1259049482911649798
1259053272914186240
1259060598534557697
1259064576097890306
1259068375382265856
1259075936852545538
1259079679912431616
1259083443767439360
1259091026955907072
1259094785060724737
1259098571070210049
1259101846595153921
1259104700013690882
1259105627739226113
1259109379539906564
1259109422489579520
1259111762730913793
1259113659252518912
1259115540070752256
1259116922139967488
1259121219317780480
1259121958307889155
1259124708437606401
1259124992924684289
1259128089440903169
1259128775171887105
1259132530109931526
1259136083343876096
1259139388644233216
1259140075302146050
1259143876528549895
1259146417593102337
1259147030288568320
1259147137755025411
1259151186722279425
1259152874187128835
1259152894659567616
1259154191777497089
1259156688948649985
1259159471814819840
1259162220828798978
1259164225907417088
1259166304122085376
1259169027215241216
1259171793790697478
1259174559116406786
1259177329550598145
1259178466672607233
1259181380224856064
1259184364384137216
1259186888545644545
1259189666030419969
1259191359031951361
1259193192588738561
1259196705645498372
1259198339087839234
1259199225470038017
1259201984839720968
1259201984839720968
1259204772932071427
1259207522600321025
1259211630140891136
1259214331323002880
1259217085877702658
1259219857452797953
1259222635180888064
1259226665185685505
1259229425767460865
1259232207543156736
1259234960470409216
1259237726861303821
1259241756647927808
1259244519746424832
1259247293863165954
1259252823553970179
1259256867383099392
1259260637588455427
1259264154629804037
1259268177508347905
1259271980571865089
1259275732427079680
1259279748016025600
1259283278105845767
1259287072541757440
1259290852121120768
1259294615955480576
1259298373464666112
1259302179766231042
1259305923304206336
1259309702984478721
1259313482891132929
1259317277415165955
1259321033275957249
1259324807281287170
1259328596272992256
1259332609722716162
1259336128634720256
1259340145234513925
1259343681993216006
1259347703718457345
1259351222433337344
1259355264525926400
1259362801212174339
1259370373013016577
1259377904099774466
1259385463183466496
1259393005464805376
1259400532948660224
1259400566003941377
1259408105823182851
1259415650801528832
1259423211059662849
1259430764086689792
1259434520262127617
1259438126826692609
1259442060047851520
1259445831314391041
1259445858766028804
1259449632096161792
1259453393271218176
1259456321721688065
1259457186226454529
1259457209567764488
1259460963448782851
1259464729921294338
1259468507651158016
1259471525016715265
1259475808407748609
1259479821568159744
1259483003597750272
1259483060862664706
1259483121310982145
1259483605245493249
1259487370996572162
1259491148072132608
1259498689686654977
1259506268454166531
1259510563299876869
1259513794251960333
1259521363188031492
1259528907734364164
1259536455086604290
1259544017181847553
1259547532788629511
1259551614739910656
1259555853465718791
1259558889944645637
1259562619876397057
1259566418032500736
1259570172072992773
1259573947768733696
1259577729189474304
1259585281809924096
1259589300171223047
1259592822946234373
1259596605264744448
1259600377810485248
1259604395987292162
1259607915322884097
1259611967829966848
1259615497269764097
1259619499722117123
1259620880239427589
1259623021825966081
1259625700157542401
1259627060567425026
1259630554791755781
1259634588680323073
1259638376317272066
1259649684953587712
1259653237445181443
1259657252853686272
1259660756699811844
1259664793423790082
1259668338894143488
1259672354881486852
1259675868005388288
1259679903089393664
1259683424035536910
1259687431391117314
1259690961568923649
1259695011739906056
1259697207852388352
1259698507654615040
1259702553618657285
1259706070890659845
1259710082079764484
1259713619635437568
1259717650021826568
1259720660647120899
1259721179268595712
1259725187731410944
1259728710640549891
1259732745158381573
1259736261704790018
1259740285170483201
1259743821996441601
1259745070405779457
1259747852504481792
1259751365032792064
1259751370124656641
1259755385981939713
1259758918261190657
1259760678358876161
1259762933787250688
1259764698142179328
1259766971194843136
1259768987149307904
1259770478136373248
1259772245012078594
1259774012533673984
1259777802364125187
1259778549466238978
1259781564768096256
1259782564732121088
1259784842687975424
1259785589689323520
1259786380856758272
1259789110136446978
1259790880027881472
1259793148223553541
1259793452772007936
1259796671124443136
1259800480345096192
1259803216830758918
1259805020851261440
1259808003278155776
1259811754638442496
1259815540161490944
1259819310035480578
1259823121189797889
1259825615303213058
1259826869681238017
1259830699718295553
1259833144888475648
1259835650083139585
1259838227567042564
1259840702206414850
1259843227466846214
1259845744196009987
1259847089825165316
1259848414008918024
1259850782821756928
1259853745388695552
1259856884846166021
1259861482084470785
1259865278806196224
1259873353600569345
1259874405322129409
1259875678574518274
1259876942582616064
1259878206439636994
1259879457176932353
1259880724523606016
1259881977127276550
1259883482744004622
1259885999745884160
1259888532174385153
1259888532174385153
1259891051218767873
1259893545697259521
1259896082617765888
1259898564529946628
1259898584495001601
1259903079958433797
1259907282613293057
1259908649897603077
1259911172142370816
1259913713114644486
1259916212202606593
1259918726369095681
1259921278758256641
1259923751153606659
1259926274442739712
1259928788588269569
1259931311768289281
1259933822642262016
1259936348015910912
1259938690849288193
1259938854297092098
1259941254927974401
1259942186587754501
1259943884953714689
1259946186632343552
1259947156787441664
1259948542292000769
1259948624915521536
1259950419293483008
1259951931843362817
1259953853857968132
1259954457221226498
1259956233739657216
1259956952148344834
1259959020204556301
1259959325251928065
1259959519901151232
1259959784457097217
1259962607601139712
1259963705762201615
1259965463028793344
1259965577726173186
1259970160233979904
1259974042213322753
1259977852453294086
1259980603090448384
1259984649964736513
1259985564033564672
1259990067851993090
1259994484944900096
1259999054785888264
1260002850085756930
1260006779041112069
1260011395044659201
1260015931134054401
1260017490110771205
1260018939788050434
1260019477057400837
1260020650934104067
1260020966882594824
1260022053148622848
1260022395311542272
1260023516050546688
1260024227899432962
1260024393838718978
1260026584351649793
1260027581518110721
1260027893125537794
1260028097350402049
1260029426651332608
1260030599231713281
1260030757088591878
1260030812616929282
1260032969579745280
1260033721983315971
1260034461011529728
1260034738338754560
1260035490360639488
1260036976541138944
1260038390025793538
1260039268237484033
1260039515688837122
1260042011144409089
1260042282704809991
1260042438112051203
1260044034225123328
1260045301320167424
1260045312326074368
1260045821170647040
1260046043833675777
1260047311763374082
1260049573688545281
1260049590058979328
1260050080767320064
1260053363338731526
1260055102502703104
1260055359177347073
1260056626624630785
1260057390415777792
1260058385040449536
1260060903929712640
1260062928214077441
1260064695152771072
1260065441885630464
1260066436128612353
1260066684712386561
1260068213972520963
1260068213964054530
1260068448442429441
1260068699593150485
1260072471287513094
1260072485288054786
1260073489429598208
1260073978187694080
1260076018250985473
1260078012139266050
1260080024704749574
1260081038077972480
1260082044706619393
1260082785978667008
1260083041701158912
1260083808218550272
1260085315177496577
1260087599114354688
1260091123646844928
1260095138371645441
1260100146089668608
1260114256898543621
1260116526415347712
1260120284645994509
1260121305996767234
1260124831133163521
1260136825164791809
1260139222566125569
1260141188297916416
1260143958321180677
1260145707425705984
1260147733832368128
1260150233469718530
1260153011801935872
1260155272921743360
1260156845899034624
1260159039377457153
1260162830722109440
1260166593088233473
1260170391273832448
1260174151559544832
1260177923530686464
1260181697376763904
1260185509764173828
1260189251045593090
1260193020181467137
1260194733042872320
1260195540068941826
1260198065002119169
1260199834725814272
1260200555063898113
1260203082350235648
1260205602569150464
1260208149652537344
1260210651223543810
1260213980729049091
1260215930887569408
1260218529074331649
1260220711655923713
1260223570963320839
1260225754576687108
1260226993804791813
1260228236895678471
1260229522219249665
1260231347865600000
1260232645566439424
1260233304625885191
1260235939776954373
1260238031849652230
1260239590545338369
1260242942075297798
1260246070170451968
1260248398487326720
1260249628034977793
1260250915220660224
1260253441429037057
1260254214846058496
1260255943838834689
1260258468172369924
1260260182376034306
1260260994686820357
1260263485692411904
1260266012747890689
1260268652013785089
1260271043052216322
1260273559349460996
1260276108550864896
1260278586365423622
1260281106504564736
1260281111353180162
1260283641982263297
1260286136796221440
1260288676829028354
1260288676829028354
1260291206107594752
1260295261244526592
1260296636246433792
1260299845446877187
1260300777639211008
1260303766345191424
1260307307679940608
1260311052522307584
1260313222382407680
1260313857597288449
1260314279179321349
1260316688580575232
1260317486119084033
1260321421663916033
1260324145998462978
1260324454313398272
1260327840672866306
1260328931938439169
1260329662380683266
1260330937163939843
1260332449999007755
1260335570628366337
1260337976690835456
1260341230292144136
1260344020024406019
1260345266231808001
1260348344238571522
1260351191558619139
1260353989503303685
1260357652506443777
1260360346495332352
1260363809199398912
1260366340692606976
1260368994344861696
1260369620252442627
1260372613471309827
1260375356810448904
1260375472573210625
1260378974653493249
1260380429049356289
1260382538645856258
1260383779782303744
1260385058432716804
1260385434795941888
1260385732914528256
1260385788367384580
1260386047642554368
1260386275263238145
1260389354788343812
1260389587345641472
1260389841029775361
1260390810807414785
1260393340236976130
1260394057412546565
1260394146017292288
1260397138426712064
1260400907570814976
1260404441745940488
1260404673133060099
1260406205492551680
1260408450800066562
1260409430744674305
1260411947591233537
1260412219826855939
1260414463997550593
1260415986685132800
1260418255686156290
1260419780026171392
1260419777295724544
1260423546452480001
1260425038819405829
1260427310781673480
1260431095507664907
1260432328901394432
1260433590107516928
1260433608533311489
1260434009705906177
1260434848503775233
1260434872683892736
1260437133845770240
1260437364658200576
1260439881374982146
1260442398045454336
1260442431306244102
1260442443113271296
1260442442286989314
1260443419387793409
1260445440471896072
1260446172876922880
1260446185602584576
1260449947884965888
1260449966876758016
1260453722636894210
1260453742270431232
1260453995883237383
1260457508579278850
1260457763131572224
1260460287565729793
1260461286430736385
1260465076718444550
1260468849461297155
1260472620593688576
1260476148892479488
1260478399501475840
1260480178393931777
1260481686342635520
1260484946524868609
1260494619030294528
1260498045763977216
1260500555610324995
1260502551931346948
1260505070422106113
1260507605518221312
1260510139607584769
1260512635340144641
1260515145480011776
1260517152261656576
1260521430032289792
1260525222203187201
1260527314208686081
1260528995046694914
1260532755307401216
1260536548564574208
1260540324696424448
1260544080657997824
1260546956541202432
1260547869599203330
1260551645148086272
1260555428100026368
1260557924738400258
1260560448228929536
1260562979164127234
1260565480605200386
1260567984453664770
1260570531943927809
1260572354985500672
1260573029735825418
1260575849528647683
1260578097457442818
1260578288524759047
1260580601868017664
1260583832794869761
1260585787143438337
1260588134900944897
1260590650279559168
1260593189003673600
1260595670676881414
1260598188500824066
1260600719494823936
1260603229727076353
1260605738378027008
1260608272677175297
1260613290637615107
1260615820381650945
1260618329573728257
1260620854226046977
1260623362776281088
1260625884433862656
1260628389276377089
1260630939262164992
1260633406708187138
1260633852499943432
1260635946166386688
1260638471338831872
1260640904379015174
1260643497645953024
1260646027595411456
1260648521255940096
1260651042460413953
1260653543767199744
1260661185285779457
1260661512340938753
1260663540085555207
1260665128988692480
1260666383320391681
1260667655595470851
1260668144026218496
1260670148555374592
1260671185282641920
1260673931083685897
1260675597841264646
1260676464632094720
1260680593542647814
1260681564310122502
1260685436206407680
1260687784169349120
1260688872897380354
