1245629658080501760
1245707580346970114
1245714589276344321
1245718439819390976
1245723512427421697
1246022826496339972
1246038058597855237
1246069261660913671
1246072544530034688
1246108556979560449
1246132035556696064
1246132033857912834
1246153907597869057
1246375129988374535
1246407008321929216
1246479189039026178
1246479187357110273
1246479190414811136
1246488483260174337
1246823163637497858
1247051690530004992
1247051695152140293
1247051692581031938
1247051699786784770
1247051698087931904
1247051696494256128
1247143892354568200
1247434478601015301
1247472899386216450
1247503201701638144
1247512625010835457
1247524531230527489
1247571589148717056
1247856208117186560
1247901720547438592
1247912420846243841
1247924310414680064
1247940280893964288
