1245609675141210123
1245639145420025857
1245644641896034304
1245655486461923330
1245659351957688324
1245659434870657027
1245663320537006080
1245665039727591424
1245684027174125569
1245684061814865920
1245688866205585413
1245697491351330817
1245697620363948032
1245704702475612160
1245704717906456576
1245704736654983168
1245704748323438597
1245710155574099968
1245718882972729344
1245740575778844673
1245750468757860354
1245756067797229570
1245765051845431299
1245782823740608515
1245785603398078464
1245787432131473409
1245801988358578177
1245802027629916161
1245802055094149120
1245807121909919745
1245808653741043714
1245808671453589505
1245808823534845953
1245812757187919874
1245819380128190470
1245951812408160261
1245989511768813568
1245998611382624256
1246012219655163904
1246015870486405121
1246018381184143361
1246075242075713537
1246097995931824129
1246130655605534722
1246142925869735936
1246148000759582728
1246171153300951043
1246173702057795585
1246189215613947905
1246329219296251904
1246354388786065409
1246372426130350080
1246388345300815872
1246393502734442496
1246396006415163393
1246415840179822592
1246433325226643456
1246465144466661376
1246480481606086656
1246491222086242304
1246510389128572930
1246716770062422016
1246721599996399622
1246743130101002240
1246750196102582274
1246754657764102144
1246754686855712768
1246788679944855553
1246800007484903426
1246800850451869699
1246802463933554689
1246820169357410304
1246821204637474822
1246865752189214722
1246872741065756672
1246902838233632771
1246902925508726784
1247048895257067520
1247051464540917760
1247162610228871169
1247176970980462592
1247208173196509184
1247235156924039171
1247240909311430656
1247241788705947649
1247258451299926018
1247267237825859584
1247403734449025025
1247432774790926336
1247434815797854208
1247441595739275264
1247446615104860160
1247454697553891333
1247456769238016000
1247468328098181128
1247474245417996288
1247490861509869568
1247501879656894467
1247517968130404354
1247564482404126720
1247570039731077120
1247570869028818947
1247574968692588544
1247591200191848455
1247591933649793025
1247597529371496448
1247629624395419648
1247773727003013120
1247788887025405953
1247803992890961920
1247819044222382080
1247833569764028416
1247841124917575680
1247864289421115393
1247915824100368395
1247918791113269254
1247936513121439745
1247939660392865799
