1311465034162360322
1311494316334997505
1311501105998770182
1311509416290680834
1311510931445288960
1311511692715712512
1311511692329848839
1311513201708855299
1311513201608208384
1311513201104781312
1311529805427478528
1311531308888322049
1311533586961649664
1311540381276934150
1311541131889516544
1311542636143091712
1311556248886747136
1311556250593906688
1311564551842914304
1311568328591323136
1311571992697597952
1311572852815134720
1311573284685742082
1311574359060996096
1311574369769009152
1311575889289900032
1311577386606043136
1311584945425571841
1311586464568938496
1311592477044940800
1311597000987750401
1311597029739687937
1311597030679228417
1311597772706062337
1311602311966457856
1311607607782780936
1311609119795806208
1311609119502147584
1311609123532922880
1311625693885861892
1311625725695406080
1311630263563284481
1311631011281854475
1311633277602746369
1311639320051277824
1311639329719095296
1311645361728094209
1311646874512887816
1311647637796462592
1311647637570039810
1311652154726375427
1311654442094276610
1311671006025732097
1311677815268483072
1311679330091700225
1311683859503812615
1311686129457016836
1311692890935042048
1311693194032230402
1311694424267784193
1311695938004692992
1311697387694555139
1311698966891966464
1311701987822632961
1311701987608727553
1311705040759992320
1311705039707287558
1311707266995847168
1311712909047758848
1311717078257164289
1311733017203834881
1311736698045423617
1311743473188589571
1311745769297391626
1311751808403099648
1311754071825620994
1311785777362276352
1311797101383348224
1311809181809287169
1311825790330384386
1311831832586006530
1311836358068051969
1311865543205490689
1311877622129930243
1311879906071064576
1311879903567065094
1311879910638714880
1311879909560774656
1311879912790413312
1311895643397525505
1311896501199740928
1311897254131888128
1311900287964270592
1311905572074196992
1311907084703854592
1311911794286485504
1311913893040709633
1311917670586093568
1311917972290785280
1311923706286018560
1311926724767166464
1311936107387457536
1311936282562617345
1311939556288147459
1311944585992699904
1311946362452422658
1311946361550577664
1311953910643515392
1311971274957217794
1311973521623572482
1311976567002849282
1311978078214725633
1311981831932325888
1311982595484332033
1311984860869820417
1311987122958749703
1311991665578696706
1311993179109982208
1311993926157512704
1311994675625066499
1311995417882750976
1312000359498428416
1312003585610309633
1312003585610309633
1312007507762728961
1312009031213613056
1312009029300953093
1312011287778545664
1312013561422655488
1312015037800878080
1312018104126447619
1312018837240414215
1312020356656496642
1312036222542458881
1312036221942726657
1312041490454122497
1312042933043036161
1312044524219387905
1312048297389981702
1312049041669337089
1312052817339846656
1312055847057580036
1312058100682297344
1312058865052196864
1312061886020620289
1312062639439306752
1312063903522787330
1312064140966494208
1312065652233064448
1312067915060056070
1312072444459577345
1312073179716825088
1312076182259728385
1312078937036644352
1312085682777620480
1312088287822131200
1312088291068588032
1312089038967517184
1312089484360642567
1312110937155883009
1312110936245714951
1312116965574504448
1312132816918835200
1312136596041285632
1312143382723006466
1312147158921965568
1312165272199983104
1312229051478814730
1312229054377005056
1312230567090491392
1312230567044407296
1312250198371033088
1312256062976856064
1312267561539690496
1312275117746069504
1312278136302772225
1312291959868993536
1312294744526147585
1312295495717531648
1312305318668447744
1312306800558067712
1312307578320363520
1312313625646977024
1312315134468067329
1312318913875791873
1312322772408979459
1312325708757241856
1312331560914497536
1312333264846237696
1312333264686911488
1312346661419655168
1312352149037346816
1312352909812740097
1312355886241902594
1312368751468253185
1312374039722315776
1312376858533478400
1312392146763251714
1312397445184192514
1312399723521806336
1312413268997074944
1312413287208943619
1312417062829129729
1312417809075499009
1312422161848496129
1312423856557170688
1312429886439645190
1312431404521795584
1312432917503766528
1312439682374934529
1312462356740366338
1312497846411653127
1312497846323568642
1312610372898127878
1312610372818481157
1312623211650088961
1312635290742292485
1312641330112323584
1312650395131482120
1312652661083328513
1312654939911598081
1312654939743834115
1312654939714449416
1312659462256295936
1312667767204646913
1312673054003286019
1312678317724762112
1312678849944059905
1312680603653988352
1312681372646080513
1312683633145249792
1312683637331161088
1312689566671941633
1312694965697490945
1312698733101015040
1312699483734581249
1312703263435829249
1312709051004977153
1312713836642918405
1312719872179273736
1312739248005509120
1312747800975806464
1312757617354305537
1312759880449757188
1312765165797101570
1312770451769372672
1312771211252961290
1312772933291593735
1312773478404112392
1312783289141391360
1312787065671688193
1312788551898198017
1312789327160770561
1312801407611924480
1312809734773366784
1312813499375128577
1312814243947872256
1312819530008330240
1312822539106824192
1312824806493114368
1312852752972865537
1312870100345683968
1312873129035919363
1312906358824595457
1312954658693021696
1312960704400551937
1312961462118363138
1312961462692982784
1312963733531103232
1312963732968886273
1312989122877952001
1312998943052226560
1313002635235143680
1313005752756449280
1313005752420904960
1313010279266082817
1313013944253022209
1313017819177586689
1313021578700087297
1313021612162273281
1313024633147404288
1313027650168983552
1313034413102505985
1313035947227967489
1313043511135088640
1313048803482710017
1313051813961240576
1313055563576680450
1313063908626833409
1313066165854498818
1313071441894690816
1313071461788246016
1313071461758894080
1313072955983880193
1313081261628575744
1313081976795140096
1313082789869350912
1313082788434915329
1313084273281372161
1313087302214791169
1313093320789368832
1313097882459934725
1313098590844223488
1313100892867092480
1313104631673827329
1313108239786147842
1313113725684121604
1313116762125348866
1313124310169649154
1313125052955713536
1313126543644917761
1313127769337929734
1313131095035187201
1313140903637323777
1313143923888599040
1313149057645281286
1313149208992587777
1313149389666422787
1313150721496436742
1313153711691247623
1313155246328340480
1313155447394836481
1313162033408307200
1313162033408307200
1313162250820227073
1313162794360098816
1313165805970882560
1313176720795725830
1313177137336119297
1313182416601837568
1313188453023129600
1313190719599894531
1313191479477784581
1313192230476296195
1313199030424481797
1313199785671888896
1313202420235804673
1313206579320295426
1313213379188850689
1313248832147337218
1313321313377947651
1313322072555376641
1313322831187509250
1313322831476862977
1313325096463892481
1313330377419882496
1313348141383659522
1313354381379633152
1313357409658773504
1313358904378753024
1313366471628779520
1313368737014317058
1313370251812319232
1313370252219162625
1313373286798102529
1313374025150853120
1313375461989322752
1313375768370610176
1313376290624372736
1313376296685178881
1313377049130786817
1313380846192164864
1313381237516644352
1313386106705108992
1313387591119630336
1313391395848282115
1313401208934141952
1313411029083328514
1313411041712365568
1313412515368448001
1313415255880536065
1313416378913824774
1313422360968658946
1313424622772277248
1313425375855337472
1313425398852710400
1313426847263338496
1313430642055688192
1313435949137883141
1313435947908968450
1313435953051111424
1313438223834771456
1313450273566789632
1313454079990005760
1313462373127254016
1313474454731792389
1313481988498698242
1313487248730599424
1313487284424105987
1313488759359406083
1313489517131726848
1313493159608016896
1313495585018834949
1313495586587410436
1313497105546305536
1313497105206587394
1313508430519439362
1313508430343176199
1313512951341559808
1313515976101634049
1313520644534001671
1313522752683421703
1313524419759796225
1313525781184815115
1313526588915539968
1313527300810567685
1313536358762401793
1313539520516755458
1313541258917425152
1313542401143853057
1313545415241986048
1313554620698902528
1313554869710659584
1313554894134169601
1313555235110088705
1313559767743426560
1313565801849524227
1313571093299580930
1313571847355723777
1313602796697026561
1313608835739848708
1313628462704463873
1313636002469163008
1313657891228987392
1313685070453104641
1313686585146249216
1313686584752066562
1313686584500400129
1313686583636307969
1313692625153687552
1313701676537315333
1313712310360342529
1313722877603131405
1313741006060376067
1313744783374987266
1313747785674559488
1313749307011497985
1313750820803010560
1313756857165635584
1313756859875106816
1313760643686768641
1313760643510665221
1313766679877488640
1313778005970481152
1313781018789322752
1313781026028740609
1313781786141433856
1313784043603976193
1313784804266172416
1313790853404598272
1313792339522007040
1313792608641208320
1313794615082876933
1313799904037396480
1313801428566249473
1313804434405810176
1313805205985808390
1313806676164775936
1313806715482181632
1313807461015588865
1313809722294915072
1313814267322396673
1313821064389156865
1313836145458008069
1313837657751982082
1313847466748530694
1313850501046374401
1313851215063773184
1313852739462606849
1313859650362716160
1313866228969222144
1313867840106135552
1313868626164953088
1313872369736388609
1313872381157543943
1313873145334505472
1313873890603663361
1313881446579408899
1313885982014480384
1313886555082088448
1313890498436792320
1313890498336219136
1313892013633400832
1313897270136508416
1313901654689939464
1313904079593246721
1313907844824150018
1313913159695192064
1313916754297462784
1313917676188831744
1313919181998501888
1313927499135496197
1313929006564204544
1313929006035673091
1313930571962290176
1313930637741621248
1313930947356749828
1313932127499583491
1313936525172846593
1313937641771950080
1313948635873280001
1313950892626972672
