1311426454622818305
1311442010683977728
1311444647798091776
1311445558440194049
1311446432965107712
1311447307586605056
1311448179670503424
1311456083844698114
1311467452908351489
1311496321342345217
1311505811034836992
1311512957965291520
1311513786461884417
1311514612567859200
1311523969300914176
1311524022639898624
1311524732207009793
1311525104887758853
1311526614556184576
1311527753133547521
1311528884094013440
1311530396379738113
1311532671571496961
1311535847582445569
1311544372622753792
1311544812559110144
1311545157205061638
1311545638711160832
1311546159488524288
1311546653522956288
1311546908188569603
1311547648869117953
1311548417156493312
1311549161616166912
1311549929215721472
1311550671376744450
1311551445032984576
1311551558677598208
1311552203203792896
1311552942542131201
1311553710682763264
1311553827657658369
1311554454924283906
1311555224583254016
1311555963460243456
1311556733186211841
1311557985861238785
1311558987825938433
1311559744826548224
1311559889014132736
1311560487600033797
1311561257577783297
1311562757498601472
1311563518685175814
1311564260720418818
1311565034623991808
1311565771164790785
1311566315090595840
1311566538693107712
1311567045637607425
1311567069884932096
1311567285266657280
1311568562339876864
1311568972941332480
1311570307380121606
1311571239035719680
1311571581039185920
1311572826797805568
1311574088595505152
1311575334005899264
1311575407209197568
1311576523577663488
1311576618176057345
1311577656425668609
1311578112048664576
1311579135299420160
1311580922089668608
1311581642088230912
1311582643780284417
1311584165754798080
1311585404915679235
1311586913783107585
1311587938912948226
1311589186714120192
1311592165634699264
1311592705147965442
1311593238869016576
1311593752503496705
1311594676642885632
1311595870610239488
1311597559442538496
1311601805873369089
1311603039292321792
1311604122307698689
1311604297977786368
1311604297977786368
1311605547075067905
1311608060675317762
1311609321541832706
1311610182066212864
1311612058702675970
1311627041284984832
1311628147167813632
1311628696802000897
1311629228572540929
1311629770984169473
1311630911964958721
1311631737831804928
1311632094011981830
1311638236352184320
1311638853124526080
1311640034102194177
1311640411203678211
1311640791144640513
1311641769172443137
1311645104260644865
1311648736582545410
1311655469514096641
1311656675993149441
1311657424047271938
1311657809721864193
1311658598632689666
1311658950635388929
1311659657254113280
1311661591331516416
1311662162478272512
1311662358020780033
1311663501052534786
1311663838962556928
1311663864887476230
1311664695158296576
1311670265596833793
1311673881019781122
1311676324176592898
1311677001699340289
1311677849816965122
1311680078594682883
1311682751091834880
1311683276357218308
1311683884699054080
1311684652483178496
1311684721764642816
1311685014023819267
1311685577461424128
1311690334766796803
1311690850661994498
1311691466532696064
1311692369838903297
1311692965518209026
1311693374324436993
1311693730857050113
1311695222527741953
1311696729528561664
1311729610510524418
1311733418644910080
1311735297483431938
1311738301980856320
1311765157878607874
1311773832500449287
1311789508535279616
1311796902304903169
1311799757195616257
1311800728894279681
1311801709912559617
1311802673839190016
1311818618615853056
1311822985108639744
1311823844638896133
1311824690848161794
1311825489577865221
1311826301397995520
1311845106597662723
1311846384304357377
1311860746108768257
1311861284921643008
1311877756842631168
1311886456609288194
1311886826957922304
1311887582565982208
1311888723865489408
1311890218455359488
1311890564162424834
1311891355912859651
1311892489117327361
1311892867133181952
1311894009216991232
1311894015411982338
1311894763424153601
1311895131600162816
1311895542868385792
1311896282139590657
1311896282039037952
1311896669034819585
1311898537119154179
1311902707406569472
1311903284555378688
1311905897883598850
1311906790154608640
1311906870823661570
1311907542956740609
1311908283490414593
1311909043875840002
1311909555383799808
1311910040794804225
1311911066234912768
1311911812032540672
1311912152282935296
1311912156032626689
1311912582723309569
1311913777252704258
1311914272927215616
1311915350032777217
1311916344686845960
1311917062512668672
1311917111065956352
1311917855659745280
1311918625238982657
1311919357539352576
1311919611101802496
1311919700763435009
1311920362045739010
1311921123030962176
1311921885727412224
1311922638298767360
1311923395634888705
1311924409796571137
1311925149701156864
1311925887483490305
1311926408185348096
1311927192599887872
1311927666925285378
1311928898242973696
1311929425756409856
1311931448182607873
1311932702556409856
1311933953713016837
1311934079143759874
1311939006922358786
1311939585493143552
1311939718918045697
1311941278469414912
1311947681594585090
1311950314950602753
1311952583586701312
1311957890723467264
1311959570210795522
1311960361868972032
1311960520732405762
1311960877214633984
1311961901111410688
1311962426443694082
1311962645851930633
1311963523531112448
1311963802099953665
1311965421617246208
1311969567753854978
1311970614090043392
1311971507069956096
1311972420987883520
1311972965987299334
1311973785562644486
1311974706002767873
1311975479994445825
1311976619737788416
1311978659000078342
1311982057946517505
1311990031721148419
1311991903693479936
1311993921434722304
1311995814118600705
1311996450029604864
1311996788048646149
1311996866574286853
1311998127998676994
1312000151054094338
1312002599948881923
1312002849321226240
1312003607877816321
1312003984341827584
1312005054623289350
1312005677557088256
1312006587532312576
1312007122746564608
1312007655620317189
1312008195305603072
1312008722189778944
1312010842343432192
1312012674113384448
1312017868150710272
1312020098853548032
1312022125759344643
1312022128141762560
1312022515955400706
1312022520313327618
1312027049968664576
1312027049968664576
1312028460970369026
1312031269660786688
1312038005738217472
1312038392545316866
1312039129824342017
1312039169435332610
1312039780700622849
1312040411402301445
1312041049968214016
1312043578449895424
1312044772216000519
1312047830559854593
1312048207183187968
1312051604133228552
1312058522729877504
1312062207484735488
1312063349044150272
1312064078970589185
1312066002973339649
1312066351633235968
1312073934901215234
1312077112715730944
1312098302616240128
1312130247047835648
1312132134753034240
1312138929018028033
1312141965358628865
1312143467603140608
1312148785145868288
1312149131175948289
1312151963203629061
1312154882183368704
1312155854452387840
1312156770337341441
1312157462854725632
1312157680757219328
1312158566829105152
1312159332188917761
1312159439097479168
1312161234678996992
1312165908660461568
1312166538867167234
1312176963243536384
1312177719761760256
1312178488602841088
1312179253333557248
1312200763804770307
1312208071007985664
1312229249781313537
1312234978131009536
1312235761421426689
1312236537346752512
1312237309450952710
1312256092764803072
1312257589154062337
1312258732575858689
1312259861527310337
1312261366175215617
1312263634987384832
1312269169455443968
1312277995327979521
1312278760985710594
1312280153326792704
1312280261242036224
1312280734829359104
1312281306949210113
1312282334809513985
1312284430598320128
1312303417394688000
1312306332062699521
1312306720425861121
1312308738070646784
1312309738827325440
1312319804141973505
1312327885945012224
1312328267635056640
1312332094786371584
1312338846114287623
1312339318959112192
1312340372358656001
1312344139405635584
1312349529245704193
1312350076715642880
1312350629743013888
1312351171059871744
1312352283418652672
1312360391725510657
1312360488752340993
1312372051475341312
1312372607803691009
1312373163834122240
1312373712117813248
1312375854710886401
1312380069050974208
1312381959205777410
1312395093765218304
1312406699345616904
1312407333092446208
1312417989724188672
1312418247472558082
1312418562917761026
1312420896326529026
1312422783180247041
1312424303154036736
1312429511292657664
1312429602606911489
1312431705144397826
1312434895789187083
1312436407596584961
1312439074188218368
1312446223572377602
1312452344697692160
1312463837283577856
1312475243378700289
1312475875653242881
1312480992318255104
1312487052089327618
1312506326132482049
1312509692795469824
1312510884598616065
1312529103526916097
1312544821542817799
1312546078449954816
1312555626107723776
1312562631849508864
1312576456560709633
1312581549443944448
1312584946238849024
1312585557390831616
1312605340303855617
1312617815740907521
1312618195589763072
1312626140683657218
1312626607245455360
1312627648900861952
1312628774828232704
1312629922146508807
1312631423770275841
1312631432267866112
1312632561521381377
1312633698173562881
1312636098103869440
1312637054568869888
1312637466952773632
1312637987549859841
1312638944987746304
1312639920461303808
1312643890982289413
1312645408351543296
1312647395876970496
1312652211252494337
1312659767115108352
1312660112331485185
1312663547168555011
1312670333623820288
1312677533155037186
1312681808161640453
1312682334425096194
1312682862580293643
1312684423322664960
1312684930971979777
1312686442129297415
1312689624842723328
1312693710723973120
1312701713728581633
1312702845947457536
1312703607754698752
1312705066600665090
1312705122506596357
1312707429285662721
1312716185730011137
1312720629712515077
1312721651860221953
1312722418537058305
1312723408455708672
1312727046112636928
1312730849209708545
1312739025795645448
1312739581285011457
1312739843332546565
1312740743191031808
1312742888703434752
1312745546579402752
1312759192185380867
1312759717538738177
1312761378722263042
1312762674523049985
1312763920285917186
1312764693954605056
1312765697064407043
1312769211899482112
1312773819766108160
1312774407203557383
1312774997707022337
1312775583957487618
1312785306119217152
1312792080897449985
1312793366678188035
1312795094051848203
1312795094051848203
1312795844467453956
1312795895688237058
1312797145406283777
1312797739483369472
1312802652623966208
1312805994884464641
1312808228418449411
1312808782020464644
1312809320204165120
1312809868827529216
1312810426036621315
1312812480821784576
1312827985553170437
1312828363900366849
1312828363753639937
1312830090670206976
1312830733287862278
1312831014880907264
1312831366099279874
1312831981248446465
1312832606703161345
1312832905937330178
1312838942446809096
1312841595025330176
1312842165064732672
1312842348959879170
1312842756482568192
1312846517666013184
1312853588830380032
1312861068889403392
1312864824305635329
1312865446769709056
1312887926934704129
1312899402395267073
1312899414965583872
1312933619523112963
1312945284209676293
1312973520658485249
1312974653900681216
1312976154106769408
1312977290146521088
1312978429088854017
1312978437192245248
1312979013313404929
1312979936903389185
1312980918026620929
1312981359711981568
1312981873409261569
1312982205497516032
1312982360594558978
1312982876623958016
1312984649262661633
1312985380287848449
1312985890365550592
1312986355836891137
1312986397637312512
1312986398849368064
1312987403020365824
1312987906848555009
1312989132621262848
1312993167055216640
1312993168296759302
1312998198861017088
1312999240730198016
1312999972548366339
1313000613576404992
1313002252467134467
1313005661849034757
1313012091670999046
1313014356846804992
1313015548419158016
1313016331894231042
1313019635583913984
1313022270936408068
1313024920293695489
1313025111138631686
1313030594394238983
1313031561235832834
1313033726046150656
1313034715700629505
1313035392963227648
1313036366566035458
1313037105233264640
1313038190987616256
1313041561790410752
1313042910280060928
1313046083468173312
1313046645219745792
1313047999292084224
1313048749275570177
1313049514723377152
1313050274412597249
1313051459349622784
1313052079301287937
1313053466152128519
1313054923312037888
1313056853761372164
1313057063392751616
1313057213771141120
1313060536041562113
1313060537425711105
1313062151418974210
1313062158855438336
1313063979183476736
1313065375362318337
1313066501344292864
1313070984757424129
1313071836285018112
1313072720863809536
1313073303213535232
1313075598697218048
1313076407245983750
1313076642483515401
1313077214276136964
1313078040692494336
1313078974499753984
1313079278502842372
1313082558813437954
1313084842603577346
1313085084199718919
1313085807696244737
1313086584019922944
1313093437395267584
1313094280332931072
1313094616481173505
1313095552431779845
1313096539162791937
1313099147789164546
1313101158437851139
1313102921895215113
1313103185750503424
1313103940049920000
1313104695091658756
1313105406982533120
1313106430745022464
1313106946380177409
1313109305818841089
1313110467959717888
1313111713076645888
1313111891632414726
1313113996132855810
1313117938640183296
1313119456948781067
1313119625413099520
1313120207888674817
1313123995491938310
1313124748868681728
1313126463227465729
1313127932391497728
1313128480343810050
1313129022503739392
1313129577812721670
1313129577464635393
1313130809562402817
1313132695120216065
1313136101671010304
1313137050518986753
1313139513267499009
1313140092232495106
1313141778934005761
1313142525411102720
1313142544730128384
1313143287843360770
1313144524307398661
1313145554042580992
1313146694192762880
1313147063790637059
1313149479860744200
1313150762780962816
1313151990302732290
1313153244168949760
1313153500709376001
1313154188218695682
1313154815048982528
1313154999908696066
1313156279444140032
1313156527654604801
1313156548047372289
1313158035930578945
1313161906870509568
1313163693828509699
1313163701738971138
1313165964582760453
1313182593110749186
1313187907637858304
1313189401653137409
1313196976037679107
1313205282873511939
1313209071709945858
1313210576034725889
1313223820208152576
1313238332701396993
1313243630581305347
1313244606511943680
1313245384362414086
1313246284392935427
1313247188798107648
1313249142525833229
1313257459503505408
1313257459503505408
1313266381425569792
1313267207594541057
1313277111797518338
1313277946770214913
1313278733692870656
1313286559379197957
1313287700007485444
1313292254581227520
1313306992052785152
1313311837186936834
1313328224609411073
1313335727267119111
1313337234079338496
1313338360660926464
1313339501742379010
1313341018121568256
1313342149350621185
1313343284538945536
1313344038196699136
1313345774193909761
1313346311446556672
1313350463383842816
1313354241080205314
1313356642428293120
1313357087687278593
1313357594803798016
1313358387233591297
1313358414320414721
1313358844484096003
1313359091243376648
1313359548372185088
1313359865016913920
1313360859079598081
1313361049731690496
1313361435704078341
1313361608392015872
1313362128896696320
1313363190651195392
1313364386547937281
1313365594767609857
1313365965405646849
1313368614842531847
1313368682857402368
1313369749963894784
1313373911350902784
1313374755173662722
1313377986725515265
1313379489704013824
1313391618091868161
1313392488707756032
1313393356710596608
1313394223828348928
1313398063734689792
1313398478631047168
1313398610575405056
1313399362920288256
1313399885501280257
1313402621680648193
1313403489469505536
1313408697226407936
1313413428896239617
1313413725748170757
1313414956965154816
1313415182505390080
1313415992387817472
1313416878224822272
1313417488760279040
1313418223791099904
1313419505738145796
1313420765686116357
1313421761808142336
1313421941563437057
1313422021657845760
1313426051515719681
1313426481486409730
1313426977848729602
1313427930798751745
1313429316546498560
1313429488047476737
1313430715208544257
1313434255616286720
1313437358482690048
1313438827227353089
1313442372538245120
1313444916446539776
1313446675596406784
1313449176441774080
1313449236135112704
1313449700004188162
1313450733900115970
1313451249707122688
1313452215206645762
1313452840896135168
1313453517261152261
1313453764838338562
1313453981532815362
1313454985162747907
1313456444763766786
1313458728910323713
1313460764783661061
1313463550296420353
1313464072881549317
1313464318650920960
1313465299887370242
1313466553552297984
1313471611450908672
1313471681781002245
1313472191682490368
1313472802998177799
1313473371317956610
1313474364923424769
1313475261204226049
1313475367554998277
1313475871529992203
1313476007861587970
1313481304500035584
1313481753655422980
1313489689962217473
1313492155747446788
1313492271942303744
1313493232236597250
1313494905881272324
1313494927456731140
1313495617696604165
1313496249161715713
1313496943901970432
1313500514059980807
1313501551261036544
1313502046390308865
1313502458942050304
1313504728970649601
1313510392249962502
1313512354651529219
1313513373569515526
1313514194524930048
1313514875382095872
1313515323593719809
1313516079499694081
1313516098608869377
1313516833098608641
1313516883799281664
1313517210745352192
1313518152001687555
1313519107950739457
1313519345415446530
1313520657804779521
1313521379438923778
1313523258722004992
1313524023981150208
1313525524787073025
1313525909895491585
1313528194725801984
1313539516645470209
1313545187323506690
1313562202134245379
1313570537206145024
1313576594271801344
1313578096172429312
1313586049185185792
1313589816093749251
1313600213089648640
1313603815011123200
1313610079149731840
1313610942593273856
1313611805760147467
1313613532739629058
1313614395101057025
1313615271781896192
1313616158067699716
1313621294655647745
1313622160850784257
1313623023384178688
1313623863184551944
1313655837018259457
1313666921833918464
1313667741891452928
1313668565661347840
1313679055162572800
1313687753217933312
1313693792692731904
1313694184986030087
1313698339473457153
1313699465749041152
1313700555311722497
1313700603269394434
1313701102844608515
1313701645491089408
1313702116511318016
1313702192684175361
1313703253482364928
1313704382546968576
1313707029773586434
1313708161132568590
1313711568862031872
1313722127019802630
1313722950034632706
1313723628656222210
1313723634654085120
1313724049764372480
1313724049764372480
1313725770024595458
1313726255989248001
1313726256257658880
1313727025572610049
1313728581957292032
1313729043481669632
1313729341533163526
1313729786280280065
1313730807245271041
1313731549871955968
1313736164625584129
1313737014076989440
1313737586331078656
1313739095684853760
1313740190037532674
1313742578991407104
1313744860625735691
1313746642709995530
1313747667193868288
1313748456234778624
1313749279547236352
1313749393456140288
1313750164419620864
1313752451124809728
1313753537113985024
1313754314834411526
1313755497925881856
1313756930041577472
1313757772459245571
1313758615254245377
1313759466161012736
1313759997294190593
1313760738700414976
1313761758025322499
1313762524500758528
1313763114635194368
1313764783037050880
1313766397487525889
1313778458665930753
1313780020054196224
1313781357106155522
1313781881830244354
1313782706778636288
1313783549766627329
1313783970018988033
1313784832292515841
1313792871770849283
1313795894718980097
1313796682321190912
1313801569503191040
1313804304210427909
1313804966759366656
1313805322138660865
1313806104095264769
1313806313307148288
1313807313526980615
1313808309107990528
1313809313035694080
1313809933557669888
1313811780443934721
1313815476414418944
1313816470980308992
1313819343667552256
1313823977693999104
1313828466157064193
1313829469354971136
1313830482870759426
1313838654696165376
1313838762833649664
1313839418407555072
1313842462163689478
1313843219189452800
1313844008238620672
1313847355410714624
1313850370813288449
1313850986469957633
1313851610800545792
1313852210061750272
1313852639608811522
1313852828448886784
1313853487638249472
1313854357172105218
1313858682728390656
1313861336137437186
1313862256577384448
1313862486010081282
1313862880194854913
1313863522997207040
1313864139371053056
1313864815052558346
1313865499403530240
1313865869488001025
1313867986617413633
1313868173553348608
1313870329274667008
1313871464035213312
1313871939950260227
1313872720405368833
1313873758764007425
1313874506814042113
1313875513333755904
1313876758375129089
1313877960743628800
1313878510029746176
1313878952889536514
1313880244307341312
1313880984803307520
1313881804080902147
1313883085629460480
1313884407103545344
1313884951683698688
1313886289687699456
1313888961618759680
1313889694355251200
1313895364047654912
1313905202190266368
1313907099550846982
1313913538671448065
1313917695662923776
1313920712328044544
1313922986123165696
1313925629369372672
1313929025090449411
