1311427358423998467
1311433898178621441
1311441697528852482
1311659130919292933
1311693884599291916
1311701213038211080
1311702422453182466
1311715168489963521
1311726346230542342
1311751242721394689
1311762315872788486
1311795574597971983
1311800820225245187
1312062807291105280
1312080412588609538
1312092755124842496
1312104572010131456
1312110862501507073
1312135367949086725
1312144581794832384
1312151877757222912
1312152893508644864
1312154298239741954
1312161944946700288
1312408068840402944
1312415620160532489
1312488593642799104
1312499926769651714
1312510491776872448
1312766944286830592
1312783041224486912
1312793610576945152
1312829093302489089
1312852997374910465
1313144434591232000
1313153987617710080
1313167086995333120
1313196022449963020
1313204575906693120
1313214133387644928
1313230234175627264
1313237788385570816
1313245836424499200
1313254897689800710
1313454003582373888
1313454002219122689
1313454004781883393
1313466547093098497
1313474848522412035
1313501815216967680
1313516373298098184
1313525774801154050
1313543322313592832
1313555888049979394
1313575505535275009
1313586333810675713
1313596398705745921
1313603444524158978
1313856112790319106
1313866688807481347
1313886566046203905
1313895122292137984
1313906953698107392
1313912485779509248
1313932608808517633
1313943466150367238
1313950995622375425
1313959792755593220
