1311547643751956481
1311551786063400962
1311578712014557185
1311637130318413824
1311702617366712321
1311705289234747395
1311932186908667904
1311933348345008128
1311934223293521920
1311941206876844032
1311945091490222081
1311946076086317056
1311946249151668226
1311946637951021062
1311948859673841666
1311950382059454465
1311951354173292544
1311971777065693185
1311976107906924544
1311978037458669568
1311998615083073538
1312035270305419264
1312061274113536005
1312291041886707712
1312317969272201223
1312348923302875139
1312371929140035584
1312371942289215489
1312372229313888262
1312656701292716033
1312690171771576322
1312731947257548800
1313005433305681920
1313005751258898432
1313007083827101696
1313025993603506177
1313026771101548546
1313028077111455744
1313039810102263808
1313045133156380672
1313053129341104129
1313063749608185856
1313063764359553024
1313063775155650560
1313064214899175425
1313081275411030020
1313123893872414720
1313127209931091968
1313147678046519298
1313155508099047427
1313157391291224068
1313176712499388417
1313379715307188229
1313435454017024000
1313440479095279616
1313499436274909184
1313519111373238275
1313530808339181568
1313735812228493312
1313752225081159681
1313754949080276992
1313763939340124161
1313790937496199168
1313794484233269248
1313794816661225473
1313804263047327750
1313821627394617345
1313880626286784512
1313880629885403136
1313880628526542849
1313882910882230272
1313884194058260483
1313904526752133121
