1293798460416761856
1293798599411851266
1293828591034277889
1293843242103050241
1293870159858458624
1293891502113017861
1293898522929041408
1293903817432416257
1293906266222243840
1293915417841344518
1293920660343988225
1293932898702237697
1293933554192117762
1293934023925014528
1293934166762029057
1293934324191055874
1293934401055797255
1293934516797681665
1293934607776329728
1293934807848714245
1293934971841912832
1293935123218472962
1293935292399915009
1293935373270290433
1293935548038610944
1293935643635134464
1293935746013945860
1293935936963858434
1293936030295429123
1293936114055680001
1293936268276113408
1293936398857383937
1293936521985298437
1293936701233156102
1293936755389992960
1293936869814800388
1293937209771515904
1293937369440309248
1293937489489596417
1293937587799957506
1293937740736868352
1293938034396876801
1293938113128083462
1293938208267436032
1293938332414681090
1293938406691680258
1293938552368234503
1293938665928916995
1293938964051775488
1293938965549133824
1293939233950969858
1293939390784442368
1293939646083334147
1293939742757789698
1293949783535747074
1293959446876626950
1293968548109393922
1293986317060182018
1294192909311336449
1294192930912186369
1294192939950903296
1294193978414370816
1294238552075767808
1294274158520602625
1294284072768897028
1294288535772692481
1294333675589505025
1294348073511026693
1294348132097183744
1294348141672660992
1294351289388879873
1294506657641373696
1294514578009853952
1294538146319933440
1295103131219623943
1295274381971791872
1295328025740038145
1295494794488225793
1295631465355583488
1295647852090347521
1295660619086139395
1295667258346225665
1295667955397808128
1295668239016628227
1295668399843024897
1295668489986998279
1295668555384598533
1295668674351824898
1295668813866971136
1295669090112217088
1295669584108953601
1295670178395623424
1295670355273678848
1295670423544311808
1295670665710841857
1295670788050374656
1295670963464527873
1295671067789467649
1295671400511016960
1295671706263199745
1295671837104525312
1295672337061249024
1295672434000101376
1295672621934284800
1295672956258050049
1295672957826670592
1295673079549566978
1295673170742185984
1295673539866091521
1295673677208485888
1295673836977954817
1295673950790393857
1295674158513295361
1295674238624395264
1295674650110889989
1295674895330938880
1295674995327336449
1295675098679173120
1295675674666074113
1295675673139445760
1295675671260397576
1295676617692454913
1295688026497134593
1295703803325554688
1295721694825459722
1295732067876167684
1295750654816903170
1295751436886777858
1295786454858305536
1295811004807426050
1295991128601300993
1295991215247196160
1295991779716747266
1295996101334630400
1296004719815675904
1296014102456872960
1296016719836844032
1296024693548490752
1296028965140824064
1296031611633446912
1296032056418410496
1296041205063704580
1296050173832048641
1296064559632048129
1296073720549855234
1296074701467291651
1296107364580503552
1296109253401497600
1296131625517023232
1296182713809068033
1296182747149590529
1296199545790103554
1296199569437609985
