1288817585824370690
1288834991326212096
1288839765379489792
1288862454659899397
1288882801392193539
1288931423727099904
1289173498124935173
1289184040885641216
1289194424531136518
1289205711461736448
1289223176069636099
1289239905168629761
1289253746849931266
1289274911572267008
1289294543716638720
1289314926624780290
1289565804095143938
1289606573359271938
1289628718038581249
1289663697632157697
1289913340245028864
1289940883903614976
1289987585616486406
1290026082914177024
1290265917222342657
1290298890957160459
1290310209634697216
1290320022729035783
1290333612546629639
1290343673012588545
1290355003027345409
1290368591938936835
1290625033036062721
1290636887401562118
1290650702977671168
1290675162304712705
1290691977017786369
1290709370892845056
1290987465105383433
1290995975755112448
1291009321006960641
1291018119247527936
1291026189168128009
1291037749064208389
1291049585268404224
1291059391748280327
1291071722435862528
1291095709522034694
1291101673755115526
1291112491918000128
1291123065636651008
