1255627052948107266
1255643801533759490
1255667230039314434
1255678120658702336
1255702831375540225
1255714606636576769
1255715492280614913
1255719732701024257
1255724652024025088
1255724655828185088
1255730861485502464
1255730865432416256
1255738655110565890
1255738660177281027
1255741191607459840
1255745194907107328
1255745246513836033
1255745322959200256
1255746463356903424
1255746468998242309
1255746473049931777
1255747887071363073
1255751742668636161
1255751751254360064
1255751747701805056
1255753381366374401
1255754312917176320
1255756916267065344
1255756924953538560
1255759126883418112
1255760543870320640
1255760553294913536
1255764514798264320
1255764511467941888
1255767046232723456
1255768011832807424
1255772151380094976
1255772156358807552
1255773591892905984
1255774721972621312
1255775995560419330
1255776000614576128
1255776005345677312
1255777357266391040
1255777361313792005
1255779766717820928
1255779771667095553
1255781007426494464
1255781011658625024
1255781016700096513
1255783438260604928
1255783687960104960
1255784558127128576
1255784564255064064
1255787104057122816
1255791376266072066
1255792255291609091
1255792259519348736
1255796237938417670
1255796241579094016
1255798681032409088
1255798752880873472
1255799846239375360
1255799850584637441
1255801197505777664
1255803610736332801
1255805050447945728
1255806240749424640
1255809029412139010
1255809035372240896
1255811629939412993
1255811633827512320
1255812918417018881
1255816753399107584
1255820598472826880
1255820603023556613
1255824477369368576
1255829501273157632
1255830681432854529
1255832040613859328
1255834497129594882
1255834501252513793
1255834501252513793
1255836808027529217
1255839288798961664
1255842064878710786
1255844643788533760
1255844649597571072
1255849765083983873
1255851100483313664
1255852304940572673
1255852308530966529
1255853422382899200
1255853426480742400
1255855844157198340
1255859261961273347
1255859412264202241
1255862989044973568
1255864423681589248
1255865774566191109
1255866861050347526
1255870667679023104
1255870672011739139
1255871955997253632
1255871958429904901
1255873217065095168
1255874314286620675
1255874319252627458
1255874323841273856
1255876614816174082
1255876628078645255
1255881492376494080
1255885074718916610
1255888912385441792
1255890250733363200
1255892654774276098
1255892787083522048
1255904623501737986
1255904990406889475
1255906402905788417
1255910023668158464
1255917883638587392
1255917888986324994
1255919268769738755
1255921640933855232
1255922770216652800
1255922775212134401
1255927844804407297
1255933117032026114
1255934203209883648
1255934200642969600
1255934808745824256
1255942051260248073
1255951178199900161
1255951183027585027
1255958666957803521
1255960961565044736
1255962323593854981
1255962328778055680
1255962332230025217
1255967299275800577
1255982561643368449
1255993590913867781
1256007261866115073
1256015458832125953
1256033017270882304
1256053036188827648
1256073084601335808
1256084408064507904
1256093410387267585
1256097194622533633
1256098275528183808
1256098280800477187
1256106326482202631
1256108683479715840
1256114809021640704
1256118535820136448
1256122471708864512
1256123548546093056
1256124939104653313
1256124943730978819
1256124947648446464
1256130128167534594
1256131334113820672
1256132705202376707
1256132709463851009
1256132714006302720
1256135118672015361
1256137899533352961
1256139039310262279
1256141377542533121
1256146474716606464
1256147718331936769
1256149100246024192
1256149106218672128
1256149108487839746
1256149113793634304
1256149116981317632
1256150479295385600
1256153292557692931
1256154610470916096
1256155758305083393
1256155763355107329
1256158351601393664
1256158356257026050
1256159637084213249
1256161058420600833
1256161464315977728
1256163814208389120
1256165078262480896
1256165086810574849
1256169247216209920
1256170505087975425
1256173164461207553
1256174425705242624
1256179301814341633
1256181657691971584
1256182819665174528
1256183941674995713
1256185072492982272
1256186286723010560
1256188531824824322
1256197143934701573
1256197153527119874
1256207452514799618
1256209051727400960
1256213699347578882
1256214893876981761
1256217622422736899
1256217626868662273
1256223598735437824
1256224909249982467
1256224912886415361
1256226003095105536
1256227428655128578
1256228839635800064
1256228843020582915
1256231157009723394
1256233682504953858
1256234863264509954
1256236125653524482
1256237470037008388
1256237476848549889
1256242341955993602
1256245076646379528
1256246395423596544
1256246399819288578
1256251972132446211
1256252710250319872
1256252716776656898
1256255060893470720
1256255065410678785
1256256351593955333
1256256347517210624
1256257690357108736
1256259953985302528
1256260528110022661
1256261375959150595
1256263937651363845
1256267624918462464
1256269935996739584
1256273865753464834
1256472992466362369
1256513550719365120
1256524125688008705
1256535462426091521
1256552516566814726
1256614393959284740
1256836387011207172
1256840175017172993
1256871404718510081
1256873591318118400
1256891269953060865
1256916464524767236
1256951897770115073
1256976812753801219
1256978322266849281
1257187997981818880
1257199529922830337
1257203077771333632
1257248686935019522
1257274547310661632
1257278568285048832
1257339040107507713
1257384228930621449
1257562169538785280
1257565372145979392
1257595706233290754
1257609478842843137
1257701519501246466
1257708622001422338
1257746739852988417
1257805042100260865
1257924809033482241
1257927854748307456
1257957933679284229
1257968626352697344
1257975790127517696
1257999122289827840
1258013717800812551
1258063071349821441
1258109046634287105
