1283570348374528002
1283627522417205248
1283634979730333700
1283641248411201537
1283654610062901249
1283657663423885312
1283659259981500417
1283662270191607809
1283666983255445506
1283667173035081728
1283673088186621954
1283676060287152128
1283679747298545665
1283684355668410371
1283689799430307840
1283692666836967424
1283693949845221381
1283697006620352518
1283705779749564416
1283709283385966594
1283712407966306305
1283712636811726848
1283717457941803010
1283718051398127616
1283725620510433281
1283739642584588292
1283740444569018371
1283740572331769856
1283741468700684288
1283743123781365761
1283745846866190336
1283747802376478720
1283751262513762305
1283754946458980353
1283764537783721987
1283766953262354437
1283774040902172673
1283788851312566274
1283794303853244419
1283797502928486400
1283799418110717952
1283802791987773442
1283806605566447618
1283810388061163521
1283815023815598081
1283819268841394178
1283820904246640640
1283824963645038598
1283830873549398021
1283834044845830145
1283839181559664643
1283844697014833152
1283847158542880770
1283856528353775616
1283986238970757122
1283986609248129025
1283991714420658177
1283995205071495169
1283996533680222208
1284004971940327424
1284013269200646144
1284020198522212353
1284029344193617921
1284041799527550977
1284041959569580033
1284046568467898369
1284050284130574337
1284050731159490561
1284054912893095942
1284060135971860480
1284066085453606913
1284066620994924546
1284077103852421120
1284081287129706497
1284085663869161475
1284087363409522688
1284093776361926659
1284097464388268039
1284114473402458113
1284117453623132161
1284128962030055426
1284131058896850946
1284133020862218240
1284136285389688834
1284149260783693825
1284153157652799488
1284168695858761729
1284176949343027201
1284183067217854465
1284197774192508936
1284203099977142273
1284213194928672768
1284233698393632769
1284242922582478859
1284352220708900865
1284356665010262016
1284359778463109120
1284367315828604929
1284374870554542090
1284381209062146048
1284382426391875585
1284385355387604992
1284389982275350528
1284393042267578368
1284397538653745153
1284400932168568833
1284401098460200960
1284404257970692096
1284412623199535104
1284413433245556737
1284427851027165184
1284433605549264897
1284439818030768128
1284442822288924674
1284449828907384834
1284462070621179905
1284474714195451905
1284490675292123140
1284495920948813830
1284501428845842432
1284513538279604224
1284519019303903237
1284522573401817093
1284524651520184325
1284542134603874305
1284542134603874305
1284558429202395137
1284562330362101761
1284572685394223104
1284590023996776448
1284707063009095682
1284714607827980288
1284722155947786240
1284729733469671426
1284737271871213569
1284741630852059136
1284744811833163777
1284750917108195329
1284752355519598592
1284756460006772736
1284767459317350400
1284768314758246400
1284788352349286400
1284791342833467392
1284793629639356416
1284831265829658624
1284847594120904704
1284848192304173056
1284851290565152768
1284864834102800384
1284883893951307777
1284888747469832192
1284906906830745600
1284915200756457472
1284951964342784002
1284954230260891649
1285061905783099394
1285069436886691841
1285076992237481984
1285084552872984578
1285085894588997632
1285092084744097792
1285094928373166081
1285109310494834688
1285125818033872896
1285134785208295425
1285136683546148864
1285141853264896000
1285144949634338816
1285145440443342854
1285147753333624833
1285151132189364225
1285157030509121541
1285163136132222976
1285168808907374593
1285174209409425409
1285175726803767297
1285179173041049601
1285187066209476614
1285187304177504261
1285199209675853824
1285211582411223040
1285217544773804032
1285217924890996740
1285221695242956805
1285229223318294528
1285234306944770055
1285240104945160194
1285245094032027648
1285247974767984641
1285249896191328257
1285250672410202112
1285253910509256704
1285256674593386499
1285258523849494528
1285268356766072834
1285273773386719233
1285274458652119042
1285287433001676800
1285310715692298240
1285421075715764225
1285424337160491008
1285431830792089601
1285439393575186434
1285449851006836736
1285460091051925504
1285473665585487872
1285478162290417667
1285492470793621504
1285493234974826497
1285495423906590729
1285500190338830336
1285502085165985794
1285514320491810819
1285519711938240514
1285520912662634496
1285526298731909120
1285530578989789186
1285532997475762176
1285537353096994817
1285543639716900865
1285547156393340929
1285560309898518533
1285564387378561024
1285569371880984578
1285574471726903296
1285584789559541760
1285586585749278721
1285590475106328577
1285597288975540224
1285599213456416768
1285600824169832452
1285601193138454530
1285604712058966021
1285610237999886337
1285615948448366592
1285616322303471616
1285629384070766600
1285643308254089217
1285649514871881729
1285654147413442560
1285664202103730178
1285678224601735171
1285683486544801797
1285794207727321091
1285801792090120194
1285809307385200641
1285811822982049792
1285817933797756928
1285824413586329600
1285833339937730561
1285837032598786049
1285840346358874112
1285845837176885248
1285847124324818947
1285854580773879808
1285856836407775232
1285862184837406720
1285864623133073410
1285865168992456704
1285865426195484673
1285875451307732993
1285884942271029249
1285890377153642497
1285893955545178113
1285911610050191361
1285918019915571205
1285922223296057344
1285928750685855747
1285934003837636609
1285938747117383680
1285940872929050628
1285949263734870016
1285962679623069702
1285968298899841028
1285971823977431041
1285973448616017922
1285974555270565888
1285974909399838721
1285990442711089162
1285997842511921152
1286002318316638213
1286011455838593026
1286013237465616388
1286020645151813633
1286029111018823681
1286032007546523655
