1308904049559900166
1308919075742121986
1308934278684737536
1308949323712008193
1308964375647023104
1308966076588462082
1308968528477851649
1308971963050856448
1308975718848757760
1308979499304878080
1308979561074434054
1308983763846787073
1308987053422632961
1308990828539457536
1308994570840145920
1309002148810764288
1309009672943423488
1309017241875341313
1309028421876490241
1309032349334753281
1309036113756069893
1309039958955569155
1309044668433403909
1309048425548320768
1309054516634025987
1309059189143109635
1309062941447249921
1309070210276745216
1309073843672285186
1309077669951275008
1309085265886097409
1309089598501519362
1309092719818465280
1309096802201853952
1309101848142503938
1309104670061846532
1309108539194052613
1309114787398328320
1309115122829463552
1309119172258025474
1309126714170191874
1309130518034878468
1309134278932996098
1309138016854777856
1309145644980895749
1309150331742363651
1309158092366585863
1309160994321707010
1309164458015682561
1309168241999327238
1309171989639176192
1309177644303482880
1309185921300955137
1309187089049812994
1309191104345104384
1309194708321742859
1309199756422533123
1309202188581781505
1309205969432440841
1309210649663344640
1309213539526209540
1309217329146929153
1309221142784339970
1309228638525689868
1309232414468780035
1309236644915142659
1309246862042562560
1309251262374801414
1309270161048903681
1309273950061572096
1309277701023375363
1309281464954089472
1309285244953137152
1309290672151826435
1309295970585399297
1309297746139111424
1309304153315987456
1309310035525357571
1309315675828215809
1309319233378168832
1309323009396822018
1309326469198499842
1309326763097497605
1309335901626040320
1309341892685987845
1309349423927963649
1309354311424540673
1309356959758389248
1309357031736958982
1309360752688586753
1309364549091495937
1309364696739446787
1309368284584857600
1309372063275253760
1309372314048499713
1309375853189627904
1309379629669584899
1309379642030202880
1309383386776113152
1309392025083617280
1309394731210858496
1309398515722924032
1309402296741232640
1309406056477601793
1309413593109143552
1309421147092586496
1309424907466559488
1309428649582567425
1309433932014813184
1309436255466328065
1309440934929666049
1309443818811518979
1309447272845934593
1309450689299521536
1309455127955283979
1309457860741468160
1309467560983834627
1309471410532872200
1309473998326169600
1309481550023716865
1309485306698067969
1309492858852962309
1309496638042517507
1309500486098325506
1309504197927337984
1309508108490887169
1309511757896052737
1309515548418617344
1309523055786496001
1309526874255654912
1309530654216945664
1309534405531230209
1309538180136341505
1309541983925436416
1309545703895597057
1309549748668583938
1309557077161934849
1309564605514027009
1309568352537452544
1309575920525750273
1309579701900513280
1309583484726448128
1309587272715644929
1309591002580041728
1309594803152343041
1309599411283144704
1309606121401917440
1309609875853410308
1309613649892237312
1309615527007002629
1309617426754142210
1309621299677933569
1309624982058733570
1309628749298561025
1309628849882304513
1309632526013661192
1309636347930574857
1309640083910406152
1309643853243150337
1309643876186099716
1309647626036563969
1309651488298459136
1309655190371545088
1309658984954171392
1309659526501666816
1309662726764007424
1309666619761852418
1309670274858614784
1309674063460261890
1309674963625017345
1309689150098923521
1309704280736178181
1309719348215451648
1309723122875207681
1309726924206493696
1309726933048008704
1309730673884889089
1309734448695521280
1309742026435502081
1309753902724771841
1309761357496094720
1309765855652306944
1309769564654313473
1309775216369897472
1309775216369897472
1309776680211435520
1309780694294556677
1309784642388664321
1309787308107890688
1309794843833569282
1309798649258561539
1309802394591481857
1309806168345399296
1309813730054729728
1309817529053765632
1309823258519363585
1309825061189287937
1309828851820830721
1309832985076617222
1309836389253615622
1309840323800166401
1309843966658072576
1309851546826530816
1309859952777924608
1309865928998432768
1309873013601570817
1309877319214018561
1309883021160480769
1309886875176448000
1309892062469328896
1309901474835705857
1309905104003387392
1309911166219583491
1309914930318057472
1309918973484556291
1309923332427517953
1309928156497932288
1309930741963395073
1309935422710206469
1309941418056732674
1309947314702823424
1309947980900950018
1309953200737390593
1309953998502408192
1309956216442028032
1309959068711346177
1309964282503794689
1309964801058246659
1309965370841862144
1309968553676865537
1309971426900930561
1309972297349033986
1309976040219926528
1309977288935645187
1309979863294582785
1309983657092952064
1309987363570028545
1309990885535301632
1309991205351165953
1309994918446759937
1309998727038472192
1310002496493027334
1310006271664324614
1310010012979339264
1310013880329007104
1310021386149085184
1310032685952364544
1310036463120191489
1310051538480566272
1310059147128385539
1310066689439158272
1310070416548003840
1310081734373904385
1310089306963312640
1310096833499279362
1310104415840337923
1310115296787730432
1310119509924237312
1310125662674583552
1310130822192738304
1310138939546705920
1310143156147621889
1310152915756122114
1310160560240185344
1310161416154996736
1310163701664813056
1310167195331289089
1310172429449408512
1310176105995796484
1310183655634067457
1310192190874955777
1310195991757443072
1310200191165833217
1310202429359689730
1310222156106813440
1310232551013875724
1310232804463128577
1310240236413366272
1310244970536853504
1310248010970992640
1310257370631745537
1310263672720314368
1310268001476804608
1310274135063486464
1310280503178727424
1310280518488018944
1310286981499322369
1310291885995552768
1310295652870520840
1310302460603494406
1310311579817308160
1310315973145231364
1310320664994291712
1310326794587983872
1310327103624286208
1310327221257728001
1310331077446246400
1310331320007102465
1310334652662636544
1310338550752256005
1310340717944987654
1310340840469016577
1310342201512255495
1310346661839998976
1310349766782595072
1310353294485852160
1310353631653384194
1310357301342220290
1310361174551265280
1310365283853443072
1310368625904291840
1310369875634913287
1310372431631187969
1310376338512121859
1310379963355410432
1310383797997899777
1310398877292548096
1310413923598860289
1310417724124917762
1310429081939382273
1310432797807579136
1310444124059963392
1310451711501271041
1310459222899867648
1310466786387779584
1310476637713113089
1310478619525951489
1310481918048305152
1310485645622566912
1310489487911407616
1310496970260099072
1310500745142308866
1310504570607542272
1310512070711021568
1310515844976386049
1310519624975503363
1310523431205695488
1310527182763106304
1310530944193892352
1310534727510622209
1310538521338314753
1310542278730158081
1310546043767910400
1310549877122887680
1310553616982384644
1310557423569121280
1310561175508324359
1310565002152235008
1310568692959383552
1310572512548458498
1310578154235400198
1310588578167238657
1310591726629916672
1310595382301335559
1310599143673548800
1310609013336354817
1310614259651547137
1310615524108271627
1310622654697820160
1310631537751265281
1310637592942202887
1310638273434398720
1310643949841899520
1310649282052190209
1310654531412340736
1310658225642049537
1310662326815789063
1310665114882846720
1310669232510767105
1310673373970731009
1310680654594613248
1310684373973430273
1310689446216577024
1310696654933286912
1310697083251437568
1310700583448436736
1310700815586177024
1310704638124064768
1310710701950984193
1310712147861741578
1310715954394017793
1310719687852949504
1310725906768502786
1310727266188566530
1310727266188566530
1310731038419812352
1310738563949002753
1310742371127107585
1310749766972825600
1310757436563664896
1310761271764168704
1310765022533029888
1310777001217679361
1310777150837055490
1310784626290577412
1310785415129989121
1310786846222438402
1310787674605867008
1310791465694646273
1310798999356661764
1310802758820392960
1310806512189628418
1310807961820950528
1310810289735184384
1310814075828482051
1310814088864423936
1310817865755430912
1310821609276682240
1310823186825728000
1310825420414242816
1310829184042795010
1310829362225336320
1310832943225544704
1310841109166333954
1310847440136871936
1310851810513448961
1310859360193503232
1310864509893062656
1310866970531827714
1310870682742321152
1310874476209414144
1310878232447725568
1310882011293380611
1310885782266220544
1310889575255085058
1310893331879211014
1310897731695771648
1310900897048940544
1310904701450440704
1310908100803809281
1310912209644527616
1310915994727190537
1310919799699103746
1310923570810421252
1310927315719786496
1310931080745082880
1310933629963563009
1310941193539407877
1310945578784894978
1310946221658460164
1310950384333185037
1310956826180104199
1310960369477787651
1310967812555509764
1310978559574507522
1310982532159004672
1310987974306418690
1310992176143380488
1310992299380408321
1310992639374905344
1310992810129186817
1310993441241825283
1311003353850302465
1311005088211701760
1311021257673015296
1311025307730743298
1311028623143559170
1311036863776522241
1311037333978873865
1311053237722722315
1311057446710935554
1311063318275260417
1311065386490748928
1311068269693022209
1311075690767417344
1311079206504280069
1311085489701769217
1311089663101284358
1311092488698986499
1311098795724279813
1311100998228807681
1311104774381674497
1311110515779932162
1311110661829791746
1311111142320877569
1311113305004691457
1311120600098840576
1311124233473400833
1311129141211738119
1311137781637410820
1311149247916580866
1311157636222648321
1311158857603964931
1311161401797423106
1311165419689050112
1311168919684644870
1311170324143235072
1311172436755468290
1311172696831602690
1311176473521410048
1311178117499813888
1311180229671616514
1311184033070678017
1311184064062328832
1311187775245422592
1311191579139465217
1311191590459891714
1311195347503509504
1311202404189298688
1311206648522866688
1311210421328711680
1311214230792810497
1311215111554699265
1311216010477948928
1311221747480485889
1311225546718797824
1311229314852171776
1311233070675058689
1311236847021031425
1311240652542357504
1311245711963553792
1311248195264053248
1311251986239688707
1311258659540946944
1311263306204827652
1311268359552598017
1311274641261039616
1311275007532830721
1311281256445939713
1311282171118837760
1311285946378342403
1311289695763079170
1311293494800142336
1311297247003385857
1311301052524834818
1311312343893237763
1311316118787690496
1311323697022631939
1311327470122086403
1311331823537057795
1311334271886528513
1311338810807066626
1311345200476966912
1311348575826317318
1311353914457980933
1311357646386192386
1311361457037234177
1311365219894132738
1311373996039057414
1311377440879644672
1311382530139074560
1311390669743718406
1311398296599121925
1311399185657331713
1311409394647695362
1311415314446536705
1311418189465767936
1311421898501259267
