1347047582636376065
1347062479453442054
1347072403264970752
1347081479625564161
1347084532231630848
1347122602922409985
1347122730265673734
1347145864226238464
1347150832727445505
1347152379607715840
1347167678448992259
1347167973312778241
1347171353032613888
1347173757727756291
1347203217684393984
1347212082526220288
1347228216856076288
1347229001924943875
1347257926122172419
1347262569367662592
1347267531409666048
1347277302619635718
1347284563467378700
1347296020745609217
1347313317828825088
1347331396965199874
1347414188919037952
1347463969045442563
1347476610350460928
1347479359620329479
1347490380619640834
1347520993120628736
1347562859677556738
1347596905224810497
1347603163956834304
1347639739130777600
1347653745564332033
1347690827603193864
1347812632850554880
1347823809420808192
1347859319111483393
1347905623644581891
1347907810894503945
1347929165106974723
1347932044517650432
1348044614796763136
1348159039604142081
1348221759334576128
1348221894403764226
1348252057875193857
1348276825924005888
1348289517896216580
1348319774670000135
1348325847351123972
1348327260441468930
1348345953531654144
1348348633889042439
1348367303897919494
1348388824951513092
1348418864204406786
1348498794271399936
1348537512504012802
1348565708645527552
1348566080617402368
1348569210784509954
1348591553342808068
1348617551010525185
1348623219167780868
1348670786471682049
1348680824124809220
1348692699268919296
1348701504279097357
1348716228483944451
1348739399731834881
1348871682170216451
1348891479113134091
1348898340021395456
1348931565171200001
1348959127163330562
1348978351784996871
1349006174625083394
1349066249465180160
1349074508934733830
1349113073425141762
1349230216913281025
1349238787482771458
1349250987777777666
1349333050568683525
1349355433379704835
1349367495698894848
1349374487368761345
1349375762110033920
1349381351410118660
1349391726927114240
1349401860248055817
1349406558875213830
1349444320261267458
1349461278931243013
1349467275494088715
