1276111815655686145
1276155953868615684
1276214695800774664
1276260475295223809
1276541496183984131
1276906648469209093
1276921647304519681
1277192070596354048
1277532812845948928
1277542857663012864
1277543584854609921
1277543583667585024
1277543582392561664
1277543588235272194
1277544184799465472
1277544183503433729
1277544182295465984
1277544181125316609
1277544186032664576
1277544594037768193
1277544592812969984
1277547270800650240
1277547269269708809
1277547275254972417
1277547273568878656
1277547272134447106
1277547276634861568
1277553716363747328
1277621708896305155
1277864022126272513
1277963110851076100
1277971652693852160
1278001374945558530
1278045532624244737
1278207708269862912
1278215326694506502
1278222342972456960
1278243556457689089
1278251356416081920
1278287093438001154
1278300017309003776
1278322799476686849
1278340883008684037
1278342591055085571
1278353798143115265
1278359498109968385
1278359502849486848
1278359500383227904
1278363342424375302
1278384120532332545
1278390577273454595
