1311425630035116040
1311428178846523392
1311429416023621634
1311433643345281025
1311440701406797830
1311448242874462210
1311452265958576131
1311455517030731776
1311455814650138635
1311459818654269441
1311463842577289216
1311471897599782913
1311476456367644672
1311479444830384132
1311483980420706305
1311487499768934401
1311495049847373827
1311503100507807744
1311509895854907393
1311512220740722694
1311514934426120192
1311518703687737344
1311522729372397572
1311530279379533824
1311536773080776705
1311538332497842176
1311544875880525824
1311548413096325122
1311552929388789760
1311560478716563456
1311564381034029057
1311568531696365568
1311576081355485184
1311583130382368769
1311590677558562822
1311594387219021824
1311598730446069763
1311606280423964676
1311615092086185984
1311621379155013632
1311628425619279878
1311632200543219714
1311635975353839617
1311638569572859905
1311640758378782722
1311644533466300416
1311648307320688641
1311652836846047234
1311654098459131905
1311656611308544000
1311660386261831680
1311663909515005952
1311670956994293760
1311672336261804040
1311672969446526976
1311675234072883201
1311678757573464064
1311679494349099010
1311682783920750592
1311683172925571078
1311685300410871808
1311688325569417216
1311688325569417216
1311693605900255235
1311698135178186753
1311701350703599616
1311705936382300162
1311710214735921160
1311716506036768770
1311722042564239360
1311723694708981760
1311723724379426816
1311723743660646400
1311726320888487937
1311726598287175680
1311728837764558848
1311742930437263361
1311745314714460160
1311750055024422912
1311750058673487872
1311750057524256768
1311750056354041856
1311750059818536961
1311750231516684288
1311752458436214785
1311752483149090816
1311752495362961411
1311752996414521352
1311755405211688968
1311755768165740544
1311756835125448708
1311756982098034692
1311757786049634307
1311760546329362432
1311765579896967168
1311769103552655362
1311776132098908160
1311776654382039042
1311780430841098240
1311787981875875843
1311789263206445056
1311795533816778769
1311803081282158592
1311806852544581633
1311810629670514688
1311818184262062081
1311819588351537158
1311833277918072833
1311836184503554048
1311840827702939648
1311848377324367872
1311863626282627072
1311863985516421120
1311881578264625158
1311890493152858117
1311893170100277250
1311896524230713344
1311906695908556800
1311921453164568576
1311922438616293376
1311922683651788800
1311923586702225409
1311936848164519939
1311940888516538368
1311941168419139584
1311941490470350848
1311941838106849280
1311942536403984386
1311943047752556546
1311943318016716802
1311944957503004672
1311949043371855875
1311974955547009024
1311976439432900609
1311977479993786368
1311982609766010880
1311983182221316097
1311990650821390336
1311998645298962433
1312000845379182592
1312004796145176576
1312013567017857026
1312018115249737728
1312023993059344387
1312031293488717824
1312037879112183810
1312040693507018756
1312045172092538881
1312050452184342529
1312051211936374784
1312052163342987264
1312052958851477507
1312052973539864576
1312056496742633474
1312057570010439680
1312058510922993669
1312059454293041153
1312061530016550913
1312063076103974912
1312063544326860802
1312066411553005569
1312067167135830021
1312068078155554817
1312069018921074689
1312073609662341120
1312075373258121219
1312077520888573953
1312077887479197696
1312080660241186817
1312082419386855425
1312086695786033152
1312088709165088769
1312089832261255168
1312092582550343682
1312092736972107777
1312093210890575872
1312094259802144770
1312095081038589954
1312097518784663553
1312097520915488769
1312099085390807042
1312103808684584960
1312107580739600385
1312108337941671938
1312113371383128066
1312119159350792198
1312121676360900610
1312128472093917184
1312129006389530624
1312132246199914496
1312139514316353536
1312140100885651458
1312140876538245120
1312140992112332801
1312141501116293121
1312141497815330816
1312141982483902464
1312141981473148928
1312142993499930624
1312142992493301764
1312144599675092992
1312146086950100993
1312148525359063040
1312152881798082566
1312152881504501764
1312152905256845313
1312156060749193218
1312158429650194433
1312158509933363201
1312159048783941634
1312159353307193344
1312160714576990213
1312161690134278149
1312169240896520193
1312173015912730625
1312173246402318336
1312176553300652032
1312176789632946177
1312184340751634433
1312185155419738114
1312188117550469121
1312189875198681089
1312191890624659456
1312195037812277249
1312195681331806208
1312199439566598144
1312203215425794053
1312213537255649282
1312224207237836800
1312229637678936065
1312231803361525760
1312233413705895937
1312237188030124033
1312250818918113280
1312296863069077505
1312303876624855041
1312311426594344960
1312318472962146305
1312326022910672900
1312333069077155843
1312340620120403969
1312347665976492032
1312351944380477440
1312356976320483328
1312359103478591488
1312361764005326848
1312362261587976198
1312367042763403265
1312370376127598592
1312377136599248901
1312377612812062721
1312391453784457216
1312393708592128000
1312397745173528577
1312400301538902020
1312405228474556416
1312408463578931202
1312409824873906177
1312410151316586497
1312414501082263552
1312416748180627456
1312417043354976257
1312417043354976257
1312417162435407873
1312417447719374848
1312417559757627392
1312417878596096005
1312418118967472128
1312418180002992128
1312418390305378304
1312418632983629824
1312418723723124736
1312418974186041344
1312419192365293569
1312419498281050113
1312419782407467008
1312419878368878595
1312422659511255046
1312422666670800896
1312426434007244800
1312427034941952003
1312429957700882433
1312433732133896193
1312434991008153605
1312435674851598337
1312437277239308288
1312442540923133952
1312445812547350528
1312450341523214336
1312452914808418305
1312452919699021824
1312452921909366784
1312452926204338177
1312457389283573765
1312457733505867779
1312463176848433152
1312467455684481025
1312471733002141696
1312479535770734592
1312484820090408966
1312488321608634368
1312488845468815360
1312491866273640448
1312498156936937473
1312498435623247873
1312500673544511490
1312507216377729025
1312513508592906240
1312520805977186304
1312521057669017600
1312522938491363328
1312531123889610753
1312534117880270848
1312538925186134022
1312541666281050113
1312546727921098758
1312554276418473985
1312560819461386240
1312568117600677890
1312584476497768448
1312593283911168006
1312598316379787271
1312607627948503045
1312611354256310272
1312618952481214464
1312628515494342656
1312636065279336448
1312645262695903232
1312648648732430336
1312656952812503047
1312686397128617985
1312709297701376000
1312716596494950401
1312720371225899008
1312724397111873537
1312731697272807427
1312739496807542784
1312742265312423936
1312749814673805313
1312758119857086468
1312764411061440512
1312769699059564544
1312769707271954432
1312769703534825478
1312769710556151808
1312769709562101765
1312769708538703878
1312769714419044354
1312769717577363456
1312769716377849857
1312769723201921025
1312769721352290306
1312769726649634816
1312769732504940544
1312769730906738688
1312769735705210886
1312769734744604678
1312769733566115840
1312770702995410944
1312775735594168320
1312779199963377664
1312779510501314560
1312779723840212993
1312779866383753216
1312780459122851841
1312780913231769602
1312781086376767489
1312781370209566725
1312781746212089857
1312782255446728704
1312782529196367874
1312782733886849028
1312783115274813447
1312783614342561792
1312784670875099140
1312784669788778496
1312785028766732288
1312785047208960001
1312785442731896832
1312785873742843906
1312785872669073411
1312786042651467776
1312793351939383297
1312793611105431554
1312799647619067907
1312800631070035974
1312805934587088897
1312806987625889792
1312811073326714881
1312813484271431680
1312819775865851909
1312826067393093633
1312829845173407748
1312833617194876929
1312837392961859584
1312838306745536513
1312838741866708992
1312844944235728899
1312850588120633344
1312852492850470923
1312860044141133824
1312863566664527872
1312870718913216512
1312871365926584320
1312875144784871428
1312886465517490176
1312890245038436353
1312898544802521089
1312905344792883200
1312912890438070272
1312920441066000385
1312927989672415232
1312932668724502530
1312935539805507586
1312949379767001088
1312950639626989568
1312958189114208257
1312961459387691009
1312965739792551936
1312966996246568961
1312973287761350656
1312983102126395392
1312989393565736960
1312998704664772608
1313004744500293632
1313014055867756544
1313022360849653760
1313028489965121536
1313029910550773760
1313039000169590786
1313040514938175489
1313043751653330944
1313048784927158272
1313056337279016961
1313063885428215809
1313067659404226562
1313071436014202880
1313075209184915458
1313076161900097537
1313078985702637571
1313082758886043649
1313083106442858500
1313086542991306761
1313090309790871552
1313092674078027778
1313094084580573187
1313097099882397696
1313097194015059971
1313097858468524032
1313100413776941056
1313100473453473792
1313100524137349120
1313100584757624832
1313102136553754626
1313105408328953857
1313106950989721601
1313107589819817984
1313109184154669059
1313112957786652674
1313116735273414660
1313120507651395587
1313124283674132480
1313124283674132480
1313125484075659267
1313125487745662977
1313131836525236225
1313133147224182785
1313134348799889411
1313139633363058689
1313140930296258566
1313147183563190275
1313149408838549506
1313150454948196357
1313150957946109954
1313152056115564549
1313154985060962304
1313162535152037888
1313165805991886848
1313170084253360130
1313172759564836864
1313177634013155330
1313180937405050887
1313185435624108032
1313187952021901312
1313188707390951426
1313190487944163328
1313192985614458880
1313195159492853760
1313196004993388545
1313196256739627013
1313198031982989316
1313200283229597709
1313203554715398147
1313208085410967552
1313210963810807809
1313211607703527426
1313215130969145344
1313215634625490944
1313223184267739138
1313228217122271232
1313229981909217282
1313230353172033536
1313233754824019968
1313237534550495233
1313242279038119940
1313242561780363264
1313247341642543105
1313247781406961664
1313249356972265473
1313256185341063171
1313256407358201856
1313258403200892930
1313260186304380929
1313264436761690114
1313267743542726656
1313271505346854912
1313272345755299842
1313275136355827716
1313275280841224197
1313279054796259328
1313282830483496961
1313290391593119744
1313297930791591936
1313305478848483329
1313313029732401157
1313320577323749376
1313322574173155328
1313327622110228481
1313327631266246656
1313335282243076096
1313342722393214977
1313349768161243137
1313357317904183296
1313364365219856385
1313371914111463424
1313379967598759936
1313387516951748608
1313394563617357824
1313403890033979392
1313411173807788033
1313418219101786114
1313427030994714624
1313433318852096002
1313437597847429121
1313438553532231682
1313440364980625409
1313441120148434944
1313441346078871552
1313443725830483969
1313443773330972674
1313445805190246400
1313448670298361856
1313449404557332480
1313452697568374785
1313455967913336832
1313457082952228864
1313458503999197184
1313459082066616320
1313460116298117120
1313460247445606400
1313464029508243459
1313466669126254592
1313467755241238528
1313467797670895616
1313467870941081600
1313469118448758785
1313469409118228482
1313470994451841024
1313471158008844292
1313471575086202880
1313475346549927942
1313478981866401797
1313479130491609091
1313482721793060869
1313486675570561025
1313491628993241092
1313494723903004673
1313498247797846016
1313501494990209024
1313502273566322688
1313505796647460864
1313509571672055808
1313513097982808065
1313514923612409857
1313517624773537792
1313520636707459074
1313520897312149509
1313525174101331968
1313526102372028416
1313528446165884933
1313529894463246336
1313532725329047554
1313535996227727362
1313540273587326977
1313540696217980931
1313543545362558978
1313545054921912320
1313547823753957377
1313555121364774912
1313556673248874498
1313558392841990145
1313559545898246145
1313562254550368258
1313562922698919936
1313565943650562057
1313567738410004481
1313570221597364224
1313577270339084295
1313581042683576321
1313581042066952196
1313584821923389444
1313592371133771786
1313596144811937792
1313599286945476610
1313599929852534784
1313601306016219138
1313603694659801094
1313607469940252675
1313615267952496642
1313619297709764608
1313622568105136131
1313626340894167040
1313628326058233857
1313630368654929923
1313633892188987392
1313637667477819398
1313641441084747777
1313645218219151368
1313646143205564416
1313648990156660736
1313652768041840641
1313656539786481664
1313660319059898369
1313664089672110082
1313671639343783937
1313675917349322753
1313683467075571715
1313688038820638721
1313693030017372161
1313696190144241664
1313696559222095874
1313701586091286529
1313706116119920642
1313713665707855872
1313717192387686400
1313720713426145281
1313728262238081036
1313734835282812929
1313736315037458432
1313739395271278592
1313742813520166912
1313743864843337728
1313747136517898240
1313751917751865344
1313752392953987072
1313759467780136961
1313764900292890625
1313766514064064513
1313774063781842944
1313781111630237696
1313789418260647938
1313792435139547136
1313792435139547136
1313796190958428166
1313796713145159680
1313799985088139264
1313804262879694849
1313807786099138561
1313809827399958530
1313812424969998337
1313814850112495617
1313814848904540169
1313814856450048000
1313814854541742081
1313814861009375232
1313814869741895680
1313814874808606720
1313814873747456005
1313814880915521537
1313814879107776512
1313815086432227334
1313816343272185857
1313818861083537408
1313819951849975810
1313821646172549120
1313821716653641728
1313821753685147651
1313822315143200774
1313822635327918082
1313825449907286016
1313825625686200321
1313826420024639499
1313828700530438144
1313830187117826053
1313832101687500806
1313832903806128129
1313833153866342400
1313833310917812224
1313836196351664130
1313837735178833922
1313841760615964672
1313845285114785792
1313848993655521281
1313849561518088194
1313852833893150721
1313856627607588864
1313857984175333377
1313859124669677574
1313860385649369092
1313863287260536832
1313864661599694848
1313865853646110720
1313867798028877824
1313867997409353731
1313868185368748032
1313869694135398401
1313869962684104704
1313871959374147584
1313875482845290496
1313879327092609024
1313882528646754304
1313883283957198850
1313886639060668417
1313887562570829826
1313890583728074752
1313893393756553218
1313894859812503552
1313898383111786497
1313899860748271617
1313902661121474561
1313902921801699331
1313905681708113921
1313910211434942464
1313912904232718336
1313917509507088389
1313922466436259841
1313925058851635200
1313928582276829185
1313932861796421634
1313947212607623168
1313953820037189633
1313954256009953281
1313958529984851969
1313959362755391488
1313961800963104773
